# Real time calculation: 
# Eall: Total energy
# Eall0: Initial total energy
# 1:Time[fs] 2:Eall[eV] 3:Eall-Eall0[eV] 
      0.00000000 -0.865026927883626E+003  0.000000000000000E+000 
      0.02000000 -0.865026927887518E+003 -0.389220237728001E-008 
      0.04000000 -0.865026927887558E+003 -0.393203217235314E-008 
      0.06000000 -0.865026927887488E+003 -0.386242670523504E-008 
      0.08000000 -0.865026927887353E+003 -0.372746943843385E-008 
      0.10000000 -0.865026927887257E+003 -0.363069850428772E-008 
      0.12000000 -0.865026927887304E+003 -0.367835891441164E-008 
      0.14000000 -0.865026927887484E+003 -0.385768966650062E-008 
      0.16000000 -0.865026927887489E+003 -0.386339344783391E-008 
      0.18000000 -0.865026927886517E+003 -0.289104374189808E-008 
      0.20000000 -0.865026927883032E+003  0.594256675520732E-009 
      0.22000000 -0.865026927874523E+003  0.910304165940836E-008 
      0.24000000 -0.865026927857255E+003  0.263712879830686E-007 
      0.26000000 -0.865026927826015E+003  0.576108016712288E-007 
      0.28000000 -0.865026927773877E+003  0.109749163513077E-006 
      0.30000000 -0.865026927691975E+003  0.191650919768882E-006 
      0.32000000 -0.865026927569309E+003  0.314317117842400E-006 
      0.34000000 -0.865026927392581E+003  0.491044818809683E-006 
      0.36000000 -0.865026927146072E+003  0.737553934048053E-006 
      0.38000000 -0.865026926811554E+003  0.107207152519072E-005 
      0.40000000 -0.865026926368251E+003  0.151537434080114E-005 
      0.42000000 -0.865026925792848E+003  0.209077818220442E-005 
      0.44000000 -0.865026925059543E+003  0.282408250913639E-005 
      0.46000000 -0.865026924140141E+003  0.374348459300086E-005 
      0.48000000 -0.865026923004176E+003  0.487945007003560E-005 
      0.50000000 -0.865026921619075E+003  0.626455062523000E-005 
      0.52000000 -0.865026919950359E+003  0.793326658348639E-005 
      0.54000000 -0.865026917961856E+003  0.992177006925510E-005 
      0.56000000 -0.865026915615941E+003  0.122676850610214E-004 
      0.58000000 -0.865026912873783E+003  0.150098429021024E-004 
      0.60000000 -0.865026909695620E+003  0.181880061022863E-004 
      0.62000000 -0.865026906041055E+003  0.218425704844379E-004 
      0.64000000 -0.865026901869371E+003  0.260142549567985E-004 
      0.66000000 -0.865026897139830E+003  0.307437954422791E-004 
      0.68000000 -0.865026891811985E+003  0.360716411279359E-004 
      0.70000000 -0.865026885845965E+003  0.420376610585916E-004 
      0.72000000 -0.865026879202746E+003  0.486808793460375E-004 
      0.74000000 -0.865026871844397E+003  0.560392286496706E-004 
      0.76000000 -0.865026863734294E+003  0.641493316926666E-004 
      0.78000000 -0.865026854837289E+003  0.730463366257152E-004 
      0.80000000 -0.865026845119817E+003  0.827638088485231E-004 
      0.82000000 -0.865026834549975E+003  0.933336505768300E-004 
      0.84000000 -0.865026823097586E+003  0.104786039647602E-003 
      0.86000000 -0.865026810734234E+003  0.117149391719396E-003 
      0.88000000 -0.865026797433237E+003  0.130450388887940E-003 
      0.90000000 -0.865026783169585E+003  0.144714041074291E-003 
      0.92000000 -0.865026767919850E+003  0.159963775351845E-003 
      0.94000000 -0.865026751662050E+003  0.176221575543976E-003 
      0.96000000 -0.865026734375462E+003  0.193508164164988E-003 
      0.98000000 -0.865026716040408E+003  0.211843217617017E-003 
      1.00000000 -0.865026696637996E+003  0.231245629627392E-003 
      1.02000000 -0.865026676149808E+003  0.251733817416018E-003 
      1.04000000 -0.865026654557589E+003  0.273326037240152E-003 
      1.06000000 -0.865026631842891E+003  0.296040734838605E-003 
      1.08000000 -0.865026607986723E+003  0.319896903319844E-003 
      1.10000000 -0.865026582969206E+003  0.344914419878446E-003 
      1.12000000 -0.865026556769232E+003  0.371114393725752E-003 
      1.14000000 -0.865026529364108E+003  0.398519517597484E-003 
      1.16000000 -0.865026500729246E+003  0.427154379818249E-003 
      1.18000000 -0.865026470837905E+003  0.457045720681680E-003 
      1.20000000 -0.865026439660917E+003  0.488222709132168E-003 
      1.22000000 -0.865026407166402E+003  0.520717223700258E-003 
      1.24000000 -0.865026373319542E+003  0.554564083554133E-003 
      1.26000000 -0.865026338082382E+003  0.589801243491597E-003 
      1.28000000 -0.865026301413664E+003  0.626469961669911E-003 
      1.30000000 -0.865026263268710E+003  0.664614915518238E-003 
      1.32000000 -0.865026223599349E+003  0.704284276466838E-003 
      1.34000000 -0.865026182353890E+003  0.745529735372404E-003 
      1.36000000 -0.865026139477117E+003  0.788406509188585E-003 
      1.38000000 -0.865026094910321E+003  0.832973304713136E-003 
      1.40000000 -0.865026048591393E+003  0.879292233224549E-003 
      1.42000000 -0.865026000454947E+003  0.927428678811709E-003 
      1.44000000 -0.865025950432447E+003  0.977451178884511E-003 
      1.46000000 -0.865025898452393E+003  0.102943123295217E-002 
      1.48000000 -0.865025844440552E+003  0.108344307408529E-002 
      1.50000000 -0.865025788320215E+003  0.113956341118224E-002 
      1.52000000 -0.865025730012522E+003  0.119787110395034E-002 
      1.54000000 -0.865025669436826E+003  0.125844679960399E-002 
      1.56000000 -0.865025606511061E+003  0.132137256511575E-002 
      1.58000000 -0.865025541152080E+003  0.138673154634292E-002 
      1.60000000 -0.865025473275998E+003  0.145460762792750E-002 
      1.62000000 -0.865025402798552E+003  0.152508507386130E-002 
      1.64000000 -0.865025329635511E+003  0.159824811449345E-002 
      1.66000000 -0.865025253703129E+003  0.167418049718853E-002 
      1.68000000 -0.865025174918519E+003  0.175296510697667E-002 
      1.70000000 -0.865025093200038E+003  0.183468358739719E-002 
      1.72000000 -0.865025008467648E+003  0.191941597816342E-002 
      1.74000000 -0.865024920643337E+003  0.200724028863590E-002 
      1.76000000 -0.865024829651485E+003  0.209823214041760E-002 
      1.78000000 -0.865024735419160E+003  0.219246446621365E-002 
      1.80000000 -0.865024637876456E+003  0.229000716992460E-002 
      1.82000000 -0.865024536956861E+003  0.239092676508473E-002 
      1.84000000 -0.865024432597481E+003  0.249528614506728E-002 
      1.86000000 -0.865024324739216E+003  0.260314441013425E-002 
      1.88000000 -0.865024213326931E+003  0.271455669477614E-002 
      1.90000000 -0.865024098309533E+003  0.282957409336946E-002 
      1.92000000 -0.865023979639972E+003  0.294824365350621E-002 
      1.94000000 -0.865023857275300E+003  0.307060832572323E-002 
      1.96000000 -0.865023731176682E+003  0.319670694387738E-002 
      1.98000000 -0.865023601309308E+003  0.332657431833948E-002 
      2.00000000 -0.865023467642266E+003  0.346024135935069E-002 
      2.02000000 -0.865023330148432E+003  0.359773519332164E-002 
      2.04000000 -0.865023188804236E+003  0.373907938953357E-002 
      2.06000000 -0.865023043589391E+003  0.388429423507990E-002 
      2.08000000 -0.865022894486588E+003  0.403339703803676E-002 
      2.10000000 -0.865022741481099E+003  0.418640252701767E-002 
      2.12000000 -0.865022584560402E+003  0.434332322414283E-002 
      2.14000000 -0.865022423713818E+003  0.450416980824434E-002 
      2.16000000 -0.865022258932094E+003  0.466895153153224E-002 
      2.18000000 -0.865022090206959E+003  0.483767666690632E-002 
      2.20000000 -0.865021917530637E+003  0.501035298900724E-002 
      2.22000000 -0.865021740895465E+003  0.518698816091355E-002 
      2.24000000 -0.865021560293421E+003  0.536759020523539E-002 
      2.26000000 -0.865021375715732E+003  0.555216789380839E-002 
      2.28000000 -0.865021187152498E+003  0.574073112801027E-002 
      2.30000000 -0.865020994592355E+003  0.593329127112687E-002 
      2.32000000 -0.865020798022158E+003  0.612986146737726E-002 
      2.34000000 -0.865020597426649E+003  0.633045697679337E-002 
      2.36000000 -0.865020392788261E+003  0.653509536470152E-002 
      2.38000000 -0.865020184086906E+003  0.674379671943287E-002 
      2.40000000 -0.865019971299793E+003  0.695658383291093E-002 
      2.42000000 -0.865019754401276E+003  0.717348235030332E-002 
      2.44000000 -0.865019533362803E+003  0.739452082261256E-002 
      2.46000000 -0.865019308152857E+003  0.761973076912765E-002 
      2.48000000 -0.865019078737059E+003  0.784914656644200E-002 
      2.50000000 -0.865018845078356E+003  0.808280526979944E-002 
      2.52000000 -0.865018607137123E+003  0.832074650288550E-002 
      2.54000000 -0.865018364871354E+003  0.856301227230958E-002 
      2.56000000 -0.865018118236981E+003  0.880964664480954E-002 
      2.58000000 -0.865017867188259E+003  0.906069536712852E-002 
      2.60000000 -0.865017611678095E+003  0.931620553036194E-002 
      2.62000000 -0.865017351658514E+003  0.957622511201149E-002 
      2.64000000 -0.865017087081075E+003  0.984080255110177E-002 
      2.66000000 -0.865016817897441E+003  0.101099861853428E-001 
      2.68000000 -0.865016544059892E+003  0.103838237341160E-001 
      2.70000000 -0.865016265521878E+003  0.106623617474309E-001 
      2.72000000 -0.865015982238501E+003  0.109456451252608E-001 
      2.74000000 -0.865015694166924E+003  0.112337167014568E-001 
      2.76000000 -0.865015401266781E+003  0.115266168445796E-001 
      2.78000000 -0.865015103500676E+003  0.118243829497797E-001 
      2.80000000 -0.865014800834626E+003  0.121270489996062E-001 
      2.82000000 -0.865014493238465E+003  0.124346451604885E-001 
      2.84000000 -0.865014180686215E+003  0.127471974106372E-001 
      2.86000000 -0.865013863156347E+003  0.130647272792164E-001 
      2.88000000 -0.865013540631951E+003  0.133872516749410E-001 
      2.90000000 -0.865013213101014E+003  0.137147826119079E-001 
      2.92000000 -0.865012880556576E+003  0.140473270495038E-001 
      2.94000000 -0.865012542996809E+003  0.143848868171924E-001 
      2.96000000 -0.865012200424994E+003  0.147274586319157E-001 
      2.98000000 -0.865011852849500E+003  0.150750341261299E-001 
      3.00000000 -0.865011500283660E+003  0.154275999662310E-001 
      3.02000000 -0.865011142745637E+003  0.157851379886725E-001 
      3.04000000 -0.865010780258233E+003  0.161476253927334E-001 
      3.06000000 -0.865010412848668E+003  0.165150349583257E-001 
      3.08000000 -0.865010040548140E+003  0.168873354860556E-001 
      3.10000000 -0.865009663391402E+003  0.172644922234602E-001 
      3.12000000 -0.865009281416311E+003  0.176464673145426E-001 
      3.14000000 -0.865008894663360E+003  0.180332202660325E-001 
      3.16000000 -0.865008503175033E+003  0.184247085933628E-001 
      3.18000000 -0.865008106995210E+003  0.188208884157971E-001 
      3.20000000 -0.865007706168527E+003  0.192217150984428E-001 
      3.22000000 -0.865007300739736E+003  0.196271438901082E-001 
      3.24000000 -0.865006890753131E+003  0.200371304945509E-001 
      3.26000000 -0.865006476251994E+003  0.204516316317681E-001 
      3.28000000 -0.865006057277934E+003  0.208706056918049E-001 
      3.30000000 -0.865005633870407E+003  0.212940132189956E-001 
      3.32000000 -0.865005206066246E+003  0.217218173798671E-001 
      3.34000000 -0.865004773899297E+003  0.221539843291479E-001 
      3.36000000 -0.865004337399891E+003  0.225904837347087E-001 
      3.38000000 -0.865003896594518E+003  0.230312891081891E-001 
      3.40000000 -0.865003451505437E+003  0.234763781890839E-001 
      3.42000000 -0.865003002150396E+003  0.239257332296426E-001 
      3.44000000 -0.865002548542536E+003  0.243793410895130E-001 
      3.46000000 -0.865002090690459E+003  0.248371931665227E-001 
      3.48000000 -0.865001628598402E+003  0.252992852237291E-001 
      3.50000000 -0.865001162266314E+003  0.257656173122728E-001 
      3.52000000 -0.865000691690215E+003  0.262361934102995E-001 
      3.54000000 -0.865000216862755E+003  0.267110208705635E-001 
      3.56000000 -0.864999737773761E+003  0.271901098643570E-001 
      3.58000000 -0.864999254410886E+003  0.276734727401733E-001 
      3.60000000 -0.864998766760388E+003  0.281611232373581E-001 
      3.62000000 -0.864998274807877E+003  0.286530757489686E-001 
      3.64000000 -0.864997778539200E+003  0.291493444262797E-001 
      3.66000000 -0.864997277941364E+003  0.296499422621185E-001 
      3.68000000 -0.864996773003624E+003  0.301548800021190E-001 
      3.70000000 -0.864996263718464E+003  0.306641651619316E-001 
      3.72000000 -0.864995750082660E+003  0.311778009658361E-001 
      3.74000000 -0.864995232098162E+003  0.316957854635261E-001 
      3.76000000 -0.864994709773084E+003  0.322181105419043E-001 
      3.78000000 -0.864994183122649E+003  0.327447609765149E-001 
      3.80000000 -0.864993652170117E+003  0.332757135084978E-001 
      3.82000000 -0.864993116947506E+003  0.338109361193380E-001 
      3.84000000 -0.864992577496182E+003  0.343503874438599E-001 
      3.86000000 -0.864992033867331E+003  0.348940162947829E-001 
      3.88000000 -0.864991486122231E+003  0.354417613951276E-001 
      3.90000000 -0.864990934332467E+003  0.359935511589579E-001 
      3.92000000 -0.864990378579972E+003  0.365493036534850E-001 
      3.94000000 -0.864989818956904E+003  0.371089267222307E-001 
      3.96000000 -0.864989255565344E+003  0.376723182817201E-001 
      3.98000000 -0.864988688516966E+003  0.382393666601320E-001 
      4.00000000 -0.864988117932530E+003  0.388099510959448E-001 
      4.02000000 -0.864987543941162E+003  0.393839424637662E-001 
      4.04000000 -0.864986966679470E+003  0.399612041555198E-001 
      4.06000000 -0.864986386290508E+003  0.405415931181463E-001 
      4.08000000 -0.864985802922631E+003  0.411249609952298E-001 
      4.10000000 -0.864985216728338E+003  0.417111552877657E-001 
      4.12000000 -0.864984627862958E+003  0.423000206682539E-001 
      4.14000000 -0.864984036483317E+003  0.428914003085197E-001 
      4.16000000 -0.864983442746308E+003  0.434851373180336E-001 
      4.18000000 -0.864982846807406E+003  0.440810762194503E-001 
      4.20000000 -0.864982248819257E+003  0.446790643690440E-001 
      4.22000000 -0.864981648930318E+003  0.452789533083108E-001 
      4.24000000 -0.864981047283532E+003  0.458806000941098E-001 
      4.26000000 -0.864980444015048E+003  0.464838685782441E-001 
      4.28000000 -0.864979839253048E+003  0.470886305781856E-001 
      4.30000000 -0.864979233116764E+003  0.476947668613161E-001 
      4.32000000 -0.864978625715611E+003  0.483021680144150E-001 
      4.34000000 -0.864978017148703E+003  0.489107349229707E-001 
      4.36000000 -0.864977407504279E+003  0.495203793473593E-001 
      4.38000000 -0.864976796859376E+003  0.501310242497964E-001 
      4.40000000 -0.864976185279698E+003  0.507426039273616E-001 
      4.42000000 -0.864975572819650E+003  0.513550639762283E-001 
      4.44000000 -0.864974959522596E+003  0.519683610302570E-001 
      4.46000000 -0.864974345421393E+003  0.525824622329604E-001 
      4.48000000 -0.864973730539257E+003  0.531973443690785E-001 
      4.50000000 -0.864973114890737E+003  0.538129928885549E-001 
      4.52000000 -0.864972498482957E+003  0.544294006687204E-001 
      4.54000000 -0.864971881317109E+003  0.550465665168078E-001 
      4.56000000 -0.864971263390144E+003  0.556644934818267E-001 
      4.58000000 -0.864970644696586E+003  0.562831870394071E-001 
      4.60000000 -0.864970025230379E+003  0.569026532472549E-001 
      4.62000000 -0.864969404986643E+003  0.575228969827798E-001 
      4.64000000 -0.864968783963571E+003  0.581439200550471E-001 
      4.66000000 -0.864968162163928E+003  0.587657196973364E-001 
      4.68000000 -0.864967539597007E+003  0.593882866190578E-001 
      4.70000000 -0.864966916280089E+003  0.600116035365938E-001 
      4.72000000 -0.864966292240338E+003  0.606356432878610E-001 
      4.74000000 -0.864965667516271E+003  0.612603673552241E-001 
      4.76000000 -0.864965042159288E+003  0.618857243375591E-001 
      4.78000000 -0.864964416234875E+003  0.625116487505259E-001 
      4.80000000 -0.864963789823552E+003  0.631380600740367E-001 
      4.82000000 -0.864963163021303E+003  0.637648623227326E-001 
      4.84000000 -0.864962535939714E+003  0.643919439117024E-001 
      4.86000000 -0.864961908705698E+003  0.650191779278478E-001 
      4.88000000 -0.864961281460953E+003  0.656464226729026E-001 
      4.90000000 -0.864960654361093E+003  0.662735225331142E-001 
      4.92000000 -0.864960027574625E+003  0.669003090006072E-001 
      4.94000000 -0.864959401281662E+003  0.675266019640815E-001 
      4.96000000 -0.864958775672395E+003  0.681522112308520E-001 
      4.98000000 -0.864958150945460E+003  0.687769381659603E-001 
      5.00000000 -0.864957527305980E+003  0.694005776453818E-001 
      5.02000000 -0.864956904963313E+003  0.700229203129826E-001 
      5.04000000 -0.864956284128575E+003  0.706437550510307E-001 
      5.06000000 -0.864955665012005E+003  0.712628716209497E-001 
      5.08000000 -0.864955047820400E+003  0.718800632255735E-001 
      5.10000000 -0.864954432754488E+003  0.724951291378161E-001 
      5.12000000 -0.864953820006527E+003  0.731078770987734E-001 
      5.14000000 -0.864953209757990E+003  0.737181256354882E-001 
      5.16000000 -0.864952602177748E+003  0.743257058778469E-001 
      5.18000000 -0.864951997420410E+003  0.749304632157689E-001 
      5.20000000 -0.864951395625257E+003  0.755322583687147E-001 
      5.22000000 -0.864950796915322E+003  0.761309683042840E-001 
      5.24000000 -0.864950201396920E+003  0.767264867055395E-001 
      5.26000000 -0.864949609159548E+003  0.773187240779287E-001 
      5.28000000 -0.864949020276183E+003  0.779076074433094E-001 
      5.30000000 -0.864948434804040E+003  0.784930795859878E-001 
      5.32000000 -0.864947852785694E+003  0.790750979316832E-001 
      5.34000000 -0.864947274250542E+003  0.796536330836867E-001 
      5.36000000 -0.864946699216480E+003  0.802286671454658E-001 
      5.38000000 -0.864946127691807E+003  0.808001918188890E-001 
      5.40000000 -0.864945559677556E+003  0.813682060701215E-001 
      5.42000000 -0.864944995170118E+003  0.819327135076268E-001 
      5.44000000 -0.864944434163980E+003  0.824937196462848E-001 
      5.46000000 -0.864943876654889E+003  0.830512287364760E-001 
      5.48000000 -0.864943322643003E+003  0.836052406225548E-001 
      5.50000000 -0.864942772136096E+003  0.841557475303639E-001 
      5.52000000 -0.864942225152472E+003  0.847027311542456E-001 
      5.54000000 -0.864941681723631E+003  0.852461599952123E-001 
      5.56000000 -0.864941141896363E+003  0.857859872627291E-001 
      5.58000000 -0.864940605734258E+003  0.863221493674646E-001 
      5.60000000 -0.864940073318440E+003  0.868545651854070E-001 
      5.62000000 -0.864939544747465E+003  0.873831361613053E-001 
      5.64000000 -0.864939020136510E+003  0.879077471158029E-001 
      5.66000000 -0.864938499615684E+003  0.884282679419739E-001 
      5.68000000 -0.864937983327619E+003  0.889445560067120E-001 
      5.70000000 -0.864937471424666E+003  0.894564589600842E-001 
      5.72000000 -0.864936964065901E+003  0.899638177252726E-001 
      5.74000000 -0.864936461413972E+003  0.904664696540222E-001 
      5.76000000 -0.864935963632027E+003  0.909642515986586E-001 
      5.78000000 -0.864935470881190E+003  0.914570024354797E-001 
      5.80000000 -0.864934983318286E+003  0.919445653397912E-001 
      5.82000000 -0.864934501094193E+003  0.924267894324625E-001 
      5.84000000 -0.864934024352594E+003  0.929035310320514E-001 
      5.86000000 -0.864933553228972E+003  0.933746546539330E-001 
      5.88000000 -0.864933087850048E+003  0.938400335779710E-001 
      5.90000000 -0.864932628333222E+003  0.942995504034274E-001 
      5.92000000 -0.864932174786313E+003  0.947530973129805E-001 
      5.94000000 -0.864931727307244E+003  0.952005763820821E-001 
      5.96000000 -0.864931285983627E+003  0.956418999992010E-001 
      5.98000000 -0.864930850892429E+003  0.960769911972217E-001 
      6.00000000 -0.864930422099496E+003  0.965057841302424E-001 
      6.02000000 -0.864929999659044E+003  0.969282245819848E-001 
      6.04000000 -0.864929583613417E+003  0.973442702087362E-001 
      6.06000000 -0.864929173992917E+003  0.977538907085301E-001 
      6.08000000 -0.864928770816025E+003  0.981570676009215E-001 
      6.10000000 -0.864928374090129E+003  0.985537934967101E-001 
      6.12000000 -0.864927983812684E+003  0.989440709415225E-001 
      6.14000000 -0.864927599973048E+003  0.993279105782278E-001 
      6.16000000 -0.864927222554766E+003  0.997053288602052E-001 
      6.18000000 -0.864926851538585E+003  0.100076345041294E+000 
      6.20000000 -0.864926486905808E+003  0.100440977818005E+000 
      6.22000000 -0.864926128642090E+003  0.100799241535349E+000 
      6.24000000 -0.864925776741210E+003  0.101151142415764E+000 
      6.26000000 -0.864925431208869E+003  0.101496674757114E+000 
      6.28000000 -0.864925092066015E+003  0.101835817611245E+000 
      6.30000000 -0.864924759351541E+003  0.102168532084943E+000 
      6.32000000 -0.864924433123979E+003  0.102494759646777E+000 
      6.34000000 -0.864924113462054E+003  0.102814421571417E+000 
      6.36000000 -0.864923800463954E+003  0.103127419671845E+000 
      6.38000000 -0.864923494245084E+003  0.103433638541809E+000 
      6.40000000 -0.864923194934632E+003  0.103732948993369E+000 
      6.42000000 -0.864922902670662E+003  0.104025212964274E+000 
      6.44000000 -0.864922617594247E+003  0.104310289379323E+000 
      6.46000000 -0.864922339843002E+003  0.104588040624062E+000 
      6.48000000 -0.864922069544433E+003  0.104858339192295E+000 
      6.50000000 -0.864921806809519E+003  0.105121074106418E+000 
      6.52000000 -0.864921551727121E+003  0.105376156505290E+000 
      6.54000000 -0.864921304359461E+003  0.105623524164619E+000 
      6.56000000 -0.864921064739360E+003  0.105863144265717E+000 
      6.58000000 -0.864920832869410E+003  0.106095014215685E+000 
      6.60000000 -0.864920608723116E+003  0.106319160510229E+000 
      6.62000000 -0.864920392248285E+003  0.106535635340690E+000 
      6.64000000 -0.864920183372136E+003  0.106744511489637E+000 
      6.66000000 -0.864919982008187E+003  0.106945875438963E+000 
      6.68000000 -0.864919788063675E+003  0.107139819950521E+000 
      6.70000000 -0.864919601447613E+003  0.107326436012577E+000 
      6.72000000 -0.864919422078184E+003  0.107505805442297E+000 
      6.74000000 -0.864919249889368E+003  0.107677994257567E+000 
      6.76000000 -0.864919084835718E+003  0.107843047907857E+000 
      6.78000000 -0.864918926895537E+003  0.108000988088610E+000 
      6.80000000 -0.864918776071500E+003  0.108151812125817E+000 
      6.82000000 -0.864918632389367E+003  0.108295494258397E+000 
      6.84000000 -0.864918495894187E+003  0.108431989439046E+000 
      6.86000000 -0.864918366645019E+003  0.108561238606558E+000 
      6.88000000 -0.864918244708110E+003  0.108683175515863E+000 
      6.90000000 -0.864918130149401E+003  0.108797734224772E+000 
      6.92000000 -0.864918023027092E+003  0.108904856534028E+000 
      6.94000000 -0.864917923384788E+003  0.109004498838317E+000 
      6.96000000 -0.864917831246079E+003  0.109096637547285E+000 
      6.98000000 -0.864917746610962E+003  0.109181272663734E+000 
      7.00000000 -0.864917669454355E+003  0.109258429270478E+000 
      7.02000000 -0.864917599726946E+003  0.109328156680284E+000 
      7.04000000 -0.864917537358144E+003  0.109390525481699E+000 
      7.06000000 -0.864917482260900E+003  0.109445622725545E+000 
      7.08000000 -0.864917434337798E+003  0.109493545827475E+000 
      7.10000000 -0.864917393487787E+003  0.109534395838387E+000 
      7.12000000 -0.864917359612837E+003  0.109568270789267E+000 
      7.14000000 -0.864917332623872E+003  0.109595259753362E+000 
      7.16000000 -0.864917312445213E+003  0.109615438413179E+000 
      7.18000000 -0.864917299017184E+003  0.109628866441388E+000 
      7.20000000 -0.864917292296578E+003  0.109635587048001E+000 
      7.22000000 -0.864917292255002E+003  0.109635628624120E+000 
      7.24000000 -0.864917298875297E+003  0.109629008328460E+000 
      7.26000000 -0.864917312146536E+003  0.109615737090045E+000 
      7.28000000 -0.864917332058204E+003  0.109595825421429E+000 
      7.30000000 -0.864917358594443E+003  0.109569289182990E+000 
      7.32000000 -0.864917391728642E+003  0.109536154983835E+000 
      7.34000000 -0.864917431419401E+003  0.109496464224812E+000 
      7.36000000 -0.864917477607917E+003  0.109450275708717E+000 
      7.38000000 -0.864917530217543E+003  0.109397666082674E+000 
      7.40000000 -0.864917589154884E+003  0.109338728742137E+000 
      7.42000000 -0.864917654312729E+003  0.109273570896348E+000 
      7.44000000 -0.864917725574189E+003  0.109202309437247E+000 
      7.46000000 -0.864917802817607E+003  0.109125066018564E+000 
      7.48000000 -0.864917885921406E+003  0.109041962219878E+000 
      7.50000000 -0.864917974768759E+003  0.108953114866908E+000 
      7.52000000 -0.864918069251507E+003  0.108858632118913E+000 
      7.54000000 -0.864918169272914E+003  0.108758610711540E+000 
      7.56000000 -0.864918274748937E+003  0.108653134688945E+000 
      7.58000000 -0.864918385608116E+003  0.108542275509840E+000 
      7.60000000 -0.864918501789825E+003  0.108426093801360E+000 
      7.62000000 -0.864918623241470E+003  0.108304642155656E+000 
      7.64000000 -0.864918749914609E+003  0.108177969017167E+000 
      7.66000000 -0.864918881760395E+003  0.108046123231238E+000 
      7.68000000 -0.864919018725054E+003  0.107909158572251E+000 
      7.70000000 -0.864919160745344E+003  0.107767138281896E+000 
      7.72000000 -0.864919307745066E+003  0.107620138560274E+000 
      7.74000000 -0.864919459632297E+003  0.107468251328946E+000 
      7.76000000 -0.864919616298297E+003  0.107311585328762E+000 
      7.78000000 -0.864919777617434E+003  0.107150266191501E+000 
      7.80000000 -0.864919943448815E+003  0.106984434810809E+000 
      7.82000000 -0.864920113638858E+003  0.106814244767958E+000 
      7.84000000 -0.864920288024766E+003  0.106639858859695E+000 
      7.86000000 -0.864920466438569E+003  0.106461445057064E+000 
      7.88000000 -0.864920648711075E+003  0.106279172550653E+000 
      7.90000000 -0.864920834675688E+003  0.106093207937378E+000 
      7.92000000 -0.864921024171454E+003  0.105903712171858E+000 
      7.94000000 -0.864921217045505E+003  0.105710838121136E+000 
      7.96000000 -0.864921413154419E+003  0.105514729206407E+000 
      7.98000000 -0.864921612364891E+003  0.105315518734417E+000 
      8.00000000 -0.864921814553408E+003  0.105113330217749E+000 
      8.02000000 -0.864922019605599E+003  0.104908278027176E+000 
      8.04000000 -0.864922227415076E+003  0.104700468549627E+000 
      8.06000000 -0.864922437881973E+003  0.104490001652705E+000 
      8.08000000 -0.864922650911444E+003  0.104276972181691E+000 
      8.10000000 -0.864922866412037E+003  0.104061471589081E+000 
      8.12000000 -0.864923084293996E+003  0.103843589630255E+000 
      8.14000000 -0.864923304467503E+003  0.103623416123237E+000 
      8.16000000 -0.864923526840992E+003  0.103401042633924E+000 
      8.18000000 -0.864923751319326E+003  0.103176564299356E+000 
      8.20000000 -0.864923977802231E+003  0.102950081395007E+000 
      8.22000000 -0.864924206182887E+003  0.102721700738974E+000 
      8.24000000 -0.864924436347103E+003  0.102491536523085E+000 
      8.26000000 -0.864924668173135E+003  0.102259710491267E+000 
      8.28000000 -0.864924901532384E+003  0.102026351241844E+000 
      8.30000000 -0.864925136291043E+003  0.101791592582528E+000 
      8.32000000 -0.864925372312526E+003  0.101555571100224E+000 
      8.34000000 -0.864925609460412E+003  0.101318423213624E+000 
      8.36000000 -0.864925847601764E+003  0.101080281862306E+000 
      8.38000000 -0.864926086610333E+003  0.100841273292414E+000 
      8.40000000 -0.864926326369134E+003  0.100601514492175E+000 
      8.42000000 -0.864926566771835E+003  0.100361111790707E+000 
      8.44000000 -0.864926807722975E+003  0.100120160650363E+000 
      8.46000000 -0.864927049136477E+003  0.998787471488401E-001 
      8.48000000 -0.864927290932737E+003  0.996369508891734E-001 
      8.50000000 -0.864927533034444E+003  0.993948491814788E-001 
      8.52000000 -0.864927775361639E+003  0.991525219873568E-001 
      8.54000000 -0.864928017826619E+003  0.989100570066991E-001 
      8.56000000 -0.864928260329311E+003  0.986675543147661E-001 
      8.58000000 -0.864928502754015E+003  0.984251296110220E-001 
      8.60000000 -0.864928744968039E+003  0.981829155870755E-001 
      8.62000000 -0.864928986822514E+003  0.979410611114263E-001 
      8.64000000 -0.864929228155668E+003  0.976997279579106E-001 
      8.66000000 -0.864929468798280E+003  0.974590853459264E-001 
      8.68000000 -0.864929708580941E+003  0.972193026852232E-001 
      8.70000000 -0.864929947342279E+003  0.969805413466991E-001 
      8.72000000 -0.864930184937171E+003  0.967429464548529E-001 
      8.74000000 -0.864930421244044E+003  0.965066395818200E-001 
      8.76000000 -0.864930656169923E+003  0.962717137029097E-001 
      8.78000000 -0.864930889652804E+003  0.960382308213187E-001 
      8.80000000 -0.864931121660571E+003  0.958062230550398E-001 
      8.82000000 -0.864931352186499E+003  0.955756971268976E-001 
      8.84000000 -0.864931581241548E+003  0.953466420774146E-001 
      8.86000000 -0.864931808844116E+003  0.951190395098659E-001 
      8.88000000 -0.864932035008507E+003  0.948928751191679E-001 
      8.90000000 -0.864932259733265E+003  0.946681503608483E-001 
      8.92000000 -0.864932482991004E+003  0.944448926220482E-001 
      8.94000000 -0.864932704720839E+003  0.942231627865729E-001 
      8.96000000 -0.864932924824859E+003  0.940030587671764E-001 
      8.98000000 -0.864933143169023E+003  0.937847146029132E-001 
      9.00000000 -0.864933359588927E+003  0.935682946984165E-001 
      9.02000000 -0.864933573899942E+003  0.933539836837346E-001 
      9.04000000 -0.864933785910926E+003  0.931419726999271E-001 
      9.06000000 -0.864933995439859E+003  0.929324437667408E-001 
      9.08000000 -0.864934202329606E+003  0.927255540201611E-001 
      9.10000000 -0.864934406462022E+003  0.925214216040608E-001 
      9.12000000 -0.864934607768171E+003  0.923201154548246E-001 
      9.14000000 -0.864934806233588E+003  0.921216500381120E-001 
      9.16000000 -0.864935001897236E+003  0.919259863896525E-001 
      9.18000000 -0.864935194844407E+003  0.917330392192571E-001 
      9.20000000 -0.864935385193627E+003  0.915426899990627E-001 
      9.22000000 -0.864935573079351E+003  0.913548042749921E-001 
      9.24000000 -0.864935758631911E+003  0.911692517153518E-001 
      9.26000000 -0.864935941957512E+003  0.909859261140899E-001 
      9.28000000 -0.864936123120306E+003  0.908047633200043E-001 
      9.30000000 -0.864936302129124E+003  0.906257545019014E-001 
      9.32000000 -0.864936478930304E+003  0.904489533215361E-001 
      9.34000000 -0.864936653407870E+003  0.902744757558276E-001 
      9.36000000 -0.864936825391069E+003  0.901024925565576E-001 
      9.38000000 -0.864936994668585E+003  0.899332150406071E-001 
      9.40000000 -0.864937161007902E+003  0.897668757243624E-001 
      9.42000000 -0.864937324177631E+003  0.896037059950542E-001 
      9.44000000 -0.864937483970432E+003  0.894439131937381E-001 
      9.46000000 -0.864937640223762E+003  0.892876598641642E-001 
      9.48000000 -0.864937792836335E+003  0.891350472908913E-001 
      9.50000000 -0.864937941778129E+003  0.889861054966908E-001 
      9.52000000 -0.864938087092941E+003  0.888407906850293E-001 
      9.54000000 -0.864938228893097E+003  0.886989905287310E-001 
      9.56000000 -0.864938367346737E+003  0.885605368892160E-001 
      9.58000000 -0.864938502659202E+003  0.884252244239760E-001 
      9.60000000 -0.864938635050316E+003  0.882928333098583E-001 
      9.62000000 -0.864938764730339E+003  0.881631532865350E-001 
      9.64000000 -0.864938891877023E+003  0.880360066024278E-001 
      9.66000000 -0.864939016616514E+003  0.879112671122255E-001 
      9.68000000 -0.864939139010036E+003  0.877888735900891E-001 
      9.70000000 -0.864939259047918E+003  0.876688357077950E-001 
      9.72000000 -0.864939376651484E+003  0.875512321421428E-001 
      9.74000000 -0.864939491682565E+003  0.874362010607582E-001 
      9.76000000 -0.864939603959467E+003  0.873239241592388E-001 
      9.78000000 -0.864939713277416E+003  0.872146062095218E-001 
      9.80000000 -0.864939819431247E+003  0.871084523789419E-001 
      9.82000000 -0.864939922237539E+003  0.870056460868957E-001 
      9.84000000 -0.864940021553949E+003  0.869063296764667E-001 
      9.86000000 -0.864940117293475E+003  0.868105901509119E-001 
      9.88000000 -0.864940209432376E+003  0.867184512493692E-001 
      9.90000000 -0.864940298010939E+003  0.866298726872879E-001 
      9.92000000 -0.864940383127287E+003  0.865447563392306E-001 
      9.94000000 -0.864940464925155E+003  0.864629584706813E-001 
      9.96000000 -0.864940543577080E+003  0.863843065462182E-001 
      9.98000000 -0.864940619265172E+003  0.863086184539641E-001 
     10.00000000 -0.864940692161640E+003  0.862357219858363E-001 
     10.02000000 -0.864940762411243E+003  0.861654723833450E-001 
     10.04000000 -0.864940830117633E+003  0.860977659923487E-001 
     10.06000000 -0.864940895334924E+003  0.860325487023306E-001 
     10.08000000 -0.864940958065265E+003  0.859698183610316E-001 
     10.10000000 -0.864941018262384E+003  0.859096212416830E-001 
     10.12000000 -0.864941075840411E+003  0.858520432143260E-001 
     10.14000000 -0.864941130686687E+003  0.857971969389861E-001 
     10.16000000 -0.864941182676839E+003  0.857452067867120E-001 
     10.18000000 -0.864941231690256E+003  0.856961933702437E-001 
     10.20000000 -0.864941277624054E+003  0.856502595718754E-001 
     10.22000000 -0.864941320403966E+003  0.856074796597705E-001 
     10.24000000 -0.864941359990977E+003  0.855678926484700E-001 
     10.26000000 -0.864941396383134E+003  0.855315004922441E-001 
     10.28000000 -0.864941429612619E+003  0.854982710067815E-001 
     10.30000000 -0.864941459738705E+003  0.854681449206101E-001 
     10.32000000 -0.864941486837758E+003  0.854410458683153E-001 
     10.34000000 -0.864941510991747E+003  0.854168918786319E-001 
     10.36000000 -0.864941532276860E+003  0.853956067658626E-001 
     10.38000000 -0.864941550753692E+003  0.853771299337113E-001 
     10.40000000 -0.864941566460265E+003  0.853614233610617E-001 
     10.42000000 -0.864941579408615E+003  0.853484750108082E-001 
     10.44000000 -0.864941589585247E+003  0.853382983792577E-001 
     10.46000000 -0.864941596955149E+003  0.853309284771867E-001 
     10.48000000 -0.864941601468667E+003  0.853264149589118E-001 
     10.50000000 -0.864941603070119E+003  0.853248135068735E-001 
     10.52000000 -0.864941601706876E+003  0.853261767503452E-001 
     10.54000000 -0.864941597337609E+003  0.853305460171866E-001 
     10.56000000 -0.864941589938556E+003  0.853379450696405E-001 
     10.58000000 -0.864941579506964E+003  0.853483766619568E-001 
     10.60000000 -0.864941566061235E+003  0.853618223906432E-001 
     10.62000000 -0.864941549637741E+003  0.853782458851997E-001 
     10.64000000 -0.864941530284655E+003  0.853975989706191E-001 
     10.66000000 -0.864941508053529E+003  0.854198300966090E-001 
     10.68000000 -0.864941482989568E+003  0.854448940578023E-001 
     10.70000000 -0.864941455121718E+003  0.854727619075085E-001 
     10.72000000 -0.864941424453697E+003  0.855034299286991E-001 
     10.74000000 -0.864941390957019E+003  0.855369266067349E-001 
     10.76000000 -0.864941354566865E+003  0.855733167604502E-001 
     10.78000000 -0.864941315181409E+003  0.856127022171330E-001 
     10.80000000 -0.864941272664891E+003  0.856552187348031E-001 
     10.82000000 -0.864941226854435E+003  0.857010291906402E-001 
     10.84000000 -0.864941177570179E+003  0.857503134471048E-001 
     10.86000000 -0.864941124628096E+003  0.858032555296444E-001 
     10.88000000 -0.864941067854567E+003  0.858600290583658E-001 
     10.90000000 -0.864941007101623E+003  0.859207820025047E-001 
     10.92000000 -0.864940942261692E+003  0.859856219336367E-001 
     10.94000000 -0.864940873280663E+003  0.860546029625687E-001 
     10.96000000 -0.864940800168187E+003  0.861277154390827E-001 
     10.98000000 -0.864940723004353E+003  0.862048792730013E-001 
     11.00000000 -0.864940641941961E+003  0.862859416644697E-001 
     11.02000000 -0.864940557204098E+003  0.863706795277725E-001 
     11.04000000 -0.864940469076731E+003  0.864588068949384E-001 
     11.06000000 -0.864940377896635E+003  0.865499869904522E-001 
     11.08000000 -0.864940284034960E+003  0.866438486654924E-001 
     11.10000000 -0.864940187877258E+003  0.867400063674492E-001 
     11.12000000 -0.864940089800988E+003  0.868380826376689E-001 
     11.14000000 -0.864939990151737E+003  0.869377318890673E-001 
     11.16000000 -0.864939889219700E+003  0.870386639262047E-001 
     11.18000000 -0.864939787217938E+003  0.871406656874228E-001 
     11.20000000 -0.864939684264136E+003  0.872436194897918E-001 
     11.22000000 -0.864939580367479E+003  0.873475161463567E-001 
     11.24000000 -0.864939475422054E+003  0.874524615716965E-001 
     11.26000000 -0.864939369207801E+003  0.875586758248489E-001 
     11.28000000 -0.864939261399593E+003  0.876664840332409E-001 
     11.30000000 -0.864939151584306E+003  0.877762993202076E-001 
     11.32000000 -0.864939039285238E+003  0.878885983882647E-001 
     11.34000000 -0.864938923992329E+003  0.880038912971878E-001 
     11.36000000 -0.864938805196197E+003  0.881226874291627E-001 
     11.38000000 -0.864938682423559E+003  0.882454600670465E-001 
     11.40000000 -0.864938555271356E+003  0.883726122694171E-001 
     11.42000000 -0.864938423437004E+003  0.885044466218742E-001 
     11.44000000 -0.864938286742456E+003  0.886411411699824E-001 
     11.46000000 -0.864938145150358E+003  0.887827332681923E-001 
     11.48000000 -0.864937998771074E+003  0.889291125514287E-001 
     11.50000000 -0.864937847860484E+003  0.890800231418738E-001 
     11.52000000 -0.864937692808845E+003  0.892350747809116E-001 
     11.54000000 -0.864937534121855E+003  0.893937617711925E-001 
     11.56000000 -0.864937372395602E+003  0.895554880233870E-001 
     11.58000000 -0.864937208287165E+003  0.897195964606287E-001 
     11.60000000 -0.864937042482854E+003  0.898854007714651E-001 
     11.62000000 -0.864936875665830E+003  0.900522177956378E-001 
     11.64000000 -0.864936708484672E+003  0.902193989534645E-001 
     11.66000000 -0.864936541524147E+003  0.903863594783950E-001 
     11.68000000 -0.864936375279277E+003  0.905526043484315E-001 
     11.70000000 -0.864936210133106E+003  0.907177505193714E-001 
     11.72000000 -0.864936046338888E+003  0.908815447381997E-001 
     11.74000000 -0.864935884006831E+003  0.910438767950034E-001 
     11.76000000 -0.864935723095909E+003  0.912047877169849E-001 
     11.78000000 -0.864935563410792E+003  0.913644728337131E-001 
     11.80000000 -0.864935404604121E+003  0.915232795045042E-001 
     11.82000000 -0.864935246184353E+003  0.916816992729196E-001 
     11.84000000 -0.864935087529186E+003  0.918403544398710E-001 
     11.86000000 -0.864934927904583E+003  0.919999790429594E-001 
     11.88000000 -0.864934766489016E+003  0.921613946099913E-001 
     11.90000000 -0.864934602402363E+003  0.923254812629454E-001 
     11.92000000 -0.864934434738661E+003  0.924931449647331E-001 
     11.94000000 -0.864934262601311E+003  0.926652823147842E-001 
     11.96000000 -0.864934085139407E+003  0.928427442186656E-001 
     11.98000000 -0.864933901583045E+003  0.930263005804191E-001 
     12.00000000 -0.864933711275971E+003  0.932166076548899E-001 
     12.02000000 -0.864933513703353E+003  0.934141802725348E-001 
     12.04000000 -0.864933308513206E+003  0.936193704195972E-001 
     12.06000000 -0.864933095530069E+003  0.938323535566685E-001 
     12.08000000 -0.864932874760320E+003  0.940531233057611E-001 
     12.10000000 -0.864932646389003E+003  0.942814946228674E-001 
     12.12000000 -0.864932410768700E+003  0.945171149260374E-001 
     12.14000000 -0.864932168401663E+003  0.947594819623288E-001 
     12.16000000 -0.864931919916937E+003  0.950079666892504E-001 
     12.18000000 -0.864931666044369E+003  0.952618392570332E-001 
     12.20000000 -0.864931407587704E+003  0.955202959215844E-001 
     12.22000000 -0.864931145398550E+003  0.957824850762550E-001 
     12.24000000 -0.864930880353244E+003  0.960475303813502E-001 
     12.26000000 -0.864930613333245E+003  0.963145503807866E-001 
     12.28000000 -0.864930345210236E+003  0.965826733900248E-001 
     12.30000000 -0.864930076835085E+003  0.968510485408140E-001 
     12.32000000 -0.864929809030558E+003  0.971188530674338E-001 
     12.34000000 -0.864929542586087E+003  0.973852975384157E-001 
     12.36000000 -0.864929278253439E+003  0.976496301872590E-001 
     12.38000000 -0.864929016741382E+003  0.979111422434374E-001 
     12.40000000 -0.864928758708237E+003  0.981691753891736E-001 
     12.42000000 -0.864928504751385E+003  0.984231322410564E-001 
     12.44000000 -0.864928255393352E+003  0.986724902734546E-001 
     12.46000000 -0.864928011065192E+003  0.989168184334378E-001 
     12.48000000 -0.864927772087961E+003  0.991557956650158E-001 
     12.50000000 -0.864927538654486E+003  0.993892291399694E-001 
     12.52000000 -0.864927310813295E+003  0.996170703312040E-001 
     12.54000000 -0.864927088457028E+003  0.998394265980953E-001 
     12.56000000 -0.864926871317305E+003  0.100056566320860E+000 
     12.58000000 -0.864926658967534E+003  0.100268916092070E+000 
     12.60000000 -0.864926450834618E+003  0.100477049008244E+000 
     12.62000000 -0.864926246219358E+003  0.100681664268189E+000 
     12.64000000 -0.864926044324889E+003  0.100883558736754E+000 
     12.66000000 -0.864925844291038E+003  0.101083592587959E+000 
     12.68000000 -0.864925645233027E+003  0.101282650598453E+000 
     12.70000000 -0.864925446281221E+003  0.101481602404539E+000 
     12.72000000 -0.864925246619579E+003  0.101681264046501E+000 
     12.74000000 -0.864925045519963E+003  0.101882363662782E+000 
     12.76000000 -0.864924842370094E+003  0.102085513532362E+000 
     12.78000000 -0.864924636693268E+003  0.102291190357661E+000 
     12.80000000 -0.864924428158727E+003  0.102499724898636E+000 
     12.82000000 -0.864924216582205E+003  0.102711301420779E+000 
     12.84000000 -0.864924001916838E+003  0.102925966788000E+000 
     12.86000000 -0.864923784235747E+003  0.103143647878499E+000 
     12.88000000 -0.864923563707481E+003  0.103364176144765E+000 
     12.90000000 -0.864923340566999E+003  0.103587316626678E+000 
     12.92000000 -0.864923115084768E+003  0.103812798858180E+000 
     12.94000000 -0.864922887536685E+003  0.104040346940889E+000 
     12.96000000 -0.864922658177902E+003  0.104269705724172E+000 
     12.98000000 -0.864922427222911E+003  0.104500660714528E+000 
     13.00000000 -0.864922194833962E+003  0.104733049664127E+000 
     13.02000000 -0.864921961118964E+003  0.104966764662356E+000 
     13.04000000 -0.864921726138980E+003  0.105201744646272E+000 
     13.06000000 -0.864921489924541E+003  0.105437959085178E+000 
     13.08000000 -0.864921252498820E+003  0.105675384806254E+000 
     13.10000000 -0.864921013905018E+003  0.105913978608382E+000 
     13.12000000 -0.864920774234845E+003  0.106153648781334E+000 
     13.14000000 -0.864920533654627E+003  0.106394228999170E+000 
     13.16000000 -0.864920292426004E+003  0.106635457621902E+000 
     13.18000000 -0.864920050918707E+003  0.106876964918629E+000 
     13.20000000 -0.864919809613777E+003  0.107118269848482E+000 
     13.22000000 -0.864919569096895E+003  0.107358786731047E+000 
     13.24000000 -0.864919330042456E+003  0.107597841169976E+000 
     13.26000000 -0.864919093190058E+003  0.107834693568317E+000 
     13.28000000 -0.864918859316079E+003  0.108068567546593E+000 
     13.30000000 -0.864918629203277E+003  0.108298680348983E+000 
     13.32000000 -0.864918403611400E+003  0.108524272225723E+000 
     13.34000000 -0.864918183251753E+003  0.108744631873325E+000 
     13.36000000 -0.864917968767254E+003  0.108959116371513E+000 
     13.38000000 -0.864917760719910E+003  0.109167163715402E+000 
     13.40000000 -0.864917559585321E+003  0.109368298304853E+000 
     13.42000000 -0.864917365754132E+003  0.109562129493973E+000 
     13.44000000 -0.864917179538711E+003  0.109748344914404E+000 
     13.46000000 -0.864917001183589E+003  0.109926700036920E+000 
     13.48000000 -0.864916830877369E+003  0.110097006256612E+000 
     13.50000000 -0.864916668764355E+003  0.110259119271198E+000 
     13.52000000 -0.864916514954295E+003  0.110412929331127E+000 
     13.54000000 -0.864916369528995E+003  0.110558354631317E+000 
     13.56000000 -0.864916232545668E+003  0.110695337957523E+000 
     13.58000000 -0.864916104036528E+003  0.110823847097400E+000 
     13.60000000 -0.864915984005718E+003  0.110943877908359E+000 
     13.62000000 -0.864915872423798E+003  0.111055459827518E+000 
     13.64000000 -0.864915769220958E+003  0.111158662667808E+000 
     13.66000000 -0.864915674279523E+003  0.111253604102490E+000 
     13.68000000 -0.864915587426892E+003  0.111340456733789E+000 
     13.70000000 -0.864915508429072E+003  0.111419454553824E+000 
     13.72000000 -0.864915436985260E+003  0.111490898366197E+000 
     13.74000000 -0.864915372723817E+003  0.111555159808709E+000 
     13.76000000 -0.864915315199824E+003  0.111612683802212E+000 
     13.78000000 -0.864915263894209E+003  0.111663989416329E+000 
     13.80000000 -0.864915218215077E+003  0.111709668548982E+000 
     13.82000000 -0.864915177501397E+003  0.111750382228499E+000 
     13.84000000 -0.864915141029503E+003  0.111786854123201E+000 
     13.86000000 -0.864915108022995E+003  0.111819860631030E+000 
     13.88000000 -0.864915077666071E+003  0.111850217554839E+000 
     13.90000000 -0.864915049120592E+003  0.111878763033876E+000 
     13.92000000 -0.864915021546382E+003  0.111906337243542E+000 
     13.94000000 -0.864914994124433E+003  0.111933759192795E+000 
     13.96000000 -0.864914966081784E+003  0.111961801841454E+000 
     13.98000000 -0.864914936717445E+003  0.111991166180378E+000 
     14.00000000 -0.864914905428132E+003  0.112022455494071E+000 
     14.02000000 -0.864914871732772E+003  0.112056150854145E+000 
     14.04000000 -0.864914835295100E+003  0.112092588525580E+000 
     14.06000000 -0.864914795943626E+003  0.112131939999423E+000 
     14.08000000 -0.864914753688326E+003  0.112174195300053E+000 
     14.10000000 -0.864914708733565E+003  0.112219150060403E+000 
     14.12000000 -0.864914661486611E+003  0.112266397014632E+000 
     14.14000000 -0.864914612560932E+003  0.112315322693990E+000 
     14.16000000 -0.864914562773862E+003  0.112365109764011E+000 
     14.18000000 -0.864914513137252E+003  0.112414746374081E+000 
     14.20000000 -0.864914464840882E+003  0.112463042743642E+000 
     14.22000000 -0.864914419227431E+003  0.112508656194739E+000 
     14.24000000 -0.864914377759764E+003  0.112550123861461E+000 
     14.26000000 -0.864914341980448E+003  0.112585903178189E+000 
     14.28000000 -0.864914313465110E+003  0.112614418515351E+000 
     14.30000000 -0.864914293771688E+003  0.112634111937862E+000 
     14.32000000 -0.864914284387998E+003  0.112643495627895E+000 
     14.34000000 -0.864914286681174E+003  0.112641202451999E+000 
     14.36000000 -0.864914301852172E+003  0.112626031453976E+000 
     14.38000000 -0.864914330898043E+003  0.112596985582879E+000 
     14.40000000 -0.864914374584470E+003  0.112553299156336E+000 
     14.42000000 -0.864914433429448E+003  0.112494454177420E+000 
     14.44000000 -0.864914507698762E+003  0.112420184863843E+000 
     14.46000000 -0.864914597412382E+003  0.112330471243380E+000 
     14.48000000 -0.864914702360225E+003  0.112225523400603E+000 
     14.50000000 -0.864914822125140E+003  0.112105758486009E+000 
     14.52000000 -0.864914956110965E+003  0.111971772661046E+000 
     14.54000000 -0.864915103573341E+003  0.111824310284839E+000 
     14.56000000 -0.864915263652039E+003  0.111664231586897E+000 
     14.58000000 -0.864915435402748E+003  0.111492480877524E+000 
     14.60000000 -0.864915617828387E+003  0.111310055238796E+000 
     14.62000000 -0.864915809908848E+003  0.111117974778083E+000 
     14.64000000 -0.864916010629033E+003  0.110917254592997E+000 
     14.66000000 -0.864916219004580E+003  0.110708879045506E+000 
     14.68000000 -0.864916434104696E+003  0.110493778930175E+000 
     14.70000000 -0.864916655071401E+003  0.110272812225259E+000 
     14.72000000 -0.864916881134493E+003  0.110046749132751E+000 
     14.74000000 -0.864917111621512E+003  0.109816262113678E+000 
     14.76000000 -0.864917345962478E+003  0.109581921147780E+000 
     14.78000000 -0.864917583689553E+003  0.109344194073121E+000 
     14.80000000 -0.864917824431881E+003  0.109103451745118E+000 
     14.82000000 -0.864918067906555E+003  0.108859977071131E+000 
     14.84000000 -0.864918313906947E+003  0.108613976678664E+000 
     14.86000000 -0.864918562289071E+003  0.108365594554358E+000 
     14.88000000 -0.864918812957117E+003  0.108114926508399E+000 
     14.90000000 -0.864919065848927E+003  0.107862034698662E+000 
     14.92000000 -0.864919320921902E+003  0.107606961724177E+000 
     14.94000000 -0.864919578139847E+003  0.107349743778531E+000 
     14.96000000 -0.864919837461054E+003  0.107090422571735E+000 
     14.98000000 -0.864920098828829E+003  0.106829054796765E+000 
     15.00000000 -0.864920362165245E+003  0.106565718380617E+000 
     15.02000000 -0.864920627369451E+003  0.106300514175038E+000 
     15.04000000 -0.864920894321955E+003  0.106033561670766E+000 
     15.06000000 -0.864921162895812E+003  0.105764987814253E+000 
     15.08000000 -0.864921432975174E+003  0.105494908452198E+000 
     15.10000000 -0.864921704480869E+003  0.105223402757049E+000 
     15.12000000 -0.864921977401423E+003  0.104950482203170E+000 
     15.14000000 -0.864922251827001E+003  0.104676056625284E+000 
     15.16000000 -0.864922527983120E+003  0.104399900506123E+000 
     15.18000000 -0.864922806260324E+003  0.104121623302174E+000 
     15.20000000 -0.864923087236172E+003  0.103840647453757E+000 
     15.22000000 -0.864923371685945E+003  0.103556197680487E+000 
     15.24000000 -0.864923660580055E+003  0.103267303570589E+000 
     15.26000000 -0.864923955066642E+003  0.102972816983913E+000 
     15.28000000 -0.864924256440258E+003  0.102671443368110E+000 
     15.30000000 -0.864924566098056E+003  0.102361785570148E+000 
     15.32000000 -0.864924885486661E+003  0.102042396964618E+000 
     15.34000000 -0.864925216043263E+003  0.101711840362779E+000 
     15.36000000 -0.864925559134747E+003  0.101368748879052E+000 
     15.38000000 -0.864925915998428E+003  0.101011885198146E+000 
     15.40000000 -0.864926287686884E+003  0.100640196741935E+000 
     15.42000000 -0.864926675019256E+003  0.100252864369981E+000 
     15.44000000 -0.864927078539888E+003  0.998493437375642E-001 
     15.46000000 -0.864927498484986E+003  0.994293986400778E-001 
     15.48000000 -0.864927934757407E+003  0.989931262191054E-001 
     15.50000000 -0.864928386910329E+003  0.985409732966955E-001 
     15.52000000 -0.864928854141123E+003  0.980737425024802E-001 
     15.54000000 -0.864929335297284E+003  0.975925863416457E-001 
     15.56000000 -0.864929828897028E+003  0.970989865980944E-001 
     15.58000000 -0.864930333167060E+003  0.965947165662286E-001 
     15.60000000 -0.864930846099155E+003  0.960817844710830E-001 
     15.62000000 -0.864931365525766E+003  0.955623578597731E-001 
     15.64000000 -0.864931889212543E+003  0.950386710828745E-001 
     15.66000000 -0.864932414962654E+003  0.945129209723593E-001 
     15.68000000 -0.864932940725957E+003  0.939871576687078E-001 
     15.70000000 -0.864933464703980E+003  0.934631796457134E-001 
     15.72000000 -0.864933985441349E+003  0.929424422771276E-001 
     15.74000000 -0.864934501894156E+003  0.924259894693965E-001 
     15.76000000 -0.864935013468321E+003  0.919144153046022E-001 
     15.78000000 -0.864935520022916E+003  0.914078607098401E-001 
     15.80000000 -0.864936021838082E+003  0.909060455437935E-001 
     15.82000000 -0.864936519550359E+003  0.904083332665925E-001 
     15.84000000 -0.864937014062422E+003  0.899138212034103E-001 
     15.86000000 -0.864937506437344E+003  0.894214462815485E-001 
     15.88000000 -0.864937997788700E+003  0.889300949258687E-001 
     15.90000000 -0.864938489178969E+003  0.884387046565758E-001 
     15.92000000 -0.864938981536375E+003  0.879463472504464E-001 
     15.94000000 -0.864939475598171E+003  0.874522854548802E-001 
     15.96000000 -0.864939971883991E+003  0.869559996350960E-001 
     15.98000000 -0.864940470699129E+003  0.864571844967781E-001 
     16.00000000 -0.864940972163379E+003  0.859557202469840E-001 
     16.02000000 -0.864941476257808E+003  0.854516258181108E-001 
     16.04000000 -0.864941982880209E+003  0.849450034164096E-001 
     16.06000000 -0.864942491899633E+003  0.844359839926758E-001 
     16.08000000 -0.864943003201788E+003  0.839246818379262E-001 
     16.10000000 -0.864943516719382E+003  0.834111642434397E-001 
     16.12000000 -0.864944032445292E+003  0.828954383337224E-001 
     16.14000000 -0.864944550429176E+003  0.823774544499140E-001 
     16.16000000 -0.864945070761529E+003  0.818571220969798E-001 
     16.18000000 -0.864945593550357E+003  0.813343332691801E-001 
     16.20000000 -0.864946118896159E+003  0.808089874673377E-001 
     16.22000000 -0.864946646870100E+003  0.802810135261464E-001 
     16.24000000 -0.864947177498725E+003  0.797503849006913E-001 
     16.26000000 -0.864947710756228E+003  0.792171273975859E-001 
     16.28000000 -0.864948246563968E+003  0.786813196576671E-001 
     16.30000000 -0.864948784794946E+003  0.781430886802666E-001 
     16.32000000 -0.864949325280975E+003  0.776026026506578E-001 
     16.34000000 -0.864949867820304E+003  0.770600633221239E-001 
     16.36000000 -0.864950412184782E+003  0.765156988435014E-001 
     16.38000000 -0.864950958126714E+003  0.759697569118388E-001 
     16.40000000 -0.864951505386857E+003  0.754224967690248E-001 
     16.42000000 -0.864952053705622E+003  0.748741780034286E-001 
     16.44000000 -0.864952602839205E+003  0.743250444203798E-001 
     16.46000000 -0.864953152581467E+003  0.737753021584993E-001 
     16.48000000 -0.864953702790804E+003  0.732250928220861E-001 
     16.50000000 -0.864954253418905E+003  0.726744647210079E-001 
     16.52000000 -0.864954804536851E+003  0.721233467747418E-001 
     16.54000000 -0.864955356352836E+003  0.715715307901454E-001 
     16.56000000 -0.864955909215724E+003  0.710186679018139E-001 
     16.58000000 -0.864956463600248E+003  0.704642833782265E-001 
     16.60000000 -0.864957020071754E+003  0.699078118714050E-001 
     16.62000000 -0.864957579232229E+003  0.693486513971136E-001 
     16.64000000 -0.864958141652117E+003  0.687862315086768E-001 
     16.66000000 -0.864958707795305E+003  0.682200883207491E-001 
     16.68000000 -0.864959277946192E+003  0.676499374336092E-001 
     16.70000000 -0.864959852147877E+003  0.670757357490019E-001 
     16.72000000 -0.864960430159607E+003  0.664977240187037E-001 
     16.74000000 -0.864961011439048E+003  0.659164445783518E-001 
     16.76000000 -0.864961595152258E+003  0.653327313675676E-001 
     16.78000000 -0.864962180210904E+003  0.647476727217737E-001 
     16.80000000 -0.864962765333527E+003  0.641625500984048E-001 
     16.82000000 -0.864963349124869E+003  0.635787587570305E-001 
     16.84000000 -0.864963930166184E+003  0.629977174422021E-001 
     16.86000000 -0.864964507108067E+003  0.624207755584709E-001 
     16.88000000 -0.864965078757483E+003  0.618491261424799E-001 
     16.90000000 -0.864965644151416E+003  0.612837322100354E-001 
     16.92000000 -0.864966202610326E+003  0.607252733000745E-001 
     16.94000000 -0.864966753766956E+003  0.601741166697000E-001 
     16.96000000 -0.864967297567900E+003  0.596303157260267E-001 
     16.98000000 -0.864967834248568E+003  0.590936350577576E-001 
     17.00000000 -0.864968364284568E+003  0.585635990576965E-001 
     17.02000000 -0.864968888325617E+003  0.580395580090785E-001 
     17.04000000 -0.864969407119574E+003  0.575207640520100E-001 
     17.06000000 -0.864969921435038E+003  0.570064485882287E-001 
     17.08000000 -0.864970431991195E+003  0.564958924303630E-001 
     17.10000000 -0.864970939401532E+003  0.559884820940973E-001 
     17.12000000 -0.864971444136294E+003  0.554837473319529E-001 
     17.14000000 -0.864971946505454E+003  0.549813781723199E-001 
     17.16000000 -0.864972446661167E+003  0.544812224591940E-001 
     17.18000000 -0.864972944616088E+003  0.539832675375279E-001 
     17.20000000 -0.864973440272774E+003  0.534876108516887E-001 
     17.22000000 -0.864973933458836E+003  0.529944247902498E-001 
     17.24000000 -0.864974423963536E+003  0.525039200893700E-001 
     17.26000000 -0.864974911572465E+003  0.520163111611502E-001 
     17.28000000 -0.864975396098729E+003  0.515317848970430E-001 
     17.30000000 -0.864975877409350E+003  0.510504742759732E-001 
     17.32000000 -0.864976355446210E+003  0.505724374155088E-001 
     17.34000000 -0.864976830239700E+003  0.500976439259997E-001 
     17.36000000 -0.864977301912658E+003  0.496259709680074E-001 
     17.38000000 -0.864977770671675E+003  0.491572119506688E-001 
     17.40000000 -0.864978236783098E+003  0.486911005282772E-001 
     17.42000000 -0.864978700532733E+003  0.482273508925674E-001 
     17.44000000 -0.864979162171160E+003  0.477657124659845E-001 
     17.46000000 -0.864979621849832E+003  0.473060337941859E-001 
     17.48000000 -0.864980079556748E+003  0.468483268776377E-001 
     17.50000000 -0.864980535062642E+003  0.463928209839874E-001 
     17.52000000 -0.864980987889174E+003  0.459399944519626E-001 
     17.54000000 -0.864981437308504E+003  0.454905751221511E-001 
     17.56000000 -0.864981882379220E+003  0.450455044062720E-001 
     17.58000000 -0.864982322017853E+003  0.446058657726825E-001 
     17.60000000 -0.864982755098715E+003  0.441727849112558E-001 
     17.62000000 -0.864983180569652E+003  0.437473139735925E-001 
     17.64000000 -0.864983597567692E+003  0.433303159340743E-001 
     17.66000000 -0.864984005518674E+003  0.429223649521517E-001 
     17.68000000 -0.864984404206890E+003  0.425236767362305E-001 
     17.70000000 -0.864984793806049E+003  0.421340775767804E-001 
     17.72000000 -0.864985174868883E+003  0.417530147427806E-001 
     17.74000000 -0.864985548278584E+003  0.413796050416847E-001 
     17.76000000 -0.864985915170879E+003  0.410127127466077E-001 
     17.78000000 -0.864986276838107E+003  0.406510455184603E-001 
     17.80000000 -0.864986634627457E+003  0.402932561685619E-001 
     17.82000000 -0.864986989843985E+003  0.399380396408074E-001 
     17.84000000 -0.864987343665999E+003  0.395842176265875E-001 
     17.86000000 -0.864987697077059E+003  0.392308065670091E-001 
     17.88000000 -0.864988050815680E+003  0.388770679458426E-001 
     17.90000000 -0.864988405342033E+003  0.385225415924508E-001 
     17.92000000 -0.864988760820264E+003  0.381670633621578E-001 
     17.94000000 -0.864989117115539E+003  0.378107680870372E-001 
     17.96000000 -0.864989473806143E+003  0.374540774823490E-001 
     17.98000000 -0.864989830211304E+003  0.370976723221408E-001 
     18.00000000 -0.864990185435736E+003  0.367424478900089E-001 
     18.02000000 -0.864990538430301E+003  0.363894533249904E-001 
     18.04000000 -0.864990888066012E+003  0.360398176139378E-001 
     18.06000000 -0.864991233215417E+003  0.356946682090959E-001 
     18.08000000 -0.864991572833185E+003  0.353550504408264E-001 
     18.10000000 -0.864991906026136E+003  0.350218574893833E-001 
     18.12000000 -0.864992232103893E+003  0.346957797327256E-001 
     18.14000000 -0.864992550603805E+003  0.343772798206049E-001 
     18.16000000 -0.864992861288272E+003  0.340665953533134E-001 
     18.18000000 -0.864993164117322E+003  0.337637663039175E-001 
     18.20000000 -0.864993459203832E+003  0.334686797941013E-001 
     18.22000000 -0.864993746761507E+003  0.331811221186459E-001 
     18.24000000 -0.864994027055860E+003  0.329008277659504E-001 
     18.26000000 -0.864994300367103E+003  0.326275165224823E-001 
     18.28000000 -0.864994566969615E+003  0.323609140110306E-001 
     18.30000000 -0.864994827128464E+003  0.321007551621824E-001 
     18.32000000 -0.864995081109137E+003  0.318467744892785E-001 
     18.34000000 -0.864995329193606E+003  0.315986900194116E-001 
     18.36000000 -0.864995571695114E+003  0.313561885115449E-001 
     18.38000000 -0.864995808965265E+003  0.311189183605252E-001 
     18.40000000 -0.864996041389793E+003  0.308864938324786E-001 
     18.42000000 -0.864996269373041E+003  0.306585105844130E-001 
     18.44000000 -0.864996493314288E+003  0.304345693374238E-001 
     18.46000000 -0.864996713581105E+003  0.302143025204104E-001 
     18.48000000 -0.864996930485344E+003  0.299973982822220E-001 
     18.50000000 -0.864997144265947E+003  0.297836176789876E-001 
     18.52000000 -0.864997355080707E+003  0.295728029186901E-001 
     18.54000000 -0.864997563005901E+003  0.293648777244684E-001 
     18.56000000 -0.864997768041391E+003  0.291598422352435E-001 
     18.58000000 -0.864997970117533E+003  0.289577660924453E-001 
     18.60000000 -0.864998169101224E+003  0.287587824022219E-001 
     18.62000000 -0.864998364799962E+003  0.285630836640030E-001 
     18.64000000 -0.864998556965019E+003  0.283709186064481E-001 
     18.66000000 -0.864998745296650E+003  0.281825869757374E-001 
     18.68000000 -0.864998929454880E+003  0.279984287459505E-001 
     18.70000000 -0.864999109078626E+003  0.278188049995085E-001 
     18.72000000 -0.864999283814228E+003  0.276440693979227E-001 
     18.74000000 -0.864999453351612E+003  0.274745320140211E-001 
     18.76000000 -0.864999617463959E+003  0.273104196666923E-001 
     18.78000000 -0.864999776044964E+003  0.271518386616592E-001 
     18.80000000 -0.864999929137446E+003  0.269987461803456E-001 
     18.82000000 -0.865000076947981E+003  0.268509356445524E-001 
     18.84000000 -0.865000219844416E+003  0.267080392096875E-001 
     18.86000000 -0.865000358335880E+003  0.265695477453049E-001 
     18.88000000 -0.865000493037549E+003  0.264348460766429E-001 
     18.90000000 -0.865000624624553E+003  0.263032590733036E-001 
     18.92000000 -0.865000753780453E+003  0.261741031730571E-001 
     18.94000000 -0.865000881145726E+003  0.260467378996510E-001 
     18.96000000 -0.865001007271060E+003  0.259206125660485E-001 
     18.98000000 -0.865001132578985E+003  0.257953046408655E-001 
     19.00000000 -0.865001257336152E+003  0.256705474739681E-001 
     19.02000000 -0.865001381637651E+003  0.255462459744276E-001 
     19.04000000 -0.865001505403895E+003  0.254224797303916E-001 
     19.06000000 -0.865001628390281E+003  0.252994933452359E-001 
     19.08000000 -0.865001750209161E+003  0.251776744649544E-001 
     19.10000000 -0.865001870362998E+003  0.250575206278794E-001 
     19.12000000 -0.865001988286660E+003  0.249395969662121E-001 
     19.14000000 -0.865002103395536E+003  0.248244880899871E-001 
     19.16000000 -0.865002215135219E+003  0.247127484071365E-001 
     19.18000000 -0.865002323027790E+003  0.246048558359517E-001 
     19.20000000 -0.865002426709769E+003  0.245011738572452E-001 
     19.22000000 -0.865002525957657E+003  0.244019259686616E-001 
     19.24000000 -0.865002620698637E+003  0.243071849890236E-001 
     19.26000000 -0.865002711006128E+003  0.242168774979046E-001 
     19.28000000 -0.865002797081921E+003  0.241308017044150E-001 
     19.30000000 -0.865002879228492E+003  0.240486551342271E-001 
     19.32000000 -0.865002957815817E+003  0.239700678091479E-001 
     19.34000000 -0.865003033247222E+003  0.238946364037784E-001 
     19.36000000 -0.865003105927916E+003  0.238219557094085E-001 
     19.38000000 -0.865003176238646E+003  0.237516449793960E-001 
     19.40000000 -0.865003244515446E+003  0.236833681799106E-001 
     19.42000000 -0.865003311035300E+003  0.236168483260501E-001 
     19.44000000 -0.865003376006830E+003  0.235518767961150E-001 
     19.46000000 -0.865003439565005E+003  0.234883186203677E-001 
     19.48000000 -0.865003501769249E+003  0.234261143771041E-001 
     19.50000000 -0.865003562604833E+003  0.233652787926176E-001 
     19.52000000 -0.865003621987865E+003  0.233058957613144E-001 
     19.54000000 -0.865003679774297E+003  0.232481093290017E-001 
     19.56000000 -0.865003735773102E+003  0.231921105237271E-001 
     19.58000000 -0.865003789763119E+003  0.231381205065181E-001 
     19.60000000 -0.865003841512400E+003  0.230863712257030E-001 
     19.62000000 -0.865003890798258E+003  0.230370853676360E-001 
     19.64000000 -0.865003937425926E+003  0.229904576995315E-001 
     19.66000000 -0.865003981244004E+003  0.229466396220779E-001 
     19.68000000 -0.865004022155351E+003  0.229057282745382E-001 
     19.70000000 -0.865004060123007E+003  0.228677606189623E-001 
     19.72000000 -0.865004095171445E+003  0.228327121806179E-001 
     19.74000000 -0.865004127384089E+003  0.228004995372558E-001 
     19.76000000 -0.865004156898210E+003  0.227709854162609E-001 
     19.78000000 -0.865004183898160E+003  0.227439854660066E-001 
     19.80000000 -0.865004208607466E+003  0.227192761600396E-001 
     19.82000000 -0.865004231279892E+003  0.226966037333579E-001 
     19.84000000 -0.865004252189258E+003  0.226756943678182E-001 
     19.86000000 -0.865004271617776E+003  0.226562658501807E-001 
     19.88000000 -0.865004289843012E+003  0.226380406140475E-001 
     19.90000000 -0.865004307124020E+003  0.226207596056581E-001 
     19.92000000 -0.865004323687778E+003  0.226041958479647E-001 
     19.94000000 -0.865004339717396E+003  0.225881662303484E-001 
     19.96000000 -0.865004355343626E+003  0.225725399996158E-001 
     19.98000000 -0.865004370640920E+003  0.225572427054694E-001 
     20.00000000 -0.865004385628615E+003  0.225422550110269E-001 
     20.02000000 -0.865004400277152E+003  0.225276064738634E-001 
     20.04000000 -0.865004414518386E+003  0.225133652398578E-001 
     20.06000000 -0.865004428258515E+003  0.224996251109813E-001 
     20.08000000 -0.865004441391871E+003  0.224864917550034E-001 
     20.10000000 -0.865004453813894E+003  0.224740697316133E-001 
     20.12000000 -0.865004465431975E+003  0.224624516508850E-001 
     20.14000000 -0.865004476173416E+003  0.224517102101219E-001 
     20.16000000 -0.865004485990293E+003  0.224418933332681E-001 
     20.18000000 -0.865004494861482E+003  0.224330221435527E-001 
     20.20000000 -0.865004502792359E+003  0.224250912670469E-001 
     20.22000000 -0.865004509812741E+003  0.224180708849620E-001 
     20.24000000 -0.865004515973638E+003  0.224119099877049E-001 
     20.26000000 -0.865004521343181E+003  0.224065404452508E-001 
     20.28000000 -0.865004526002058E+003  0.224018815676555E-001 
     20.30000000 -0.865004530038704E+003  0.223978449222364E-001 
     20.32000000 -0.865004533544444E+003  0.223943391813035E-001 
     20.34000000 -0.865004536608867E+003  0.223912747592370E-001 
     20.36000000 -0.865004539315647E+003  0.223885679784713E-001 
     20.38000000 -0.865004541739112E+003  0.223861445138051E-001 
     20.40000000 -0.865004543941711E+003  0.223839419148266E-001 
     20.42000000 -0.865004545972564E+003  0.223819110616345E-001 
     20.44000000 -0.865004547867108E+003  0.223800165180855E-001 
     20.46000000 -0.865004549647783E+003  0.223782358426034E-001 
     20.48000000 -0.865004551325627E+003  0.223765579989516E-001 
     20.50000000 -0.865004552902538E+003  0.223749810882541E-001 
     20.52000000 -0.865004554373966E+003  0.223735096593250E-001 
     20.54000000 -0.865004555731740E+003  0.223721518854895E-001 
     20.56000000 -0.865004556966752E+003  0.223709168738496E-001 
     20.58000000 -0.865004558071268E+003  0.223698123583461E-001 
     20.60000000 -0.865004559040647E+003  0.223688429786668E-001 
     20.62000000 -0.865004559874385E+003  0.223680092405147E-001 
     20.64000000 -0.865004560576422E+003  0.223673072038336E-001 
     20.66000000 -0.865004561154811E+003  0.223667288152711E-001 
     20.68000000 -0.865004561620883E+003  0.223662627424771E-001 
     20.70000000 -0.865004561988109E+003  0.223658955165035E-001 
     20.72000000 -0.865004562270868E+003  0.223656127574411E-001 
     20.74000000 -0.865004562483339E+003  0.223654002869460E-001 
     20.76000000 -0.865004562638659E+003  0.223652449668898E-001 
     20.78000000 -0.865004562748439E+003  0.223651351867906E-001 
     20.80000000 -0.865004562822628E+003  0.223650609980935E-001 
     20.82000000 -0.865004562869646E+003  0.223650139796004E-001 
     20.84000000 -0.865004562896655E+003  0.223649869708424E-001 
     20.86000000 -0.865004562909811E+003  0.223649738144423E-001 
     20.88000000 -0.865004562914405E+003  0.223649692211582E-001 
     20.90000000 -0.865004562914831E+003  0.223649687947281E-001 
     20.92000000 -0.865004562914437E+003  0.223649691885790E-001 
     20.94000000 -0.865004562915308E+003  0.223649683182206E-001 
     20.96000000 -0.865004562918079E+003  0.223649655467630E-001 
     20.98000000 -0.865004562921834E+003  0.223649617913547E-001 
     21.00000000 -0.865004562924087E+003  0.223649595386511E-001 
     21.02000000 -0.865004562924116E+003  0.223649595100355E-001 
     21.04000000 -0.865004562924131E+003  0.223649594946643E-001 
     21.06000000 -0.865004562924143E+003  0.223649594825800E-001 
     21.08000000 -0.865004562924142E+003  0.223649594841268E-001 
     21.10000000 -0.865004562924114E+003  0.223649595119690E-001 
     21.12000000 -0.865004562924053E+003  0.223649595732604E-001 
     21.14000000 -0.865004562923965E+003  0.223649596612340E-001 
     21.16000000 -0.865004562923869E+003  0.223649597565548E-001 
     21.18000000 -0.865004562923790E+003  0.223649598356344E-001 
     21.20000000 -0.865004562923746E+003  0.223649598797178E-001 
     21.22000000 -0.865004562923742E+003  0.223649598834881E-001 
     21.24000000 -0.865004562923767E+003  0.223649598588362E-001 
     21.26000000 -0.865004562923795E+003  0.223649598304140E-001 
     21.28000000 -0.865004562923800E+003  0.223649598259670E-001 
     21.30000000 -0.865004562923757E+003  0.223649598692770E-001 
     21.32000000 -0.865004562923655E+003  0.223649599709784E-001 
     21.34000000 -0.865004562923499E+003  0.223649601268173E-001 
     21.36000000 -0.865004562923306E+003  0.223649603196824E-001 
     21.38000000 -0.865004562923102E+003  0.223649605233751E-001 
     21.40000000 -0.865004562922915E+003  0.223649607107298E-001 
     21.42000000 -0.865004562922767E+003  0.223649608590281E-001 
     21.44000000 -0.865004562922669E+003  0.223649609572491E-001 
     21.46000000 -0.865004562922619E+003  0.223649610066497E-001 
     21.48000000 -0.865004562922603E+003  0.223649610224076E-001 
     21.50000000 -0.865004562922599E+003  0.223649610264679E-001 
     21.52000000 -0.865004562922582E+003  0.223649610434826E-001 
     21.54000000 -0.865004562922535E+003  0.223649610909496E-001 
     21.56000000 -0.865004562922449E+003  0.223649611764097E-001 
     21.58000000 -0.865004562922328E+003  0.223649612979292E-001 
     21.60000000 -0.865004562922177E+003  0.223649614491278E-001 
     21.62000000 -0.865004562922002E+003  0.223649616240115E-001 
     21.64000000 -0.865004562921803E+003  0.223649618224838E-001 
     21.66000000 -0.865004562921577E+003  0.223649620488949E-001 
     21.68000000 -0.865004562921318E+003  0.223649623075952E-001 
     21.70000000 -0.865004562921030E+003  0.223649625956845E-001 
     21.72000000 -0.865004562920728E+003  0.223649628976949E-001 
     21.74000000 -0.865004562920439E+003  0.223649631871376E-001 
     21.76000000 -0.865004562920195E+003  0.223649634310468E-001 
     21.78000000 -0.865004562920024E+003  0.223649636016769E-001 
     21.80000000 -0.865004562919939E+003  0.223649636873302E-001 
     21.82000000 -0.865004562919922E+003  0.223649637039582E-001 
     21.84000000 -0.865004562919934E+003  0.223649636913906E-001 
     21.86000000 -0.865004562919919E+003  0.223649637063751E-001 
     21.88000000 -0.865004562919827E+003  0.223649637985056E-001 
     21.90000000 -0.865004562919635E+003  0.223649639911774E-001 
     21.92000000 -0.865004562919357E+003  0.223649642693093E-001 
     21.94000000 -0.865004562919041E+003  0.223649645848541E-001 
     21.96000000 -0.865004562918746E+003  0.223649648800006E-001 
     21.98000000 -0.865004562918517E+003  0.223649651084419E-001 
     22.00000000 -0.865004562918371E+003  0.223649652548067E-001 
     22.02000000 -0.865004562918289E+003  0.223649653364964E-001 
     22.04000000 -0.865004562918235E+003  0.223649653909241E-001 
     22.06000000 -0.865004562918168E+003  0.223649654578226E-001 
     22.08000000 -0.865004562918065E+003  0.223649655606841E-001 
     22.10000000 -0.865004562917926E+003  0.223649657002817E-001 
     22.12000000 -0.865004562917769E+003  0.223649658572807E-001 
     22.14000000 -0.865004562917621E+003  0.223649660048056E-001 
     22.16000000 -0.865004562917500E+003  0.223649661254551E-001 
     22.18000000 -0.865004562917406E+003  0.223649662200025E-001 
     22.20000000 -0.865004562917315E+003  0.223649663106830E-001 
     22.22000000 -0.865004562917192E+003  0.223649664335559E-001 
     22.24000000 -0.865004562917002E+003  0.223649666235209E-001 
     22.26000000 -0.865004562916727E+003  0.223649668987525E-001 
     22.28000000 -0.865004562916376E+003  0.223649672497767E-001 
     22.30000000 -0.865004562915986E+003  0.223649676403407E-001 
     22.32000000 -0.865004562915603E+003  0.223649680225908E-001 
     22.34000000 -0.865004562915267E+003  0.223649683586305E-001 
     22.36000000 -0.865004562914988E+003  0.223649686376324E-001 
     22.38000000 -0.865004562914740E+003  0.223649688856019E-001 
     22.40000000 -0.865004562914476E+003  0.223649691496193E-001 
     22.42000000 -0.865004562914148E+003  0.223649694776350E-001 
     22.44000000 -0.865004562913731E+003  0.223649698948812E-001 
     22.46000000 -0.865004562913229E+003  0.223649703967172E-001 
     22.48000000 -0.865004562912674E+003  0.223649709514341E-001 
     22.50000000 -0.865004562912112E+003  0.223649715136916E-001 
     22.52000000 -0.865004562911587E+003  0.223649720389229E-001 
     22.54000000 -0.865004562911133E+003  0.223649724931952E-001 
     22.56000000 -0.865004562910767E+003  0.223649728587206E-001 
     22.58000000 -0.865004562910492E+003  0.223649731335655E-001 
     22.60000000 -0.865004562910296E+003  0.223649733295243E-001 
     22.62000000 -0.865004562910159E+003  0.223649734668984E-001 
     22.64000000 -0.865004562910057E+003  0.223649735691797E-001 
     22.66000000 -0.865004562909967E+003  0.223649736587001E-001 
     22.68000000 -0.865004562909874E+003  0.223649737515074E-001 
     22.70000000 -0.865004562909769E+003  0.223649738569790E-001 
     22.72000000 -0.865004562909648E+003  0.223649739783052E-001 
     22.74000000 -0.865004562909513E+003  0.223649741130691E-001 
     22.76000000 -0.865004562909370E+003  0.223649742556637E-001 
     22.78000000 -0.865004562909228E+003  0.223649743977748E-001 
     22.80000000 -0.865004562909097E+003  0.223649745291551E-001 
     22.82000000 -0.865004562908989E+003  0.223649746370436E-001 
     22.84000000 -0.865004562908917E+003  0.223649747089693E-001 
     22.86000000 -0.865004562908887E+003  0.223649747391316E-001 
     22.88000000 -0.865004562908894E+003  0.223649747315910E-001 
     22.90000000 -0.865004562908925E+003  0.223649747008486E-001 
     22.92000000 -0.865004562908956E+003  0.223649746698162E-001 
     22.94000000 -0.865004562908965E+003  0.223649746608255E-001 
     22.96000000 -0.865004562908935E+003  0.223649746904078E-001 
     22.98000000 -0.865004562908860E+003  0.223649747655237E-001 
     23.00000000 -0.865004562908742E+003  0.223649748837563E-001 
     23.02000000 -0.865004562908591E+003  0.223649750353416E-001 
     23.04000000 -0.865004562908420E+003  0.223649752058750E-001 
     23.06000000 -0.865004562908247E+003  0.223649753785352E-001 
     23.08000000 -0.865004562908091E+003  0.223649755343741E-001 
     23.10000000 -0.865004562907970E+003  0.223649756556036E-001 
     23.12000000 -0.865004562907896E+003  0.223649757294628E-001 
     23.14000000 -0.865004562907872E+003  0.223649757541147E-001 
     23.16000000 -0.865004562907883E+003  0.223649757424171E-001 
     23.18000000 -0.865004562907904E+003  0.223649757217288E-001 
     23.20000000 -0.865004562907899E+003  0.223649757263692E-001 
     23.22000000 -0.865004562907834E+003  0.223649757921077E-001 
     23.24000000 -0.865004562907685E+003  0.223649759405993E-001 
     23.26000000 -0.865004562907451E+003  0.223649761751311E-001 
     23.28000000 -0.865004562907150E+003  0.223649764761747E-001 
     23.30000000 -0.865004562906817E+003  0.223649768090242E-001 
     23.32000000 -0.865004562906496E+003  0.223649771302728E-001 
     23.34000000 -0.865004562906225E+003  0.223649774008640E-001 
     23.36000000 -0.865004562906028E+003  0.223649775976928E-001 
     23.38000000 -0.865004562905906E+003  0.223649777193090E-001 
     23.40000000 -0.865004562905837E+003  0.223649777890112E-001 
     23.42000000 -0.865004562905776E+003  0.223649778499160E-001 
     23.44000000 -0.865004562905675E+003  0.223649779512306E-001 
     23.46000000 -0.865004562905493E+003  0.223649781323982E-001 
     23.48000000 -0.865004562905219E+003  0.223649784066630E-001 
     23.50000000 -0.865004562904869E+003  0.223649787564305E-001 
     23.52000000 -0.865004562904486E+003  0.223649791399373E-001 
     23.54000000 -0.865004562904117E+003  0.223649795088463E-001 
     23.56000000 -0.865004562903800E+003  0.223649798261312E-001 
     23.58000000 -0.865004562903549E+003  0.223649800770976E-001 
     23.60000000 -0.865004562903354E+003  0.223649802720896E-001 
     23.62000000 -0.865004562903189E+003  0.223649804370158E-001 
     23.64000000 -0.865004562903019E+003  0.223649806068725E-001 
     23.66000000 -0.865004562902814E+003  0.223649808114352E-001 
     23.68000000 -0.865004562902557E+003  0.223649810689755E-001 
     23.70000000 -0.865004562902245E+003  0.223649813810400E-001 
     23.72000000 -0.865004562901886E+003  0.223649817395081E-001 
     23.74000000 -0.865004562901489E+003  0.223649821370327E-001 
     23.76000000 -0.865004562901047E+003  0.223649825786407E-001 
     23.78000000 -0.865004562900543E+003  0.223649830826036E-001 
     23.80000000 -0.865004562899964E+003  0.223649836622625E-001 
     23.82000000 -0.865004562899319E+003  0.223649843069831E-001 
     23.84000000 -0.865004562898658E+003  0.223649849674617E-001 
     23.86000000 -0.865004562898058E+003  0.223649855680989E-001 
     23.88000000 -0.865004562897584E+003  0.223649860413194E-001 
     23.90000000 -0.865004562897262E+003  0.223649863642114E-001 
     23.92000000 -0.865004562897049E+003  0.223649865770881E-001 
     23.94000000 -0.865004562896856E+003  0.223649867694699E-001 
     23.96000000 -0.865004562896583E+003  0.223649870423813E-001 
     23.98000000 -0.865004562896160E+003  0.223649874653312E-001 
     24.00000000 -0.865004562895576E+003  0.223649880494371E-001 
     24.02000000 -0.865004562894877E+003  0.223649887483920E-001 
     24.04000000 -0.865004562894146E+003  0.223649894794427E-001 
     24.06000000 -0.865004562893472E+003  0.223649901540357E-001 
     24.08000000 -0.865004562892924E+003  0.223649907019854E-001 
     24.10000000 -0.865004562892537E+003  0.223649910883924E-001 
     24.12000000 -0.865004562892312E+003  0.223649913133535E-001 
     24.14000000 -0.865004562892220E+003  0.223649914057740E-001 
     24.16000000 -0.865004562892212E+003  0.223649914136047E-001 
     24.18000000 -0.865004562892236E+003  0.223649913895328E-001 
     24.20000000 -0.865004562892247E+003  0.223649913791886E-001 
     24.22000000 -0.865004562892212E+003  0.223649914136047E-001 
     24.24000000 -0.865004562892121E+003  0.223649915049618E-001 
     24.26000000 -0.865004562891978E+003  0.223649916479431E-001 
     24.28000000 -0.865004562891801E+003  0.223649918246636E-001 
     24.30000000 -0.865004562891615E+003  0.223649920108582E-001 
     24.32000000 -0.865004562891445E+003  0.223649921806182E-001 
     24.34000000 -0.865004562891313E+003  0.223649923127719E-001 
     24.36000000 -0.865004562891232E+003  0.223649923939783E-001 
     24.38000000 -0.865004562891203E+003  0.223649924229806E-001 
     24.40000000 -0.865004562891216E+003  0.223649924100263E-001 
     24.42000000 -0.865004562891250E+003  0.223649923756102E-001 
     24.44000000 -0.865004562891283E+003  0.223649923427410E-001 
     24.46000000 -0.865004562891295E+003  0.223649923303667E-001 
     24.48000000 -0.865004562891279E+003  0.223649923469946E-001 
     24.50000000 -0.865004562891236E+003  0.223649923899180E-001 
     24.52000000 -0.865004562891177E+003  0.223649924488893E-001 
     24.54000000 -0.865004562891114E+003  0.223649925114376E-001 
     24.56000000 -0.865004562891058E+003  0.223649925676053E-001 
     24.58000000 -0.865004562891013E+003  0.223649926132355E-001 
     24.60000000 -0.865004562890978E+003  0.223649926481350E-001 
     24.62000000 -0.865004562890950E+003  0.223649926760738E-001 
     24.64000000 -0.865004562890924E+003  0.223649927017892E-001 
     24.66000000 -0.865004562890896E+003  0.223649927302114E-001 
     24.68000000 -0.865004562890860E+003  0.223649927654008E-001 
     24.70000000 -0.865004562890816E+003  0.223649928098710E-001 
     24.72000000 -0.865004562890761E+003  0.223649928643953E-001 
     24.74000000 -0.865004562890699E+003  0.223649929270402E-001 
     24.76000000 -0.865004562890632E+003  0.223649929936488E-001 
     24.78000000 -0.865004562890569E+003  0.223649930565837E-001 
     24.80000000 -0.865004562890515E+003  0.223649931104313E-001 
     24.82000000 -0.865004562890471E+003  0.223649931552881E-001 
     24.84000000 -0.865004562890426E+003  0.223649931994683E-001 
     24.86000000 -0.865004562890366E+003  0.223649932595030E-001 
     24.88000000 -0.865004562890272E+003  0.223649933539537E-001 
     24.90000000 -0.865004562890132E+003  0.223649934933580E-001 
     24.92000000 -0.865004562889953E+003  0.223649936729788E-001 
     24.94000000 -0.865004562889755E+003  0.223649938703876E-001 
     24.96000000 -0.865004562889571E+003  0.223649940546488E-001 
     24.98000000 -0.865004562889426E+003  0.223649941993701E-001 
     25.00000000 -0.865004562889330E+003  0.223649942956577E-001 
     25.02000000 -0.865004562889269E+003  0.223649943573359E-001 
     25.04000000 -0.865004562889214E+003  0.223649944123435E-001 
     25.06000000 -0.865004562889137E+003  0.223649944889095E-001 
     25.08000000 -0.865004562889024E+003  0.223649946016317E-001 
     25.10000000 -0.865004562888881E+003  0.223649947449030E-001 
     25.12000000 -0.865004562888727E+003  0.223649948986151E-001 
     25.14000000 -0.865004562888585E+003  0.223649950404362E-001 
     25.16000000 -0.865004562888467E+003  0.223649951591522E-001 
     25.18000000 -0.865004562888367E+003  0.223649952583400E-001 
     25.20000000 -0.865004562888274E+003  0.223649953514373E-001 
     25.22000000 -0.865004562888172E+003  0.223649954537187E-001 
     25.24000000 -0.865004562888057E+003  0.223649955692444E-001 
     25.26000000 -0.865004562887934E+003  0.223649956915373E-001 
     25.28000000 -0.865004562887822E+003  0.223649958038728E-001 
     25.30000000 -0.865004562887735E+003  0.223649958905896E-001 
     25.32000000 -0.865004562887683E+003  0.223649959431804E-001 
     25.34000000 -0.865004562887661E+003  0.223649959649321E-001 
     25.36000000 -0.865004562887656E+003  0.223649959693792E-001 
     25.38000000 -0.865004562887651E+003  0.223649959745996E-001 
     25.40000000 -0.865004562887631E+003  0.223649959949012E-001 
     25.42000000 -0.865004562887588E+003  0.223649960374378E-001 
     25.44000000 -0.865004562887526E+003  0.223649961000828E-001 
     25.46000000 -0.865004562887450E+003  0.223649961754887E-001 
     25.48000000 -0.865004562887370E+003  0.223649962556316E-001 
     25.50000000 -0.865004562887290E+003  0.223649963361613E-001 
     25.52000000 -0.865004562887210E+003  0.223649964159176E-001 
     25.54000000 -0.865004562887131E+003  0.223649964952871E-001 
     25.56000000 -0.865004562887053E+003  0.223649965726265E-001 
     25.58000000 -0.865004562886981E+003  0.223649966443588E-001 
     25.60000000 -0.865004562886920E+003  0.223649967054570E-001 
     25.62000000 -0.865004562886873E+003  0.223649967524407E-001 
     25.64000000 -0.865004562886839E+003  0.223649967864700E-001 
     25.66000000 -0.865004562886812E+003  0.223649968135388E-001 
     25.68000000 -0.865004562886784E+003  0.223649968413810E-001 
     25.70000000 -0.865004562886750E+003  0.223649968759904E-001 
     25.72000000 -0.865004562886708E+003  0.223649969174636E-001 
     25.74000000 -0.865004562886665E+003  0.223649969608704E-001 
     25.76000000 -0.865004562886627E+003  0.223649969985733E-001 
     25.78000000 -0.865004562886603E+003  0.223649970228386E-001 
     25.80000000 -0.865004562886594E+003  0.223649970314426E-001 
     25.82000000 -0.865004562886599E+003  0.223649970266089E-001 
     25.84000000 -0.865004562886612E+003  0.223649970134612E-001 
     25.86000000 -0.865004562886626E+003  0.223649970003135E-001 
     25.88000000 -0.865004562886631E+003  0.223649969948030E-001 
     25.90000000 -0.865004562886622E+003  0.223649970042771E-001 
     25.92000000 -0.865004562886592E+003  0.223649970343428E-001 
     25.94000000 -0.865004562886537E+003  0.223649970887704E-001 
     25.96000000 -0.865004562886457E+003  0.223649971685267E-001 
     25.98000000 -0.865004562886356E+003  0.223649972699380E-001 
     26.00000000 -0.865004562886242E+003  0.223649973837236E-001 
     26.02000000 -0.865004562886130E+003  0.223649974956724E-001 
     26.04000000 -0.865004562886036E+003  0.223649975898331E-001 
     26.06000000 -0.865004562885971E+003  0.223649976552816E-001 
     26.08000000 -0.865004562885935E+003  0.223649976910510E-001 
     26.10000000 -0.865004562885920E+003  0.223649977063256E-001 
     26.12000000 -0.865004562885911E+003  0.223649977147362E-001 
     26.14000000 -0.865004562885899E+003  0.223649977267239E-001 
     26.16000000 -0.865004562885880E+003  0.223649977458654E-001 
     26.18000000 -0.865004562885857E+003  0.223649977688738E-001 
     26.20000000 -0.865004562885834E+003  0.223649977916890E-001 
     26.22000000 -0.865004562885812E+003  0.223649978141174E-001 
     26.24000000 -0.865004562885787E+003  0.223649978388660E-001 
     26.26000000 -0.865004562885754E+003  0.223649978721219E-001 
     26.28000000 -0.865004562885706E+003  0.223649979196857E-001 
     26.30000000 -0.865004562885639E+003  0.223649979866809E-001 
     26.32000000 -0.865004562885549E+003  0.223649980770714E-001 
     26.34000000 -0.865004562885434E+003  0.223649981921137E-001 
     26.36000000 -0.865004562885296E+003  0.223649983301646E-001 
     26.38000000 -0.865004562885135E+003  0.223649984903538E-001 
     26.40000000 -0.865004562884951E+003  0.223649986743249E-001 
     26.42000000 -0.865004562884735E+003  0.223649988902952E-001 
     26.44000000 -0.865004562884474E+003  0.223649991513157E-001 
     26.46000000 -0.865004562884160E+003  0.223649994660871E-001 
     26.48000000 -0.865004562883794E+003  0.223649998320959E-001 
     26.50000000 -0.865004562883395E+003  0.223650002307805E-001 
     26.52000000 -0.865004562882993E+003  0.223650006327521E-001 
     26.54000000 -0.865004562882614E+003  0.223650010122952E-001 
     26.56000000 -0.865004562882268E+003  0.223650013580024E-001 
     26.58000000 -0.865004562881946E+003  0.223650016803144E-001 
     26.60000000 -0.865004562881618E+003  0.223650020082335E-001 
     26.62000000 -0.865004562881250E+003  0.223650023759824E-001 
     26.64000000 -0.865004562880815E+003  0.223650028112099E-001 
     26.66000000 -0.865004562880300E+003  0.223650033259036E-001 
     26.68000000 -0.865004562879709E+003  0.223650039165834E-001 
     26.70000000 -0.865004562879055E+003  0.223650045711648E-001 
     26.72000000 -0.865004562878351E+003  0.223650052745667E-001 
     26.74000000 -0.865004562877613E+003  0.223650060129647E-001 
     26.76000000 -0.865004562876859E+003  0.223650067663472E-001 
     26.78000000 -0.865004562876116E+003  0.223650075093856E-001 
     26.80000000 -0.865004562875416E+003  0.223650082102739E-001 
     26.82000000 -0.865004562874785E+003  0.223650088407835E-001 
     26.84000000 -0.865004562874241E+003  0.223650093852529E-001 
     26.86000000 -0.865004562873780E+003  0.223650098454224E-001 
     26.88000000 -0.865004562873392E+003  0.223650102342462E-001 
     26.90000000 -0.865004562873056E+003  0.223650105700926E-001 
     26.92000000 -0.865004562872758E+003  0.223650108682360E-001 
     26.94000000 -0.865004562872484E+003  0.223650111422109E-001 
     26.96000000 -0.865004562872221E+003  0.223650114053582E-001 
     26.98000000 -0.865004562871954E+003  0.223650116715991E-001 
     27.00000000 -0.865004562871675E+003  0.223650119506011E-001 
     27.02000000 -0.865004562871386E+003  0.223650122400438E-001 
     27.04000000 -0.865004562871104E+003  0.223650125213659E-001 
     27.06000000 -0.865004562870859E+003  0.223650127667252E-001 
     27.08000000 -0.865004562870676E+003  0.223650129502129E-001 
     27.10000000 -0.865004562870565E+003  0.223650130606149E-001 
     27.12000000 -0.865004562870517E+003  0.223650131089520E-001 
     27.14000000 -0.865004562870504E+003  0.223650131221964E-001 
     27.16000000 -0.865004562870495E+003  0.223650131308004E-001 
     27.18000000 -0.865004562870470E+003  0.223650131561291E-001 
     27.20000000 -0.865004562870423E+003  0.223650132024360E-001 
     27.22000000 -0.865004562870361E+003  0.223650132645976E-001 
     27.24000000 -0.865004562870292E+003  0.223650133342997E-001 
     27.26000000 -0.865004562870214E+003  0.223650134121225E-001 
     27.28000000 -0.865004562870118E+003  0.223650135081201E-001 
     27.30000000 -0.865004562869990E+003  0.223650136358268E-001 
     27.32000000 -0.865004562869820E+003  0.223650138059735E-001 
     27.34000000 -0.865004562869606E+003  0.223650140194302E-001 
     27.36000000 -0.865004562869355E+003  0.223650142711700E-001 
     27.38000000 -0.865004562869070E+003  0.223650145559724E-001 
     27.40000000 -0.865004562868747E+003  0.223650148784777E-001 
     27.42000000 -0.865004562868377E+003  0.223650152493202E-001 
     27.44000000 -0.865004562867943E+003  0.223650156824208E-001 
     27.46000000 -0.865004562867446E+003  0.223650161795199E-001 
     27.48000000 -0.865004562866900E+003  0.223650167261161E-001 
     27.50000000 -0.865004562866329E+003  0.223650172967843E-001 
     27.52000000 -0.865004562865756E+003  0.223650178694826E-001 
     27.54000000 -0.865004562865186E+003  0.223650184395707E-001 
     27.56000000 -0.865004562864606E+003  0.223650190199063E-001 
     27.58000000 -0.865004562864001E+003  0.223650196247005E-001 
     27.60000000 -0.865004562863376E+003  0.223650202500863E-001 
     27.62000000 -0.865004562862762E+003  0.223650208633878E-001 
     27.64000000 -0.865004562862213E+003  0.223650214126909E-001 
     27.66000000 -0.865004562861778E+003  0.223650218479184E-001 
     27.68000000 -0.865004562861477E+003  0.223650221484787E-001 
     27.70000000 -0.865004562861295E+003  0.223650223312897E-001 
     27.72000000 -0.865004562861180E+003  0.223650224460421E-001 
     27.74000000 -0.865004562861069E+003  0.223650225567341E-001 
     27.76000000 -0.865004562860905E+003  0.223650227211770E-001 
     27.78000000 -0.865004562860650E+003  0.223650229755270E-001 
     27.80000000 -0.865004562860299E+003  0.223650233264546E-001 
     27.82000000 -0.865004562859872E+003  0.223650237539481E-001 
     27.84000000 -0.865004562859409E+003  0.223650242170178E-001 
     27.86000000 -0.865004562858959E+003  0.223650246671332E-001 
     27.88000000 -0.865004562858567E+003  0.223650250590506E-001 
     27.90000000 -0.865004562858263E+003  0.223650253627045E-001 
     27.92000000 -0.865004562858057E+003  0.223650255688140E-001 
     27.94000000 -0.865004562857938E+003  0.223650256877234E-001 
     27.96000000 -0.865004562857879E+003  0.223650257464046E-001 
     27.98000000 -0.865004562857846E+003  0.223650257798539E-001 
     28.00000000 -0.865004562857804E+003  0.223650258216172E-001 
     28.02000000 -0.865004562857731E+003  0.223650258952830E-001 
     28.04000000 -0.865004562857615E+003  0.223650260110021E-001 
     28.06000000 -0.865004562857460E+003  0.223650261662609E-001 
     28.08000000 -0.865004562857275E+003  0.223650263507154E-001 
     28.10000000 -0.865004562857073E+003  0.223650265526680E-001 
     28.12000000 -0.865004562856864E+003  0.223650267622578E-001 
     28.14000000 -0.865004562856655E+003  0.223650269710742E-001 
     28.16000000 -0.865004562856456E+003  0.223650271698364E-001 
     28.18000000 -0.865004562856280E+003  0.223650273461703E-001 
     28.20000000 -0.865004562856141E+003  0.223650274852846E-001 
     28.22000000 -0.865004562856051E+003  0.223650275752883E-001 
     28.24000000 -0.865004562856010E+003  0.223650276156981E-001 
     28.26000000 -0.865004562856004E+003  0.223650276215953E-001 
     28.28000000 -0.865004562855999E+003  0.223650276269123E-001 
     28.30000000 -0.865004562855953E+003  0.223650276727359E-001 
     28.32000000 -0.865004562855829E+003  0.223650277965757E-001 
     28.34000000 -0.865004562855613E+003  0.223650280123526E-001 
     28.36000000 -0.865004562855319E+003  0.223650283066291E-001 
     28.38000000 -0.865004562854986E+003  0.223650286395752E-001 
     28.40000000 -0.865004562854664E+003  0.223650289620805E-001 
     28.42000000 -0.865004562854393E+003  0.223650292326718E-001 
     28.44000000 -0.865004562854196E+003  0.223650294295006E-001 
     28.46000000 -0.865004562854074E+003  0.223650295516969E-001 
     28.48000000 -0.865004562854012E+003  0.223650296136651E-001 
     28.50000000 -0.865004562853990E+003  0.223650296354168E-001 
     28.52000000 -0.865004562853985E+003  0.223650296405405E-001 
     28.54000000 -0.865004562853974E+003  0.223650296520447E-001 
     28.56000000 -0.865004562853932E+003  0.223650296939047E-001 
     28.58000000 -0.865004562853840E+003  0.223650297856486E-001 
     28.60000000 -0.865004562853687E+003  0.223650299391673E-001 
     28.62000000 -0.865004562853471E+003  0.223650301549442E-001 
     28.64000000 -0.865004562853205E+003  0.223650304211852E-001 
     28.66000000 -0.865004562852909E+003  0.223650307168150E-001 
     28.68000000 -0.865004562852612E+003  0.223650310134117E-001 
     28.70000000 -0.865004562852345E+003  0.223650312811994E-001 
     28.72000000 -0.865004562852135E+003  0.223650314906925E-001 
     28.74000000 -0.865004562852000E+003  0.223650316257464E-001 
     28.76000000 -0.865004562851937E+003  0.223650316889714E-001 
     28.78000000 -0.865004562851919E+003  0.223650317073395E-001 
     28.80000000 -0.865004562851903E+003  0.223650317230007E-001 
     28.82000000 -0.865004562851849E+003  0.223650317772350E-001 
     28.84000000 -0.865004562851734E+003  0.223650318917940E-001 
     28.86000000 -0.865004562851563E+003  0.223650320625207E-001 
     28.88000000 -0.865004562851359E+003  0.223650322668901E-001 
     28.90000000 -0.865004562851145E+003  0.223650324806369E-001 
     28.92000000 -0.865004562850937E+003  0.223650326887766E-001 
     28.94000000 -0.865004562850737E+003  0.223650328890857E-001 
     28.96000000 -0.865004562850543E+003  0.223650330823375E-001 
     28.98000000 -0.865004562850363E+003  0.223650332624416E-001 
     29.00000000 -0.865004562850208E+003  0.223650334175072E-001 
     29.02000000 -0.865004562850085E+003  0.223650335404768E-001 
     29.04000000 -0.865004562849984E+003  0.223650336415014E-001 
     29.06000000 -0.865004562849875E+003  0.223650337504533E-001 
     29.08000000 -0.865004562849716E+003  0.223650339095791E-001 
     29.10000000 -0.865004562849472E+003  0.223650341533916E-001 
     29.12000000 -0.865004562849133E+003  0.223650344929116E-001 
     29.14000000 -0.865004562848718E+003  0.223650349074509E-001 
     29.16000000 -0.865004562848275E+003  0.223650353504123E-001 
     29.18000000 -0.865004562847860E+003  0.223650357660150E-001 
     29.20000000 -0.865004562847515E+003  0.223650361106587E-001 
     29.22000000 -0.865004562847259E+003  0.223650363672322E-001 
     29.24000000 -0.865004562847076E+003  0.223650365495598E-001 
     29.26000000 -0.865004562846931E+003  0.223650366945712E-001 
     29.28000000 -0.865004562846780E+003  0.223650368457698E-001 
     29.30000000 -0.865004562846590E+003  0.223650370363147E-001 
     29.32000000 -0.865004562846345E+003  0.223650372804172E-001 
     29.34000000 -0.865004562846053E+003  0.223650375725669E-001 
     29.36000000 -0.865004562845731E+003  0.223650378952655E-001 
     29.38000000 -0.865004562845398E+003  0.223650382276316E-001 
     29.40000000 -0.865004562845070E+003  0.223650385554541E-001 
     29.42000000 -0.865004562844755E+003  0.223650388709022E-001 
     29.44000000 -0.865004562844453E+003  0.223650391729125E-001 
     29.46000000 -0.865004562844161E+003  0.223650394650622E-001 
     29.48000000 -0.865004562843874E+003  0.223650397520880E-001 
     29.50000000 -0.865004562843587E+003  0.223650400383405E-001 
     29.52000000 -0.865004562843302E+003  0.223650403237229E-001 
     29.54000000 -0.865004562843023E+003  0.223650406031115E-001 
     29.56000000 -0.865004562842760E+003  0.223650408662589E-001 
     29.58000000 -0.865004562842525E+003  0.223650411005973E-001 
     29.60000000 -0.865004562842327E+003  0.223650412987795E-001 
     29.62000000 -0.865004562842163E+003  0.223650414631258E-001 
     29.64000000 -0.865004562842015E+003  0.223650416110374E-001 
     29.66000000 -0.865004562841857E+003  0.223650417691965E-001 
     29.68000000 -0.865004562841661E+003  0.223650419650585E-001 
     29.70000000 -0.865004562841412E+003  0.223650422139947E-001 
     29.72000000 -0.865004562841111E+003  0.223650425144583E-001 
     29.74000000 -0.865004562840779E+003  0.223650428471145E-001 
     29.76000000 -0.865004562840444E+003  0.223650431816074E-001 
     29.78000000 -0.865004562840138E+003  0.223650434882582E-001 
     29.80000000 -0.865004562839884E+003  0.223650437421248E-001 
     29.82000000 -0.865004562839694E+003  0.223650439317997E-001 
     29.84000000 -0.865004562839569E+003  0.223650440570895E-001 
     29.86000000 -0.865004562839498E+003  0.223650441280484E-001 
     29.88000000 -0.865004562839465E+003  0.223650441608210E-001 
     29.90000000 -0.865004562839454E+003  0.223650441717452E-001 
     29.92000000 -0.865004562839454E+003  0.223650441719385E-001 
     29.94000000 -0.865004562839459E+003  0.223650441672015E-001 
     29.96000000 -0.865004562839467E+003  0.223650441585008E-001 
     29.98000000 -0.865004562839477E+003  0.223650441491234E-001 
     30.00000000 -0.865004562839479E+003  0.223650441463198E-001 
