# Real time calculation: 
# Eall: Total energy
# Eall0: Initial total energy
# 1:Time[fs] 2:Eall[eV] 3:Eall-Eall0[eV] 
      0.00000000 -0.233340915239427E+005  0.000000000000000E+000 
      0.02000000 -0.233340915239482E+005 -0.559318597997844E-008 
      0.04000000 -0.233340915239485E+005 -0.585304639055266E-008 
      0.06000000 -0.233340915239482E+005 -0.551894014838581E-008 
      0.08000000 -0.233340915239475E+005 -0.481051117193942E-008 
      0.10000000 -0.233340915239471E+005 -0.443000128502717E-008 
      0.12000000 -0.233340915239478E+005 -0.511986880357540E-008 
      0.14000000 -0.233340915239494E+005 -0.676874498019515E-008 
      0.16000000 -0.233340915239498E+005 -0.717709705395464E-008 
      0.18000000 -0.233340915239433E+005 -0.593966652741074E-009 
      0.20000000 -0.233340915239187E+005  0.239844971807372E-007 
      0.22000000 -0.233340915238581E+005  0.845907507945412E-007 
      0.24000000 -0.233340915237347E+005  0.207999697206765E-006 
      0.26000000 -0.233340915235109E+005  0.431717855676953E-006 
      0.28000000 -0.233340915231371E+005  0.805539430593234E-006 
      0.30000000 -0.233340915225493E+005  0.139340245726213E-005 
      0.32000000 -0.233340915216679E+005  0.227473141402986E-005 
      0.34000000 -0.233340915203968E+005  0.354585098665892E-005 
      0.36000000 -0.233340915186217E+005  0.532096982559668E-005 
      0.38000000 -0.233340915162098E+005  0.773290134925710E-005 
      0.40000000 -0.233340915130089E+005  0.109337752665735E-004 
      0.42000000 -0.233340915088477E+005  0.150949169275221E-004 
      0.44000000 -0.233340915035356E+005  0.204070174698198E-004 
      0.46000000 -0.233340914968630E+005  0.270796450338657E-004 
      0.48000000 -0.233340914886020E+005  0.353406693575465E-004 
      0.50000000 -0.233340914785073E+005  0.454353801069863E-004 
      0.52000000 -0.233340914663171E+005  0.576256052072967E-004 
      0.54000000 -0.233340914517545E+005  0.721882011773338E-004 
      0.56000000 -0.233340914345287E+005  0.894139982201751E-004 
      0.58000000 -0.233340914143366E+005  0.109606077101111E-003 
      0.60000000 -0.233340913908643E+005  0.133078389412606E-003 
      0.62000000 -0.233340913637889E+005  0.160153740562545E-003 
      0.64000000 -0.233340913327805E+005  0.191162190395271E-003 
      0.66000000 -0.233340912975037E+005  0.226438918623935E-003 
      0.68000000 -0.233340912576203E+005  0.266322371778274E-003 
      0.70000000 -0.233340912127901E+005  0.311152524614728E-003 
      0.72000000 -0.233340911626738E+005  0.361268856917524E-003 
      0.74000000 -0.233340911069338E+005  0.417008834552710E-003 
      0.76000000 -0.233340910452363E+005  0.478706313182771E-003 
      0.78000000 -0.233340909772523E+005  0.546690322491137E-003 
      0.80000000 -0.233340909026588E+005  0.621283862781002E-003 
      0.82000000 -0.233340908211395E+005  0.702803202733490E-003 
      0.84000000 -0.233340907323856E+005  0.791557047235635E-003 
      0.86000000 -0.233340906360968E+005  0.887845893916504E-003 
      0.88000000 -0.233340905319809E+005  0.991961729976716E-003 
      0.90000000 -0.233340904197546E+005  0.110418804146917E-002 
      0.92000000 -0.233340902991431E+005  0.122479954415792E-002 
      0.94000000 -0.233340901698799E+005  0.135406277748480E-002 
      0.96000000 -0.233340900317063E+005  0.149223637371059E-002 
      0.98000000 -0.233340898843705E+005  0.163957211901167E-002 
      1.00000000 -0.233340897276272E+005  0.179631550413664E-002 
      1.02000000 -0.233340895612353E+005  0.196270736709529E-002 
      1.04000000 -0.233340893849577E+005  0.213898495734891E-002 
      1.06000000 -0.233340891985592E+005  0.232538346094336E-002 
      1.08000000 -0.233340890018048E+005  0.252213785974850E-002 
      1.10000000 -0.233340887944585E+005  0.272948415032718E-002 
      1.12000000 -0.233340885762814E+005  0.294766122482971E-002 
      1.14000000 -0.233340883470301E+005  0.317691252605715E-002 
      1.16000000 -0.233340881064551E+005  0.341748751691008E-002 
      1.18000000 -0.233340878542995E+005  0.366964318386667E-002 
      1.20000000 -0.233340875902973E+005  0.393364538578198E-002 
      1.22000000 -0.233340873141722E+005  0.420977043779901E-002 
      1.24000000 -0.233340870256363E+005  0.449830639518287E-002 
      1.26000000 -0.233340867243884E+005  0.479955421959909E-002 
      1.28000000 -0.233340864101137E+005  0.511382891445607E-002 
      1.30000000 -0.233340860824824E+005  0.544146029829921E-002 
      1.32000000 -0.233340857411488E+005  0.578279385245078E-002 
      1.34000000 -0.233340853857515E+005  0.613819115101708E-002 
      1.36000000 -0.233340850159123E+005  0.650803031873766E-002 
      1.38000000 -0.233340846312363E+005  0.689270637437237E-002 
      1.40000000 -0.233340842313115E+005  0.729263120285913E-002 
      1.42000000 -0.233340838157093E+005  0.770823332020211E-002 
      1.44000000 -0.233340833839848E+005  0.813995787656537E-002 
      1.46000000 -0.233340829356766E+005  0.858826608086759E-002 
      1.48000000 -0.233340824703081E+005  0.905363458516046E-002 
      1.50000000 -0.233340819873880E+005  0.953655469886024E-002 
      1.52000000 -0.233340814864115E+005  0.100375311915337E-001 
      1.54000000 -0.233340809668614E+005  0.105570812565502E-001 
      1.56000000 -0.233340804282097E+005  0.110957329457319E-001 
      1.58000000 -0.233340798699186E+005  0.116540240866021E-001 
      1.60000000 -0.233340792914417E+005  0.122325009676154E-001 
      1.62000000 -0.233340786922258E+005  0.128317168625216E-001 
      1.64000000 -0.233340780717123E+005  0.134522303938640E-001 
      1.66000000 -0.233340774293388E+005  0.140946038593548E-001 
      1.68000000 -0.233340767645412E+005  0.147594014809102E-001 
      1.70000000 -0.233340760767547E+005  0.154471879290154E-001 
      1.72000000 -0.233340753654162E+005  0.161585264387359E-001 
      1.74000000 -0.233340746299656E+005  0.168939770927831E-001 
      1.76000000 -0.233340738698476E+005  0.176540950674564E-001 
      1.78000000 -0.233340730845139E+005  0.184394287795907E-001 
      1.80000000 -0.233340722734241E+005  0.192505185315705E-001 
      1.82000000 -0.233340714360484E+005  0.200878942530187E-001 
      1.84000000 -0.233340705718683E+005  0.209520743902031E-001 
      1.86000000 -0.233340696803782E+005  0.218435644613359E-001 
      1.88000000 -0.233340687610869E+005  0.227628558036756E-001 
      1.90000000 -0.233340678135180E+005  0.237104247042318E-001 
      1.92000000 -0.233340668372112E+005  0.246867314221953E-001 
      1.94000000 -0.233340658317232E+005  0.256922194959770E-001 
      1.96000000 -0.233340647966277E+005  0.267273149203162E-001 
      1.98000000 -0.233340637315169E+005  0.277924257162741E-001 
      2.00000000 -0.233340626360009E+005  0.288879417734610E-001 
      2.02000000 -0.233340615097081E+005  0.300142345375852E-001 
      2.04000000 -0.233340603522855E+005  0.311716571280089E-001 
      2.06000000 -0.233340591633980E+005  0.323605446966030E-001 
      2.08000000 -0.233340579427278E+005  0.335812148330058E-001 
      2.10000000 -0.233340566899744E+005  0.348339682173674E-001 
      2.12000000 -0.233340554048531E+005  0.361190895886390E-001 
      2.14000000 -0.233340540870941E+005  0.374368485241545E-001 
      2.16000000 -0.233340527364421E+005  0.387875005564111E-001 
      2.18000000 -0.233340513526543E+005  0.401712883548158E-001 
      2.20000000 -0.233340499354994E+005  0.415884432075084E-001 
      2.22000000 -0.233340484847565E+005  0.430391861814524E-001 
      2.24000000 -0.233340470002129E+005  0.445237297713114E-001 
      2.26000000 -0.233340454816636E+005  0.460422790471658E-001 
      2.28000000 -0.233340439289094E+005  0.475950332879213E-001 
      2.30000000 -0.233340423417555E+005  0.491821871908968E-001 
      2.32000000 -0.233340407200104E+005  0.508039322299049E-001 
      2.34000000 -0.233340390634847E+005  0.524604579298050E-001 
      2.36000000 -0.233340373719897E+005  0.541519529863782E-001 
      2.38000000 -0.233340356453361E+005  0.558786065068510E-001 
      2.40000000 -0.233340338833336E+005  0.576406090276824E-001 
      2.42000000 -0.233340320857892E+005  0.594381534550107E-001 
      2.44000000 -0.233340302525066E+005  0.612714360329432E-001 
      2.46000000 -0.233340283832858E+005  0.631406568880252E-001 
      2.48000000 -0.233340264779221E+005  0.650460205149321E-001 
      2.50000000 -0.233340245362067E+005  0.669877359806449E-001 
      2.52000000 -0.233340225579255E+005  0.689660171100650E-001 
      2.54000000 -0.233340205428603E+005  0.709810823158675E-001 
      2.56000000 -0.233340184907884E+005  0.730331542179912E-001 
      2.58000000 -0.233340164014836E+005  0.751224590372979E-001 
      2.60000000 -0.233340142747170E+005  0.772492256705928E-001 
      2.62000000 -0.233340121102578E+005  0.794136849017627E-001 
      2.64000000 -0.233340099078746E+005  0.816160681024739E-001 
      2.66000000 -0.233340076673366E+005  0.838566060133030E-001 
      2.68000000 -0.233340053884156E+005  0.861355270886738E-001 
      2.70000000 -0.233340030708865E+005  0.884530561387774E-001 
      2.72000000 -0.233340007145300E+005  0.908094126281047E-001 
      2.74000000 -0.233339983191334E+005  0.932048092957118E-001 
      2.76000000 -0.233339958844922E+005  0.956394505032502E-001 
      2.78000000 -0.233339934104122E+005  0.981135304685346E-001 
      2.80000000 -0.233339908967112E+005  0.100627231418678E+000 
      2.82000000 -0.233339883432208E+005  0.103180721873156E+000 
      2.84000000 -0.233339857497877E+005  0.105774154951624E+000 
      2.86000000 -0.233339831162759E+005  0.108407666725033E+000 
      2.88000000 -0.233339804425678E+005  0.111081374826626E+000 
      2.90000000 -0.233339777285660E+005  0.113795376608153E+000 
      2.92000000 -0.233339749741944E+005  0.116549748211810E+000 
      2.94000000 -0.233339721793997E+005  0.119344542961571E+000 
      2.96000000 -0.233339693441524E+005  0.122179790292814E+000 
      2.98000000 -0.233339664684477E+005  0.125055494920151E+000 
      3.00000000 -0.233339635523065E+005  0.127971636190866E+000 
      3.02000000 -0.233339605957754E+005  0.130928167231090E+000 
      3.04000000 -0.233339575989280E+005  0.133925014698315E+000 
      3.06000000 -0.233339545618643E+005  0.136962078366858E+000 
      3.08000000 -0.233339514847113E+005  0.140039231307280E+000 
      3.10000000 -0.233339483676224E+005  0.143156320248345E+000 
      3.12000000 -0.233339452107767E+005  0.146313165994642E+000 
      3.14000000 -0.233339420143784E+005  0.149509564286610E+000 
      3.16000000 -0.233339387786561E+005  0.152745286564643E+000 
      3.18000000 -0.233339355038613E+005  0.156020081320985E+000 
      3.20000000 -0.233339321902675E+005  0.159333675194861E+000 
      3.22000000 -0.233339288381682E+005  0.162685774482133E+000 
      3.24000000 -0.233339254478760E+005  0.166076066703752E+000 
      3.26000000 -0.233339220197205E+005  0.169504222115419E+000 
      3.28000000 -0.233339185540469E+005  0.172969895733876E+000 
      3.30000000 -0.233339150512135E+005  0.176472729183776E+000 
      3.32000000 -0.233339115115899E+005  0.180012352754907E+000 
      3.34000000 -0.233339079355555E+005  0.183588387156250E+000 
      3.36000000 -0.233339043234966E+005  0.187200446052714E+000 
      3.38000000 -0.233339006758046E+005  0.190848138088335E+000 
      3.40000000 -0.233338969928735E+005  0.194531069153863E+000 
      3.42000000 -0.233338932750981E+005  0.198248844561552E+000 
      3.44000000 -0.233338895228715E+005  0.202001071173536E+000 
      3.46000000 -0.233338857365835E+005  0.205787359112579E+000 
      3.48000000 -0.233338819166191E+005  0.209607323534694E+000 
      3.50000000 -0.233338780633567E+005  0.213460585974848E+000 
      3.52000000 -0.233338741771668E+005  0.217346775844252E+000 
      3.54000000 -0.233338702584113E+005  0.221265531349158E+000 
      3.56000000 -0.233338663074422E+005  0.225216500468422E+000 
      3.58000000 -0.233338623246012E+005  0.229199341442294E+000 
      3.60000000 -0.233338583102191E+005  0.233213723530343E+000 
      3.62000000 -0.233338542646157E+005  0.237259326977428E+000 
      3.64000000 -0.233338501880996E+005  0.241335843072474E+000 
      3.66000000 -0.233338460809688E+005  0.245442973811275E+000 
      3.68000000 -0.233338419435116E+005  0.249580431008636E+000 
      3.70000000 -0.233338377760071E+005  0.253747935596130E+000 
      3.72000000 -0.233338335787266E+005  0.257945216044377E+000 
      3.74000000 -0.233338293519358E+005  0.262172006837910E+000 
      3.76000000 -0.233338250958960E+005  0.266428046665429E+000 
      3.78000000 -0.233338208108664E+005  0.270713076260492E+000 
      3.80000000 -0.233338164971063E+005  0.275026836378309E+000 
      3.82000000 -0.233338121548774E+005  0.279369065268294E+000 
      3.84000000 -0.233338077844463E+005  0.283739496344603E+000 
      3.86000000 -0.233338033860869E+005  0.288137855766953E+000 
      3.88000000 -0.233337989600828E+005  0.292563859903894E+000 
      3.90000000 -0.233337945067295E+005  0.297017213151833E+000 
      3.92000000 -0.233337900263369E+005  0.301497605732413E+000 
      3.94000000 -0.233337855192313E+005  0.306004711338298E+000 
      3.96000000 -0.233337809857576E+005  0.310538185103787E+000 
      3.98000000 -0.233337764262814E+005  0.315097661238229E+000 
      4.00000000 -0.233337718411917E+005  0.319682750984262E+000 
      4.02000000 -0.233337672309022E+005  0.324293040461593E+000 
      4.04000000 -0.233337625958537E+005  0.328928088993369E+000 
      4.06000000 -0.233337579365152E+005  0.333587427503706E+000 
      4.08000000 -0.233337532533859E+005  0.338270556788381E+000 
      4.10000000 -0.233337485469958E+005  0.342976946902303E+000 
      4.12000000 -0.233337438179065E+005  0.347706036116979E+000 
      4.14000000 -0.233337390667119E+005  0.352457230765832E+000 
      4.16000000 -0.233337342940374E+005  0.357229905278235E+000 
      4.18000000 -0.233337295005400E+005  0.362023402659010E+000 
      4.20000000 -0.233337246869073E+005  0.366837035367009E+000 
      4.22000000 -0.233337198538564E+005  0.371670086261743E+000 
      4.24000000 -0.233337150021327E+005  0.376521810001685E+000 
      4.26000000 -0.233337101325085E+005  0.381391434201260E+000 
      4.28000000 -0.233337052457816E+005  0.386278161033324E+000 
      4.30000000 -0.233337003427736E+005  0.391181169029623E+000 
      4.32000000 -0.233336954243279E+005  0.396099614726572E+000 
      4.34000000 -0.233336904913080E+005  0.401032634666807E+000 
      4.36000000 -0.233336855445951E+005  0.405979347573960E+000 
      4.38000000 -0.233336805850860E+005  0.410938856641913E+000 
      4.40000000 -0.233336756136908E+005  0.415910251836415E+000 
      4.42000000 -0.233336706313305E+005  0.420892612190514E+000 
      4.44000000 -0.233336656389342E+005  0.425885008434104E+000 
      4.46000000 -0.233336606374375E+005  0.430886505171792E+000 
      4.48000000 -0.233336556277796E+005  0.435896163079348E+000 
      4.50000000 -0.233336506109016E+005  0.440913041084668E+000 
      4.52000000 -0.233336455877444E+005  0.445936198270330E+000 
      4.54000000 -0.233336405592472E+005  0.450964695411095E+000 
      4.56000000 -0.233336355263458E+005  0.455997596860994E+000 
      4.58000000 -0.233336304899708E+005  0.461033971812410E+000 
      4.60000000 -0.233336254510470E+005  0.466072895682002E+000 
      4.62000000 -0.233336204104909E+005  0.471113451722460E+000 
      4.64000000 -0.233336153692107E+005  0.476154731919635E+000 
      4.66000000 -0.233336103281040E+005  0.481195838663080E+000 
      4.68000000 -0.233336052880568E+005  0.486235885893760E+000 
      4.70000000 -0.233336002499418E+005  0.491274000892140E+000 
      4.72000000 -0.233335952146169E+005  0.496309325707421E+000 
      4.74000000 -0.233335901829240E+005  0.501341018682667E+000 
      4.76000000 -0.233335851556867E+005  0.506368255986132E+000 
      4.78000000 -0.233335801337092E+005  0.511390233430278E+000 
      4.80000000 -0.233335751177753E+005  0.516406167399850E+000 
      4.82000000 -0.233335701086464E+005  0.521415296250172E+000 
      4.84000000 -0.233335651070621E+005  0.526416880597941E+000 
      4.86000000 -0.233335601137388E+005  0.531410203871890E+000 
      4.88000000 -0.233335551293707E+005  0.536394571963207E+000 
      4.90000000 -0.233335501546302E+005  0.541369312501639E+000 
      4.92000000 -0.233335451901694E+005  0.546333773231371E+000 
      4.94000000 -0.233335402366221E+005  0.551287320532288E+000 
      4.96000000 -0.233335352946063E+005  0.556229336397555E+000 
      4.98000000 -0.233335303647273E+005  0.561159215383351E+000 
      5.00000000 -0.233335254475819E+005  0.566076360744993E+000 
      5.02000000 -0.233335205437627E+005  0.570980179948154E+000 
      5.04000000 -0.233335156538624E+005  0.575870080241956E+000 
      5.06000000 -0.233335107784788E+005  0.580745463879396E+000 
      5.08000000 -0.233335059182192E+005  0.585605723418204E+000 
      5.10000000 -0.233335010737053E+005  0.590450237361990E+000 
      5.12000000 -0.233334962455767E+005  0.595278365980827E+000 
      5.14000000 -0.233334914344943E+005  0.600089448319762E+000 
      5.16000000 -0.233334866411434E+005  0.604882799306318E+000 
      5.18000000 -0.233334818662344E+005  0.609657708262491E+000 
      5.20000000 -0.233334771105049E+005  0.614413437719901E+000 
      5.22000000 -0.233334723747191E+005  0.619149223568293E+000 
      5.24000000 -0.233334676596672E+005  0.623864275491725E+000 
      5.26000000 -0.233334629661642E+005  0.628557778428739E+000 
      5.28000000 -0.233334582950479E+005  0.633228894762611E+000 
      5.30000000 -0.233334536471760E+005  0.637876766650816E+000 
      5.32000000 -0.233334490234234E+005  0.642500519239252E+000 
      5.34000000 -0.233334444246788E+005  0.647099263870280E+000 
      5.36000000 -0.233334398518412E+005  0.651672101417599E+000 
      5.38000000 -0.233334353058166E+005  0.656218126072783E+000 
      5.40000000 -0.233334307875139E+005  0.660736428711092E+000 
      5.42000000 -0.233334262978431E+005  0.665226099595257E+000 
      5.44000000 -0.233334218377110E+005  0.669686231670142E+000 
      5.46000000 -0.233334174080200E+005  0.674115922657090E+000 
      5.48000000 -0.233334130096659E+005  0.678514276724460E+000 
      5.50000000 -0.233334086435364E+005  0.682880406241679E+000 
      5.52000000 -0.233334043105104E+005  0.687213432302060E+000 
      5.54000000 -0.233334000114571E+005  0.691512485558070E+000 
      5.56000000 -0.233333957472363E+005  0.695776706394561E+000 
      5.58000000 -0.233333915186976E+005  0.700005245098929E+000 
      5.60000000 -0.233333873266808E+005  0.704197261833261E+000 
      5.62000000 -0.233333831720161E+005  0.708351926538441E+000 
      5.64000000 -0.233333790555238E+005  0.712468418825872E+000 
      5.66000000 -0.233333749780153E+005  0.716545927346388E+000 
      5.68000000 -0.233333709402924E+005  0.720583650235726E+000 
      5.70000000 -0.233333669431481E+005  0.724580794585528E+000 
      5.72000000 -0.233333629873658E+005  0.728536576857878E+000 
      5.74000000 -0.233333590737198E+005  0.732450222860554E+000 
      5.76000000 -0.233333552029744E+005  0.736320968276031E+000 
      5.78000000 -0.233333513758834E+005  0.740148059215227E+000 
      5.80000000 -0.233333475931890E+005  0.743930753637459E+000 
      5.82000000 -0.233333438556205E+005  0.747668322188801E+000 
      5.84000000 -0.233333401638929E+005  0.751360049782901E+000 
      5.86000000 -0.233333365187052E+005  0.755005237478780E+000 
      5.88000000 -0.233333329207384E+005  0.758603204302952E+000 
      5.90000000 -0.233333293706535E+005  0.762153289142689E+000 
      5.92000000 -0.233333258690898E+005  0.765654852855845E+000 
      5.94000000 -0.233333224166626E+005  0.769107280065125E+000 
      5.96000000 -0.233333190139616E+005  0.772509981103947E+000 
      5.98000000 -0.233333156615496E+005  0.775862393052790E+000 
      6.00000000 -0.233333123599616E+005  0.779163981094182E+000 
      6.02000000 -0.233333091097038E+005  0.782414238883923E+000 
      6.04000000 -0.233333059112539E+005  0.785612688807862E+000 
      6.06000000 -0.233333027650611E+005  0.788758881589003E+000 
      6.08000000 -0.233332996715473E+005  0.791852395384185E+000 
      6.10000000 -0.233332966311088E+005  0.794892833810382E+000 
      6.12000000 -0.233332936441185E+005  0.797879824110210E+000 
      6.14000000 -0.233332907109282E+005  0.800813014445046E+000 
      6.16000000 -0.233332878318722E+005  0.803692070445694E+000 
      6.18000000 -0.233332850072709E+005  0.806516671729017E+000 
      6.20000000 -0.233332822374351E+005  0.809286507539087E+000 
      6.22000000 -0.233332795226698E+005  0.812001272901870E+000 
      6.24000000 -0.233332768632786E+005  0.814660664012703E+000 
      6.26000000 -0.233332742595682E+005  0.817264374440478E+000 
      6.28000000 -0.233332717118518E+005  0.819812090880160E+000 
      6.30000000 -0.233332692204529E+005  0.822303489790070E+000 
      6.32000000 -0.233332667857081E+005  0.824738234514859E+000 
      6.34000000 -0.233332644079698E+005  0.827115972813741E+000 
      6.36000000 -0.233332620876073E+005  0.829436335338451E+000 
      6.38000000 -0.233332598250079E+005  0.831698934782516E+000 
      6.40000000 -0.233332576205769E+005  0.833903365745134E+000 
      6.42000000 -0.233332554747371E+005  0.836049205532411E+000 
      6.44000000 -0.233332533879266E+005  0.838136016038257E+000 
      6.46000000 -0.233332513605968E+005  0.840163345826360E+000 
      6.48000000 -0.233332493932090E+005  0.842130733703270E+000 
      6.50000000 -0.233332474862303E+005  0.844037712375003E+000 
      6.52000000 -0.233332456401295E+005  0.845883813130718E+000 
      6.54000000 -0.233332438553719E+005  0.847668570712005E+000 
      6.56000000 -0.233332421324140E+005  0.849391528686426E+000 
      6.58000000 -0.233332404716975E+005  0.851052245204665E+000 
      6.60000000 -0.233332388736441E+005  0.852650298599894E+000 
      6.62000000 -0.233332373386499E+005  0.854185292786071E+000 
      6.64000000 -0.233332358670801E+005  0.855656862575791E+000 
      6.66000000 -0.233332344592642E+005  0.857064678472241E+000 
      6.68000000 -0.233332331154916E+005  0.858408451068263E+000 
      6.70000000 -0.233332318360080E+005  0.859687934637997E+000 
      6.72000000 -0.233332306210130E+005  0.860902929692174E+000 
      6.74000000 -0.233332294706574E+005  0.862053285211679E+000 
      6.76000000 -0.233332283850432E+005  0.863138899451881E+000 
      6.78000000 -0.233332273642225E+005  0.864159720174649E+000 
      6.80000000 -0.233332264081984E+005  0.865115744227630E+000 
      6.82000000 -0.233332255169270E+005  0.866007015681912E+000 
      6.84000000 -0.233332246903188E+005  0.866833623824294E+000 
      6.86000000 -0.233332239282427E+005  0.867595699921406E+000 
      6.88000000 -0.233332232305287E+005  0.868293413921958E+000 
      6.90000000 -0.233332225969722E+005  0.868926970416526E+000 
      6.92000000 -0.233332220273383E+005  0.869496604328200E+000 
      6.94000000 -0.233332215213662E+005  0.870002576426904E+000 
      6.96000000 -0.233332210787735E+005  0.870445169128312E+000 
      6.98000000 -0.233332206992606E+005  0.870824682085508E+000 
      7.00000000 -0.233332203825146E+005  0.871141428034308E+000 
      7.02000000 -0.233332201282135E+005  0.871395729136656E+000 
      7.04000000 -0.233332199360288E+005  0.871587913871580E+000 
      7.06000000 -0.233332198056289E+005  0.871718313768372E+000 
      7.08000000 -0.233332197366817E+005  0.871787260978134E+000 
      7.10000000 -0.233332197288559E+005  0.871795086751738E+000 
      7.12000000 -0.233332197818229E+005  0.871742119710515E+000 
      7.14000000 -0.233332198952577E+005  0.871628684992429E+000 
      7.16000000 -0.233332200688389E+005  0.871455103794228E+000 
      7.18000000 -0.233332203022494E+005  0.871221693291012E+000 
      7.20000000 -0.233332205951760E+005  0.870928766626950E+000 
      7.22000000 -0.233332209473092E+005  0.870576633462843E+000 
      7.24000000 -0.233332213583422E+005  0.870165600495848E+000 
      7.26000000 -0.233332218279707E+005  0.869695971938978E+000 
      7.28000000 -0.233332223558923E+005  0.869168050362560E+000 
      7.30000000 -0.233332229418056E+005  0.868582137028335E+000 
      7.32000000 -0.233332235854097E+005  0.867938532981496E+000 
      7.34000000 -0.233332242864039E+005  0.867237538797010E+000 
      7.36000000 -0.233332250444868E+005  0.866479455872739E+000 
      7.38000000 -0.233332258593560E+005  0.865664586645983E+000 
      7.40000000 -0.233332267307074E+005  0.864793235243136E+000 
      7.42000000 -0.233332276582346E+005  0.863865708073651E+000 
      7.44000000 -0.233332286416281E+005  0.862882314547752E+000 
      7.46000000 -0.233332296805744E+005  0.861843368224147E+000 
      7.48000000 -0.233332307747548E+005  0.860749187852564E+000 
      7.50000000 -0.233332319238435E+005  0.859600099149467E+000 
      7.52000000 -0.233332331275061E+005  0.858396436567578E+000 
      7.54000000 -0.233332343853968E+005  0.857138545807865E+000 
      7.56000000 -0.233332356971562E+005  0.855826786424327E+000 
      7.58000000 -0.233332370624076E+005  0.854461535044414E+000 
      7.60000000 -0.233332384807538E+005  0.853043188867856E+000 
      7.62000000 -0.233332399517731E+005  0.851572169552199E+000 
      7.64000000 -0.233332414750157E+005  0.850048926980780E+000 
      7.66000000 -0.233332430499992E+005  0.848473943442145E+000 
      7.68000000 -0.233332446762049E+005  0.846847737722855E+000 
      7.70000000 -0.233332463530741E+005  0.845170868581572E+000 
      7.72000000 -0.233332480800044E+005  0.843443938260265E+000 
      7.74000000 -0.233332498563471E+005  0.841667595522103E+000 
      7.76000000 -0.233332516814052E+005  0.839842537408610E+000 
      7.78000000 -0.233332535544317E+005  0.837969510913283E+000 
      7.80000000 -0.233332554746294E+005  0.836049313207429E+000 
      7.82000000 -0.233332574411513E+005  0.834082791336992E+000 
      7.84000000 -0.233332594531021E+005  0.832070840514901E+000 
      7.86000000 -0.233332615095411E+005  0.830014401584331E+000 
      7.88000000 -0.233332636094854E+005  0.827914457256924E+000 
      7.90000000 -0.233332657519152E+005  0.825772027463136E+000 
      7.92000000 -0.233332679357790E+005  0.823588163700276E+000 
      7.94000000 -0.233332701600001E+005  0.821363942573119E+000 
      7.96000000 -0.233332724234840E+005  0.819100458629181E+000 
      7.98000000 -0.233332747251259E+005  0.816798816733057E+000 
      8.00000000 -0.233332770638182E+005  0.814460124490251E+000 
      8.02000000 -0.233332794384583E+005  0.812085484327617E+000 
      8.04000000 -0.233332818479564E+005  0.809675986276052E+000 
      8.06000000 -0.233332842912415E+005  0.807232701164624E+000 
      8.08000000 -0.233332867672681E+005  0.804756674585004E+000 
      8.10000000 -0.233332892750210E+005  0.802248921644763E+000 
      8.12000000 -0.233332918135198E+005  0.799710422880758E+000 
      8.14000000 -0.233332943818210E+005  0.797142121654336E+000 
      8.16000000 -0.233332969790203E+005  0.794544922310663E+000 
      8.18000000 -0.233332996042527E+005  0.791919689996199E+000 
      8.20000000 -0.233333022566908E+005  0.789267251824973E+000 
      8.22000000 -0.233333049355432E+005  0.786588399415325E+000 
      8.24000000 -0.233333076400504E+005  0.783883892305203E+000 
      8.26000000 -0.233333103694797E+005  0.781154462939019E+000 
      8.28000000 -0.233333131231206E+005  0.778400822081398E+000 
      8.30000000 -0.233333159002773E+005  0.775623665400315E+000 
      8.32000000 -0.233333187002626E+005  0.772823680056409E+000 
      8.34000000 -0.233333215223911E+005  0.770001551542882E+000 
      8.36000000 -0.233333243659718E+005  0.767157970822377E+000 
      8.38000000 -0.233333272303022E+005  0.764293640439890E+000 
      8.40000000 -0.233333301146612E+005  0.761409281427626E+000 
      8.42000000 -0.233333330183031E+005  0.758505639591152E+000 
      8.44000000 -0.233333359404516E+005  0.755583491015957E+000 
      8.46000000 -0.233333388802944E+005  0.752643648273172E+000 
      8.48000000 -0.233333418369716E+005  0.749686971067655E+000 
      8.50000000 -0.233333448095532E+005  0.746714389439814E+000 
      8.52000000 -0.233333477969895E+005  0.743726953126715E+000 
      8.54000000 -0.233333507980157E+005  0.740725926912285E+000 
      8.56000000 -0.233333538109862E+005  0.737712956461570E+000 
      8.58000000 -0.233333568336085E+005  0.734690334176490E+000 
      8.60000000 -0.233333598625492E+005  0.731661393484522E+000 
      8.62000000 -0.233333628928872E+005  0.728631055504565E+000 
      8.64000000 -0.233333659174012E+005  0.725606541423322E+000 
      8.66000000 -0.233333689256962E+005  0.722598246418236E+000 
      8.68000000 -0.233333719031948E+005  0.719620747854011E+000 
      8.70000000 -0.233333748300514E+005  0.716693891257828E+000 
      8.72000000 -0.233333776800759E+005  0.713843866803471E+000 
      8.74000000 -0.233333804197862E+005  0.711104156483963E+000 
      8.76000000 -0.233333830077383E+005  0.708516204359620E+000 
      8.78000000 -0.233333853943010E+005  0.706129641689981E+000 
      8.80000000 -0.233333875220521E+005  0.704001890541491E+000 
      8.82000000 -0.233333893269650E+005  0.702196977636103E+000 
      8.84000000 -0.233333907405259E+005  0.700783416773539E+000 
      8.86000000 -0.233333916928745E+005  0.699831068139801E+000 
      8.88000000 -0.233333921169898E+005  0.699406952812887E+000 
      8.90000000 -0.233333919538480E+005  0.699570094641907E+000 
      8.92000000 -0.233333911583733E+005  0.700365569397283E+000 
      8.94000000 -0.233333897058790E+005  0.701818063706651E+000 
      8.96000000 -0.233333875985705E+005  0.703925372174923E+000 
      8.98000000 -0.233333848715628E+005  0.706652379830789E+000 
      9.00000000 -0.233333815977570E+005  0.709926185607906E+000 
      9.02000000 -0.233333778908451E+005  0.713633097507821E+000 
      9.04000000 -0.233333739056697E+005  0.717618272916037E+000 
      9.06000000 -0.233333698351737E+005  0.721688768936320E+000 
      9.08000000 -0.233333659032406E+005  0.725620702064734E+000 
      9.10000000 -0.233333623528525E+005  0.729171090192506E+000 
      9.12000000 -0.233333594291867E+005  0.732094755947240E+000 
      9.14000000 -0.233333573575273E+005  0.734166415387748E+000 
      9.16000000 -0.233333563161811E+005  0.735207761574836E+000 
      9.18000000 -0.233333564049476E+005  0.735118995065233E+000 
      9.20000000 -0.233333576100797E+005  0.733913862994378E+000 
      9.22000000 -0.233333597670711E+005  0.731756871514131E+000 
      9.24000000 -0.233333625229908E+005  0.729000951860137E+000 
      9.26000000 -0.233333653004271E+005  0.726223515559971E+000 
      9.28000000 -0.233333672653854E+005  0.724258557282000E+000 
      9.30000000 -0.233333673016630E+005  0.724222279627154E+000 
      9.32000000 -0.233333639942949E+005  0.727529647805529E+000 
      9.34000000 -0.233333556245895E+005  0.735899353162027E+000 
      9.36000000 -0.233333401790538E+005  0.751344888883084E+000 
      9.38000000 -0.233333153741161E+005  0.776149826601880E+000 
      9.40000000 -0.233332786980161E+005  0.812825926547484E+000 
      9.42000000 -0.233332274705311E+005  0.864053411521982E+000 
      9.44000000 -0.233331589203807E+005  0.932603561927309E+000 
      9.46000000 -0.233330702792220E+005  0.102124472067857E+001 
      9.48000000 -0.233329588901491E+005  0.113263379351357E+001 
      9.50000000 -0.233328223275948E+005  0.126919634783403E+001 
      9.52000000 -0.233326585245441E+005  0.143299939853038E+001 
      9.54000000 -0.233324659020742E+005  0.162562186850134E+001 
      9.56000000 -0.233322434954778E+005  0.184802846482514E+001 
      9.58000000 -0.233319910706766E+005  0.210045326602877E+001 
      9.60000000 -0.233317092243232E+005  0.238229961948969E+001 
      9.62000000 -0.233313994609865E+005  0.269206295619632E+001 
      9.64000000 -0.233310642411298E+005  0.302728281288435E+001 
      9.66000000 -0.233307069942548E+005  0.338452968784554E+001 
      9.68000000 -0.233303320925946E+005  0.375943134805415E+001 
      9.70000000 -0.233299447820778E+005  0.414674186484372E+001 
      9.72000000 -0.233295510689223E+005  0.454045502035294E+001 
      9.74000000 -0.233291575620853E+005  0.493396185740303E+001 
      9.76000000 -0.233287712738399E+005  0.532025010270938E+001 
      9.78000000 -0.233283993828601E+005  0.569214108255211E+001 
      9.80000000 -0.233280489662870E+005  0.604255765566680E+001 
      9.82000000 -0.233277267092131E+005  0.636481472957946E+001 
      9.84000000 -0.233274386017354E+005  0.665292220727463E+001 
      9.86000000 -0.233271896351119E+005  0.690188883077155E+001 
      9.88000000 -0.233269835095007E+005  0.710801444199807E+001 
      9.90000000 -0.233268223662019E+005  0.726915774076431E+001 
      9.92000000 -0.233267065572115E+005  0.738496673118672E+001 
      9.94000000 -0.233266344642073E+005  0.745705973537348E+001 
      9.96000000 -0.233266023778316E+005  0.748914611100903E+001 
      9.98000000 -0.233266044463433E+005  0.748707759939070E+001 
     10.00000000 -0.233266327004538E+005  0.745882348887707E+001 
     10.02000000 -0.233266771585212E+005  0.741436542150359E+001 
     10.04000000 -0.233267260133476E+005  0.736551059507976E+001 
     10.06000000 -0.233267658987382E+005  0.732562520446808E+001 
     10.08000000 -0.233267822308368E+005  0.730929310589223E+001 
     10.10000000 -0.233267596161831E+005  0.733190775951721E+001 
     10.12000000 -0.233266823155470E+005  0.740920839564661E+001 
     10.14000000 -0.233265347499836E+005  0.755677395905088E+001 
     10.16000000 -0.233263020333238E+005  0.778949061882841E+001 
     10.18000000 -0.233259705135320E+005  0.812101041068157E+001 
     10.20000000 -0.233255283041092E+005  0.856321983349235E+001 
     10.22000000 -0.233249657860501E+005  0.912573789253408E+001 
     10.24000000 -0.233242760608279E+005  0.981546311473880E+001 
     10.26000000 -0.233234553355253E+005  0.106361884173197E+002 
     10.28000000 -0.233225032225876E+005  0.115883013550816E+002 
     10.30000000 -0.233214229387481E+005  0.126685851945230E+002 
     10.32000000 -0.233202213904853E+005  0.138701334573981E+002 
     10.34000000 -0.233189091368573E+005  0.151823870853702E+002 
     10.36000000 -0.233175002246853E+005  0.165912992573999E+002 
     10.38000000 -0.233160118956987E+005  0.180796282439634E+002 
     10.40000000 -0.233144641702873E+005  0.196273536553620E+002 
     10.42000000 -0.233128793177162E+005  0.212122062264239E+002 
     10.44000000 -0.233112812278509E+005  0.228102960917379E+002 
     10.46000000 -0.233096947043167E+005  0.243968196259357E+002 
     10.48000000 -0.233081447033319E+005  0.259468206107611E+002 
     10.50000000 -0.233066555459107E+005  0.274359780319577E+002 
     10.52000000 -0.233052501334753E+005  0.288413904673807E+002 
     10.54000000 -0.233039491979278E+005  0.301423260148576E+002 
     10.56000000 -0.233027706167750E+005  0.313209071676988E+002 
     10.58000000 -0.233017288218837E+005  0.323627020589876E+002 
     10.60000000 -0.233008343269251E+005  0.332571970175079E+002 
     10.62000000 -0.233000933936732E+005  0.339981302694764E+002 
     10.64000000 -0.232995078512901E+005  0.345836726525754E+002 
     10.66000000 -0.232990750759020E+005  0.350164480406247E+002 
     10.68000000 -0.232987881305258E+005  0.353033934168994E+002 
     10.70000000 -0.232986360581944E+005  0.354554657482736E+002 
     10.72000000 -0.232986043143766E+005  0.354872095660567E+002 
     10.74000000 -0.232986753188900E+005  0.354162050526380E+002 
     10.76000000 -0.232988291028057E+005  0.352624211369775E+002 
     10.78000000 -0.232990440225633E+005  0.350475013793294E+002 
     10.80000000 -0.232992975117806E+005  0.347940121620481E+002 
     10.82000000 -0.232995668410539E+005  0.345246828887167E+002 
     10.84000000 -0.232998298572987E+005  0.342616666439616E+002 
     10.86000000 -0.233000656766628E+005  0.340258472798934E+002 
     10.88000000 -0.233002553085024E+005  0.338362154403035E+002 
     10.90000000 -0.233003821920303E+005  0.337093319123941E+002 
     10.92000000 -0.233004326317299E+005  0.336588922127693E+002 
     10.94000000 -0.233003961221912E+005  0.336954017514756E+002 
     10.96000000 -0.233002655574413E+005  0.338259665013270E+002 
     10.98000000 -0.233000373239338E+005  0.340542000088620E+002 
     11.00000000 -0.232997112800228E+005  0.343802439198514E+002 
     11.02000000 -0.232992906279341E+005  0.348008960085096E+002 
     11.04000000 -0.232987816869451E+005  0.353098369975950E+002 
     11.06000000 -0.232981935787417E+005  0.358979452009093E+002 
     11.08000000 -0.232975378377696E+005  0.365536861730843E+002 
     11.10000000 -0.232968279608859E+005  0.372635630568027E+002 
     11.12000000 -0.232960789117807E+005  0.380126121619157E+002 
     11.14000000 -0.232953065964783E+005  0.387849274643889E+002 
     11.16000000 -0.232945273267344E+005  0.395641972082711E+002 
     11.18000000 -0.232937572882875E+005  0.403342356552003E+002 
     11.20000000 -0.232930120306361E+005  0.410794933065937E+002 
     11.22000000 -0.232923059942746E+005  0.417855296680947E+002 
     11.24000000 -0.232916520900583E+005  0.424394338843108E+002 
     11.26000000 -0.232910613435936E+005  0.430301803490467E+002 
     11.28000000 -0.232905426152542E+005  0.435489086884999E+002 
     11.30000000 -0.232901024036739E+005  0.439891202687125E+002 
     11.32000000 -0.232897447374356E+005  0.443467865070632E+002 
     11.34000000 -0.232894711562951E+005  0.446203676475352E+002 
     11.36000000 -0.232892807798070E+005  0.448107441356682E+002 
     11.38000000 -0.232891704578052E+005  0.449210661374626E+002 
     11.40000000 -0.232891349940338E+005  0.449565299088405E+002 
     11.42000000 -0.232891674314700E+005  0.449240924726147E+002 
     11.44000000 -0.232892593856924E+005  0.448321382502935E+002 
     11.46000000 -0.232894014111211E+005  0.446901128215250E+002 
     11.48000000 -0.232895833841785E+005  0.445081397641410E+002 
     11.50000000 -0.232897948873995E+005  0.442966365431837E+002 
     11.52000000 -0.232900255792566E+005  0.440659446860734E+002 
     11.54000000 -0.232902655358701E+005  0.438259880725662E+002 
     11.56000000 -0.232905055527634E+005  0.435859711792272E+002 
     11.58000000 -0.232907373972558E+005  0.433541266868483E+002 
     11.60000000 -0.232909540048146E+005  0.431375191280315E+002 
     11.62000000 -0.232911496155581E+005  0.429419083845700E+002 
     11.64000000 -0.232913198499538E+005  0.427716739888200E+002 
     11.66000000 -0.232914617254589E+005  0.426297984837373E+002 
     11.68000000 -0.232915736182668E+005  0.425179056758459E+002 
     11.70000000 -0.232916551763726E+005  0.424363475700690E+002 
     11.72000000 -0.232917071917700E+005  0.423843321726142E+002 
     11.74000000 -0.232917314407066E+005  0.423600832360103E+002 
     11.76000000 -0.232917305015414E+005  0.423610224012572E+002 
     11.78000000 -0.232917075598822E+005  0.423839640604386E+002 
     11.80000000 -0.232916662103635E+005  0.424253135792020E+002 
     11.82000000 -0.232916102637136E+005  0.424812602290282E+002 
     11.84000000 -0.232915435667264E+005  0.425479572162379E+002 
     11.86000000 -0.232914698414610E+005  0.426216824816155E+002 
     11.88000000 -0.232913925485426E+005  0.426989754000639E+002 
     11.90000000 -0.232913147778884E+005  0.427767460542716E+002 
     11.92000000 -0.232912391686350E+005  0.428523553076660E+002 
     11.94000000 -0.232911678585483E+005  0.429236653943413E+002 
     11.96000000 -0.232911024618359E+005  0.429890621067572E+002 
     11.98000000 -0.232910440730910E+005  0.430474508516424E+002 
     12.00000000 -0.232909932941309E+005  0.430982298117354E+002 
     12.02000000 -0.232909502797643E+005  0.431412441783428E+002 
     12.04000000 -0.232909147980574E+005  0.431767258852676E+002 
     12.06000000 -0.232908863004581E+005  0.432052234845250E+002 
     12.08000000 -0.232908639971756E+005  0.432275267670952E+002 
     12.10000000 -0.232908469334700E+005  0.432445904726431E+002 
     12.12000000 -0.232908340629613E+005  0.432574609813069E+002 
     12.14000000 -0.232908243146632E+005  0.432672092794191E+002 
     12.16000000 -0.232908166511601E+005  0.432748727825708E+002 
     12.18000000 -0.232908101161136E+005  0.432814078290513E+002 
     12.20000000 -0.232908038700692E+005  0.432876538734838E+002 
     12.22000000 -0.232907972142871E+005  0.432943096555504E+002 
     12.24000000 -0.232907896030101E+005  0.433019209326003E+002 
     12.26000000 -0.232907806451657E+005  0.433108787769397E+002 
     12.28000000 -0.232907700969653E+005  0.433214269774049E+002 
     12.30000000 -0.232907578471854E+005  0.433336767572305E+002 
     12.32000000 -0.232907438971038E+005  0.433476268388718E+002 
     12.34000000 -0.232907283371021E+005  0.433631868405546E+002 
     12.36000000 -0.232907113218711E+005  0.433802020715776E+002 
     12.38000000 -0.232906930459617E+005  0.433984779809510E+002 
     12.40000000 -0.232906737211550E+005  0.434178027876127E+002 
     12.42000000 -0.232906535567921E+005  0.434379671505185E+002 
     12.44000000 -0.232906327438459E+005  0.434587800967802E+002 
     12.46000000 -0.232906114431520E+005  0.434800807906320E+002 
     12.48000000 -0.232905897778721E+005  0.435017460705794E+002 
     12.50000000 -0.232905678299582E+005  0.435236939844573E+002 
     12.52000000 -0.232905456401433E+005  0.435458837993411E+002 
     12.54000000 -0.232905232108004E+005  0.435683131422753E+002 
     12.56000000 -0.232905005109077E+005  0.435910130349905E+002 
     12.58000000 -0.232904774823209E+005  0.436140416217979E+002 
     12.60000000 -0.232904540465850E+005  0.436374773576460E+002 
     12.62000000 -0.232904301116052E+005  0.436614123374819E+002 
     12.64000000 -0.232904055776278E+005  0.436859463148960E+002 
     12.66000000 -0.232903803421436E+005  0.437111817990260E+002 
     12.68000000 -0.232903543034982E+005  0.437372204444708E+002 
     12.70000000 -0.232903273631473E+005  0.437641607953316E+002 
     12.72000000 -0.232902994268287E+005  0.437920971139490E+002 
     12.74000000 -0.232902704056688E+005  0.438211182738580E+002 
     12.76000000 -0.232902402174139E+005  0.438513065287270E+002 
     12.78000000 -0.232902087875987E+005  0.438827363439076E+002 
     12.80000000 -0.232901760506243E+005  0.439154733183238E+002 
     12.82000000 -0.232901419507286E+005  0.439495732140878E+002 
     12.84000000 -0.232901064428316E+005  0.439850811110565E+002 
     12.86000000 -0.232900694932411E+005  0.440220307015800E+002 
     12.88000000 -0.232900310802032E+005  0.440604437394085E+002 
     12.90000000 -0.232899911942868E+005  0.441003296558787E+002 
     12.92000000 -0.232899498385884E+005  0.441416853542896E+002 
     12.94000000 -0.232899070287523E+005  0.441844951903146E+002 
     12.96000000 -0.232898627927975E+005  0.442287311451947E+002 
     12.98000000 -0.232898171707493E+005  0.442743531933703E+002 
     13.00000000 -0.232897702140780E+005  0.443213098646115E+002 
     13.02000000 -0.232897219849483E+005  0.443695389943715E+002 
     13.04000000 -0.232896725552883E+005  0.444189686543097E+002 
     13.06000000 -0.232896220056933E+005  0.444695182493847E+002 
     13.08000000 -0.232895704241775E+005  0.445210997651849E+002 
     13.10000000 -0.232895179047977E+005  0.445736191449222E+002 
     13.12000000 -0.232894645461691E+005  0.446269777736032E+002 
     13.14000000 -0.232894104498987E+005  0.446810740439978E+002 
     13.16000000 -0.232893557189657E+005  0.447358049769086E+002 
     13.18000000 -0.232893004560750E+005  0.447910678676899E+002 
     13.20000000 -0.232892447620137E+005  0.448467619289248E+002 
     13.22000000 -0.232891887340429E+005  0.449027898997154E+002 
     13.24000000 -0.232891324643506E+005  0.449590595921062E+002 
     13.26000000 -0.232890760385960E+005  0.450154853467013E+002 
     13.28000000 -0.232890195345726E+005  0.450719893700641E+002 
     13.30000000 -0.232889630210110E+005  0.451285029316219E+002 
     13.32000000 -0.232889065565442E+005  0.451849673984205E+002 
     13.34000000 -0.232888501888499E+005  0.452413350927660E+002 
     13.36000000 -0.232887939539836E+005  0.452975699590481E+002 
     13.38000000 -0.232887378759098E+005  0.453536480328099E+002 
     13.40000000 -0.232886819662361E+005  0.454095577065259E+002 
     13.42000000 -0.232886262241510E+005  0.454652997916878E+002 
     13.44000000 -0.232885706365640E+005  0.455208873786245E+002 
     13.46000000 -0.232885151784448E+005  0.455763454978054E+002 
     13.48000000 -0.232884598133533E+005  0.456317105893474E+002 
     13.50000000 -0.232884044941537E+005  0.456870297889285E+002 
     13.52000000 -0.232883491639024E+005  0.457423600402120E+002 
     13.54000000 -0.232882937568960E+005  0.457977670466134E+002 
     13.56000000 -0.232882381998645E+005  0.458533240781452E+002 
     13.58000000 -0.232881824132911E+005  0.459091106516012E+002 
     13.60000000 -0.232881263128377E+005  0.459652111049344E+002 
     13.62000000 -0.232880698108519E+005  0.460217130907534E+002 
     13.64000000 -0.232880128179269E+005  0.460787060157928E+002 
     13.66000000 -0.232879552444877E+005  0.461362794549693E+002 
     13.68000000 -0.232878970023713E+005  0.461945215714028E+002 
     13.70000000 -0.232878380063709E+005  0.462535175717382E+002 
     13.72000000 -0.232877781757160E+005  0.463133482267038E+002 
     13.74000000 -0.232877174354596E+005  0.463740884830119E+002 
     13.76000000 -0.232876557177532E+005  0.464358061895073E+002 
     13.78000000 -0.232875929629868E+005  0.464985609559007E+002 
     13.80000000 -0.232875291207865E+005  0.465624031562036E+002 
     13.82000000 -0.232874641508567E+005  0.466273730859213E+002 
     13.84000000 -0.232873980236674E+005  0.466935002752939E+002 
     13.86000000 -0.232873307209834E+005  0.467608029592152E+002 
     13.88000000 -0.232872622362413E+005  0.468292877014002E+002 
     13.90000000 -0.232871925747720E+005  0.468989491706858E+002 
     13.92000000 -0.232871217538765E+005  0.469697700661691E+002 
     13.94000000 -0.232870498027526E+005  0.470417211900674E+002 
     13.96000000 -0.232869767622752E+005  0.471147616674116E+002 
     13.98000000 -0.232869026846300E+005  0.471888393126907E+002 
     14.00000000 -0.232868276327992E+005  0.472638911434380E+002 
     14.02000000 -0.232867516799047E+005  0.473398440379160E+002 
     14.04000000 -0.232866749084080E+005  0.474166155346579E+002 
     14.06000000 -0.232865974091751E+005  0.474941147675655E+002 
     14.08000000 -0.232865192804146E+005  0.475722435280640E+002 
     14.10000000 -0.232864406264972E+005  0.476508974454747E+002 
     14.12000000 -0.232863615566665E+005  0.477299672761083E+002 
     14.14000000 -0.232862821836512E+005  0.478093402914544E+002 
     14.16000000 -0.232862026221842E+005  0.478889017584983E+002 
     14.18000000 -0.232861229874375E+005  0.479685365051386E+002 
     14.20000000 -0.232860433933781E+005  0.480481305645280E+002 
     14.22000000 -0.232859639510538E+005  0.481275728888931E+002 
     14.24000000 -0.232858847668243E+005  0.482067571183238E+002 
     14.26000000 -0.232858059405616E+005  0.482855833810428E+002 
     14.28000000 -0.232857275638518E+005  0.483639600909034E+002 
     14.30000000 -0.232856497182477E+005  0.484418056949974E+002 
     14.32000000 -0.232855724736307E+005  0.485190503119075E+002 
     14.34000000 -0.232854958867483E+005  0.485956371943227E+002 
     14.36000000 -0.232854199999991E+005  0.486715239435328E+002 
     14.38000000 -0.232853448405348E+005  0.487466834078433E+002 
     14.40000000 -0.232852704197371E+005  0.488211042055138E+002 
     14.42000000 -0.232851967331125E+005  0.488947908301896E+002 
     14.44000000 -0.232851237606261E+005  0.489677633165362E+002 
     14.46000000 -0.232850514674739E+005  0.490400564687688E+002 
     14.48000000 -0.232849798052637E+005  0.491117186789098E+002 
     14.50000000 -0.232849087135604E+005  0.491828103822680E+002 
     14.52000000 -0.232848381217265E+005  0.492534022161699E+002 
     14.54000000 -0.232847679509822E+005  0.493235729604388E+002 
     14.56000000 -0.232846981165977E+005  0.493934073449096E+002 
     14.58000000 -0.232846285301311E+005  0.494629938115480E+002 
     14.60000000 -0.232845591016243E+005  0.495324223183545E+002 
     14.62000000 -0.232844897416751E+005  0.496017822675346E+002 
     14.64000000 -0.232844203633083E+005  0.496711606343398E+002 
     14.66000000 -0.232843508835779E+005  0.497406403647562E+002 
     14.68000000 -0.232842812248429E+005  0.498102990997782E+002 
     14.70000000 -0.232842113156737E+005  0.498802082689476E+002 
     14.72000000 -0.232841410913645E+005  0.499504325781377E+002 
     14.74000000 -0.232840704940496E+005  0.500210298930618E+002 
     14.76000000 -0.232839994724481E+005  0.500920514945669E+002 
     14.78000000 -0.232839279812914E+005  0.501635426513019E+002 
     14.80000000 -0.232838559805146E+005  0.502355434280777E+002 
     14.82000000 -0.232837834343199E+005  0.503080896227942E+002 
     14.84000000 -0.232837103102365E+005  0.503812137061729E+002 
     14.86000000 -0.232836365783118E+005  0.504549456308261E+002 
     14.88000000 -0.232835622105654E+005  0.505293133772111E+002 
     14.90000000 -0.232834871808202E+005  0.506043431224901E+002 
     14.92000000 -0.232834114650011E+005  0.506800589415639E+002 
     14.94000000 -0.232833350419510E+005  0.507564819916452E+002 
     14.96000000 -0.232832578947705E+005  0.508336291721403E+002 
     14.98000000 -0.232831800126399E+005  0.509115113027333E+002 
     15.00000000 -0.232831013930306E+005  0.509901309120238E+002 
     15.02000000 -0.232830220441708E+005  0.510694797718444E+002 
     15.04000000 -0.232829419875889E+005  0.511495363537345E+002 
     15.06000000 -0.232828612605345E+005  0.512302634081984E+002 
     15.08000000 -0.232827799180578E+005  0.513116058848322E+002 
     15.10000000 -0.232826980345346E+005  0.513934894080442E+002 
     15.12000000 -0.232826157044364E+005  0.514758195062657E+002 
     15.14000000 -0.232825330421844E+005  0.515584817583054E+002 
     15.16000000 -0.232824501809701E+005  0.516413429725798E+002 
     15.18000000 -0.232823672704907E+005  0.517242534519611E+002 
     15.20000000 -0.232822844736149E+005  0.518070503277986E+002 
     15.22000000 -0.232822019620682E+005  0.518895618744398E+002 
     15.24000000 -0.232821199113010E+005  0.519716126416774E+002 
     15.26000000 -0.232820384947624E+005  0.520530291802853E+002 
     15.28000000 -0.232819578778593E+005  0.521336460833087E+002 
     15.30000000 -0.232818782119123E+005  0.522133120303367E+002 
     15.32000000 -0.232817996284367E+005  0.522918955059319E+002 
     15.34000000 -0.232817222340726E+005  0.523692898700888E+002 
     15.36000000 -0.232816461064596E+005  0.524454174831030E+002 
     15.38000000 -0.232815712913074E+005  0.525202326352898E+002 
     15.40000000 -0.232814978008487E+005  0.525937230939867E+002 
     15.42000000 -0.232814256137857E+005  0.526659101569817E+002 
     15.44000000 -0.232813546767569E+005  0.527368471857468E+002 
     15.46000000 -0.232812849072615E+005  0.528066166811644E+002 
     15.48000000 -0.232812161978950E+005  0.528753260476906E+002 
     15.50000000 -0.232811484216712E+005  0.529431022714577E+002 
     15.52000000 -0.232810814381405E+005  0.530100858021359E+002 
     15.54000000 -0.232810150999675E+005  0.530764239751302E+002 
     15.56000000 -0.232809492596045E+005  0.531422643381949E+002 
     15.58000000 -0.232808837756911E+005  0.532077482515232E+002 
     15.60000000 -0.232808185188314E+005  0.532730051112486E+002 
     15.62000000 -0.232807533764355E+005  0.533381475071623E+002 
     15.64000000 -0.232806882563768E+005  0.534032675658866E+002 
     15.66000000 -0.232806230892872E+005  0.534684346554998E+002 
     15.68000000 -0.232805578294017E+005  0.535336945409532E+002 
     15.70000000 -0.232804924539543E+005  0.535990699883668E+002 
     15.72000000 -0.232804269612196E+005  0.536645627230528E+002 
     15.74000000 -0.232803613673836E+005  0.537301565591043E+002 
     15.76000000 -0.232802957025005E+005  0.537958214421801E+002 
     15.78000000 -0.232802300058528E+005  0.538615180898995E+002 
     15.80000000 -0.232801643210698E+005  0.539272028728720E+002 
     15.82000000 -0.232800986913742E+005  0.539928325684444E+002 
     15.84000000 -0.232800331553122E+005  0.540583686304362E+002 
     15.86000000 -0.232799677432856E+005  0.541237806571005E+002 
     15.88000000 -0.232799024751397E+005  0.541890488029255E+002 
     15.90000000 -0.232798373589791E+005  0.542541649635734E+002 
     15.92000000 -0.232797723912824E+005  0.543191326602704E+002 
     15.94000000 -0.232797075582864E+005  0.543839656562540E+002 
     15.96000000 -0.232796428385044E+005  0.544486854383019E+002 
     15.98000000 -0.232795782061505E+005  0.545133177921615E+002 
     16.00000000 -0.232795136351696E+005  0.545778887730586E+002 
     16.02000000 -0.232794491035189E+005  0.546424204237732E+002 
     16.04000000 -0.232793845973295E+005  0.547069266131111E+002 
     16.06000000 -0.232793201145852E+005  0.547714093574097E+002 
     16.08000000 -0.232792556679952E+005  0.548358559474097E+002 
     16.10000000 -0.232791912868067E+005  0.549002371359582E+002 
     16.12000000 -0.232791270173865E+005  0.549645065561219E+002 
     16.14000000 -0.232790629225055E+005  0.550286014371614E+002 
     16.16000000 -0.232789990793568E+005  0.550924445858404E+002 
     16.18000000 -0.232789355764435E+005  0.551559474991910E+002 
     16.20000000 -0.232788725095507E+005  0.552190143919544E+002 
     16.22000000 -0.232788099770881E+005  0.552815468545909E+002 
     16.24000000 -0.232787480751242E+005  0.553434488184484E+002 
     16.26000000 -0.232786868924559E+005  0.554046314867065E+002 
     16.28000000 -0.232786265060393E+005  0.554650179033379E+002 
     16.30000000 -0.232785669770776E+005  0.555245468650227E+002 
     16.32000000 -0.232785083480060E+005  0.555831759366918E+002 
     16.34000000 -0.232784506405436E+005  0.556408833990978E+002 
     16.36000000 -0.232783938549083E+005  0.556976690343199E+002 
     16.38000000 -0.232783379702077E+005  0.557535537349400E+002 
     16.40000000 -0.232782829459459E+005  0.558085779967107E+002 
     16.42000000 -0.232782287245204E+005  0.558627994222456E+002 
     16.44000000 -0.232781752345254E+005  0.559162894172103E+002 
     16.46000000 -0.232781223946436E+005  0.559691292990394E+002 
     16.48000000 -0.232780701178832E+005  0.560214060594269E+002 
     16.50000000 -0.232780183159118E+005  0.560732080308753E+002 
     16.52000000 -0.232779669032479E+005  0.561246206947171E+002 
     16.54000000 -0.232779158010951E+005  0.561757228475616E+002 
     16.56000000 -0.232778649406337E+005  0.562265833089188E+002 
     16.58000000 -0.232778142656313E+005  0.562772583113657E+002 
     16.60000000 -0.232777637342753E+005  0.563277896673211E+002 
     16.62000000 -0.232777133201842E+005  0.563782037584666E+002 
     16.64000000 -0.232776630125979E+005  0.564285113448050E+002 
     16.66000000 -0.232776128157974E+005  0.564787081452165E+002 
     16.68000000 -0.232775627478397E+005  0.565287761029199E+002 
     16.70000000 -0.232775128387261E+005  0.565786852165298E+002 
     16.72000000 -0.232774631281453E+005  0.566283957973428E+002 
     16.74000000 -0.232774136629423E+005  0.566778610003414E+002 
     16.76000000 -0.232773644944673E+005  0.567270294753326E+002 
     16.78000000 -0.232773156759477E+005  0.567758479949601E+002 
     16.80000000 -0.232772672600121E+005  0.568242639305611E+002 
     16.82000000 -0.232772192964723E+005  0.568722274703195E+002 
     16.84000000 -0.232771718304435E+005  0.569196934991425E+002 
     16.86000000 -0.232771249008559E+005  0.569666230867665E+002 
     16.88000000 -0.232770785393880E+005  0.570129845546545E+002 
     16.90000000 -0.232770327698257E+005  0.570587541169509E+002 
     16.92000000 -0.232769876078335E+005  0.571039161091249E+002 
     16.94000000 -0.232769430611071E+005  0.571484628355650E+002 
     16.96000000 -0.232768991298618E+005  0.571923940808160E+002 
     16.98000000 -0.232768558076037E+005  0.572357163389627E+002 
     17.00000000 -0.232768130821192E+005  0.572784418234106E+002 
     17.02000000 -0.232767709366184E+005  0.573205873242573E+002 
     17.04000000 -0.232767293509623E+005  0.573621729803289E+002 
     17.06000000 -0.232766883029103E+005  0.574032210323385E+002 
     17.08000000 -0.232766477693237E+005  0.574437546189997E+002 
     17.10000000 -0.232766077272727E+005  0.574837966699865E+002 
     17.12000000 -0.232765681550005E+005  0.575233689421801E+002 
     17.14000000 -0.232765290327079E+005  0.575624912347317E+002 
     17.16000000 -0.232764903431344E+005  0.576011808083031E+002 
     17.18000000 -0.232764520719202E+005  0.576394520224990E+002 
     17.20000000 -0.232764142077485E+005  0.576773161941071E+002 
     17.22000000 -0.232763767422761E+005  0.577147816665742E+002 
     17.24000000 -0.232763396698726E+005  0.577518540700821E+002 
     17.26000000 -0.232763029872034E+005  0.577885367392988E+002 
     17.28000000 -0.232762666926947E+005  0.578248312479175E+002 
     17.30000000 -0.232762307859318E+005  0.578607380108825E+002 
     17.32000000 -0.232761952670408E+005  0.578962569018182E+002 
     17.34000000 -0.232761601361074E+005  0.579313878352769E+002 
     17.36000000 -0.232761253926759E+005  0.579661312667135E+002 
     17.38000000 -0.232760910353694E+005  0.580004885732550E+002 
     17.40000000 -0.232760570616540E+005  0.580344622886396E+002 
     17.42000000 -0.232760234677643E+005  0.580680561783188E+002 
     17.44000000 -0.232759902487895E+005  0.581012751531254E+002 
     17.46000000 -0.232759573989114E+005  0.581341250312350E+002 
     17.48000000 -0.232759249117754E+005  0.581666121672740E+002 
     17.50000000 -0.232758927809667E+005  0.581987429760018E+002 
     17.52000000 -0.232758610005583E+005  0.582305233843272E+002 
     17.54000000 -0.232758295656925E+005  0.582619582501765E+002 
     17.56000000 -0.232757984731507E+005  0.582930507919517E+002 
     17.58000000 -0.232757677218697E+005  0.583238020729059E+002 
     17.60000000 -0.232757373133559E+005  0.583542105867427E+002 
     17.62000000 -0.232757072519566E+005  0.583842719860686E+002 
     17.64000000 -0.232756775449522E+005  0.584139789904393E+002 
     17.66000000 -0.232756482024457E+005  0.584433214969679E+002 
     17.68000000 -0.232756192370376E+005  0.584722869050076E+002 
     17.70000000 -0.232755906632965E+005  0.585008606461680E+002 
     17.72000000 -0.232755624970481E+005  0.585290268945203E+002 
     17.74000000 -0.232755347545286E+005  0.585567694140355E+002 
     17.76000000 -0.232755074514555E+005  0.585840724871060E+002 
     17.78000000 -0.232754806020827E+005  0.586109218599337E+002 
     17.80000000 -0.232754542183053E+005  0.586373056373433E+002 
     17.82000000 -0.232754283088779E+005  0.586632150648077E+002 
     17.84000000 -0.232754028787993E+005  0.586886451433891E+002 
     17.86000000 -0.232753779289051E+005  0.587135950375867E+002 
     17.88000000 -0.232753534556923E+005  0.587380682503994E+002 
     17.90000000 -0.232753294513846E+005  0.587620725580757E+002 
     17.92000000 -0.232753059042307E+005  0.587856197119890E+002 
     17.94000000 -0.232752827990119E+005  0.588087249307931E+002 
     17.96000000 -0.232752601177243E+005  0.588314062184062E+002 
     17.98000000 -0.232752378403881E+005  0.588536835546011E+002 
     18.00000000 -0.232752159459313E+005  0.588755780113998E+002 
     18.02000000 -0.232751944130907E+005  0.588971108519453E+002 
     18.04000000 -0.232751732212744E+005  0.589183026682479E+002 
     18.06000000 -0.232751523513340E+005  0.589391726086324E+002 
     18.08000000 -0.232751317862054E+005  0.589597377372409E+002 
     18.10000000 -0.232751115113887E+005  0.589800125539875E+002 
     18.12000000 -0.232750915152499E+005  0.590000086927392E+002 
     18.14000000 -0.232750717891451E+005  0.590197347975390E+002 
     18.16000000 -0.232750523273757E+005  0.590391965669123E+002 
     18.18000000 -0.232750331269981E+005  0.590583969445733E+002 
     18.20000000 -0.232750141875142E+005  0.590773364284300E+002 
     18.22000000 -0.232749955104767E+005  0.590960134659681E+002 
     18.24000000 -0.232749770990396E+005  0.591144249030978E+002 
     18.26000000 -0.232749589574873E+005  0.591325664553242E+002 
     18.28000000 -0.232749410907708E+005  0.591504331718114E+002 
     18.30000000 -0.232749235040748E+005  0.591680198678216E+002 
     18.32000000 -0.232749062024396E+005  0.591853215030309E+002 
     18.34000000 -0.232748891904525E+005  0.592023334901298E+002 
     18.36000000 -0.232748724720210E+005  0.592190519216281E+002 
     18.38000000 -0.232748560502326E+005  0.592354737100719E+002 
     18.40000000 -0.232748399273001E+005  0.592515966425485E+002 
     18.42000000 -0.232748241045846E+005  0.592674193580175E+002 
     18.44000000 -0.232748085826817E+005  0.592829412609993E+002 
     18.46000000 -0.232747933615521E+005  0.592981623905908E+002 
     18.48000000 -0.232747784406771E+005  0.593130832655783E+002 
     18.50000000 -0.232747638192157E+005  0.593277047269909E+002 
     18.52000000 -0.232747494961458E+005  0.593420277968131E+002 
     18.54000000 -0.232747354703750E+005  0.593560535676342E+002 
     18.56000000 -0.232747217408094E+005  0.593697831332376E+002 
     18.58000000 -0.232747083063789E+005  0.593832175637781E+002 
     18.60000000 -0.232746951660173E+005  0.593963579254009E+002 
     18.62000000 -0.232746823186040E+005  0.594092053386922E+002 
     18.64000000 -0.232746697628741E+005  0.594217610685381E+002 
     18.66000000 -0.232746574973083E+005  0.594340266343702E+002 
     18.68000000 -0.232746455200126E+005  0.594460039300419E+002 
     18.70000000 -0.232746338286010E+005  0.594576953416471E+002 
     18.72000000 -0.232746224200909E+005  0.594691038517988E+002 
     18.74000000 -0.232746112908218E+005  0.594802331208628E+002 
     18.76000000 -0.232746004364053E+005  0.594910875373833E+002 
     18.78000000 -0.232745898517102E+005  0.595016722324496E+002 
     18.80000000 -0.232745795308869E+005  0.595119930557577E+002 
     18.82000000 -0.232745694674277E+005  0.595220565149208E+002 
     18.84000000 -0.232745596542615E+005  0.595318696811830E+002 
     18.86000000 -0.232745500838743E+005  0.595414400683709E+002 
     18.88000000 -0.232745407484509E+005  0.595507754918049E+002 
     18.90000000 -0.232745316400264E+005  0.595598839162129E+002 
     18.92000000 -0.232745227506430E+005  0.595687732996342E+002 
     18.94000000 -0.232745140725013E+005  0.595774514413336E+002 
     18.96000000 -0.232745055981035E+005  0.595859258391626E+002 
     18.98000000 -0.232744973203809E+005  0.595942035617079E+002 
     19.00000000 -0.232744892328033E+005  0.596022911393669E+002 
     19.02000000 -0.232744813294661E+005  0.596101944765763E+002 
     19.04000000 -0.232744736051547E+005  0.596179187879272E+002 
     19.06000000 -0.232744660553839E+005  0.596254685587619E+002 
     19.08000000 -0.232744586764121E+005  0.596328475305723E+002 
     19.10000000 -0.232744514652320E+005  0.596400587106207E+002 
     19.12000000 -0.232744444195388E+005  0.596471044039000E+002 
     19.14000000 -0.232744375376772E+005  0.596539862654116E+002 
     19.16000000 -0.232744308185737E+005  0.596607053689760E+002 
     19.18000000 -0.232744242616521E+005  0.596672622905152E+002 
     19.20000000 -0.232744178667406E+005  0.596736572020287E+002 
     19.22000000 -0.232744116339695E+005  0.596798899731565E+002 
     19.24000000 -0.232744055636640E+005  0.596859602786152E+002 
     19.26000000 -0.232743996562338E+005  0.596918677088863E+002 
     19.28000000 -0.232743939120606E+005  0.596976118820649E+002 
     19.30000000 -0.232743883313878E+005  0.597031925548999E+002 
     19.32000000 -0.232743829142134E+005  0.597086097292877E+002 
     19.34000000 -0.232743776601915E+005  0.597138637512077E+002 
     19.36000000 -0.232743725685462E+005  0.597189553964298E+002 
     19.38000000 -0.232743676380037E+005  0.597238859390001E+002 
     19.40000000 -0.232743628667459E+005  0.597286571967473E+002 
     19.42000000 -0.232743582523930E+005  0.597332715496681E+002 
     19.44000000 -0.232743537920133E+005  0.597377319293559E+002 
     19.46000000 -0.232743494821646E+005  0.597420417780579E+002 
     19.48000000 -0.232743453189623E+005  0.597462049803717E+002 
     19.50000000 -0.232743412981712E+005  0.597502257714651E+002 
     19.52000000 -0.232743374153141E+005  0.597541086285598E+002 
     19.54000000 -0.232743336657889E+005  0.597578581537310E+002 
     19.56000000 -0.232743300449866E+005  0.597614789560579E+002 
     19.58000000 -0.232743265484015E+005  0.597649755411921E+002 
     19.60000000 -0.232743231717273E+005  0.597683522153670E+002 
     19.62000000 -0.232743199109335E+005  0.597716130091631E+002 
     19.64000000 -0.232743167623185E+005  0.597747616241681E+002 
     19.66000000 -0.232743137225385E+005  0.597778014041482E+002 
     19.68000000 -0.232743107886125E+005  0.597807353301138E+002 
     19.70000000 -0.232743079579055E+005  0.597835660371671E+002 
     19.72000000 -0.232743052280929E+005  0.597862958497191E+002 
     19.74000000 -0.232743025971121E+005  0.597889268305758E+002 
     19.76000000 -0.232743000631034E+005  0.597914608392891E+002 
     19.78000000 -0.232742976243479E+005  0.597938995947459E+002 
     19.80000000 -0.232742952792058E+005  0.597962447368076E+002 
     19.82000000 -0.232742930260594E+005  0.597984978832662E+002 
     19.84000000 -0.232742908632644E+005  0.598006606782492E+002 
     19.86000000 -0.232742887891131E+005  0.598027348295314E+002 
     19.88000000 -0.232742868018092E+005  0.598047221334350E+002 
     19.90000000 -0.232742848994551E+005  0.598066244875257E+002 
     19.92000000 -0.232742830800512E+005  0.598084438914263E+002 
     19.94000000 -0.232742813415042E+005  0.598101824384267E+002 
     19.96000000 -0.232742796816428E+005  0.598118422998248E+002 
     19.98000000 -0.232742780982371E+005  0.598134257055909E+002 
     20.00000000 -0.232742765890196E+005  0.598149349230381E+002 
     20.02000000 -0.232742751517056E+005  0.598163722370726E+002 
     20.04000000 -0.232742737840100E+005  0.598177399326500E+002 
     20.06000000 -0.232742724836616E+005  0.598190402810432E+002 
     20.08000000 -0.232742712484129E+005  0.598202755297446E+002 
     20.10000000 -0.232742700760473E+005  0.598214478953976E+002 
     20.12000000 -0.232742689643835E+005  0.598225595591281E+002 
     20.14000000 -0.232742679112803E+005  0.598236126623654E+002 
     20.16000000 -0.232742669146400E+005  0.598246093026841E+002 
     20.18000000 -0.232742659724143E+005  0.598255515283751E+002 
     20.20000000 -0.232742650826103E+005  0.598264413323574E+002 
     20.22000000 -0.232742642432980E+005  0.598272806446978E+002 
     20.24000000 -0.232742634526169E+005  0.598280713257216E+002 
     20.26000000 -0.232742627087824E+005  0.598288151602675E+002 
     20.28000000 -0.232742620100882E+005  0.598295138544523E+002 
     20.30000000 -0.232742613549069E+005  0.598301690357259E+002 
     20.32000000 -0.232742607416857E+005  0.598307822569183E+002 
     20.34000000 -0.232742601689385E+005  0.598313550041711E+002 
     20.36000000 -0.232742596352345E+005  0.598318887081985E+002 
     20.38000000 -0.232742591391847E+005  0.598323847579141E+002 
     20.40000000 -0.232742586794272E+005  0.598328445154382E+002 
     20.42000000 -0.232742582546116E+005  0.598332693310363E+002 
     20.44000000 -0.232742578633861E+005  0.598336605566076E+002 
     20.46000000 -0.232742575043858E+005  0.598340195568398E+002 
     20.48000000 -0.232742571762254E+005  0.598343477172901E+002 
     20.50000000 -0.232742568774941E+005  0.598346464485490E+002 
     20.52000000 -0.232742566067556E+005  0.598349171871000E+002 
     20.54000000 -0.232742563625505E+005  0.598351613921954E+002 
     20.56000000 -0.232742561434024E+005  0.598353805402507E+002 
     20.58000000 -0.232742559478260E+005  0.598355761166713E+002 
     20.60000000 -0.232742557743360E+005  0.598357496066152E+002 
     20.62000000 -0.232742556214575E+005  0.598359024851738E+002 
     20.64000000 -0.232742554877346E+005  0.598360362080727E+002 
     20.66000000 -0.232742553717391E+005  0.598361522035542E+002 
     20.68000000 -0.232742552720768E+005  0.598362518658995E+002 
     20.70000000 -0.232742551873915E+005  0.598363365511590E+002 
     20.72000000 -0.232742551163682E+005  0.598364075744864E+002 
     20.74000000 -0.232742550577330E+005  0.598364662096617E+002 
     20.76000000 -0.232742550102527E+005  0.598365136899514E+002 
     20.78000000 -0.232742549727326E+005  0.598365512100082E+002 
     20.80000000 -0.232742549440138E+005  0.598365799288279E+002 
     20.82000000 -0.232742549229696E+005  0.598366009730665E+002 
     20.84000000 -0.232742549085016E+005  0.598366154410547E+002 
     20.86000000 -0.232742548995358E+005  0.598366244068761E+002 
     20.88000000 -0.232742548950180E+005  0.598366289246236E+002 
     20.90000000 -0.232742548939104E+005  0.598366300322291E+002 
     20.92000000 -0.232742548951874E+005  0.598366287552379E+002 
     20.94000000 -0.232742548978334E+005  0.598366261092588E+002 
     20.96000000 -0.232742549008409E+005  0.598366231017643E+002 
     20.98000000 -0.232742549032101E+005  0.598366207325303E+002 
     21.00000000 -0.232742549039495E+005  0.598366199931470E+002 
     21.02000000 -0.232742549034205E+005  0.598366205221857E+002 
     21.04000000 -0.232742549028818E+005  0.598366210608547E+002 
     21.06000000 -0.232742549023400E+005  0.598366216026544E+002 
     21.08000000 -0.232742549017956E+005  0.598366221470619E+002 
     21.10000000 -0.232742549012497E+005  0.598366226929791E+002 
     21.12000000 -0.232742549007034E+005  0.598366232392738E+002 
     21.14000000 -0.232742549001578E+005  0.598366237848353E+002 
     21.16000000 -0.232742548996141E+005  0.598366243285406E+002 
     21.18000000 -0.232742548990733E+005  0.598366248693627E+002 
     21.20000000 -0.232742548985367E+005  0.598366254059528E+002 
     21.22000000 -0.232742548980058E+005  0.598366259368476E+002 
     21.24000000 -0.232742548974822E+005  0.598366264604911E+002 
     21.26000000 -0.232742548969672E+005  0.598366269754601E+002 
     21.28000000 -0.232742548964616E+005  0.598366274810743E+002 
     21.30000000 -0.232742548959650E+005  0.598366279776304E+002 
     21.32000000 -0.232742548954759E+005  0.598366284667526E+002 
     21.34000000 -0.232742548949912E+005  0.598366289514449E+002 
     21.36000000 -0.232742548945070E+005  0.598366294356824E+002 
     21.38000000 -0.232742548940185E+005  0.598366299241086E+002 
     21.40000000 -0.232742548935218E+005  0.598366304208689E+002 
     21.42000000 -0.232742548930136E+005  0.598366309290569E+002 
     21.44000000 -0.232742548924928E+005  0.598366314498481E+002 
     21.46000000 -0.232742548919606E+005  0.598366319820360E+002 
     21.48000000 -0.232742548914204E+005  0.598366325222734E+002 
     21.50000000 -0.232742548908771E+005  0.598366330655797E+002 
     21.52000000 -0.232742548903363E+005  0.598366336063430E+002 
     21.54000000 -0.232742548898032E+005  0.598366341394312E+002 
     21.56000000 -0.232742548892813E+005  0.598366346613144E+002 
     21.58000000 -0.232742548887718E+005  0.598366351708264E+002 
     21.60000000 -0.232742548882734E+005  0.598366356692139E+002 
     21.62000000 -0.232742548877826E+005  0.598366361600160E+002 
     21.64000000 -0.232742548872945E+005  0.598366366481514E+002 
     21.66000000 -0.232742548868037E+005  0.598366371389751E+002 
     21.68000000 -0.232742548863055E+005  0.598366376371121E+002 
     21.70000000 -0.232742548857970E+005  0.598366381456125E+002 
     21.72000000 -0.232742548852773E+005  0.598366386653735E+002 
     21.74000000 -0.232742548847477E+005  0.598366391950062E+002 
     21.76000000 -0.232742548842114E+005  0.598366397312405E+002 
     21.78000000 -0.232742548836732E+005  0.598366402694671E+002 
     21.80000000 -0.232742548831379E+005  0.598366408047146E+002 
     21.82000000 -0.232742548826102E+005  0.598366413324756E+002 
     21.84000000 -0.232742548820932E+005  0.598366418495019E+002 
     21.86000000 -0.232742548815882E+005  0.598366423544416E+002 
     21.88000000 -0.232742548810948E+005  0.598366428478145E+002 
     21.90000000 -0.232742548806106E+005  0.598366433320241E+002 
     21.92000000 -0.232742548801319E+005  0.598366438107581E+002 
     21.94000000 -0.232742548796545E+005  0.598366442881681E+002 
     21.96000000 -0.232742548791743E+005  0.598366447683159E+002 
     21.98000000 -0.232742548786883E+005  0.598366452543229E+002 
     22.00000000 -0.232742548781946E+005  0.598366457480608E+002 
     22.02000000 -0.232742548776926E+005  0.598366462500245E+002 
     22.04000000 -0.232742548771832E+005  0.598366467595025E+002 
     22.06000000 -0.232742548766678E+005  0.598366472748985E+002 
     22.08000000 -0.232742548761485E+005  0.598366477942048E+002 
     22.10000000 -0.232742548756273E+005  0.598366483153487E+002 
     22.12000000 -0.232742548751061E+005  0.598366488365513E+002 
     22.14000000 -0.232742548745862E+005  0.598366493564577E+002 
     22.16000000 -0.232742548740684E+005  0.598366498742729E+002 
     22.18000000 -0.232742548735529E+005  0.598366503897184E+002 
     22.20000000 -0.232742548730397E+005  0.598366509029922E+002 
     22.22000000 -0.232742548725280E+005  0.598366514146141E+002 
     22.24000000 -0.232742548720174E+005  0.598366519252707E+002 
     22.26000000 -0.232742548715070E+005  0.598366524356551E+002 
     22.28000000 -0.232742548709966E+005  0.598366529460271E+002 
     22.30000000 -0.232742548704863E+005  0.598366534564023E+002 
     22.32000000 -0.232742548699763E+005  0.598366539663845E+002 
     22.34000000 -0.232742548694673E+005  0.598366544753861E+002 
     22.36000000 -0.232742548689596E+005  0.598366549830698E+002 
     22.38000000 -0.232742548684531E+005  0.598366554895563E+002 
     22.40000000 -0.232742548679470E+005  0.598366559956809E+002 
     22.42000000 -0.232742548674398E+005  0.598366565029067E+002 
     22.44000000 -0.232742548669294E+005  0.598366570132571E+002 
     22.46000000 -0.232742548664141E+005  0.598366575285943E+002 
     22.48000000 -0.232742548658924E+005  0.598366580502765E+002 
     22.50000000 -0.232742548653639E+005  0.598366585787738E+002 
     22.52000000 -0.232742548648293E+005  0.598366591133530E+002 
     22.54000000 -0.232742548642904E+005  0.598366596522138E+002 
     22.56000000 -0.232742548637498E+005  0.598366601928287E+002 
     22.58000000 -0.232742548632103E+005  0.598366607323484E+002 
     22.60000000 -0.232742548626744E+005  0.598366612682177E+002 
     22.62000000 -0.232742548621439E+005  0.598366617987567E+002 
     22.64000000 -0.232742548616192E+005  0.598366623234644E+002 
     22.66000000 -0.232742548610996E+005  0.598366628430955E+002 
     22.68000000 -0.232742548605830E+005  0.598366633596206E+002 
     22.70000000 -0.232742548600669E+005  0.598366638757498E+002 
     22.72000000 -0.232742548595484E+005  0.598366643942363E+002 
     22.74000000 -0.232742548590254E+005  0.598366649172951E+002 
     22.76000000 -0.232742548584967E+005  0.598366654459718E+002 
     22.78000000 -0.232742548579627E+005  0.598366659799819E+002 
     22.80000000 -0.232742548574249E+005  0.598366665177073E+002 
     22.82000000 -0.232742548568859E+005  0.598366670567382E+002 
     22.84000000 -0.232742548563483E+005  0.598366675943492E+002 
     22.86000000 -0.232742548558142E+005  0.598366681284768E+002 
     22.88000000 -0.232742548552846E+005  0.598366686581064E+002 
     22.90000000 -0.232742548547590E+005  0.598366691836709E+002 
     22.92000000 -0.232742548542358E+005  0.598366697068504E+002 
     22.94000000 -0.232742548537124E+005  0.598366702302093E+002 
     22.96000000 -0.232742548531860E+005  0.598366707566308E+002 
     22.98000000 -0.232742548526541E+005  0.598366712885836E+002 
     23.00000000 -0.232742548521151E+005  0.598366718275805E+002 
     23.02000000 -0.232742548515688E+005  0.598366723738225E+002 
     23.04000000 -0.232742548510167E+005  0.598366729259981E+002 
     23.06000000 -0.232742548504610E+005  0.598366734816508E+002 
     23.08000000 -0.232742548499053E+005  0.598366740373994E+002 
     23.10000000 -0.232742548493529E+005  0.598366745897698E+002 
     23.12000000 -0.232742548488070E+005  0.598366751356592E+002 
     23.14000000 -0.232742548482695E+005  0.598366756731248E+002 
     23.16000000 -0.232742548477408E+005  0.598366762018262E+002 
     23.18000000 -0.232742548472196E+005  0.598366767230413E+002 
     23.20000000 -0.232742548467031E+005  0.598366772395819E+002 
     23.22000000 -0.232742548461875E+005  0.598366777551759E+002 
     23.24000000 -0.232742548456687E+005  0.598366782739098E+002 
     23.26000000 -0.232742548451433E+005  0.598366787993600E+002 
     23.28000000 -0.232742548446086E+005  0.598366793340444E+002 
     23.30000000 -0.232742548440636E+005  0.598366798790150E+002 
     23.32000000 -0.232742548435090E+005  0.598366804336963E+002 
     23.34000000 -0.232742548429465E+005  0.598366809961085E+002 
     23.36000000 -0.232742548423795E+005  0.598366815631363E+002 
     23.38000000 -0.232742548418117E+005  0.598366821309560E+002 
     23.40000000 -0.232742548412470E+005  0.598366826956265E+002 
     23.42000000 -0.232742548406892E+005  0.598366832534416E+002 
     23.44000000 -0.232742548401411E+005  0.598366838015089E+002 
     23.46000000 -0.232742548396048E+005  0.598366843378979E+002 
     23.48000000 -0.232742548390807E+005  0.598366848619528E+002 
     23.50000000 -0.232742548385683E+005  0.598366853743419E+002 
     23.52000000 -0.232742548380656E+005  0.598366858770697E+002 
     23.54000000 -0.232742548375697E+005  0.598366863730040E+002 
     23.56000000 -0.232742548370769E+005  0.598366868657303E+002 
     23.58000000 -0.232742548365839E+005  0.598366873587721E+002 
     23.60000000 -0.232742548360874E+005  0.598366878552509E+002 
     23.62000000 -0.232742548355852E+005  0.598366883574435E+002 
     23.64000000 -0.232742548350761E+005  0.598366888665131E+002 
     23.66000000 -0.232742548345600E+005  0.598366893826392E+002 
     23.68000000 -0.232742548340376E+005  0.598366899051009E+002 
     23.70000000 -0.232742548335100E+005  0.598366904326764E+002 
     23.72000000 -0.232742548329787E+005  0.598366909639393E+002 
     23.74000000 -0.232742548324451E+005  0.598366914975070E+002 
     23.76000000 -0.232742548319105E+005  0.598366920321821E+002 
     23.78000000 -0.232742548313755E+005  0.598366925671636E+002 
     23.80000000 -0.232742548308410E+005  0.598366931016439E+002 
     23.82000000 -0.232742548303076E+005  0.598366936350104E+002 
     23.84000000 -0.232742548297761E+005  0.598366941665828E+002 
     23.86000000 -0.232742548292469E+005  0.598366946957111E+002 
     23.88000000 -0.232742548287208E+005  0.598366952218357E+002 
     23.90000000 -0.232742548281980E+005  0.598366957446996E+002 
     23.92000000 -0.232742548276783E+005  0.598366962644018E+002 
     23.94000000 -0.232742548271611E+005  0.598366967815766E+002 
     23.96000000 -0.232742548266454E+005  0.598366972972170E+002 
     23.98000000 -0.232742548261299E+005  0.598366978127244E+002 
     24.00000000 -0.232742548256132E+005  0.598366983294166E+002 
     24.02000000 -0.232742548250943E+005  0.598366988483517E+002 
     24.04000000 -0.232742548245726E+005  0.598366993700926E+002 
     24.06000000 -0.232742548240481E+005  0.598366998946054E+002 
     24.08000000 -0.232742548235214E+005  0.598367004212063E+002 
     24.10000000 -0.232742548229938E+005  0.598367009488838E+002 
     24.12000000 -0.232742548224662E+005  0.598367014764685E+002 
     24.14000000 -0.232742548219396E+005  0.598367020030509E+002 
     24.16000000 -0.232742548214146E+005  0.598367025280308E+002 
     24.18000000 -0.232742548208913E+005  0.598367030513185E+002 
     24.20000000 -0.232742548203695E+005  0.598367035731089E+002 
     24.22000000 -0.232742548198490E+005  0.598367040936712E+002 
     24.24000000 -0.232742548193294E+005  0.598367046132868E+002 
     24.26000000 -0.232742548188106E+005  0.598367051320424E+002 
     24.28000000 -0.232742548182926E+005  0.598367056501051E+002 
     24.30000000 -0.232742548177748E+005  0.598367061678522E+002 
     24.32000000 -0.232742548172566E+005  0.598367066860324E+002 
     24.34000000 -0.232742548167369E+005  0.598367072057347E+002 
     24.36000000 -0.232742548162143E+005  0.598367077283511E+002 
     24.38000000 -0.232742548156877E+005  0.598367082549613E+002 
     24.40000000 -0.232742548151565E+005  0.598367087861253E+002 
     24.42000000 -0.232742548146212E+005  0.598367093214501E+002 
     24.44000000 -0.232742548140831E+005  0.598367098595437E+002 
     24.46000000 -0.232742548135445E+005  0.598367103981291E+002 
     24.48000000 -0.232742548130081E+005  0.598367109345212E+002 
     24.50000000 -0.232742548124765E+005  0.598367114661337E+002 
     24.52000000 -0.232742548119516E+005  0.598367119910085E+002 
     24.54000000 -0.232742548114344E+005  0.598367125082699E+002 
     24.56000000 -0.232742548109242E+005  0.598367130184254E+002 
     24.58000000 -0.232742548104196E+005  0.598367135230186E+002 
     24.60000000 -0.232742548099182E+005  0.598367140244781E+002 
     24.62000000 -0.232742548094173E+005  0.598367145253095E+002 
     24.64000000 -0.232742548089151E+005  0.598367150275392E+002 
     24.66000000 -0.232742548084103E+005  0.598367155323305E+002 
     24.68000000 -0.232742548079029E+005  0.598367160397327E+002 
     24.70000000 -0.232742548073937E+005  0.598367165489539E+002 
     24.72000000 -0.232742548068838E+005  0.598367170588433E+002 
     24.74000000 -0.232742548063742E+005  0.598367175684667E+002 
     24.76000000 -0.232742548058652E+005  0.598367180774930E+002 
     24.78000000 -0.232742548053562E+005  0.598367185864080E+002 
     24.80000000 -0.232742548048462E+005  0.598367190964645E+002 
     24.82000000 -0.232742548043335E+005  0.598367196091629E+002 
     24.84000000 -0.232742548038167E+005  0.598367201259386E+002 
     24.86000000 -0.232742548032951E+005  0.598367206475589E+002 
     24.88000000 -0.232742548027686E+005  0.598367211740052E+002 
     24.90000000 -0.232742548022383E+005  0.598367217043369E+002 
     24.92000000 -0.232742548017058E+005  0.598367222368652E+002 
     24.94000000 -0.232742548011733E+005  0.598367227693223E+002 
     24.96000000 -0.232742548006432E+005  0.598367232994499E+002 
     24.98000000 -0.232742548001175E+005  0.598367238251506E+002 
     25.00000000 -0.232742547995978E+005  0.598367243448157E+002 
     25.02000000 -0.232742547990851E+005  0.598367248575636E+002 
     25.04000000 -0.232742547985794E+005  0.598367253632396E+002 
     25.06000000 -0.232742547980801E+005  0.598367258625242E+002 
     25.08000000 -0.232742547975861E+005  0.598367263565869E+002 
     25.10000000 -0.232742547970955E+005  0.598367268471786E+002 
     25.12000000 -0.232742547966064E+005  0.598367273362483E+002 
     25.14000000 -0.232742547961169E+005  0.598367278257758E+002 
     25.16000000 -0.232742547956254E+005  0.598367283172956E+002 
     25.18000000 -0.232742547951309E+005  0.598367288117790E+002 
     25.20000000 -0.232742547946332E+005  0.598367293094365E+002 
     25.22000000 -0.232742547941329E+005  0.598367298097637E+002 
     25.24000000 -0.232742547936310E+005  0.598367303116160E+002 
     25.26000000 -0.232742547931290E+005  0.598367308136880E+002 
     25.28000000 -0.232742547926280E+005  0.598367313147050E+002 
     25.30000000 -0.232742547921288E+005  0.598367318138443E+002 
     25.32000000 -0.232742547916320E+005  0.598367323107036E+002 
     25.34000000 -0.232742547911372E+005  0.598367328054933E+002 
     25.36000000 -0.232742547906440E+005  0.598367332986712E+002 
     25.38000000 -0.232742547901516E+005  0.598367337910324E+002 
     25.40000000 -0.232742547896594E+005  0.598367342832544E+002 
     25.42000000 -0.232742547891668E+005  0.598367347758353E+002 
     25.44000000 -0.232742547886738E+005  0.598367352688957E+002 
     25.46000000 -0.232742547881803E+005  0.598367357623335E+002 
     25.48000000 -0.232742547876870E+005  0.598367362556940E+002 
     25.50000000 -0.232742547871941E+005  0.598367367485842E+002 
     25.52000000 -0.232742547867021E+005  0.598367372405866E+002 
     25.54000000 -0.232742547862110E+005  0.598367377316701E+002 
     25.56000000 -0.232742547857205E+005  0.598367382221288E+002 
     25.58000000 -0.232742547852302E+005  0.598367387124730E+002 
     25.60000000 -0.232742547847393E+005  0.598367392033370E+002 
     25.62000000 -0.232742547842473E+005  0.598367396953239E+002 
     25.64000000 -0.232742547837541E+005  0.598367401885854E+002 
     25.66000000 -0.232742547832597E+005  0.598367406829327E+002 
     25.68000000 -0.232742547827650E+005  0.598367411776821E+002 
     25.70000000 -0.232742547822707E+005  0.598367416719614E+002 
     25.72000000 -0.232742547817777E+005  0.598367421649073E+002 
     25.74000000 -0.232742547812867E+005  0.598367426559971E+002 
     25.76000000 -0.232742547807974E+005  0.598367431452771E+002 
     25.78000000 -0.232742547803094E+005  0.598367436332826E+002 
     25.80000000 -0.232742547798216E+005  0.598367441210344E+002 
     25.82000000 -0.232742547793331E+005  0.598367446095410E+002 
     25.84000000 -0.232742547788429E+005  0.598367450997615E+002 
     25.86000000 -0.232742547783505E+005  0.598367455921537E+002 
     25.88000000 -0.232742547778558E+005  0.598367460868908E+002 
     25.90000000 -0.232742547773589E+005  0.598367465838058E+002 
     25.92000000 -0.232742547768601E+005  0.598367470825893E+002 
     25.94000000 -0.232742547763596E+005  0.598367475830433E+002 
     25.96000000 -0.232742547758575E+005  0.598367480851152E+002 
     25.98000000 -0.232742547753538E+005  0.598367485888763E+002 
     26.00000000 -0.232742547748481E+005  0.598367490946018E+002 
     26.02000000 -0.232742547743402E+005  0.598367496024526E+002 
     26.04000000 -0.232742547738300E+005  0.598367501126978E+002 
     26.06000000 -0.232742547733173E+005  0.598367506253807E+002 
     26.08000000 -0.232742547728024E+005  0.598367511402910E+002 
     26.10000000 -0.232742547722859E+005  0.598367516567790E+002 
     26.12000000 -0.232742547717688E+005  0.598367521738115E+002 
     26.14000000 -0.232742547712528E+005  0.598367526898510E+002 
     26.16000000 -0.232742547707394E+005  0.598367532032238E+002 
     26.18000000 -0.232742547702304E+005  0.598367537122563E+002 
     26.20000000 -0.232742547697268E+005  0.598367542158101E+002 
     26.22000000 -0.232742547692290E+005  0.598367547136872E+002 
     26.24000000 -0.232742547687360E+005  0.598367552066671E+002 
     26.26000000 -0.232742547682462E+005  0.598367556964793E+002 
     26.28000000 -0.232742547677570E+005  0.598367561856479E+002 
     26.30000000 -0.232742547672659E+005  0.598367566767470E+002 
     26.32000000 -0.232742547667706E+005  0.598367571720657E+002 
     26.34000000 -0.232742547662697E+005  0.598367576729311E+002 
     26.36000000 -0.232742547657629E+005  0.598367581797363E+002 
     26.38000000 -0.232742547652508E+005  0.598367586918098E+002 
     26.40000000 -0.232742547647348E+005  0.598367592079049E+002 
     26.42000000 -0.232742547642163E+005  0.598367597264038E+002 
     26.44000000 -0.232742547636967E+005  0.598367602459730E+002 
     26.46000000 -0.232742547631769E+005  0.598367607657372E+002 
     26.48000000 -0.232742547626573E+005  0.598367612853126E+002 
     26.50000000 -0.232742547621380E+005  0.598367618046900E+002 
     26.52000000 -0.232742547616186E+005  0.598367623240613E+002 
     26.54000000 -0.232742547610991E+005  0.598367628435408E+002 
     26.56000000 -0.232742547605795E+005  0.598367633631657E+002 
     26.58000000 -0.232742547600598E+005  0.598367638828432E+002 
     26.60000000 -0.232742547595401E+005  0.598367644025486E+002 
     26.62000000 -0.232742547590202E+005  0.598367649224086E+002 
     26.64000000 -0.232742547585000E+005  0.598367654427048E+002 
     26.66000000 -0.232742547579786E+005  0.598367659640343E+002 
     26.68000000 -0.232742547574556E+005  0.598367664870900E+002 
     26.70000000 -0.232742547569301E+005  0.598367670125773E+002 
     26.72000000 -0.232742547564015E+005  0.598367675411395E+002 
     26.74000000 -0.232742547558696E+005  0.598367680730800E+002 
     26.76000000 -0.232742547553343E+005  0.598367686083274E+002 
     26.78000000 -0.232742547547963E+005  0.598367691463808E+002 
     26.80000000 -0.232742547542565E+005  0.598367696861201E+002 
     26.82000000 -0.232742547537166E+005  0.598367702260204E+002 
     26.84000000 -0.232742547531784E+005  0.598367707642748E+002 
     26.86000000 -0.232742547526436E+005  0.598367712990119E+002 
     26.88000000 -0.232742547521140E+005  0.598367718286445E+002 
     26.90000000 -0.232742547515904E+005  0.598367723522447E+002 
     26.92000000 -0.232742547510730E+005  0.598367728696329E+002 
     26.94000000 -0.232742547505611E+005  0.598367733815579E+002 
     26.96000000 -0.232742547500530E+005  0.598367738896098E+002 
     26.98000000 -0.232742547495467E+005  0.598367743959169E+002 
     27.00000000 -0.232742547490399E+005  0.598367749028024E+002 
     27.02000000 -0.232742547485302E+005  0.598367754124660E+002 
     27.04000000 -0.232742547480162E+005  0.598367759264575E+002 
     27.06000000 -0.232742547474973E+005  0.598367764453926E+002 
     27.08000000 -0.232742547469738E+005  0.598367769688721E+002 
     27.10000000 -0.232742547464471E+005  0.598367774955782E+002 
     27.12000000 -0.232742547459191E+005  0.598367780236022E+002 
     27.14000000 -0.232742547453916E+005  0.598367785510291E+002 
     27.16000000 -0.232742547448662E+005  0.598367790764298E+002 
     27.18000000 -0.232742547443432E+005  0.598367795994298E+002 
     27.20000000 -0.232742547438220E+005  0.598367801206479E+002 
     27.22000000 -0.232742547433009E+005  0.598367806417484E+002 
     27.24000000 -0.232742547427779E+005  0.598367811647454E+002 
     27.26000000 -0.232742547422512E+005  0.598367816915010E+002 
     27.28000000 -0.232742547417196E+005  0.598367822230269E+002 
     27.30000000 -0.232742547411836E+005  0.598367827590942E+002 
     27.32000000 -0.232742547406443E+005  0.598367832983200E+002 
     27.34000000 -0.232742547401042E+005  0.598367838384770E+002 
     27.36000000 -0.232742547395657E+005  0.598367843769572E+002 
     27.38000000 -0.232742547390311E+005  0.598367849115458E+002 
     27.40000000 -0.232742547385018E+005  0.598367854408660E+002 
     27.42000000 -0.232742547379781E+005  0.598367859645713E+002 
     27.44000000 -0.232742547374592E+005  0.598367864834259E+002 
     27.46000000 -0.232742547369437E+005  0.598367869989673E+002 
     27.48000000 -0.232742547364296E+005  0.598367875130393E+002 
     27.50000000 -0.232742547359152E+005  0.598367880274330E+002 
     27.52000000 -0.232742547353992E+005  0.598367885434972E+002 
     27.54000000 -0.232742547348808E+005  0.598367890618940E+002 
     27.56000000 -0.232742547343602E+005  0.598367895824686E+002 
     27.58000000 -0.232742547338382E+005  0.598367901044477E+002 
     27.60000000 -0.232742547333161E+005  0.598367906265877E+002 
     27.62000000 -0.232742547327952E+005  0.598367911474284E+002 
     27.64000000 -0.232742547322770E+005  0.598367916656891E+002 
     27.66000000 -0.232742547317622E+005  0.598367921804818E+002 
     27.68000000 -0.232742547312510E+005  0.598367926916396E+002 
     27.70000000 -0.232742547307430E+005  0.598367931996203E+002 
     27.72000000 -0.232742547302372E+005  0.598367937054634E+002 
     27.74000000 -0.232742547297321E+005  0.598367942105949E+002 
     27.76000000 -0.232742547292265E+005  0.598367947161471E+002 
     27.78000000 -0.232742547287196E+005  0.598367952230203E+002 
     27.80000000 -0.232742547282112E+005  0.598367957314589E+002 
     27.82000000 -0.232742547277016E+005  0.598367962410946E+002 
     27.84000000 -0.232742547271914E+005  0.598367967512749E+002 
     27.86000000 -0.232742547266815E+005  0.598367972611457E+002 
     27.88000000 -0.232742547261725E+005  0.598367977701133E+002 
     27.90000000 -0.232742547256647E+005  0.598367982779610E+002 
     27.92000000 -0.232742547251578E+005  0.598367987848558E+002 
     27.94000000 -0.232742547246512E+005  0.598367992914692E+002 
     27.96000000 -0.232742547241439E+005  0.598367997987198E+002 
     27.98000000 -0.232742547236351E+005  0.598368003075883E+002 
     28.00000000 -0.232742547231236E+005  0.598368008190895E+002 
     28.02000000 -0.232742547226086E+005  0.598368013340370E+002 
     28.04000000 -0.232742547220896E+005  0.598368018530091E+002 
     28.06000000 -0.232742547215664E+005  0.598368023762257E+002 
     28.08000000 -0.232742547210391E+005  0.598368029035877E+002 
     28.10000000 -0.232742547205081E+005  0.598368034345196E+002 
     28.12000000 -0.232742547199746E+005  0.598368039681027E+002 
     28.14000000 -0.232742547194396E+005  0.598368045030161E+002 
     28.16000000 -0.232742547189049E+005  0.598368050377160E+002 
     28.18000000 -0.232742547183721E+005  0.598368055705227E+002 
     28.20000000 -0.232742547178427E+005  0.598368060999388E+002 
     28.22000000 -0.232742547173178E+005  0.598368066248723E+002 
     28.24000000 -0.232742547167978E+005  0.598368071448251E+002 
     28.26000000 -0.232742547162825E+005  0.598368076601438E+002 
     28.28000000 -0.232742547157707E+005  0.598368081719667E+002 
     28.30000000 -0.232742547152604E+005  0.598368086822954E+002 
     28.32000000 -0.232742547147493E+005  0.598368091933944E+002 
     28.34000000 -0.232742547142349E+005  0.598368097077665E+002 
     28.36000000 -0.232742547137153E+005  0.598368102273821E+002 
     28.38000000 -0.232742547131892E+005  0.598368107534386E+002 
     28.40000000 -0.232742547126564E+005  0.598368112862143E+002 
     28.42000000 -0.232742547121178E+005  0.598368118248987E+002 
     28.44000000 -0.232742547115748E+005  0.598368123678337E+002 
     28.46000000 -0.232742547110300E+005  0.598368129126527E+002 
     28.48000000 -0.232742547104859E+005  0.598368134567540E+002 
     28.50000000 -0.232742547099449E+005  0.598368139977896E+002 
     28.52000000 -0.232742547094088E+005  0.598368145338352E+002 
     28.54000000 -0.232742547088789E+005  0.598368150637308E+002 
     28.56000000 -0.232742547083554E+005  0.598368155872536E+002 
     28.58000000 -0.232742547078375E+005  0.598368161051276E+002 
     28.60000000 -0.232742547073240E+005  0.598368166186922E+002 
     28.62000000 -0.232742547068129E+005  0.598368171297881E+002 
     28.64000000 -0.232742547063023E+005  0.598368176403798E+002 
     28.66000000 -0.232742547057905E+005  0.598368181521099E+002 
     28.68000000 -0.232742547052765E+005  0.598368186661571E+002 
     28.70000000 -0.232742547047597E+005  0.598368191829947E+002 
     28.72000000 -0.232742547042404E+005  0.598368197022732E+002 
     28.74000000 -0.232742547037195E+005  0.598368202231912E+002 
     28.76000000 -0.232742547031980E+005  0.598368207446382E+002 
     28.78000000 -0.232742547026770E+005  0.598368212656089E+002 
     28.80000000 -0.232742547021573E+005  0.598368217853421E+002 
     28.82000000 -0.232742547016393E+005  0.598368223033676E+002 
     28.84000000 -0.232742547011232E+005  0.598368228194968E+002 
     28.86000000 -0.232742547006090E+005  0.598368233336492E+002 
     28.88000000 -0.232742547000971E+005  0.598368238455216E+002 
     28.90000000 -0.232742546995879E+005  0.598368243547119E+002 
     28.92000000 -0.232742546990820E+005  0.598368248606910E+002 
     28.94000000 -0.232742546985794E+005  0.598368253632239E+002 
     28.96000000 -0.232742546980799E+005  0.598368258627746E+002 
     28.98000000 -0.232742546975820E+005  0.598368263606270E+002 
     29.00000000 -0.232742546970836E+005  0.598368268590826E+002 
     29.02000000 -0.232742546965817E+005  0.598368273609689E+002 
     29.04000000 -0.232742546960735E+005  0.598368278691198E+002 
     29.06000000 -0.232742546955570E+005  0.598368283856635E+002 
     29.08000000 -0.232742546950313E+005  0.598368289113240E+002 
     29.10000000 -0.232742546944974E+005  0.598368294452969E+002 
     29.12000000 -0.232742546939575E+005  0.598368299851507E+002 
     29.14000000 -0.232742546934151E+005  0.598368305275969E+002 
     29.16000000 -0.232742546928735E+005  0.598368310691337E+002 
     29.18000000 -0.232742546923357E+005  0.598368316069333E+002 
     29.20000000 -0.232742546918034E+005  0.598368321392883E+002 
     29.22000000 -0.232742546912766E+005  0.598368326660285E+002 
     29.24000000 -0.232742546907545E+005  0.598368331881870E+002 
     29.26000000 -0.232742546902350E+005  0.598368337076635E+002 
     29.28000000 -0.232742546897159E+005  0.598368342267408E+002 
     29.30000000 -0.232742546891952E+005  0.598368347474516E+002 
     29.32000000 -0.232742546886712E+005  0.598368352714539E+002 
     29.34000000 -0.232742546881429E+005  0.598368357997687E+002 
     29.36000000 -0.232742546876097E+005  0.598368363329868E+002 
     29.38000000 -0.232742546870715E+005  0.598368368711237E+002 
     29.40000000 -0.232742546865288E+005  0.598368374138359E+002 
     29.42000000 -0.232742546859823E+005  0.598368379603904E+002 
     29.44000000 -0.232742546854331E+005  0.598368385095157E+002 
     29.46000000 -0.232742546848831E+005  0.598368390595134E+002 
     29.48000000 -0.232742546843343E+005  0.598368396083695E+002 
     29.50000000 -0.232742546837887E+005  0.598368401539464E+002 
     29.52000000 -0.232742546832482E+005  0.598368406944189E+002 
     29.54000000 -0.232742546827140E+005  0.598368412286610E+002 
     29.56000000 -0.232742546821862E+005  0.598368417564870E+002 
     29.58000000 -0.232742546816638E+005  0.598368422788869E+002 
     29.60000000 -0.232742546811448E+005  0.598368427978281E+002 
     29.62000000 -0.232742546806267E+005  0.598368433159681E+002 
     29.64000000 -0.232742546801066E+005  0.598368438361004E+002 
     29.66000000 -0.232742546795821E+005  0.598368443605915E+002 
     29.68000000 -0.232742546790517E+005  0.598368448909233E+002 
     29.70000000 -0.232742546785153E+005  0.598368454273989E+002 
     29.72000000 -0.232742546779736E+005  0.598368459690625E+002 
     29.74000000 -0.232742546774286E+005  0.598368465140300E+002 
     29.76000000 -0.232742546768827E+005  0.598368470599905E+002 
     29.78000000 -0.232742546763381E+005  0.598368476045961E+002 
     29.80000000 -0.232742546757964E+005  0.598368481462256E+002 
     29.82000000 -0.232742546752586E+005  0.598368486840686E+002 
     29.84000000 -0.232742546747242E+005  0.598368492184468E+002 
     29.86000000 -0.232742546741922E+005  0.598368497504243E+002 
     29.88000000 -0.232742546736611E+005  0.598368502815109E+002 
     29.90000000 -0.232742546731297E+005  0.598368508129410E+002 
     29.92000000 -0.232742546725974E+005  0.598368513452464E+002 
     29.94000000 -0.232742546720647E+005  0.598368518779139E+002 
     29.96000000 -0.232742546715331E+005  0.598368524095450E+002 
     29.98000000 -0.232742546710045E+005  0.598368529381382E+002 
     30.00000000 -0.232742546704806E+005  0.598368534620601E+002 
