# Real time calculation: 
# Eall: Total energy
# Eall0: Initial total energy
# 1:Time[fs] 2:Eall[eV] 3:Eall-Eall0[eV] 
      0.00000000 -0.233340915239427E+005  0.000000000000000E+000 
      0.02000000 -0.233340915239482E+005 -0.559318597997844E-008 
      0.04000000 -0.233340915239485E+005 -0.585304639055266E-008 
      0.06000000 -0.233340915239482E+005 -0.551894014838581E-008 
      0.08000000 -0.233340915239475E+005 -0.481051117193942E-008 
      0.10000000 -0.233340915239471E+005 -0.443000128502717E-008 
      0.12000000 -0.233340915239478E+005 -0.511986880357540E-008 
      0.14000000 -0.233340915239494E+005 -0.676874498019515E-008 
      0.16000000 -0.233340915239498E+005 -0.717709705395464E-008 
      0.18000000 -0.233340915239433E+005 -0.593966652741074E-009 
      0.20000000 -0.233340915239187E+005  0.239844971807372E-007 
      0.22000000 -0.233340915238581E+005  0.845907507945412E-007 
      0.24000000 -0.233340915237347E+005  0.207999697206765E-006 
      0.26000000 -0.233340915235109E+005  0.431717855676953E-006 
      0.28000000 -0.233340915231371E+005  0.805539430593234E-006 
      0.30000000 -0.233340915225493E+005  0.139340245726213E-005 
      0.32000000 -0.233340915216679E+005  0.227473141402986E-005 
      0.34000000 -0.233340915203968E+005  0.354585098665892E-005 
      0.36000000 -0.233340915186217E+005  0.532096982559668E-005 
      0.38000000 -0.233340915162098E+005  0.773290134925710E-005 
      0.40000000 -0.233340915130089E+005  0.109337752665735E-004 
      0.42000000 -0.233340915088477E+005  0.150949169275221E-004 
      0.44000000 -0.233340915035356E+005  0.204070174698198E-004 
      0.46000000 -0.233340914968630E+005  0.270796450338657E-004 
      0.48000000 -0.233340914886020E+005  0.353406693575465E-004 
      0.50000000 -0.233340914785073E+005  0.454353801069863E-004 
      0.52000000 -0.233340914663171E+005  0.576256052072967E-004 
      0.54000000 -0.233340914517545E+005  0.721882011773338E-004 
      0.56000000 -0.233340914345287E+005  0.894139982201751E-004 
      0.58000000 -0.233340914143366E+005  0.109606077101111E-003 
      0.60000000 -0.233340913908643E+005  0.133078389412606E-003 
      0.62000000 -0.233340913637889E+005  0.160153740562545E-003 
      0.64000000 -0.233340913327805E+005  0.191162190395271E-003 
      0.66000000 -0.233340912975037E+005  0.226438918623935E-003 
      0.68000000 -0.233340912576203E+005  0.266322371778274E-003 
      0.70000000 -0.233340912127901E+005  0.311152524614728E-003 
      0.72000000 -0.233340911626738E+005  0.361268856917524E-003 
      0.74000000 -0.233340911069338E+005  0.417008834552710E-003 
      0.76000000 -0.233340910452363E+005  0.478706313182771E-003 
      0.78000000 -0.233340909772523E+005  0.546690322491137E-003 
      0.80000000 -0.233340909026588E+005  0.621283862781002E-003 
      0.82000000 -0.233340908211395E+005  0.702803202733490E-003 
      0.84000000 -0.233340907323856E+005  0.791557047235635E-003 
      0.86000000 -0.233340906360968E+005  0.887845893916504E-003 
      0.88000000 -0.233340905319809E+005  0.991961729976716E-003 
      0.90000000 -0.233340904197546E+005  0.110418804146917E-002 
      0.92000000 -0.233340902991431E+005  0.122479954415792E-002 
      0.94000000 -0.233340901698799E+005  0.135406277748480E-002 
      0.96000000 -0.233340900317063E+005  0.149223637371059E-002 
      0.98000000 -0.233340898843705E+005  0.163957211901167E-002 
      1.00000000 -0.233340897276272E+005  0.179631550413664E-002 
      1.02000000 -0.233340895612353E+005  0.196270736709529E-002 
      1.04000000 -0.233340893849577E+005  0.213898495734891E-002 
      1.06000000 -0.233340891985592E+005  0.232538346094336E-002 
      1.08000000 -0.233340890018048E+005  0.252213785974850E-002 
      1.10000000 -0.233340887944585E+005  0.272948415032718E-002 
      1.12000000 -0.233340885762814E+005  0.294766122482971E-002 
      1.14000000 -0.233340883470301E+005  0.317691252605715E-002 
      1.16000000 -0.233340881064551E+005  0.341748751691008E-002 
      1.18000000 -0.233340878542995E+005  0.366964318386667E-002 
      1.20000000 -0.233340875902973E+005  0.393364538578198E-002 
      1.22000000 -0.233340873141722E+005  0.420977043779901E-002 
      1.24000000 -0.233340870256363E+005  0.449830639518287E-002 
      1.26000000 -0.233340867243884E+005  0.479955421959909E-002 
      1.28000000 -0.233340864101137E+005  0.511382891445607E-002 
      1.30000000 -0.233340860824824E+005  0.544146029829921E-002 
      1.32000000 -0.233340857411488E+005  0.578279385245078E-002 
      1.34000000 -0.233340853857515E+005  0.613819115101708E-002 
      1.36000000 -0.233340850159123E+005  0.650803031873766E-002 
      1.38000000 -0.233340846312363E+005  0.689270637437237E-002 
      1.40000000 -0.233340842313115E+005  0.729263120285913E-002 
      1.42000000 -0.233340838157093E+005  0.770823332020211E-002 
      1.44000000 -0.233340833839848E+005  0.813995787656537E-002 
      1.46000000 -0.233340829356766E+005  0.858826608086759E-002 
      1.48000000 -0.233340824703081E+005  0.905363458516046E-002 
      1.50000000 -0.233340819873880E+005  0.953655469886024E-002 
      1.52000000 -0.233340814864115E+005  0.100375311915337E-001 
      1.54000000 -0.233340809668614E+005  0.105570812565502E-001 
      1.56000000 -0.233340804282097E+005  0.110957329457319E-001 
      1.58000000 -0.233340798699186E+005  0.116540240866021E-001 
      1.60000000 -0.233340792914417E+005  0.122325009676154E-001 
      1.62000000 -0.233340786922258E+005  0.128317168625216E-001 
      1.64000000 -0.233340780717123E+005  0.134522303938640E-001 
      1.66000000 -0.233340774293388E+005  0.140946038593548E-001 
      1.68000000 -0.233340767645412E+005  0.147594014809102E-001 
      1.70000000 -0.233340760767547E+005  0.154471879290154E-001 
      1.72000000 -0.233340753654162E+005  0.161585264387359E-001 
      1.74000000 -0.233340746299656E+005  0.168939770927831E-001 
      1.76000000 -0.233340738698476E+005  0.176540950674564E-001 
      1.78000000 -0.233340730845139E+005  0.184394287795907E-001 
      1.80000000 -0.233340722734241E+005  0.192505185315705E-001 
      1.82000000 -0.233340714360484E+005  0.200878942530187E-001 
      1.84000000 -0.233340705718683E+005  0.209520743902031E-001 
      1.86000000 -0.233340696803782E+005  0.218435644613359E-001 
      1.88000000 -0.233340687610869E+005  0.227628558036756E-001 
      1.90000000 -0.233340678135180E+005  0.237104247042318E-001 
      1.92000000 -0.233340668372112E+005  0.246867314221953E-001 
      1.94000000 -0.233340658317232E+005  0.256922194959770E-001 
      1.96000000 -0.233340647966277E+005  0.267273149203162E-001 
      1.98000000 -0.233340637315169E+005  0.277924257162741E-001 
      2.00000000 -0.233340626360009E+005  0.288879417734610E-001 
      2.02000000 -0.233340615097081E+005  0.300142345375852E-001 
      2.04000000 -0.233340603522855E+005  0.311716571280089E-001 
      2.06000000 -0.233340591633980E+005  0.323605446966030E-001 
      2.08000000 -0.233340579427278E+005  0.335812148330058E-001 
      2.10000000 -0.233340566899744E+005  0.348339682173674E-001 
      2.12000000 -0.233340554048531E+005  0.361190895886390E-001 
      2.14000000 -0.233340540870941E+005  0.374368485241545E-001 
      2.16000000 -0.233340527364421E+005  0.387875005564111E-001 
      2.18000000 -0.233340513526543E+005  0.401712883548158E-001 
      2.20000000 -0.233340499354994E+005  0.415884432075084E-001 
      2.22000000 -0.233340484847565E+005  0.430391861814524E-001 
      2.24000000 -0.233340470002129E+005  0.445237297713114E-001 
      2.26000000 -0.233340454816636E+005  0.460422790471658E-001 
      2.28000000 -0.233340439289094E+005  0.475950332879213E-001 
      2.30000000 -0.233340423417555E+005  0.491821871908968E-001 
      2.32000000 -0.233340407200104E+005  0.508039322299049E-001 
      2.34000000 -0.233340390634847E+005  0.524604579298050E-001 
      2.36000000 -0.233340373719897E+005  0.541519529863782E-001 
      2.38000000 -0.233340356453361E+005  0.558786065068510E-001 
      2.40000000 -0.233340338833336E+005  0.576406090276824E-001 
      2.42000000 -0.233340320857892E+005  0.594381534550107E-001 
      2.44000000 -0.233340302525066E+005  0.612714360329432E-001 
      2.46000000 -0.233340283832858E+005  0.631406568880252E-001 
      2.48000000 -0.233340264779221E+005  0.650460205149321E-001 
      2.50000000 -0.233340245362067E+005  0.669877359806449E-001 
      2.52000000 -0.233340225579255E+005  0.689660171100650E-001 
      2.54000000 -0.233340205428603E+005  0.709810823158675E-001 
      2.56000000 -0.233340184907884E+005  0.730331542179912E-001 
      2.58000000 -0.233340164014836E+005  0.751224590372979E-001 
      2.60000000 -0.233340142747170E+005  0.772492256705928E-001 
      2.62000000 -0.233340121102578E+005  0.794136849017627E-001 
      2.64000000 -0.233340099078746E+005  0.816160681024739E-001 
      2.66000000 -0.233340076673366E+005  0.838566060133030E-001 
      2.68000000 -0.233340053884156E+005  0.861355270886738E-001 
      2.70000000 -0.233340030708865E+005  0.884530561387774E-001 
      2.72000000 -0.233340007145300E+005  0.908094126281047E-001 
      2.74000000 -0.233339983191334E+005  0.932048092957118E-001 
      2.76000000 -0.233339958844922E+005  0.956394505032502E-001 
      2.78000000 -0.233339934104122E+005  0.981135304685346E-001 
      2.80000000 -0.233339908967112E+005  0.100627231418678E+000 
      2.82000000 -0.233339883432208E+005  0.103180721873156E+000 
      2.84000000 -0.233339857497877E+005  0.105774154951624E+000 
      2.86000000 -0.233339831162759E+005  0.108407666725033E+000 
      2.88000000 -0.233339804425678E+005  0.111081374826626E+000 
      2.90000000 -0.233339777285660E+005  0.113795376608153E+000 
      2.92000000 -0.233339749741944E+005  0.116549748211810E+000 
      2.94000000 -0.233339721793997E+005  0.119344542961571E+000 
      2.96000000 -0.233339693441524E+005  0.122179790292814E+000 
      2.98000000 -0.233339664684477E+005  0.125055494920151E+000 
      3.00000000 -0.233339635523065E+005  0.127971636190866E+000 
      3.02000000 -0.233339605957754E+005  0.130928167231090E+000 
      3.04000000 -0.233339575989280E+005  0.133925014698315E+000 
      3.06000000 -0.233339545618643E+005  0.136962078366858E+000 
      3.08000000 -0.233339514847113E+005  0.140039231307280E+000 
      3.10000000 -0.233339483676224E+005  0.143156320248345E+000 
      3.12000000 -0.233339452107767E+005  0.146313165994642E+000 
      3.14000000 -0.233339420143784E+005  0.149509564286610E+000 
      3.16000000 -0.233339387786561E+005  0.152745286564643E+000 
      3.18000000 -0.233339355038613E+005  0.156020081320985E+000 
      3.20000000 -0.233339321902675E+005  0.159333675194861E+000 
      3.22000000 -0.233339288381682E+005  0.162685774482133E+000 
      3.24000000 -0.233339254478760E+005  0.166076066703752E+000 
      3.26000000 -0.233339220197205E+005  0.169504222115419E+000 
      3.28000000 -0.233339185540469E+005  0.172969895733876E+000 
      3.30000000 -0.233339150512135E+005  0.176472729183776E+000 
      3.32000000 -0.233339115115899E+005  0.180012352754907E+000 
      3.34000000 -0.233339079355555E+005  0.183588387156250E+000 
      3.36000000 -0.233339043234966E+005  0.187200446052714E+000 
      3.38000000 -0.233339006758046E+005  0.190848138088335E+000 
      3.40000000 -0.233338969928735E+005  0.194531069153863E+000 
      3.42000000 -0.233338932750981E+005  0.198248844561552E+000 
      3.44000000 -0.233338895228715E+005  0.202001071173536E+000 
      3.46000000 -0.233338857365835E+005  0.205787359112579E+000 
      3.48000000 -0.233338819166191E+005  0.209607323534694E+000 
      3.50000000 -0.233338780633567E+005  0.213460585974848E+000 
      3.52000000 -0.233338741771668E+005  0.217346775844252E+000 
      3.54000000 -0.233338702584113E+005  0.221265531349158E+000 
      3.56000000 -0.233338663074422E+005  0.225216500468422E+000 
      3.58000000 -0.233338623246012E+005  0.229199341442294E+000 
      3.60000000 -0.233338583102191E+005  0.233213723530343E+000 
      3.62000000 -0.233338542646157E+005  0.237259326977428E+000 
      3.64000000 -0.233338501880996E+005  0.241335843072474E+000 
      3.66000000 -0.233338460809688E+005  0.245442973811275E+000 
      3.68000000 -0.233338419435116E+005  0.249580431008636E+000 
      3.70000000 -0.233338377760071E+005  0.253747935596130E+000 
      3.72000000 -0.233338335787266E+005  0.257945216044377E+000 
      3.74000000 -0.233338293519358E+005  0.262172006837910E+000 
      3.76000000 -0.233338250958960E+005  0.266428046665429E+000 
      3.78000000 -0.233338208108664E+005  0.270713076260492E+000 
      3.80000000 -0.233338164971063E+005  0.275026836378309E+000 
      3.82000000 -0.233338121548774E+005  0.279369065268294E+000 
      3.84000000 -0.233338077844463E+005  0.283739496344603E+000 
      3.86000000 -0.233338033860869E+005  0.288137855766953E+000 
      3.88000000 -0.233337989600828E+005  0.292563859903894E+000 
      3.90000000 -0.233337945067295E+005  0.297017213151833E+000 
      3.92000000 -0.233337900263369E+005  0.301497605732413E+000 
      3.94000000 -0.233337855192313E+005  0.306004711338298E+000 
      3.96000000 -0.233337809857576E+005  0.310538185103787E+000 
      3.98000000 -0.233337764262814E+005  0.315097661238229E+000 
      4.00000000 -0.233337718411917E+005  0.319682750984262E+000 
      4.02000000 -0.233337672309022E+005  0.324293040461593E+000 
      4.04000000 -0.233337625958537E+005  0.328928088993369E+000 
      4.06000000 -0.233337579365152E+005  0.333587427503706E+000 
      4.08000000 -0.233337532533859E+005  0.338270556788381E+000 
      4.10000000 -0.233337485469958E+005  0.342976946902303E+000 
      4.12000000 -0.233337438179065E+005  0.347706036116979E+000 
      4.14000000 -0.233337390667119E+005  0.352457230765832E+000 
      4.16000000 -0.233337342940374E+005  0.357229905278235E+000 
      4.18000000 -0.233337295005400E+005  0.362023402659010E+000 
      4.20000000 -0.233337246869073E+005  0.366837035367009E+000 
      4.22000000 -0.233337198538564E+005  0.371670086261743E+000 
      4.24000000 -0.233337150021327E+005  0.376521810001685E+000 
      4.26000000 -0.233337101325085E+005  0.381391434201260E+000 
      4.28000000 -0.233337052457816E+005  0.386278161033324E+000 
      4.30000000 -0.233337003427736E+005  0.391181169029623E+000 
      4.32000000 -0.233336954243279E+005  0.396099614726572E+000 
      4.34000000 -0.233336904913080E+005  0.401032634666807E+000 
      4.36000000 -0.233336855445951E+005  0.405979347573960E+000 
      4.38000000 -0.233336805850860E+005  0.410938856641913E+000 
      4.40000000 -0.233336756136908E+005  0.415910251836415E+000 
      4.42000000 -0.233336706313305E+005  0.420892612190514E+000 
      4.44000000 -0.233336656389342E+005  0.425885008434104E+000 
      4.46000000 -0.233336606374375E+005  0.430886505171792E+000 
      4.48000000 -0.233336556277796E+005  0.435896163079348E+000 
      4.50000000 -0.233336506109016E+005  0.440913041084668E+000 
      4.52000000 -0.233336455877444E+005  0.445936198270330E+000 
      4.54000000 -0.233336405592472E+005  0.450964695411095E+000 
      4.56000000 -0.233336355263458E+005  0.455997596860994E+000 
      4.58000000 -0.233336304899708E+005  0.461033971812410E+000 
      4.60000000 -0.233336254510470E+005  0.466072895682002E+000 
      4.62000000 -0.233336204104909E+005  0.471113451722460E+000 
      4.64000000 -0.233336153692107E+005  0.476154731919635E+000 
      4.66000000 -0.233336103281040E+005  0.481195838663080E+000 
      4.68000000 -0.233336052880568E+005  0.486235885893760E+000 
      4.70000000 -0.233336002499418E+005  0.491274000892140E+000 
      4.72000000 -0.233335952146169E+005  0.496309325707421E+000 
      4.74000000 -0.233335901829240E+005  0.501341018682667E+000 
      4.76000000 -0.233335851556867E+005  0.506368255986132E+000 
      4.78000000 -0.233335801337092E+005  0.511390233430278E+000 
      4.80000000 -0.233335751177753E+005  0.516406167399850E+000 
      4.82000000 -0.233335701086464E+005  0.521415296250172E+000 
      4.84000000 -0.233335651070621E+005  0.526416880597941E+000 
      4.86000000 -0.233335601137388E+005  0.531410203871890E+000 
      4.88000000 -0.233335551293707E+005  0.536394571963207E+000 
      4.90000000 -0.233335501546302E+005  0.541369312501639E+000 
      4.92000000 -0.233335451901694E+005  0.546333773231371E+000 
      4.94000000 -0.233335402366221E+005  0.551287320532288E+000 
      4.96000000 -0.233335352946063E+005  0.556229336397555E+000 
      4.98000000 -0.233335303647273E+005  0.561159215383351E+000 
      5.00000000 -0.233335254475819E+005  0.566076360744993E+000 
      5.02000000 -0.233335205437627E+005  0.570980179948154E+000 
      5.04000000 -0.233335156538624E+005  0.575870080241956E+000 
      5.06000000 -0.233335107784788E+005  0.580745463879396E+000 
      5.08000000 -0.233335059182192E+005  0.585605723418204E+000 
      5.10000000 -0.233335010737053E+005  0.590450237361990E+000 
      5.12000000 -0.233334962455767E+005  0.595278365980827E+000 
      5.14000000 -0.233334914344943E+005  0.600089448319762E+000 
      5.16000000 -0.233334866411434E+005  0.604882799306318E+000 
      5.18000000 -0.233334818662344E+005  0.609657708262491E+000 
      5.20000000 -0.233334771105049E+005  0.614413437719901E+000 
      5.22000000 -0.233334723747191E+005  0.619149223568293E+000 
      5.24000000 -0.233334676596672E+005  0.623864275491725E+000 
      5.26000000 -0.233334629661642E+005  0.628557778428739E+000 
      5.28000000 -0.233334582950479E+005  0.633228894762611E+000 
      5.30000000 -0.233334536471760E+005  0.637876766650816E+000 
      5.32000000 -0.233334490234234E+005  0.642500519239252E+000 
      5.34000000 -0.233334444246788E+005  0.647099263870280E+000 
      5.36000000 -0.233334398518412E+005  0.651672101417599E+000 
      5.38000000 -0.233334353058166E+005  0.656218126072783E+000 
      5.40000000 -0.233334307875139E+005  0.660736428711092E+000 
      5.42000000 -0.233334262978431E+005  0.665226099595257E+000 
      5.44000000 -0.233334218377110E+005  0.669686231670142E+000 
      5.46000000 -0.233334174080200E+005  0.674115922657090E+000 
      5.48000000 -0.233334130096659E+005  0.678514276724460E+000 
      5.50000000 -0.233334086435364E+005  0.682880406241679E+000 
      5.52000000 -0.233334043105104E+005  0.687213432302060E+000 
      5.54000000 -0.233334000114571E+005  0.691512485558070E+000 
      5.56000000 -0.233333957472363E+005  0.695776706394561E+000 
      5.58000000 -0.233333915186976E+005  0.700005245098929E+000 
      5.60000000 -0.233333873266808E+005  0.704197261833261E+000 
      5.62000000 -0.233333831720161E+005  0.708351926538441E+000 
      5.64000000 -0.233333790555238E+005  0.712468418825872E+000 
      5.66000000 -0.233333749780153E+005  0.716545927346388E+000 
      5.68000000 -0.233333709402924E+005  0.720583650235726E+000 
      5.70000000 -0.233333669431481E+005  0.724580794585528E+000 
      5.72000000 -0.233333629873658E+005  0.728536576857878E+000 
      5.74000000 -0.233333590737198E+005  0.732450222860554E+000 
      5.76000000 -0.233333552029744E+005  0.736320968276031E+000 
      5.78000000 -0.233333513758834E+005  0.740148059215227E+000 
      5.80000000 -0.233333475931890E+005  0.743930753637459E+000 
      5.82000000 -0.233333438556205E+005  0.747668322188801E+000 
      5.84000000 -0.233333401638929E+005  0.751360049782901E+000 
      5.86000000 -0.233333365187052E+005  0.755005237478780E+000 
      5.88000000 -0.233333329207384E+005  0.758603204302952E+000 
      5.90000000 -0.233333293706535E+005  0.762153289142689E+000 
      5.92000000 -0.233333258690898E+005  0.765654852855845E+000 
      5.94000000 -0.233333224166626E+005  0.769107280065125E+000 
      5.96000000 -0.233333190139616E+005  0.772509981103947E+000 
      5.98000000 -0.233333156615496E+005  0.775862393052790E+000 
      6.00000000 -0.233333123599616E+005  0.779163981094182E+000 
      6.02000000 -0.233333091097038E+005  0.782414238883923E+000 
      6.04000000 -0.233333059112539E+005  0.785612688807862E+000 
      6.06000000 -0.233333027650611E+005  0.788758881589003E+000 
      6.08000000 -0.233332996715473E+005  0.791852395384185E+000 
      6.10000000 -0.233332966311088E+005  0.794892833810382E+000 
      6.12000000 -0.233332936441185E+005  0.797879824110210E+000 
      6.14000000 -0.233332907109282E+005  0.800813014445046E+000 
      6.16000000 -0.233332878318722E+005  0.803692070445694E+000 
      6.18000000 -0.233332850072709E+005  0.806516671729017E+000 
      6.20000000 -0.233332822374351E+005  0.809286507539087E+000 
      6.22000000 -0.233332795226698E+005  0.812001272901870E+000 
      6.24000000 -0.233332768632786E+005  0.814660664012703E+000 
      6.26000000 -0.233332742595682E+005  0.817264374440478E+000 
      6.28000000 -0.233332717118518E+005  0.819812090880160E+000 
      6.30000000 -0.233332692204529E+005  0.822303489790070E+000 
      6.32000000 -0.233332667857081E+005  0.824738234514859E+000 
      6.34000000 -0.233332644079698E+005  0.827115972813741E+000 
      6.36000000 -0.233332620876073E+005  0.829436335338451E+000 
      6.38000000 -0.233332598250079E+005  0.831698934782516E+000 
      6.40000000 -0.233332576205769E+005  0.833903365745134E+000 
      6.42000000 -0.233332554747371E+005  0.836049205532411E+000 
      6.44000000 -0.233332533879266E+005  0.838136016038257E+000 
      6.46000000 -0.233332513605968E+005  0.840163345826360E+000 
      6.48000000 -0.233332493932090E+005  0.842130733703270E+000 
      6.50000000 -0.233332474862303E+005  0.844037712375003E+000 
      6.52000000 -0.233332456401295E+005  0.845883813130718E+000 
      6.54000000 -0.233332438553719E+005  0.847668570712005E+000 
      6.56000000 -0.233332421324140E+005  0.849391528686426E+000 
      6.58000000 -0.233332404716975E+005  0.851052245204665E+000 
      6.60000000 -0.233332388736441E+005  0.852650298599894E+000 
      6.62000000 -0.233332373386499E+005  0.854185292786071E+000 
      6.64000000 -0.233332358670801E+005  0.855656862575791E+000 
      6.66000000 -0.233332344592642E+005  0.857064678472241E+000 
      6.68000000 -0.233332331154916E+005  0.858408451068263E+000 
      6.70000000 -0.233332318360080E+005  0.859687934637997E+000 
      6.72000000 -0.233332306210130E+005  0.860902929692174E+000 
      6.74000000 -0.233332294706574E+005  0.862053285211679E+000 
      6.76000000 -0.233332283850432E+005  0.863138899451881E+000 
      6.78000000 -0.233332273642225E+005  0.864159720174649E+000 
      6.80000000 -0.233332264081984E+005  0.865115744227630E+000 
      6.82000000 -0.233332255169270E+005  0.866007015681912E+000 
      6.84000000 -0.233332246903188E+005  0.866833623824294E+000 
      6.86000000 -0.233332239282427E+005  0.867595699921406E+000 
      6.88000000 -0.233332232305287E+005  0.868293413921958E+000 
      6.90000000 -0.233332225969722E+005  0.868926970416526E+000 
      6.92000000 -0.233332220273383E+005  0.869496604328200E+000 
      6.94000000 -0.233332215213662E+005  0.870002576426904E+000 
      6.96000000 -0.233332210787735E+005  0.870445169128312E+000 
      6.98000000 -0.233332206992606E+005  0.870824682085508E+000 
      7.00000000 -0.233332203825146E+005  0.871141428034308E+000 
      7.02000000 -0.233332201282135E+005  0.871395729136656E+000 
      7.04000000 -0.233332199360288E+005  0.871587913871580E+000 
      7.06000000 -0.233332198056289E+005  0.871718313768372E+000 
      7.08000000 -0.233332197366817E+005  0.871787260978134E+000 
      7.10000000 -0.233332197288559E+005  0.871795086751738E+000 
      7.12000000 -0.233332197818229E+005  0.871742119710515E+000 
      7.14000000 -0.233332198952577E+005  0.871628684992429E+000 
      7.16000000 -0.233332200688389E+005  0.871455103794228E+000 
      7.18000000 -0.233332203022494E+005  0.871221693291012E+000 
      7.20000000 -0.233332205951760E+005  0.870928766626950E+000 
      7.22000000 -0.233332209473092E+005  0.870576633462843E+000 
      7.24000000 -0.233332213583422E+005  0.870165600495848E+000 
      7.26000000 -0.233332218279707E+005  0.869695971938978E+000 
      7.28000000 -0.233332223558923E+005  0.869168050362560E+000 
      7.30000000 -0.233332229418056E+005  0.868582137028335E+000 
      7.32000000 -0.233332235854097E+005  0.867938532981496E+000 
      7.34000000 -0.233332242864039E+005  0.867237538797010E+000 
      7.36000000 -0.233332250444868E+005  0.866479455872739E+000 
      7.38000000 -0.233332258593560E+005  0.865664586645983E+000 
      7.40000000 -0.233332267307074E+005  0.864793235243136E+000 
      7.42000000 -0.233332276582346E+005  0.863865708073651E+000 
      7.44000000 -0.233332286416281E+005  0.862882314547752E+000 
      7.46000000 -0.233332296805744E+005  0.861843368224147E+000 
      7.48000000 -0.233332307747548E+005  0.860749187852564E+000 
      7.50000000 -0.233332319238435E+005  0.859600099149467E+000 
      7.52000000 -0.233332331275061E+005  0.858396436567578E+000 
      7.54000000 -0.233332343853968E+005  0.857138545807865E+000 
      7.56000000 -0.233332356971562E+005  0.855826786424327E+000 
      7.58000000 -0.233332370624076E+005  0.854461535044414E+000 
      7.60000000 -0.233332384807538E+005  0.853043188867856E+000 
      7.62000000 -0.233332399517731E+005  0.851572169552199E+000 
      7.64000000 -0.233332414750157E+005  0.850048926980780E+000 
      7.66000000 -0.233332430499992E+005  0.848473943442145E+000 
      7.68000000 -0.233332446762049E+005  0.846847737722855E+000 
      7.70000000 -0.233332463530741E+005  0.845170868581572E+000 
      7.72000000 -0.233332480800044E+005  0.843443938260265E+000 
      7.74000000 -0.233332498563471E+005  0.841667595522103E+000 
      7.76000000 -0.233332516814052E+005  0.839842537408610E+000 
      7.78000000 -0.233332535544317E+005  0.837969510913283E+000 
      7.80000000 -0.233332554746294E+005  0.836049313207429E+000 
      7.82000000 -0.233332574411513E+005  0.834082791336992E+000 
      7.84000000 -0.233332594531021E+005  0.832070840514901E+000 
      7.86000000 -0.233332615095411E+005  0.830014401584331E+000 
      7.88000000 -0.233332636094854E+005  0.827914457256924E+000 
      7.90000000 -0.233332657519152E+005  0.825772027463136E+000 
      7.92000000 -0.233332679357790E+005  0.823588163700276E+000 
      7.94000000 -0.233332701600001E+005  0.821363942573119E+000 
      7.96000000 -0.233332724234840E+005  0.819100458629181E+000 
      7.98000000 -0.233332747251259E+005  0.816798816733057E+000 
      8.00000000 -0.233332770638182E+005  0.814460124490251E+000 
      8.02000000 -0.233332794384583E+005  0.812085484327617E+000 
      8.04000000 -0.233332818479564E+005  0.809675986276052E+000 
      8.06000000 -0.233332842912415E+005  0.807232701164624E+000 
      8.08000000 -0.233332867672681E+005  0.804756674585004E+000 
      8.10000000 -0.233332892750210E+005  0.802248921644763E+000 
      8.12000000 -0.233332918135198E+005  0.799710422880758E+000 
      8.14000000 -0.233332943818210E+005  0.797142121654336E+000 
      8.16000000 -0.233332969790203E+005  0.794544922310663E+000 
      8.18000000 -0.233332996042527E+005  0.791919689996199E+000 
      8.20000000 -0.233333022566908E+005  0.789267251824973E+000 
      8.22000000 -0.233333049355432E+005  0.786588399415325E+000 
      8.24000000 -0.233333076400504E+005  0.783883892305203E+000 
      8.26000000 -0.233333103694797E+005  0.781154462939019E+000 
      8.28000000 -0.233333131231206E+005  0.778400822081398E+000 
      8.30000000 -0.233333159002773E+005  0.775623665400315E+000 
      8.32000000 -0.233333187002626E+005  0.772823680056409E+000 
      8.34000000 -0.233333215223911E+005  0.770001551545975E+000 
      8.36000000 -0.233333243659716E+005  0.767157971038927E+000 
      8.38000000 -0.233333272303013E+005  0.764293641367963E+000 
      8.40000000 -0.233333301146592E+005  0.761409283469387E+000 
      8.42000000 -0.233333330183009E+005  0.758505641806153E+000 
      8.44000000 -0.233333359404537E+005  0.755583488930887E+000 
      8.46000000 -0.233333388803134E+005  0.752643629278614E+000 
      8.48000000 -0.233333418370408E+005  0.749686901876727E+000 
      8.50000000 -0.233333448097606E+005  0.746714182095955E+000 
      8.52000000 -0.233333477975602E+005  0.743726382445411E+000 
      8.54000000 -0.233333507994903E+005  0.740724452315824E+000 
      8.56000000 -0.233333538145659E+005  0.737709376742109E+000 
      8.58000000 -0.233333568417679E+005  0.734682174794710E+000 
      8.60000000 -0.233333598800461E+005  0.731643896581919E+000 
      8.62000000 -0.233333629283221E+005  0.728595620530627E+000 
      8.64000000 -0.233333659854931E+005  0.725538449590504E+000 
      8.66000000 -0.233333690504349E+005  0.722473507759916E+000 
      8.68000000 -0.233333721220067E+005  0.719401935952900E+000 
      8.70000000 -0.233333751990543E+005  0.716324888348751E+000 
      8.72000000 -0.233333782804142E+005  0.713243528447709E+000 
      8.74000000 -0.233333813649171E+005  0.710159025547375E+000 
      8.76000000 -0.233333844513913E+005  0.707072551345966E+000 
      8.78000000 -0.233333875386659E+005  0.703985276743557E+000 
      8.80000000 -0.233333906255737E+005  0.700898368983615E+000 
      8.82000000 -0.233333937109534E+005  0.697812989295694E+000 
      8.84000000 -0.233333967936523E+005  0.694730290352518E+000 
      8.86000000 -0.233333998725281E+005  0.691651414593257E+000 
      8.88000000 -0.233334029464503E+005  0.688577492361202E+000 
      8.90000000 -0.233334060143024E+005  0.685509640282723E+000 
      8.92000000 -0.233334090749825E+005  0.682448960159775E+000 
      8.94000000 -0.233334121274050E+005  0.679396537648935E+000 
      8.96000000 -0.233334151705014E+005  0.676353441255996E+000 
      8.98000000 -0.233334182032213E+005  0.673320721327457E+000 
      9.00000000 -0.233334212245333E+005  0.670299409369936E+000 
      9.02000000 -0.233334242334257E+005  0.667290516927205E+000 
      9.04000000 -0.233334272289075E+005  0.664295035202771E+000 
      9.06000000 -0.233334302100084E+005  0.661313934224610E+000 
      9.08000000 -0.233334331757803E+005  0.658348162340916E+000 
      9.10000000 -0.233334361252966E+005  0.655398646012832E+000 
      9.12000000 -0.233334390576535E+005  0.652466289186450E+000 
      9.14000000 -0.233334419719690E+005  0.649551973667138E+000 
      9.16000000 -0.233334448673835E+005  0.646656559141193E+000 
      9.18000000 -0.233334477430591E+005  0.643780883599660E+000 
      9.20000000 -0.233334505981785E+005  0.640925764161228E+000 
      9.22000000 -0.233334534319444E+005  0.638091998257062E+000 
      9.24000000 -0.233334562435777E+005  0.635280364964141E+000 
      9.26000000 -0.233334590323157E+005  0.632491627003707E+000 
      9.28000000 -0.233334617974100E+005  0.629726532631437E+000 
      9.30000000 -0.233334645381245E+005  0.626985818205115E+000 
      9.32000000 -0.233334672537320E+005  0.624270210668771E+000 
      9.34000000 -0.233334699435123E+005  0.621580430312154E+000 
      9.36000000 -0.233334726067490E+005  0.618917193700345E+000 
      9.38000000 -0.233334752427264E+005  0.616281216281646E+000 
      9.40000000 -0.233334778507274E+005  0.613673215236760E+000 
      9.42000000 -0.233334804300308E+005  0.611093911817538E+000 
      9.44000000 -0.233334829799089E+005  0.608544033797090E+000 
      9.46000000 -0.233334854996255E+005  0.606024317115564E+000 
      9.48000000 -0.233334879884351E+005  0.603535507578528E+000 
      9.50000000 -0.233334904455810E+005  0.601078361652011E+000 
      9.52000000 -0.233334928702954E+005  0.598653647229712E+000 
      9.54000000 -0.233334952617991E+005  0.596262143549477E+000 
      9.56000000 -0.233334976193018E+005  0.593904640856095E+000 
      9.58000000 -0.233334999420031E+005  0.591581939603158E+000 
      9.60000000 -0.233335022290935E+005  0.589294849135194E+000 
      9.62000000 -0.233335044797565E+005  0.587044186184193E+000 
      9.64000000 -0.233335066931698E+005  0.584830772871155E+000 
      9.66000000 -0.233335088685080E+005  0.582655434676704E+000 
      9.68000000 -0.233335110049445E+005  0.580518998133279E+000 
      9.70000000 -0.233335131016543E+005  0.578422288350274E+000 
      9.72000000 -0.233335151578161E+005  0.576366126579394E+000 
      9.74000000 -0.233335171726150E+005  0.574351327659360E+000 
      9.76000000 -0.233335191452450E+005  0.572378697664791E+000 
      9.78000000 -0.233335210749112E+005  0.570449031459187E+000 
      9.80000000 -0.233335229608323E+005  0.568563110356181E+000 
      9.82000000 -0.233335248022427E+005  0.566721699988069E+000 
      9.84000000 -0.233335265983946E+005  0.564925548087716E+000 
      9.86000000 -0.233335283485600E+005  0.563175382681904E+000 
      9.88000000 -0.233335300520324E+005  0.561471910247561E+000 
      9.90000000 -0.233335317081286E+005  0.559815814072171E+000 
      9.92000000 -0.233335333161898E+005  0.558207752877126E+000 
      9.94000000 -0.233335348755832E+005  0.556648359447273E+000 
      9.96000000 -0.233335363857028E+005  0.555138239832774E+000 
      9.98000000 -0.233335378459703E+005  0.553677972322038E+000 
     10.00000000 -0.233335392558355E+005  0.552268107113799E+000 
     10.02000000 -0.233335406147767E+005  0.550909165983014E+000 
     10.04000000 -0.233335419223002E+005  0.549601642441724E+000 
     10.06000000 -0.233335431779406E+005  0.548346002079354E+000 
     10.08000000 -0.233335443812594E+005  0.547142683237104E+000 
     10.10000000 -0.233335455318445E+005  0.545992098202079E+000 
     10.12000000 -0.233335466293082E+005  0.544894634506582E+000 
     10.14000000 -0.233335476732862E+005  0.543850656490379E+000 
     10.16000000 -0.233335486634352E+005  0.542860507456912E+000 
     10.18000000 -0.233335495994309E+005  0.541924511715070E+000 
     10.20000000 -0.233335504809657E+005  0.541042977001447E+000 
     10.22000000 -0.233335513077458E+005  0.540216196816006E+000 
     10.24000000 -0.233335520794894E+005  0.539444453237220E+000 
     10.26000000 -0.233335527959235E+005  0.538728019161831E+000 
     10.28000000 -0.233335534567816E+005  0.538067161061223E+000 
     10.30000000 -0.233335540618016E+005  0.537462141091239E+000 
     10.32000000 -0.233335546107234E+005  0.536913219211285E+000 
     10.34000000 -0.233335551032876E+005  0.536420655068315E+000 
     10.36000000 -0.233335555392333E+005  0.535984709361097E+000 
     10.38000000 -0.233335559182978E+005  0.535605644879660E+000 
     10.40000000 -0.233335562402155E+005  0.535283727130191E+000 
     10.42000000 -0.233335565047181E+005  0.535019224585616E+000 
     10.44000000 -0.233335567115345E+005  0.534812408159695E+000 
     10.46000000 -0.233335568603921E+005  0.534663550535713E+000 
     10.48000000 -0.233335569510177E+005  0.534572924910486E+000 
     10.50000000 -0.233335569831394E+005  0.534540803299087E+000 
     10.52000000 -0.233335569564883E+005  0.534567454369339E+000 
     10.54000000 -0.233335568708014E+005  0.534653141226813E+000 
     10.56000000 -0.233335567258240E+005  0.534798118624426E+000 
     10.58000000 -0.233335565213125E+005  0.535002630113254E+000 
     10.60000000 -0.233335562570376E+005  0.535266905100541E+000 
     10.62000000 -0.233335559327869E+005  0.535591155719004E+000 
     10.64000000 -0.233335555483688E+005  0.535975573856994E+000 
     10.66000000 -0.233335551036145E+005  0.536420328191760E+000 
     10.68000000 -0.233335545983813E+005  0.536925561399041E+000 
     10.70000000 -0.233335540325551E+005  0.537491387514248E+000 
     10.72000000 -0.233335534060529E+005  0.538117889732928E+000 
     10.74000000 -0.233335527188243E+005  0.538805118396849E+000 
     10.76000000 -0.233335519708533E+005  0.539553089311093E+000 
     10.78000000 -0.233335511621601E+005  0.540361782549933E+000 
     10.80000000 -0.233335502928008E+005  0.541231141859779E+000 
     10.82000000 -0.233335493628685E+005  0.542161074188948E+000 
     10.84000000 -0.233335483724929E+005  0.543151449771195E+000 
     10.86000000 -0.233335473218396E+005  0.544202103072345E+000 
     10.88000000 -0.233335462111090E+005  0.545312833693617E+000 
     10.90000000 -0.233335450405347E+005  0.546483407940069E+000 
     10.92000000 -0.233335438103817E+005  0.547713560939698E+000 
     10.94000000 -0.233335425209437E+005  0.549002998969805E+000 
     10.96000000 -0.233335411725404E+005  0.550351402228847E+000 
     10.98000000 -0.233335397655148E+005  0.551758427892882E+000 
     11.00000000 -0.233335383002293E+005  0.553223713376205E+000 
     11.02000000 -0.233335367770628E+005  0.554746879808524E+000 
     11.04000000 -0.233335351964070E+005  0.556327535614231E+000 
     11.06000000 -0.233335335586626E+005  0.557965280023606E+000 
     11.08000000 -0.233335318642362E+005  0.559659706475757E+000 
     11.10000000 -0.233335301135365E+005  0.561410406188603E+000 
     11.12000000 -0.233335283069717E+005  0.563216970909065E+000 
     11.14000000 -0.233335264449465E+005  0.565078996148945E+000 
     11.16000000 -0.233335245278594E+005  0.566996083229784E+000 
     11.18000000 -0.233335225561010E+005  0.568967841683471E+000 
     11.20000000 -0.233335205300520E+005  0.570993890656733E+000 
     11.22000000 -0.233335184500826E+005  0.573073860071223E+000 
     11.24000000 -0.233335163165513E+005  0.575207391393820E+000 
     11.26000000 -0.233335141298050E+005  0.577394137679939E+000 
     11.28000000 -0.233335118901794E+005  0.579633763227054E+000 
     11.30000000 -0.233335095979998E+005  0.581925942813673E+000 
     11.32000000 -0.233335072535823E+005  0.584270360387665E+000 
     11.34000000 -0.233335048572352E+005  0.586666707408104E+000 
     11.36000000 -0.233335024092618E+005  0.589114680849908E+000 
     11.38000000 -0.233334999099619E+005  0.591613980747543E+000 
     11.40000000 -0.233334973596350E+005  0.594164307667570E+000 
     11.42000000 -0.233334947585827E+005  0.596765359961550E+000 
     11.44000000 -0.233334921071119E+005  0.599416830771462E+000 
     11.46000000 -0.233334894055375E+005  0.602118405189796E+000 
     11.48000000 -0.233334866541853E+005  0.604869757351600E+000 
     11.50000000 -0.233334838533951E+005  0.607670547554350E+000 
     11.52000000 -0.233334810035230E+005  0.610520419671728E+000 
     11.54000000 -0.233334781049439E+005  0.613418998765379E+000 
     11.56000000 -0.233334751580538E+005  0.616365888894657E+000 
     11.58000000 -0.233334721632712E+005  0.619360671489405E+000 
     11.60000000 -0.233334691210389E+005  0.622402903781514E+000 
     11.62000000 -0.233334660318248E+005  0.625492117901594E+000 
     11.64000000 -0.233334628961224E+005  0.628627820232422E+000 
     11.66000000 -0.233334597144513E+005  0.631809491356347E+000 
     11.68000000 -0.233334564873564E+005  0.635036586240906E+000 
     11.70000000 -0.233334532154078E+005  0.638308534808044E+000 
     11.72000000 -0.233334498991999E+005  0.641624742794123E+000 
     11.74000000 -0.233334465393497E+005  0.644984592999733E+000 
     11.76000000 -0.233334431364960E+005  0.648387446684891E+000 
     11.78000000 -0.233334396912977E+005  0.651832644988994E+000 
     11.80000000 -0.233334362044323E+005  0.655319510378613E+000 
     11.82000000 -0.233334326765943E+005  0.658847348333489E+000 
     11.84000000 -0.233334291084944E+005  0.662415448290080E+000 
     11.86000000 -0.233334255008574E+005  0.666023085247119E+000 
     11.88000000 -0.233334218544223E+005  0.669669520356495E+000 
     11.90000000 -0.233334181699407E+005  0.673354001919380E+000 
     11.92000000 -0.233334144481772E+005  0.677075765485223E+000 
     11.94000000 -0.233334106899086E+005  0.680834034089958E+000 
     11.96000000 -0.233334068959247E+005  0.684628017965207E+000 
     11.98000000 -0.233334030670286E+005  0.688456914074242E+000 
     12.00000000 -0.233333992040372E+005  0.692319905419027E+000 
     12.02000000 -0.233333953077825E+005  0.696216160158544E+000 
     12.04000000 -0.233333913791120E+005  0.700144830609572E+000 
     12.06000000 -0.233333874188903E+005  0.704105052377393E+000 
     12.08000000 -0.233333834279993E+005  0.708095943341093E+000 
     12.10000000 -0.233333794073396E+005  0.712116603019386E+000 
     12.12000000 -0.233333753578309E+005  0.716166111800306E+000 
     12.14000000 -0.233333712804118E+005  0.720243530836033E+000 
     12.16000000 -0.233333671760410E+005  0.724347901702595E+000 
     12.18000000 -0.233333630456958E+005  0.728478246904121E+000 
     12.20000000 -0.233333588903722E+005  0.732633570457531E+000 
     12.22000000 -0.233333547110836E+005  0.736812859030964E+000 
     12.24000000 -0.233333505088596E+005  0.741015083014165E+000 
     12.26000000 -0.233333462847442E+005  0.745239198417933E+000 
     12.28000000 -0.233333420397940E+005  0.749484148609624E+000 
     12.30000000 -0.233333377750760E+005  0.753748866642608E+000 
     12.32000000 -0.233333334916653E+005  0.758032277341342E+000 
     12.34000000 -0.233333291906430E+005  0.762333299683425E+000 
     12.36000000 -0.233333248730931E+005  0.766650849525037E+000 
     12.38000000 -0.233333205401010E+005  0.770983841692197E+000 
     12.40000000 -0.233333161927501E+005  0.775331192576273E+000 
     12.42000000 -0.233333118321205E+005  0.779691822194306E+000 
     12.44000000 -0.233333074592860E+005  0.784064656651493E+000 
     12.46000000 -0.233333030753127E+005  0.788448629963309E+000 
     12.48000000 -0.233332986812568E+005  0.792842685809557E+000 
     12.50000000 -0.233332942781632E+005  0.797245779467861E+000 
     12.52000000 -0.233332898670634E+005  0.801656879208865E+000 
     12.54000000 -0.233332854489752E+005  0.806074967471791E+000 
     12.56000000 -0.233332810249002E+005  0.810499042435979E+000 
     12.58000000 -0.233332765958239E+005  0.814928118754062E+000 
     12.60000000 -0.233332721627139E+005  0.819361228801772E+000 
     12.62000000 -0.233332677265191E+005  0.823797423513205E+000 
     12.64000000 -0.233332632881695E+005  0.828235773203712E+000 
     12.66000000 -0.233332588485741E+005  0.832675368525817E+000 
     12.68000000 -0.233332544086213E+005  0.837115321332320E+000 
     12.70000000 -0.233332499691773E+005  0.841554765366169E+000 
     12.72000000 -0.233332455310853E+005  0.845992857364863E+000 
     12.74000000 -0.233332410951650E+005  0.850428777648234E+000 
     12.76000000 -0.233332366622112E+005  0.854861731451778E+000 
     12.78000000 -0.233332322329931E+005  0.859290949545370E+000 
     12.80000000 -0.233332278082532E+005  0.863715689467600E+000 
     12.82000000 -0.233332233887064E+005  0.868135236228016E+000 
     12.84000000 -0.233332189750392E+005  0.872548903414625E+000 
     12.86000000 -0.233332145679088E+005  0.876956033871384E+000 
     12.88000000 -0.233332101679423E+005  0.881356000357133E+000 
     12.90000000 -0.233332057757367E+005  0.885748205913732E+000 
     12.92000000 -0.233332013918585E+005  0.890132084147573E+000 
     12.94000000 -0.233331970168436E+005  0.894507099074904E+000 
     12.96000000 -0.233331926511980E+005  0.898872744642325E+000 
     12.98000000 -0.233331882953988E+005  0.903228543857490E+000 
     13.00000000 -0.233331839498951E+005  0.907574047576428E+000 
     13.02000000 -0.233331796151098E+005  0.911908832851573E+000 
     13.04000000 -0.233331752914418E+005  0.916232500852879E+000 
     13.06000000 -0.233331709792680E+005  0.920544674609510E+000 
     13.08000000 -0.233331666789468E+005  0.924844995835831E+000 
     13.10000000 -0.233331623908204E+005  0.929133122258558E+000 
     13.12000000 -0.233331581152188E+005  0.933408723824036E+000 
     13.14000000 -0.233331538524633E+005  0.937671479394292E+000 
     13.16000000 -0.233331496028696E+005  0.941921073102812E+000 
     13.18000000 -0.233331453667519E+005  0.946157190741235E+000 
     13.20000000 -0.233331411444265E+005  0.950379516198654E+000 
     13.22000000 -0.233331369362145E+005  0.954587728194793E+000 
     13.24000000 -0.233331327424455E+005  0.958781497146218E+000 
     13.26000000 -0.233331285634600E+005  0.962960482691477E+000 
     13.28000000 -0.233331243996115E+005  0.967124331188392E+000 
     13.30000000 -0.233331202512683E+005  0.971272674321956E+000 
     13.32000000 -0.233331161188153E+005  0.975405127319331E+000 
     13.34000000 -0.233331120026544E+005  0.979521288300207E+000 
     13.36000000 -0.233331079032050E+005  0.983620737654985E+000 
     13.38000000 -0.233331038209048E+005  0.987703037812763E+000 
     13.40000000 -0.233330997562095E+005  0.991767733148529E+000 
     13.42000000 -0.233330957095926E+005  0.995814350041934E+000 
     13.44000000 -0.233330916815460E+005  0.999842396660749E+000 
     13.46000000 -0.233330876725798E+005  0.100385136289589E+001 
     13.48000000 -0.233330836832232E+005  0.100784071940862E+001 
     13.50000000 -0.233330797140257E+005  0.101180991692207E+001 
     13.52000000 -0.233330757655584E+005  0.101575838422595E+001 
     13.54000000 -0.233330718384169E+005  0.101968552575113E+001 
     13.56000000 -0.233330679332238E+005  0.102359071889682E+001 
     13.58000000 -0.233330640506325E+005  0.102747331016357E+001 
     13.60000000 -0.233330601913315E+005  0.103133261113786E+001 
     13.62000000 -0.233330563560489E+005  0.103516789372793E+001 
     13.64000000 -0.233330525455571E+005  0.103897838554512E+001 
     13.66000000 -0.233330487606779E+005  0.104276326475613E+001 
     13.68000000 -0.233330450022872E+005  0.104652165548907E+001 
     13.70000000 -0.233330412713188E+005  0.105025262383038E+001 
     13.72000000 -0.233330375687681E+005  0.105395517450849E+001 
     13.74000000 -0.233330338956940E+005  0.105762824867576E+001 
     13.76000000 -0.233330302532193E+005  0.106127072333305E+001 
     13.78000000 -0.233330266425304E+005  0.106488141224852E+001 
     13.80000000 -0.233330230648738E+005  0.106845906881920E+001 
     13.82000000 -0.233330195215514E+005  0.107200239122795E+001 
     13.84000000 -0.233330160139132E+005  0.107551002945043E+001 
     13.86000000 -0.233330125433479E+005  0.107898059471838E+001 
     13.88000000 -0.233330091112719E+005  0.108241267072450E+001 
     13.90000000 -0.233330057191159E+005  0.108580482677016E+001 
     13.92000000 -0.233330023683098E+005  0.108915563283116E+001 
     13.94000000 -0.233329990602674E+005  0.109246367521119E+001 
     13.96000000 -0.233329957963696E+005  0.109572757309244E+001 
     13.98000000 -0.233329925779473E+005  0.109894599531832E+001 
     14.00000000 -0.233329894062660E+005  0.110211767666560E+001 
     14.02000000 -0.233329862825098E+005  0.110524143290400E+001 
     14.04000000 -0.233329832077682E+005  0.110831617442334E+001 
     14.06000000 -0.233329801830252E+005  0.111134091743851E+001 
     14.08000000 -0.233329772091498E+005  0.111431479290205E+001 
     14.10000000 -0.233329742868908E+005  0.111723705184986E+001 
     14.12000000 -0.233329714168746E+005  0.112010706808641E+001 
     14.14000000 -0.233329685996057E+005  0.112292433697206E+001 
     14.16000000 -0.233329658354717E+005  0.112568847098377E+001 
     14.18000000 -0.233329631247508E+005  0.112839919186366E+001 
     14.20000000 -0.233329604676225E+005  0.113105632019047E+001 
     14.22000000 -0.233329578641809E+005  0.113365976172150E+001 
     14.24000000 -0.233329553144500E+005  0.113620949269498E+001 
     14.26000000 -0.233329528183995E+005  0.113870554317121E+001 
     14.28000000 -0.233329503759629E+005  0.114114797977652E+001 
     14.30000000 -0.233329479870536E+005  0.114353688907538E+001 
     14.32000000 -0.233329456515817E+005  0.114587236098259E+001 
     14.34000000 -0.233329433694680E+005  0.114815447461015E+001 
     14.36000000 -0.233329411406571E+005  0.115038328551563E+001 
     14.38000000 -0.233329389651267E+005  0.115255881599131E+001 
     14.40000000 -0.233329368428943E+005  0.115468104834815E+001 
     14.42000000 -0.233329347740212E+005  0.115674992141993E+001 
     14.44000000 -0.233329327586120E+005  0.115876533069329E+001 
     14.46000000 -0.233329307968113E+005  0.116072713139195E+001 
     14.48000000 -0.233329288887978E+005  0.116263514489590E+001 
     14.50000000 -0.233329270347749E+005  0.116448916778084E+001 
     14.52000000 -0.233329252349599E+005  0.116628898274159E+001 
     14.54000000 -0.233329234895713E+005  0.116803437139334E+001 
     14.56000000 -0.233329217988150E+005  0.116972512770698E+001 
     14.58000000 -0.233329201628712E+005  0.117136107142911E+001 
     14.60000000 -0.233329185818816E+005  0.117294206106573E+001 
     14.62000000 -0.233329170559372E+005  0.117446800544915E+001 
     14.64000000 -0.233329155850692E+005  0.117593887343943E+001 
     14.66000000 -0.233329141692416E+005  0.117735470104579E+001 
     14.68000000 -0.233329128083469E+005  0.117871559573290E+001 
     14.70000000 -0.233329115022045E+005  0.118002173816251E+001 
     14.72000000 -0.233329102505626E+005  0.118127338004656E+001 
     14.74000000 -0.233329090531029E+005  0.118247083972641E+001 
     14.76000000 -0.233329079094482E+005  0.118361449449465E+001 
     14.78000000 -0.233329068191715E+005  0.118470477113797E+001 
     14.80000000 -0.233329057818084E+005  0.118574213424346E+001 
     14.82000000 -0.233329047968694E+005  0.118672707322109E+001 
     14.84000000 -0.233329038638538E+005  0.118766008884662E+001 
     14.86000000 -0.233329029822630E+005  0.118854167969319E+001 
     14.88000000 -0.233329021516133E+005  0.118937232933007E+001 
     14.90000000 -0.233329013714485E+005  0.119015249417115E+001 
     14.92000000 -0.233329006413492E+005  0.119088259345790E+001 
     14.94000000 -0.233328999609418E+005  0.119156300088813E+001 
     14.96000000 -0.233328993299039E+005  0.119219403877538E+001 
     14.98000000 -0.233328987479685E+005  0.119277597418809E+001 
     15.00000000 -0.233328982149249E+005  0.119330901773695E+001 
     15.02000000 -0.233328977306182E+005  0.119379332447199E+001 
     15.04000000 -0.233328972949459E+005  0.119422899675965E+001 
     15.06000000 -0.233328969078544E+005  0.119461608829823E+001 
     15.08000000 -0.233328965693329E+005  0.119495460978532E+001 
     15.10000000 -0.233328962794078E+005  0.119524453486984E+001 
     15.12000000 -0.233328960381359E+005  0.119548580672898E+001 
     15.14000000 -0.233328958455988E+005  0.119567834382843E+001 
     15.16000000 -0.233328957018969E+005  0.119582204573834E+001 
     15.18000000 -0.233328956071449E+005  0.119591679770868E+001 
     15.20000000 -0.233328955614680E+005  0.119596247460739E+001 
     15.22000000 -0.233328955649989E+005  0.119595894379737E+001 
     15.24000000 -0.233328956178755E+005  0.119590606715044E+001 
     15.26000000 -0.233328957202403E+005  0.119580370235901E+001 
     15.28000000 -0.233328958722388E+005  0.119565170389196E+001 
     15.30000000 -0.233328960740182E+005  0.119544992446103E+001 
     15.32000000 -0.233328963257264E+005  0.119519821621183E+001 
     15.34000000 -0.233328966275096E+005  0.119489643307806E+001 
     15.36000000 -0.233328969795086E+005  0.119454443406689E+001 
     15.38000000 -0.233328973818548E+005  0.119414208785291E+001 
     15.40000000 -0.233328978346642E+005  0.119368927846104E+001 
     15.42000000 -0.233328983380302E+005  0.119318591248073E+001 
     15.44000000 -0.233328988920153E+005  0.119263192737536E+001 
     15.46000000 -0.233328994966421E+005  0.119202730052468E+001 
     15.48000000 -0.233329001518839E+005  0.119137205875928E+001 
     15.50000000 -0.233329008576548E+005  0.119066628788570E+001 
     15.52000000 -0.233329016138008E+005  0.118991014186812E+001 
     15.54000000 -0.233329024200918E+005  0.118910385081604E+001 
     15.56000000 -0.233329032762147E+005  0.118824772792312E+001 
     15.58000000 -0.233329041817684E+005  0.118734217421275E+001 
     15.60000000 -0.233329051362617E+005  0.118638768099126E+001 
     15.62000000 -0.233329061391122E+005  0.118538483045115E+001 
     15.64000000 -0.233329071896494E+005  0.118433429326739E+001 
     15.66000000 -0.233329082871187E+005  0.118323682393539E+001 
     15.68000000 -0.233329094306889E+005  0.118209325373934E+001 
     15.70000000 -0.233329106194611E+005  0.118090448151165E+001 
     15.72000000 -0.233329118524796E+005  0.117967146306840E+001 
     15.74000000 -0.233329131287435E+005  0.117839519914440E+001 
     15.76000000 -0.233329144472201E+005  0.117707672255486E+001 
     15.78000000 -0.233329158068575E+005  0.117571708518998E+001 
     15.80000000 -0.233329172065972E+005  0.117431734541170E+001 
     15.82000000 -0.233329186453864E+005  0.117287855624557E+001 
     15.84000000 -0.233329201221880E+005  0.117140175464290E+001 
     15.86000000 -0.233329216359901E+005  0.116988795253414E+001 
     15.88000000 -0.233329231858127E+005  0.116833812996739E+001 
     15.90000000 -0.233329247707129E+005  0.116675322977188E+001 
     15.92000000 -0.233329263897880E+005  0.116513415464701E+001 
     15.94000000 -0.233329280421760E+005  0.116348176661781E+001 
     15.96000000 -0.233329297270551E+005  0.116179688754541E+001 
     15.98000000 -0.233329314436407E+005  0.116008030197626E+001 
     16.00000000 -0.233329331911819E+005  0.115833276076771E+001 
     16.02000000 -0.233329349689569E+005  0.115655498580270E+001 
     16.04000000 -0.233329367762678E+005  0.115474767483739E+001 
     16.06000000 -0.233329386124364E+005  0.115291150627449E+001 
     16.08000000 -0.233329404767990E+005  0.115104714364280E+001 
     16.10000000 -0.233329423687038E+005  0.114915523880837E+001 
     16.12000000 -0.233329442875085E+005  0.114723643412446E+001 
     16.14000000 -0.233329462325794E+005  0.114529136326688E+001 
     16.16000000 -0.233329482032924E+005  0.114332065027494E+001 
     16.18000000 -0.233329501990350E+005  0.114132490767364E+001 
     16.20000000 -0.233329522192098E+005  0.113930473287280E+001 
     16.22000000 -0.233329542632386E+005  0.113726070408967E+001 
     16.24000000 -0.233329563305668E+005  0.113519337582616E+001 
     16.26000000 -0.233329584206688E+005  0.113310327382936E+001 
     16.28000000 -0.233329605330509E+005  0.113099089176909E+001 
     16.30000000 -0.233329626672545E+005  0.112885668813192E+001 
     16.32000000 -0.233329648228574E+005  0.112670108529312E+001 
     16.34000000 -0.233329669994719E+005  0.112452447074167E+001 
     16.36000000 -0.233329691967426E+005  0.112232720004087E+001 
     16.38000000 -0.233329714143402E+005  0.112010960245240E+001 
     16.40000000 -0.233329736519540E+005  0.111787198863631E+001 
     16.42000000 -0.233329759092826E+005  0.111561466004923E+001 
     16.44000000 -0.233329781860228E+005  0.111333791983689E+001 
     16.46000000 -0.233329804818585E+005  0.111104208414732E+001 
     16.48000000 -0.233329827964494E+005  0.110872749323369E+001 
     16.50000000 -0.233329851294209E+005  0.110639452175286E+001 
     16.52000000 -0.233329874803552E+005  0.110404358742424E+001 
     16.54000000 -0.233329898487856E+005  0.110167515706540E+001 
     16.56000000 -0.233329922341923E+005  0.109928975039099E+001 
     16.58000000 -0.233329946360025E+005  0.109688794020140E+001 
     16.60000000 -0.233329970535926E+005  0.109447035003168E+001 
     16.62000000 -0.233329994862937E+005  0.109203764891722E+001 
     16.64000000 -0.233330019333987E+005  0.108959054395984E+001 
     16.66000000 -0.233330043941712E+005  0.108712977140906E+001 
     16.68000000 -0.233330068678552E+005  0.108465608744939E+001 
     16.70000000 -0.233330093536838E+005  0.108217025881443E+001 
     16.72000000 -0.233330118508874E+005  0.107967305524785E+001 
     16.74000000 -0.233330143586985E+005  0.107716524411125E+001 
     16.76000000 -0.233330168763553E+005  0.107464758736486E+001 
     16.78000000 -0.233330194031008E+005  0.107212084190470E+001 
     16.80000000 -0.233330219381794E+005  0.106958576324708E+001 
     16.82000000 -0.233330244808307E+005  0.106704311193847E+001 
     16.84000000 -0.233330270302804E+005  0.106449366226697E+001 
     16.86000000 -0.233330295857299E+005  0.106193821271557E+001 
     16.88000000 -0.233330321463461E+005  0.105937759651432E+001 
     16.90000000 -0.233330347112507E+005  0.105681269196663E+001 
     16.92000000 -0.233330372795120E+005  0.105424443062878E+001 
     16.94000000 -0.233330398501398E+005  0.105167380284736E+001 
     16.96000000 -0.233330424220829E+005  0.104910185973297E+001 
     16.98000000 -0.233330449942318E+005  0.104652971087719E+001 
     17.00000000 -0.233330475654249E+005  0.104395851779109E+001 
     17.02000000 -0.233330501344592E+005  0.104138948347061E+001 
     17.04000000 -0.233330527001047E+005  0.103882383791240E+001 
     17.06000000 -0.233330552611215E+005  0.103626282114251E+001 
     17.08000000 -0.233330578162783E+005  0.103370766431149E+001 
     17.10000000 -0.233330603643723E+005  0.103115957035032E+001 
     17.12000000 -0.233330629042478E+005  0.102861969483348E+001 
     17.14000000 -0.233330654348137E+005  0.102608912900147E+001 
     17.16000000 -0.233330679550577E+005  0.102356888497965E+001 
     17.18000000 -0.233330704640579E+005  0.102105988470634E+001 
     17.20000000 -0.233330729609903E+005  0.101856295231029E+001 
     17.22000000 -0.233330754451320E+005  0.101607881066128E+001 
     17.24000000 -0.233330779158611E+005  0.101360808158980E+001 
     17.26000000 -0.233330803726536E+005  0.101115128905488E+001 
     17.28000000 -0.233330828150770E+005  0.100870886564676E+001 
     17.30000000 -0.233330852427819E+005  0.100628116071992E+001 
     17.32000000 -0.233330876554929E+005  0.100386844980373E+001 
     17.34000000 -0.233330900529981E+005  0.100147094458854E+001 
     17.36000000 -0.233330924351399E+005  0.999088802757012E+000 
     17.38000000 -0.233330948018054E+005  0.996722137227780E+000 
     17.40000000 -0.233330971529183E+005  0.994371024393619E+000 
     17.42000000 -0.233330994884315E+005  0.992035511109836E+000 
     17.44000000 -0.233331018083220E+005  0.989715620658684E+000 
     17.46000000 -0.233331041125851E+005  0.987411357587722E+000 
     17.48000000 -0.233331064012312E+005  0.985122711415913E+000 
     17.50000000 -0.233331086742826E+005  0.982849660067496E+000 
     17.52000000 -0.233331109317699E+005  0.980592172755200E+000 
     17.54000000 -0.233331131737301E+005  0.978350212572659E+000 
     17.56000000 -0.233331154002030E+005  0.976123739612740E+000 
     17.58000000 -0.233331176112285E+005  0.973912714184857E+000 
     17.60000000 -0.233331198068423E+005  0.971717100397338E+000 
     17.62000000 -0.233331219870721E+005  0.969536870531740E+000 
     17.64000000 -0.233331241519332E+005  0.967372009448101E+000 
     17.66000000 -0.233331263014227E+005  0.965222519918263E+000 
     17.68000000 -0.233331284355148E+005  0.963088427869491E+000 
     17.70000000 -0.233331305541551E+005  0.960969787584769E+000 
     17.72000000 -0.233331326572554E+005  0.958866687302173E+000 
     17.74000000 -0.233331347446887E+005  0.956779253920204E+000 
     17.76000000 -0.233331368162856E+005  0.954707657056557E+000 
     17.78000000 -0.233331388718300E+005  0.952652112615018E+000 
     17.80000000 -0.233331409110581E+005  0.950612884554986E+000 
     17.82000000 -0.233331429336570E+005  0.948590285692711E+000 
     17.84000000 -0.233331449392661E+005  0.946584676578324E+000 
     17.86000000 -0.233331469274799E+005  0.944596462801337E+000 
     17.88000000 -0.233331488978522E+005  0.942626090433799E+000 
     17.90000000 -0.233331508499028E+005  0.940674039861709E+000 
     17.92000000 -0.233331527831247E+005  0.938740817973732E+000 
     17.94000000 -0.233331546969936E+005  0.936826949007312E+000 
     17.96000000 -0.233331565909781E+005  0.934932964574977E+000 
     17.98000000 -0.233331584645497E+005  0.933059392911070E+000 
     18.00000000 -0.233331603171944E+005  0.931206748270063E+000 
     18.02000000 -0.233331621484222E+005  0.929375520433145E+000 
     18.04000000 -0.233331639577775E+005  0.927566165158355E+000 
     18.06000000 -0.233331657448469E+005  0.925779095784610E+000 
     18.08000000 -0.233331675092660E+005  0.924014676623832E+000 
     18.10000000 -0.233331692507246E+005  0.922273218023596E+000 
     18.12000000 -0.233331709689691E+005  0.920554973508670E+000 
     18.14000000 -0.233331726638036E+005  0.918860139075674E+000 
     18.16000000 -0.233331743350883E+005  0.917188854365550E+000 
     18.18000000 -0.233331759827369E+005  0.915541205806633E+000 
     18.20000000 -0.233331776067115E+005  0.913917231165302E+000 
     18.22000000 -0.233331792070173E+005  0.912316925368093E+000 
     18.24000000 -0.233331807836956E+005  0.910740247063170E+000 
     18.26000000 -0.233331823368169E+005  0.909187125710807E+000 
     18.28000000 -0.233331838664743E+005  0.907657468358315E+000 
     18.30000000 -0.233331853727762E+005  0.906151166421167E+000 
     18.32000000 -0.233331868558409E+005  0.904668101746402E+000 
     18.34000000 -0.233331883157908E+005  0.903208151868614E+000 
     18.36000000 -0.233331897527485E+005  0.901771194139877E+000 
     18.38000000 -0.233331911668333E+005  0.900357109401818E+000 
     18.40000000 -0.233331925581586E+005  0.898965784098531E+000 
     18.42000000 -0.233331939268305E+005  0.897597112126536E+000 
     18.44000000 -0.233331952729468E+005  0.896250995843284E+000 
     18.46000000 -0.233331965965962E+005  0.894927346416730E+000 
     18.48000000 -0.233331978978587E+005  0.893626083964547E+000 
     18.50000000 -0.233331991768051E+005  0.892347137523188E+000 
     18.52000000 -0.233332004334978E+005  0.891090444812775E+000 
     18.54000000 -0.233332016679906E+005  0.889855952063857E+000 
     18.56000000 -0.233332028803288E+005  0.888643613878202E+000 
     18.58000000 -0.233332040705496E+005  0.887453393030806E+000 
     18.60000000 -0.233332052386823E+005  0.886285260315216E+000 
     18.62000000 -0.233332063847482E+005  0.885139194432158E+000 
     18.64000000 -0.233332075087612E+005  0.884015181485287E+000 
     18.66000000 -0.233332086107283E+005  0.882913214334630E+000 
     18.68000000 -0.233332096906509E+005  0.881833291748942E+000 
     18.70000000 -0.233332107485257E+005  0.880775417004322E+000 
     18.72000000 -0.233332117843465E+005  0.879739596179647E+000 
     18.74000000 -0.233332127981068E+005  0.878725835888982E+000 
     18.76000000 -0.233332137898019E+005  0.877734140741757E+000 
     18.78000000 -0.233332147594323E+005  0.876764510376024E+000 
     18.80000000 -0.233332157070066E+005  0.875816936018399E+000 
     18.82000000 -0.233332166325454E+005  0.874891397254373E+000 
     18.84000000 -0.233332175360841E+005  0.873987858523286E+000 
     18.86000000 -0.233332184176770E+005  0.873106265703020E+000 
     18.88000000 -0.233332192773994E+005  0.872246543242254E+000 
     18.90000000 -0.233332201153512E+005  0.871408591465960E+000 
     18.92000000 -0.233332209316579E+005  0.870592284802781E+000 
     18.94000000 -0.233332217264722E+005  0.869797470439328E+000 
     18.96000000 -0.233332224999747E+005  0.869023967924201E+000 
     18.98000000 -0.233332232523732E+005  0.868271569489721E+000 
     19.00000000 -0.233332239839015E+005  0.867540041168711E+000 
     19.02000000 -0.233332246948183E+005  0.866829124400063E+000 
     19.04000000 -0.233332253854042E+005  0.866138538423163E+000 
     19.06000000 -0.233332260559599E+005  0.865467982799163E+000 
     19.08000000 -0.233332267068024E+005  0.864817140229218E+000 
     19.10000000 -0.233332273382633E+005  0.864185679397493E+000 
     19.12000000 -0.233332279506850E+005  0.863573257665663E+000 
     19.14000000 -0.233332285444189E+005  0.862979523724107E+000 
     19.16000000 -0.233332291198229E+005  0.862404119794536E+000 
     19.18000000 -0.233332296772589E+005  0.861846683758377E+000 
     19.20000000 -0.233332302170917E+005  0.861306850929383E+000 
     19.22000000 -0.233332307396867E+005  0.860784255934538E+000 
     19.24000000 -0.233332312454087E+005  0.860278533994789E+000 
     19.26000000 -0.233332317346199E+005  0.859789322790480E+000 
     19.28000000 -0.233332322076788E+005  0.859316263856547E+000 
     19.30000000 -0.233332326649384E+005  0.858859004277805E+000 
     19.32000000 -0.233332331067444E+005  0.858417198275947E+000 
     19.34000000 -0.233332335334338E+005  0.857990508824396E+000 
     19.36000000 -0.233332339453337E+005  0.857578608963071E+000 
     19.38000000 -0.233332343427596E+005  0.857181183029632E+000 
     19.40000000 -0.233332347260152E+005  0.856797927448341E+000 
     19.42000000 -0.233332350953917E+005  0.856428550918771E+000 
     19.44000000 -0.233332354511682E+005  0.856072774428182E+000 
     19.46000000 -0.233332357936123E+005  0.855730330403876E+000 
     19.48000000 -0.233332361229813E+005  0.855400961358216E+000 
     19.50000000 -0.233332364395243E+005  0.855084418400613E+000 
     19.52000000 -0.233332367434837E+005  0.854780458988497E+000 
     19.54000000 -0.233332370350978E+005  0.854488844891742E+000 
     19.56000000 -0.233332373146030E+005  0.854209339646657E+000 
     19.58000000 -0.233332375822362E+005  0.853941706430692E+000 
     19.60000000 -0.233332378382366E+005  0.853685706045435E+000 
     19.62000000 -0.233332380828475E+005  0.853441095184200E+000 
     19.64000000 -0.233332383163177E+005  0.853207624990429E+000 
     19.66000000 -0.233332385389024E+005  0.852985040213139E+000 
     19.68000000 -0.233332387508641E+005  0.852773078585119E+000 
     19.70000000 -0.233332389524720E+005  0.852571470689899E+000 
     19.72000000 -0.233332391440025E+005  0.852379940199962E+000 
     19.74000000 -0.233332393257384E+005  0.852198204223223E+000 
     19.76000000 -0.233332394979686E+005  0.852025974051671E+000 
     19.78000000 -0.233332396609869E+005  0.851862955801744E+000 
     19.80000000 -0.233332398150911E+005  0.851708851574417E+000 
     19.82000000 -0.233332399605824E+005  0.851563360216222E+000 
     19.84000000 -0.233332400977642E+005  0.851426178457686E+000 
     19.86000000 -0.233332402269408E+005  0.851297001893994E+000 
     19.88000000 -0.233332403484167E+005  0.851175525950181E+000 
     19.90000000 -0.233332404624957E+005  0.851061446917488E+000 
     19.92000000 -0.233332405694797E+005  0.850954462918550E+000 
     19.94000000 -0.233332406696679E+005  0.850854274758133E+000 
     19.96000000 -0.233332407633559E+005  0.850760586786243E+000 
     19.98000000 -0.233332408508349E+005  0.850673107789073E+000 
     20.00000000 -0.233332409323911E+005  0.850591551582971E+000 
     20.02000000 -0.233332410083049E+005  0.850515637750713E+000 
     20.04000000 -0.233332410788505E+005  0.850445092139566E+000 
     20.06000000 -0.233332411442953E+005  0.850379647384101E+000 
     20.08000000 -0.233332412048993E+005  0.850319043376424E+000 
     20.10000000 -0.233332412609151E+005  0.850263027547682E+000 
     20.12000000 -0.233332413125874E+005  0.850211355242393E+000 
     20.14000000 -0.233332413601527E+005  0.850163789990677E+000 
     20.16000000 -0.233332414038389E+005  0.850120103805239E+000 
     20.18000000 -0.233332414438655E+005  0.850080077196841E+000 
     20.20000000 -0.233332414804432E+005  0.850043499499122E+000 
     20.22000000 -0.233332415137739E+005  0.850010168713922E+000 
     20.24000000 -0.233332415440509E+005  0.849979891746397E+000 
     20.26000000 -0.233332415714587E+005  0.849952483965723E+000 
     20.28000000 -0.233332415961734E+005  0.849927769291724E+000 
     20.30000000 -0.233332416183632E+005  0.849905579480253E+000 
     20.32000000 -0.233332416381886E+005  0.849885754052037E+000 
     20.34000000 -0.233332416558032E+005  0.849868139423387E+000 
     20.36000000 -0.233332416713542E+005  0.849852588488562E+000 
     20.38000000 -0.233332416849829E+005  0.849838959806159E+000 
     20.40000000 -0.233332416968257E+005  0.849827116952556E+000 
     20.42000000 -0.233332417070148E+005  0.849816927869167E+000 
     20.44000000 -0.233332417156785E+005  0.849808264191137E+000 
     20.46000000 -0.233332417229418E+005  0.849801000814240E+000 
     20.48000000 -0.233332417289272E+005  0.849795015406093E+000 
     20.50000000 -0.233332417337544E+005  0.849790188223638E+000 
     20.52000000 -0.233332417375408E+005  0.849786401844000E+000 
     20.54000000 -0.233332417404012E+005  0.849783541486214E+000 
     20.56000000 -0.233332417424477E+005  0.849781494995767E+000 
     20.58000000 -0.233332417437894E+005  0.849780153299345E+000 
     20.60000000 -0.233332417445317E+005  0.849779410924555E+000 
     20.62000000 -0.233332417447761E+005  0.849779166556775E+000 
     20.64000000 -0.233332417446189E+005  0.849779323750668E+000 
     20.66000000 -0.233332417441509E+005  0.849779791725239E+000 
     20.68000000 -0.233332417434567E+005  0.849780485967074E+000 
     20.70000000 -0.233332417426134E+005  0.849781329275978E+000 
     20.72000000 -0.233332417416905E+005  0.849782252120729E+000 
     20.74000000 -0.233332417407491E+005  0.849783193554780E+000 
     20.76000000 -0.233332417398411E+005  0.849784101510148E+000 
     20.78000000 -0.233332417390092E+005  0.849784933422317E+000 
     20.80000000 -0.233332417382863E+005  0.849785656360166E+000 
     20.82000000 -0.233332417376954E+005  0.849786247288927E+000 
     20.84000000 -0.233332417372497E+005  0.849786692930969E+000 
     20.86000000 -0.233332417369528E+005  0.849786989849331E+000 
     20.88000000 -0.233332417367984E+005  0.849787144302316E+000 
     20.90000000 -0.233332417367709E+005  0.849787171791835E+000 
     20.92000000 -0.233332417368456E+005  0.849787097054124E+000 
     20.94000000 -0.233332417369891E+005  0.849786953536932E+000 
     20.96000000 -0.233332417371594E+005  0.849786783306708E+000 
     20.98000000 -0.233332417373060E+005  0.849786636658816E+000 
     21.00000000 -0.233332417373708E+005  0.849786571907170E+000 
     21.02000000 -0.233332417373661E+005  0.849786576541348E+000 
     21.04000000 -0.233332417373610E+005  0.849786581648842E+000 
     21.06000000 -0.233332417373558E+005  0.849786586808927E+000 
     21.08000000 -0.233332417373505E+005  0.849786592117504E+000 
     21.10000000 -0.233332417373452E+005  0.849786597450830E+000 
     21.12000000 -0.233332417373398E+005  0.849786602901711E+000 
     21.14000000 -0.233332417373342E+005  0.849786608442307E+000 
     21.16000000 -0.233332417373286E+005  0.849786614032399E+000 
     21.18000000 -0.233332417373229E+005  0.849786619730767E+000 
     21.20000000 -0.233332417373172E+005  0.849786625484819E+000 
     21.22000000 -0.233332417373114E+005  0.849786631297649E+000 
     21.24000000 -0.233332417373055E+005  0.849786637119759E+000 
     21.26000000 -0.233332417372997E+005  0.849786642920215E+000 
     21.28000000 -0.233332417372939E+005  0.849786648754700E+000 
     21.30000000 -0.233332417372881E+005  0.849786654530407E+000 
     21.32000000 -0.233332417372824E+005  0.849786660244242E+000 
     21.34000000 -0.233332417372768E+005  0.849786665862177E+000 
     21.36000000 -0.233332417372713E+005  0.849786671399678E+000 
     21.38000000 -0.233332417372658E+005  0.849786676844373E+000 
     21.40000000 -0.233332417372604E+005  0.849786682224102E+000 
     21.42000000 -0.233332417372551E+005  0.849786687520305E+000 
     21.44000000 -0.233332417372499E+005  0.849786692776291E+000 
     21.46000000 -0.233332417372447E+005  0.849786697948750E+000 
     21.48000000 -0.233332417372395E+005  0.849786703115023E+000 
     21.50000000 -0.233332417372344E+005  0.849786708259640E+000 
     21.52000000 -0.233332417372292E+005  0.849786713410445E+000 
     21.54000000 -0.233332417372241E+005  0.849786718558156E+000 
     21.56000000 -0.233332417372189E+005  0.849786723730615E+000 
     21.58000000 -0.233332417372137E+005  0.849786728906168E+000 
     21.60000000 -0.233332417372085E+005  0.849786734171435E+000 
     21.62000000 -0.233332417372032E+005  0.849786739458357E+000 
     21.64000000 -0.233332417371979E+005  0.849786744785496E+000 
     21.66000000 -0.233332417371924E+005  0.849786750211629E+000 
     21.68000000 -0.233332417371870E+005  0.849786755662510E+000 
     21.70000000 -0.233332417371815E+005  0.849786761150514E+000 
     21.72000000 -0.233332417371760E+005  0.849786766675642E+000 
     21.74000000 -0.233332417371705E+005  0.849786772188395E+000 
     21.76000000 -0.233332417371649E+005  0.849786777710428E+000 
     21.78000000 -0.233332417371595E+005  0.849786783189152E+000 
     21.80000000 -0.233332417371540E+005  0.849786788618379E+000 
     21.82000000 -0.233332417371487E+005  0.849786793976453E+000 
     21.84000000 -0.233332417371434E+005  0.849786799269562E+000 
     21.86000000 -0.233332417371382E+005  0.849786804466770E+000 
     21.88000000 -0.233332417371330E+005  0.849786809651604E+000 
     21.90000000 -0.233332417371279E+005  0.849786814749818E+000 
     21.92000000 -0.233332417371228E+005  0.849786819820189E+000 
     21.94000000 -0.233332417371178E+005  0.849786824862719E+000 
     21.96000000 -0.233332417371128E+005  0.849786829892874E+000 
     21.98000000 -0.233332417371077E+005  0.849786834919935E+000 
     22.00000000 -0.233332417371027E+005  0.849786839925342E+000 
     22.02000000 -0.233332417370977E+005  0.849786844936935E+000 
     22.04000000 -0.233332417370927E+005  0.849786849933061E+000 
     22.06000000 -0.233332417370877E+005  0.849786854963216E+000 
     22.08000000 -0.233332417370827E+005  0.849786859984091E+000 
     22.10000000 -0.233332417370776E+005  0.849786865069930E+000 
     22.12000000 -0.233332417370724E+005  0.849786870223828E+000 
     22.14000000 -0.233332417370673E+005  0.849786875383913E+000 
     22.16000000 -0.233332417370620E+005  0.849786880630619E+000 
     22.18000000 -0.233332417370567E+005  0.849786885970132E+000 
     22.20000000 -0.233332417370513E+005  0.849786891371516E+000 
     22.22000000 -0.233332417370458E+005  0.849786896853333E+000 
     22.24000000 -0.233332417370403E+005  0.849786902397022E+000 
     22.26000000 -0.233332417370347E+005  0.849786907953085E+000 
     22.28000000 -0.233332417370292E+005  0.849786913499867E+000 
     22.30000000 -0.233332417370236E+005  0.849786919068305E+000 
     22.32000000 -0.233332417370180E+005  0.849786924615087E+000 
     22.34000000 -0.233332417370126E+005  0.849786930075249E+000 
     22.36000000 -0.233332417370071E+005  0.849786935516850E+000 
     22.38000000 -0.233332417370018E+005  0.849786940905860E+000 
     22.40000000 -0.233332417369964E+005  0.849786946270121E+000 
     22.42000000 -0.233332417369910E+005  0.849786951628195E+000 
     22.44000000 -0.233332417369856E+005  0.849786957014112E+000 
     22.46000000 -0.233332417369803E+005  0.849786962387654E+000 
     22.48000000 -0.233332417369748E+005  0.849786967835442E+000 
     22.50000000 -0.233332417369693E+005  0.849786973317259E+000 
     22.52000000 -0.233332417369638E+005  0.849786978879509E+000 
     22.54000000 -0.233332417369582E+005  0.849786984500537E+000 
     22.56000000 -0.233332417369525E+005  0.849786990152501E+000 
     22.58000000 -0.233332417369468E+005  0.849786995866337E+000 
     22.60000000 -0.233332417369411E+005  0.849787001564704E+000 
     22.62000000 -0.233332417369354E+005  0.849787007275446E+000 
     22.64000000 -0.233332417369297E+005  0.849787012967626E+000 
     22.66000000 -0.233332417369240E+005  0.849787018653620E+000 
     22.68000000 -0.233332417369184E+005  0.849787024259180E+000 
     22.70000000 -0.233332417369128E+005  0.849787029818337E+000 
     22.72000000 -0.233332417369073E+005  0.849787035309435E+000 
     22.74000000 -0.233332417369019E+005  0.849787040741755E+000 
     22.76000000 -0.233332417368966E+005  0.849787046075080E+000 
     22.78000000 -0.233332417368913E+005  0.849787051362002E+000 
     22.80000000 -0.233332417368861E+005  0.849787056587053E+000 
     22.82000000 -0.233332417368809E+005  0.849787061753325E+000 
     22.84000000 -0.233332417368758E+005  0.849787066863913E+000 
     22.86000000 -0.233332417368707E+005  0.849787071959033E+000 
     22.88000000 -0.233332417368656E+005  0.849787077057247E+000 
     22.90000000 -0.233332417368605E+005  0.849787082164742E+000 
     22.92000000 -0.233332417368554E+005  0.849787087281517E+000 
     22.94000000 -0.233332417368502E+005  0.849787092429228E+000 
     22.96000000 -0.233332417368451E+005  0.849787097583126E+000 
     22.98000000 -0.233332417368399E+005  0.849787102749398E+000 
     23.00000000 -0.233332417368347E+005  0.849787107946607E+000 
     23.02000000 -0.233332417368295E+005  0.849787113131441E+000 
     23.04000000 -0.233332417368243E+005  0.849787118341023E+000 
     23.06000000 -0.233332417368191E+005  0.849787123538231E+000 
     23.08000000 -0.233332417368139E+005  0.849787128747814E+000 
     23.10000000 -0.233332417368087E+005  0.849787133972864E+000 
     23.12000000 -0.233332417368035E+005  0.849787139204102E+000 
     23.14000000 -0.233332417367982E+005  0.849787144460088E+000 
     23.16000000 -0.233332417367929E+005  0.849787149759384E+000 
     23.18000000 -0.233332417367876E+005  0.849787155037025E+000 
     23.20000000 -0.233332417367823E+005  0.849787160323947E+000 
     23.22000000 -0.233332417367770E+005  0.849787165641805E+000 
     23.24000000 -0.233332417367717E+005  0.849787170956569E+000 
     23.26000000 -0.233332417367664E+005  0.849787176262052E+000 
     23.28000000 -0.233332417367611E+005  0.849787181561349E+000 
     23.30000000 -0.233332417367558E+005  0.849787186900861E+000 
     23.32000000 -0.233332417367504E+005  0.849787192228000E+000 
     23.34000000 -0.233332417367451E+005  0.849787197586074E+000 
     23.36000000 -0.233332417367397E+005  0.849787202956522E+000 
     23.38000000 -0.233332417367343E+005  0.849787208370281E+000 
     23.40000000 -0.233332417367289E+005  0.849787213790227E+000 
     23.42000000 -0.233332417367234E+005  0.849787219244202E+000 
     23.44000000 -0.233332417367180E+005  0.849787224676522E+000 
     23.46000000 -0.233332417367125E+005  0.849787230133590E+000 
     23.48000000 -0.233332417367071E+005  0.849787235593753E+000 
     23.50000000 -0.233332417367016E+005  0.849787241084850E+000 
     23.52000000 -0.233332417366961E+005  0.849787246532638E+000 
     23.54000000 -0.233332417366907E+005  0.849787251983520E+000 
     23.56000000 -0.233332417366853E+005  0.849787257403466E+000 
     23.58000000 -0.233332417366798E+005  0.849787262811037E+000 
     23.60000000 -0.233332417366744E+005  0.849787268234076E+000 
     23.62000000 -0.233332417366691E+005  0.849787273604525E+000 
     23.64000000 -0.233332417366637E+005  0.849787278993535E+000 
     23.66000000 -0.233332417366584E+005  0.849787284286644E+000 
     23.68000000 -0.233332417366531E+005  0.849787289585940E+000 
     23.70000000 -0.233332417366478E+005  0.849787294810990E+000 
     23.72000000 -0.233332417366427E+005  0.849787300002012E+000 
     23.74000000 -0.233332417366375E+005  0.849787305137348E+000 
     23.76000000 -0.233332417366324E+005  0.849787310235562E+000 
     23.78000000 -0.233332417366274E+005  0.849787315271904E+000 
     23.80000000 -0.233332417366223E+005  0.849787320320621E+000 
     23.82000000 -0.233332417366173E+005  0.849787325366244E+000 
     23.84000000 -0.233332417366122E+005  0.849787330405680E+000 
     23.86000000 -0.233332417366072E+005  0.849787335497706E+000 
     23.88000000 -0.233332417366020E+005  0.849787340626856E+000 
     23.90000000 -0.233332417365969E+005  0.849787345799315E+000 
     23.92000000 -0.233332417365916E+005  0.849787351061489E+000 
     23.94000000 -0.233332417365863E+005  0.849787356348411E+000 
     23.96000000 -0.233332417365809E+005  0.849787361709578E+000 
     23.98000000 -0.233332417365755E+005  0.849787367120243E+000 
     24.00000000 -0.233332417365701E+005  0.849787372552563E+000 
     24.02000000 -0.233332417365647E+005  0.849787377984883E+000 
     24.04000000 -0.233332417365592E+005  0.849787383466700E+000 
     24.06000000 -0.233332417365537E+005  0.849787388920676E+000 
     24.08000000 -0.233332417365483E+005  0.849787394362276E+000 
     24.10000000 -0.233332417365429E+005  0.849787399800783E+000 
     24.12000000 -0.233332417365374E+005  0.849787405233103E+000 
     24.14000000 -0.233332417365321E+005  0.849787410591178E+000 
     24.16000000 -0.233332417365267E+005  0.849787415918316E+000 
     24.18000000 -0.233332417365215E+005  0.849787421177396E+000 
     24.20000000 -0.233332417365163E+005  0.849787426383885E+000 
     24.22000000 -0.233332417365111E+005  0.849787431540876E+000 
     24.24000000 -0.233332417365060E+005  0.849787436639090E+000 
     24.26000000 -0.233332417365010E+005  0.849787441684713E+000 
     24.28000000 -0.233332417364960E+005  0.849787446699400E+000 
     24.30000000 -0.233332417364910E+005  0.849787451655310E+000 
     24.32000000 -0.233332417364860E+005  0.849787456611219E+000 
     24.34000000 -0.233332417364811E+005  0.849787461567128E+000 
     24.36000000 -0.233332417364761E+005  0.849787466516850E+000 
     24.38000000 -0.233332417364711E+005  0.849787471528444E+000 
     24.40000000 -0.233332417364661E+005  0.849787476530757E+000 
     24.42000000 -0.233332417364611E+005  0.849787481560912E+000 
     24.44000000 -0.233332417364561E+005  0.849787486594161E+000 
     24.46000000 -0.233332417364510E+005  0.849787491652158E+000 
     24.48000000 -0.233332417364459E+005  0.849787496728717E+000 
     24.50000000 -0.233332417364408E+005  0.849787501826930E+000 
     24.52000000 -0.233332417364357E+005  0.849787506928238E+000 
     24.54000000 -0.233332417364306E+005  0.849787512079042E+000 
     24.56000000 -0.233332417364254E+005  0.849787517220566E+000 
     24.58000000 -0.233332417364203E+005  0.849787522405400E+000 
     24.60000000 -0.233332417364150E+005  0.849787527608795E+000 
     24.62000000 -0.233332417364098E+005  0.849787532864781E+000 
     24.64000000 -0.233332417364046E+005  0.849787538102206E+000 
     24.66000000 -0.233332417363993E+005  0.849787543404596E+000 
     24.68000000 -0.233332417363939E+005  0.849787548706986E+000 
     24.70000000 -0.233332417363886E+005  0.849787554034124E+000 
     24.72000000 -0.233332417363833E+005  0.849787559361263E+000 
     24.74000000 -0.233332417363780E+005  0.849787564669840E+000 
     24.76000000 -0.233332417363727E+005  0.849787570003165E+000 
     24.78000000 -0.233332417363673E+005  0.849787575324117E+000 
     24.80000000 -0.233332417363620E+005  0.849787580611038E+000 
     24.82000000 -0.233332417363567E+005  0.849787585947458E+000 
     24.84000000 -0.233332417363514E+005  0.849787591243660E+000 
     24.86000000 -0.233332417363461E+005  0.849787596570799E+000 
     24.88000000 -0.233332417363408E+005  0.849787601907218E+000 
     24.90000000 -0.233332417363354E+005  0.849787607246731E+000 
     24.92000000 -0.233332417363301E+005  0.849787612601711E+000 
     24.94000000 -0.233332417363247E+005  0.849787617978347E+000 
     24.96000000 -0.233332417363193E+005  0.849787623330234E+000 
     24.98000000 -0.233332417363140E+005  0.849787628706869E+000 
     25.00000000 -0.233332417363086E+005  0.849787634055663E+000 
     25.02000000 -0.233332417363033E+005  0.849787639404456E+000 
     25.04000000 -0.233332417362979E+005  0.849787644750156E+000 
     25.06000000 -0.233332417362926E+005  0.849787650046359E+000 
     25.08000000 -0.233332417362873E+005  0.849787655330187E+000 
     25.10000000 -0.233332417362821E+005  0.849787660601641E+000 
     25.12000000 -0.233332417362768E+005  0.849787665870002E+000 
     25.14000000 -0.233332417362715E+005  0.849787671156924E+000 
     25.16000000 -0.233332417362662E+005  0.849787676422190E+000 
     25.18000000 -0.233332417362609E+005  0.849787681718393E+000 
     25.20000000 -0.233332417362556E+005  0.849787687014596E+000 
     25.22000000 -0.233332417362503E+005  0.849787692347921E+000 
     25.24000000 -0.233332417362450E+005  0.849787697687434E+000 
     25.26000000 -0.233332417362396E+005  0.849787703020760E+000 
     25.28000000 -0.233332417362343E+005  0.849787708385021E+000 
     25.30000000 -0.233332417362289E+005  0.849787713755469E+000 
     25.32000000 -0.233332417362235E+005  0.849787719147573E+000 
     25.34000000 -0.233332417362181E+005  0.849787724539677E+000 
     25.36000000 -0.233332417362127E+005  0.849787729947248E+000 
     25.38000000 -0.233332417362073E+005  0.849787735391942E+000 
     25.40000000 -0.233332417362018E+005  0.849787740845917E+000 
     25.42000000 -0.233332417361963E+005  0.849787746330828E+000 
     25.44000000 -0.233332417361909E+005  0.849787751800271E+000 
     25.46000000 -0.233332417361854E+005  0.849787757300650E+000 
     25.48000000 -0.233332417361799E+005  0.849787762807216E+000 
     25.50000000 -0.233332417361743E+005  0.849787768332343E+000 
     25.52000000 -0.233332417361688E+005  0.849787773829628E+000 
     25.54000000 -0.233332417361633E+005  0.849787779326913E+000 
     25.56000000 -0.233332417361578E+005  0.849787784814917E+000 
     25.58000000 -0.233332417361523E+005  0.849787790315296E+000 
     25.60000000 -0.233332417361468E+005  0.849787795843517E+000 
     25.62000000 -0.233332417361414E+005  0.849787801300586E+000 
     25.64000000 -0.233332417361359E+005  0.849787806754561E+000 
     25.66000000 -0.233332417361304E+005  0.849787812239472E+000 
     25.68000000 -0.233332417361249E+005  0.849787817708914E+000 
     25.70000000 -0.233332417361195E+005  0.849787823175264E+000 
     25.72000000 -0.233332417361140E+005  0.849787828657081E+000 
     25.74000000 -0.233332417361085E+005  0.849787834107962E+000 
     25.76000000 -0.233332417361031E+005  0.849787839571218E+000 
     25.78000000 -0.233332417360977E+005  0.849787844978790E+000 
     25.80000000 -0.233332417360923E+005  0.849787850386361E+000 
     25.82000000 -0.233332417360869E+005  0.849787855732061E+000 
     25.84000000 -0.233332417360816E+005  0.849787861028264E+000 
     25.86000000 -0.233332417360764E+005  0.849787866259501E+000 
     25.88000000 -0.233332417360712E+005  0.849787871428867E+000 
     25.90000000 -0.233332417360661E+005  0.849787876533268E+000 
     25.92000000 -0.233332417360611E+005  0.849787881600546E+000 
     25.94000000 -0.233332417360560E+005  0.849787886609046E+000 
     25.96000000 -0.233332417360511E+005  0.849787891577330E+000 
     25.98000000 -0.233332417360461E+005  0.849787896573455E+000 
     26.00000000 -0.233332417360411E+005  0.849787901575768E+000 
     26.02000000 -0.233332417360360E+005  0.849787906633766E+000 
     26.04000000 -0.233332417360309E+005  0.849787911738167E+000 
     26.06000000 -0.233332417360257E+005  0.849787916938468E+000 
     26.08000000 -0.233332417360204E+005  0.849787922219203E+000 
     26.10000000 -0.233332417360151E+005  0.849787927564903E+000 
     26.12000000 -0.233332417360097E+005  0.849787932972474E+000 
     26.14000000 -0.233332417360042E+005  0.849787938445011E+000 
     26.16000000 -0.233332417359987E+005  0.849787943988700E+000 
     26.18000000 -0.233332417359931E+005  0.849787949566418E+000 
     26.20000000 -0.233332417359875E+005  0.849787955199820E+000 
     26.22000000 -0.233332417359818E+005  0.849787960827036E+000 
     26.24000000 -0.233332417359762E+005  0.849787966497561E+000 
     26.26000000 -0.233332417359705E+005  0.849787972174273E+000 
     26.28000000 -0.233332417359648E+005  0.849787977832425E+000 
     26.30000000 -0.233332417359591E+005  0.849787983509137E+000 
     26.32000000 -0.233332417359535E+005  0.849787989111604E+000 
     26.34000000 -0.233332417359480E+005  0.849787994683135E+000 
     26.36000000 -0.233332417359425E+005  0.849788000177326E+000 
     26.38000000 -0.233332417359370E+005  0.849788005628208E+000 
     26.40000000 -0.233332417359317E+005  0.849788010998656E+000 
     26.42000000 -0.233332417359264E+005  0.849788016294859E+000 
     26.44000000 -0.233332417359211E+005  0.849788021523003E+000 
     26.46000000 -0.233332417359160E+005  0.849788026676901E+000 
     26.48000000 -0.233332417359109E+005  0.849788031737992E+000 
     26.50000000 -0.233332417359059E+005  0.849788036792896E+000 
     26.52000000 -0.233332417359009E+005  0.849788041779741E+000 
     26.54000000 -0.233332417358959E+005  0.849788046778960E+000 
     26.56000000 -0.233332417358909E+005  0.849788051802928E+000 
     26.58000000 -0.233332417358858E+005  0.849788056876393E+000 
     26.60000000 -0.233332417358806E+005  0.849788062048853E+000 
     26.62000000 -0.233332417358754E+005  0.849788067283184E+000 
     26.64000000 -0.233332417358701E+005  0.849788072585574E+000 
     26.66000000 -0.233332417358647E+005  0.849788077977677E+000 
     26.68000000 -0.233332417358593E+005  0.849788083394529E+000 
     26.70000000 -0.233332417358538E+005  0.849788088833036E+000 
     26.72000000 -0.233332417358484E+005  0.849788094237514E+000 
     26.74000000 -0.233332417358430E+005  0.849788099648179E+000 
     26.76000000 -0.233332417358377E+005  0.849788104956756E+000 
     26.78000000 -0.233332417358324E+005  0.849788110228210E+000 
     26.80000000 -0.233332417358273E+005  0.849788115400670E+000 
     26.82000000 -0.233332417358221E+005  0.849788120532913E+000 
     26.84000000 -0.233332417358170E+005  0.849788125628033E+000 
     26.86000000 -0.233332417358120E+005  0.849788130695311E+000 
     26.88000000 -0.233332417358069E+005  0.849788135793525E+000 
     26.90000000 -0.233332417358018E+005  0.849788140901019E+000 
     26.92000000 -0.233332417357966E+005  0.849788146058011E+000 
     26.94000000 -0.233332417357914E+005  0.849788151292342E+000 
     26.96000000 -0.233332417357861E+005  0.849788156588545E+000 
     26.98000000 -0.233332417357807E+005  0.849788161958993E+000 
     27.00000000 -0.233332417357753E+005  0.849788167354190E+000 
     27.02000000 -0.233332417357698E+005  0.849788172811259E+000 
     27.04000000 -0.233332417357644E+005  0.849788178231205E+000 
     27.06000000 -0.233332417357590E+005  0.849788183700648E+000 
     27.08000000 -0.233332417357535E+005  0.849788189126781E+000 
     27.10000000 -0.233332417357481E+005  0.849788194546726E+000 
     27.12000000 -0.233332417357427E+005  0.849788199910988E+000 
     27.14000000 -0.233332417357374E+005  0.849788205281436E+000 
     27.16000000 -0.233332417357320E+005  0.849788210645697E+000 
     27.18000000 -0.233332417357267E+005  0.849788215988304E+000 
     27.20000000 -0.233332417357213E+005  0.849788221334004E+000 
     27.22000000 -0.233332417357160E+005  0.849788226658048E+000 
     27.24000000 -0.233332417357106E+005  0.849788232009935E+000 
     27.26000000 -0.233332417357053E+005  0.849788237371103E+000 
     27.28000000 -0.233332417356999E+005  0.849788242735365E+000 
     27.30000000 -0.233332417356946E+005  0.849788248102719E+000 
     27.32000000 -0.233332417356892E+005  0.849788253491729E+000 
     27.34000000 -0.233332417356837E+005  0.849788258936424E+000 
     27.36000000 -0.233332417356783E+005  0.849788264350182E+000 
     27.38000000 -0.233332417356728E+005  0.849788269866029E+000 
     27.40000000 -0.233332417356673E+005  0.849788275381875E+000 
     27.42000000 -0.233332417356617E+005  0.849788280944126E+000 
     27.44000000 -0.233332417356561E+005  0.849788286586809E+000 
     27.46000000 -0.233332417356504E+005  0.849788292254241E+000 
     27.48000000 -0.233332417356447E+005  0.849788297930953E+000 
     27.50000000 -0.233332417356391E+005  0.849788303589104E+000 
     27.52000000 -0.233332417356334E+005  0.849788309256536E+000 
     27.54000000 -0.233332417356278E+005  0.849788314896126E+000 
     27.56000000 -0.233332417356222E+005  0.849788320461469E+000 
     27.58000000 -0.233332417356167E+005  0.849788325943287E+000 
     27.60000000 -0.233332417356112E+005  0.849788331412730E+000 
     27.62000000 -0.233332417356059E+005  0.849788336792459E+000 
     27.64000000 -0.233332417356006E+005  0.849788342097942E+000 
     27.66000000 -0.233332417355953E+005  0.849788347387958E+000 
     27.68000000 -0.233332417355900E+005  0.849788352647037E+000 
     27.70000000 -0.233332417355847E+005  0.849788357921585E+000 
     27.72000000 -0.233332417355794E+005  0.849788363220881E+000 
     27.74000000 -0.233332417355741E+005  0.849788368585143E+000 
     27.76000000 -0.233332417355686E+005  0.849788374017463E+000 
     27.78000000 -0.233332417355631E+005  0.849788379548777E+000 
     27.80000000 -0.233332417355575E+005  0.849788385179086E+000 
     27.82000000 -0.233332417355517E+005  0.849788390911483E+000 
     27.84000000 -0.233332417355459E+005  0.849788396721219E+000 
     27.86000000 -0.233332417355401E+005  0.849788402564985E+000 
     27.88000000 -0.233332417355342E+005  0.849788408467529E+000 
     27.90000000 -0.233332417355283E+005  0.849788414385540E+000 
     27.92000000 -0.233332417355224E+005  0.849788420306645E+000 
     27.94000000 -0.233332417355165E+005  0.849788426206095E+000 
     27.96000000 -0.233332417355106E+005  0.849788432071516E+000 
     27.98000000 -0.233332417355048E+005  0.849788437887439E+000 
     28.00000000 -0.233332417354990E+005  0.849788443635304E+000 
     28.02000000 -0.233332417354934E+005  0.849788449277987E+000 
     28.04000000 -0.233332417354878E+005  0.849788454871173E+000 
     28.06000000 -0.233332417354823E+005  0.849788460322055E+000 
     28.08000000 -0.233332417354770E+005  0.849788465680129E+000 
     28.10000000 -0.233332417354717E+005  0.849788470951583E+000 
     28.12000000 -0.233332417354665E+005  0.849788476124043E+000 
     28.14000000 -0.233332417354615E+005  0.849788481191321E+000 
     28.16000000 -0.233332417354564E+005  0.849788486215289E+000 
     28.18000000 -0.233332417354514E+005  0.849788491260911E+000 
     28.20000000 -0.233332417354464E+005  0.849788496275599E+000 
     28.22000000 -0.233332417354413E+005  0.849788501336690E+000 
     28.24000000 -0.233332417354362E+005  0.849788506437997E+000 
     28.26000000 -0.233332417354311E+005  0.849788511554772E+000 
     28.28000000 -0.233332417354259E+005  0.849788516751980E+000 
     28.30000000 -0.233332417354207E+005  0.849788521983218E+000 
     28.32000000 -0.233332417354154E+005  0.849788527236110E+000 
     28.34000000 -0.233332417354102E+005  0.849788532458067E+000 
     28.36000000 -0.233332417354049E+005  0.849788537720241E+000 
     28.38000000 -0.233332417353997E+005  0.849788542939104E+000 
     28.40000000 -0.233332417353945E+005  0.849788548179622E+000 
     28.42000000 -0.233332417353893E+005  0.849788553395392E+000 
     28.44000000 -0.233332417353841E+005  0.849788558567851E+000 
     28.46000000 -0.233332417353789E+005  0.849788563780527E+000 
     28.48000000 -0.233332417353737E+005  0.849788568956081E+000 
     28.50000000 -0.233332417353686E+005  0.849788574097605E+000 
     28.52000000 -0.233332417353634E+005  0.849788579208193E+000 
     28.54000000 -0.233332417353584E+005  0.849788584253816E+000 
     28.56000000 -0.233332417353534E+005  0.849788589225193E+000 
     28.58000000 -0.233332417353485E+005  0.849788594156353E+000 
     28.60000000 -0.233332417353436E+005  0.849788599013268E+000 
     28.62000000 -0.233332417353388E+005  0.849788603833060E+000 
     28.64000000 -0.233332417353340E+005  0.849788608643571E+000 
     28.66000000 -0.233332417353292E+005  0.849788613416960E+000 
     28.68000000 -0.233332417353245E+005  0.849788618193441E+000 
     28.70000000 -0.233332417353197E+005  0.849788622985391E+000 
     28.72000000 -0.233332417353149E+005  0.849788627789715E+000 
     28.74000000 -0.233332417353101E+005  0.849788632584758E+000 
     28.76000000 -0.233332417353053E+005  0.849788637398363E+000 
     28.78000000 -0.233332417353005E+005  0.849788642181032E+000 
     28.80000000 -0.233332417352957E+005  0.849788646979169E+000 
     28.82000000 -0.233332417352909E+005  0.849788651724715E+000 
     28.84000000 -0.233332417352862E+005  0.849788656467168E+000 
     28.86000000 -0.233332417352814E+005  0.849788661212714E+000 
     28.88000000 -0.233332417352767E+005  0.849788665945885E+000 
     28.90000000 -0.233332417352719E+005  0.849788670709993E+000 
     28.92000000 -0.233332417352671E+005  0.849788675529785E+000 
     28.94000000 -0.233332417352623E+005  0.849788680386700E+000 
     28.96000000 -0.233332417352573E+005  0.849788685324047E+000 
     28.98000000 -0.233332417352524E+005  0.849788690304705E+000 
     29.00000000 -0.233332417352473E+005  0.849788695378170E+000 
     29.02000000 -0.233332417352422E+005  0.849788700494946E+000 
     29.04000000 -0.233332417352370E+005  0.849788705648844E+000 
     29.06000000 -0.233332417352318E+005  0.849788710849146E+000 
     29.08000000 -0.233332417352266E+005  0.849788716012324E+000 
     29.10000000 -0.233332417352215E+005  0.849788721153848E+000 
     29.12000000 -0.233332417352164E+005  0.849788726304653E+000 
     29.14000000 -0.233332417352113E+005  0.849788731381212E+000 
     29.16000000 -0.233332417352062E+005  0.849788736463957E+000 
     29.18000000 -0.233332417352011E+005  0.849788741518861E+000 
     29.20000000 -0.233332417351961E+005  0.849788746595420E+000 
     29.22000000 -0.233332417351910E+005  0.849788751675072E+000 
     29.24000000 -0.233332417351859E+005  0.849788756788754E+000 
     29.26000000 -0.233332417351807E+005  0.849788761967401E+000 
     29.28000000 -0.233332417351755E+005  0.849788767183170E+000 
     29.30000000 -0.233332417351702E+005  0.849788772411314E+000 
     29.32000000 -0.233332417351650E+005  0.849788777679675E+000 
     29.34000000 -0.233332417351597E+005  0.849788782957316E+000 
     29.36000000 -0.233332417351545E+005  0.849788788200928E+000 
     29.38000000 -0.233332417351493E+005  0.849788793395042E+000 
     29.40000000 -0.233332417351441E+005  0.849788798542753E+000 
     29.42000000 -0.233332417351390E+005  0.849788803665716E+000 
     29.44000000 -0.233332417351339E+005  0.849788808751555E+000 
     29.46000000 -0.233332417351289E+005  0.849788813781710E+000 
     29.48000000 -0.233332417351238E+005  0.849788818818053E+000 
     29.50000000 -0.233332417351188E+005  0.849788823820365E+000 
     29.52000000 -0.233332417351138E+005  0.849788828878363E+000 
     29.54000000 -0.233332417351087E+005  0.849788833992044E+000 
     29.56000000 -0.233332417351035E+005  0.849788839161410E+000 
     29.58000000 -0.233332417350983E+005  0.849788844383367E+000 
     29.60000000 -0.233332417350930E+005  0.849788849698131E+000 
     29.62000000 -0.233332417350876E+005  0.849788855074767E+000 
     29.64000000 -0.233332417350821E+005  0.849788860544210E+000 
     29.66000000 -0.233332417350766E+005  0.849788866063150E+000 
     29.68000000 -0.233332417350710E+005  0.849788871662523E+000 
     29.70000000 -0.233332417350654E+005  0.849788877268083E+000 
     29.72000000 -0.233332417350598E+005  0.849788882904580E+000 
     29.74000000 -0.233332417350542E+005  0.849788888497766E+000 
     29.76000000 -0.233332417350486E+005  0.849788894041454E+000 
     29.78000000 -0.233332417350431E+005  0.849788899554207E+000 
     29.80000000 -0.233332417350376E+005  0.849788905008182E+000 
     29.82000000 -0.233332417350323E+005  0.849788910406473E+000 
     29.84000000 -0.233332417350269E+005  0.849788915705769E+000 
     29.86000000 -0.233332417350217E+005  0.849788920927726E+000 
     29.88000000 -0.233332417350166E+005  0.849788926081624E+000 
     29.90000000 -0.233332417350115E+005  0.849788931133434E+000 
     29.92000000 -0.233332417350066E+005  0.849788936101718E+000 
     29.94000000 -0.233332417350016E+005  0.849788941014317E+000 
     29.96000000 -0.233332417349968E+005  0.849788945886700E+000 
     29.98000000 -0.233332417349919E+005  0.849788950749802E+000 
     30.00000000 -0.233332417349871E+005  0.849788955572687E+000 
