# Real time calculation: 
# Eall: Total energy
# Eall0: Initial total energy
# 1:Time[fs] 2:Eall[eV] 3:Eall-Eall0[eV] 
      0.00000000 -0.233340915239427E+005  0.000000000000000E+000 
      0.02000000 -0.233340915239482E+005 -0.559318597997844E-008 
      0.04000000 -0.233340915239489E+005 -0.620571409061768E-008 
      0.06000000 -0.233340915239494E+005 -0.676874498019515E-008 
      0.08000000 -0.233340915239500E+005 -0.735033732767079E-008 
      0.10000000 -0.233340915239506E+005 -0.790099391198282E-008 
      0.12000000 -0.233340915239511E+005 -0.847949268314210E-008 
      0.14000000 -0.233340915239517E+005 -0.904871072535229E-008 
      0.16000000 -0.233340915239523E+005 -0.959627373334797E-008 
      0.18000000 -0.233340915239528E+005 -0.101685853518745E-007 
      0.20000000 -0.233340915239534E+005 -0.107285226651356E-007 
      0.22000000 -0.233340915239539E+005 -0.112791792494477E-007 
      0.24000000 -0.233340915239545E+005 -0.118329294100761E-007 
      0.26000000 -0.233340915239551E+005 -0.124145217575517E-007 
      0.28000000 -0.233340915239556E+005 -0.129682719181801E-007 
      0.30000000 -0.233340915239562E+005 -0.135189285024921E-007 
      0.32000000 -0.233340915239567E+005 -0.140819593920696E-007 
      0.34000000 -0.233340915239573E+005 -0.146542710105962E-007 
      0.36000000 -0.233340915239579E+005 -0.152080211712246E-007 
      0.38000000 -0.233340915239584E+005 -0.157524906029039E-007 
      0.40000000 -0.233340915239590E+005 -0.163217086451141E-007 
      0.42000000 -0.233340915239595E+005 -0.168754588057425E-007 
      0.44000000 -0.233340915239601E+005 -0.174292089663709E-007 
      0.46000000 -0.233340915239606E+005 -0.179767719743666E-007 
      0.48000000 -0.233340915239612E+005 -0.185490835928931E-007 
      0.50000000 -0.233340915239618E+005 -0.191121144824706E-007 
      0.52000000 -0.233340915239623E+005 -0.196534903378335E-007 
      0.54000000 -0.233340915239629E+005 -0.202288955326765E-007 
      0.56000000 -0.233340915239634E+005 -0.207671778117231E-007 
      0.58000000 -0.233340915239640E+005 -0.213271151249842E-007 
      0.60000000 -0.233340915239645E+005 -0.218715845566635E-007 
      0.62000000 -0.233340915239651E+005 -0.224160539883428E-007 
      0.64000000 -0.233340915239656E+005 -0.229821784542366E-007 
      0.66000000 -0.233340915239662E+005 -0.235266478859160E-007 
      0.68000000 -0.233340915239668E+005 -0.240958659281262E-007 
      0.70000000 -0.233340915239673E+005 -0.246496160887546E-007 
      0.72000000 -0.233340915239679E+005 -0.252126469783320E-007 
      0.74000000 -0.233340915239684E+005 -0.257633035626441E-007 
      0.76000000 -0.233340915239690E+005 -0.263232408759052E-007 
      0.78000000 -0.233340915239695E+005 -0.268677103075845E-007 
      0.80000000 -0.233340915239701E+005 -0.274276476208456E-007 
      0.82000000 -0.233340915239706E+005 -0.279752106288413E-007 
      0.84000000 -0.233340915239712E+005 -0.285351479421024E-007 
      0.86000000 -0.233340915239718E+005 -0.290950852553635E-007 
      0.88000000 -0.233340915239723E+005 -0.296457418396756E-007 
      0.90000000 -0.233340915239729E+005 -0.302087727292530E-007 
      0.92000000 -0.233340915239734E+005 -0.307594293135651E-007 
      0.94000000 -0.233340915239739E+005 -0.312884308636626E-007 
      0.96000000 -0.233340915239745E+005 -0.318452746006074E-007 
      0.98000000 -0.233340915239751E+005 -0.324175862191339E-007 
      1.00000000 -0.233340915239756E+005 -0.329651492271296E-007 
      1.02000000 -0.233340915239762E+005 -0.335219929640743E-007 
      1.04000000 -0.233340915239768E+005 -0.340973981589173E-007 
      1.06000000 -0.233340915239773E+005 -0.346294932853311E-007 
      1.08000000 -0.233340915239778E+005 -0.351739627170105E-007 
      1.10000000 -0.233340915239784E+005 -0.357369936065879E-007 
      1.12000000 -0.233340915239790E+005 -0.362969309198490E-007 
      1.14000000 -0.233340915239795E+005 -0.368444939278447E-007 
      1.16000000 -0.233340915239800E+005 -0.373889633595240E-007 
      1.18000000 -0.233340915239806E+005 -0.379612749780506E-007 
      1.20000000 -0.233340915239812E+005 -0.385088379860463E-007 
      1.22000000 -0.233340915239817E+005 -0.390718688756237E-007 
      1.24000000 -0.233340915239823E+005 -0.395977768494049E-007 
      1.26000000 -0.233340915239828E+005 -0.401762756205642E-007 
      1.28000000 -0.233340915239834E+005 -0.407176514759271E-007 
      1.30000000 -0.233340915239839E+005 -0.412683080602392E-007 
      1.32000000 -0.233340915239845E+005 -0.418313389498167E-007 
      1.34000000 -0.233340915239851E+005 -0.423974634157105E-007 
      1.36000000 -0.233340915239856E+005 -0.429388392710734E-007 
      1.38000000 -0.233340915239861E+005 -0.434894958553855E-007 
      1.40000000 -0.233340915239867E+005 -0.440494331686466E-007 
      1.42000000 -0.233340915239873E+005 -0.445969961766423E-007 
      1.44000000 -0.233340915239878E+005 -0.451476527609543E-007 
      1.46000000 -0.233340915239884E+005 -0.457137772268482E-007 
      1.48000000 -0.233340915239889E+005 -0.462613402348438E-007 
      1.50000000 -0.233340915239895E+005 -0.468119968191559E-007 
      1.52000000 -0.233340915239900E+005 -0.473688405561006E-007 
      1.54000000 -0.233340915239906E+005 -0.479194971404127E-007 
      1.56000000 -0.233340915239911E+005 -0.484577794194593E-007 
      1.58000000 -0.233340915239917E+005 -0.490269974616695E-007 
      1.60000000 -0.233340915239922E+005 -0.495869347749306E-007 
      1.62000000 -0.233340915239928E+005 -0.501437785118753E-007 
      1.64000000 -0.233340915239934E+005 -0.506944350961874E-007 
      1.66000000 -0.233340915239939E+005 -0.512358109515503E-007 
      1.68000000 -0.233340915239945E+005 -0.518174032990260E-007 
      1.70000000 -0.233340915239950E+005 -0.523556855780726E-007 
      1.72000000 -0.233340915239955E+005 -0.528877807044864E-007 
      1.74000000 -0.233340915239961E+005 -0.534600923230130E-007 
      1.76000000 -0.233340915239967E+005 -0.540200296362741E-007 
      1.78000000 -0.233340915239972E+005 -0.545644990679534E-007 
      1.80000000 -0.233340915239978E+005 -0.551182492285818E-007 
      1.82000000 -0.233340915239983E+005 -0.556658122365775E-007 
      1.84000000 -0.233340915239989E+005 -0.562381238551041E-007 
      1.86000000 -0.233340915239994E+005 -0.567547510999361E-007 
      1.88000000 -0.233340915240000E+005 -0.573239691421463E-007 
      1.90000000 -0.233340915240005E+005 -0.578746257264584E-007 
      1.92000000 -0.233340915240011E+005 -0.584314694634031E-007 
      1.94000000 -0.233340915240016E+005 -0.589635645898170E-007 
      1.96000000 -0.233340915240022E+005 -0.595513440899254E-007 
      1.98000000 -0.233340915240028E+005 -0.601081878268701E-007 
      2.00000000 -0.233340915240033E+005 -0.606464701059167E-007 
      2.02000000 -0.233340915240039E+005 -0.612156881481269E-007 
      2.04000000 -0.233340915240044E+005 -0.617570640034899E-007 
      2.06000000 -0.233340915240050E+005 -0.623108141641183E-007 
      2.08000000 -0.233340915240055E+005 -0.628614707484303E-007 
      2.10000000 -0.233340915240061E+005 -0.634152209090587E-007 
      2.12000000 -0.233340915240066E+005 -0.639937196802180E-007 
      2.14000000 -0.233340915240072E+005 -0.645227212303155E-007 
      2.16000000 -0.233340915240077E+005 -0.650764713909439E-007 
      2.18000000 -0.233340915240083E+005 -0.656209408226232E-007 
      2.20000000 -0.233340915240088E+005 -0.661901588648334E-007 
      2.22000000 -0.233340915240094E+005 -0.667408154491454E-007 
      2.24000000 -0.233340915240099E+005 -0.672852848808248E-007 
      2.26000000 -0.233340915240105E+005 -0.678421286177695E-007 
      2.28000000 -0.233340915240111E+005 -0.684144402362961E-007 
      2.30000000 -0.233340915240116E+005 -0.689496289390263E-007 
      2.32000000 -0.233340915240122E+005 -0.695188469812365E-007 
      2.34000000 -0.233340915240127E+005 -0.700509421076504E-007 
      2.36000000 -0.233340915240133E+005 -0.705954115393297E-007 
      2.38000000 -0.233340915240138E+005 -0.711584424289072E-007 
      2.40000000 -0.233340915240144E+005 -0.717090990132192E-007 
      2.42000000 -0.233340915240149E+005 -0.722597555975312E-007 
      2.44000000 -0.233340915240155E+005 -0.728258800634251E-007 
      2.46000000 -0.233340915240160E+005 -0.733858173766862E-007 
      2.48000000 -0.233340915240166E+005 -0.739302868083655E-007 
      2.50000000 -0.233340915240171E+005 -0.744871305453103E-007 
      2.52000000 -0.233340915240177E+005 -0.750532550112041E-007 
      2.54000000 -0.233340915240182E+005 -0.755822565613016E-007 
      2.56000000 -0.233340915240188E+005 -0.761545681798282E-007 
      2.58000000 -0.233340915240194E+005 -0.767052247641402E-007 
      2.60000000 -0.233340915240199E+005 -0.772651620774013E-007 
      2.62000000 -0.233340915240205E+005 -0.778065379327643E-007 
      2.64000000 -0.233340915240210E+005 -0.783448202118109E-007 
      2.66000000 -0.233340915240216E+005 -0.788923832198066E-007 
      2.68000000 -0.233340915240221E+005 -0.794616012620168E-007 
      2.70000000 -0.233340915240227E+005 -0.800215385752779E-007 
      2.72000000 -0.233340915240232E+005 -0.805691015832736E-007 
      2.74000000 -0.233340915240238E+005 -0.811135710149529E-007 
      2.76000000 -0.233340915240243E+005 -0.816642275992649E-007 
      2.78000000 -0.233340915240249E+005 -0.822210713362097E-007 
      2.80000000 -0.233340915240254E+005 -0.827810086494708E-007 
      2.82000000 -0.233340915240260E+005 -0.833285716574665E-007 
      2.84000000 -0.233340915240265E+005 -0.838730410891458E-007 
      2.86000000 -0.233340915240271E+005 -0.844360719787232E-007 
      2.88000000 -0.233340915240276E+005 -0.849929157156680E-007 
      2.90000000 -0.233340915240282E+005 -0.855559466052455E-007 
      2.92000000 -0.233340915240288E+005 -0.861158839185066E-007 
      2.94000000 -0.233340915240293E+005 -0.866758212317677E-007 
      2.96000000 -0.233340915240299E+005 -0.871986356292325E-007 
      2.98000000 -0.233340915240304E+005 -0.877585729424936E-007 
      3.00000000 -0.233340915240310E+005 -0.883154166794384E-007 
      3.02000000 -0.233340915240315E+005 -0.888722604163831E-007 
      3.04000000 -0.233340915240321E+005 -0.893919812375316E-007 
      3.06000000 -0.233340915240326E+005 -0.899735735850072E-007 
      3.08000000 -0.233340915240332E+005 -0.905149494403702E-007 
      3.10000000 -0.233340915240337E+005 -0.910872610588967E-007 
      3.12000000 -0.233340915240343E+005 -0.916255433379433E-007 
      3.14000000 -0.233340915240348E+005 -0.921700127696226E-007 
      3.16000000 -0.233340915240354E+005 -0.927330436592001E-007 
      3.18000000 -0.233340915240359E+005 -0.932713259382467E-007 
      3.20000000 -0.233340915240365E+005 -0.938219825225588E-007 
      3.22000000 -0.233340915240370E+005 -0.943850134121362E-007 
      3.24000000 -0.233340915240376E+005 -0.949480443017137E-007 
      3.26000000 -0.233340915240382E+005 -0.955017944623421E-007 
      3.28000000 -0.233340915240387E+005 -0.960679189282359E-007 
      3.30000000 -0.233340915240392E+005 -0.965938269020171E-007 
      3.32000000 -0.233340915240398E+005 -0.971568577915946E-007 
      3.34000000 -0.233340915240404E+005 -0.977260758338048E-007 
      3.36000000 -0.233340915240409E+005 -0.982581709602187E-007 
      3.38000000 -0.233340915240415E+005 -0.988212018497961E-007 
      3.40000000 -0.233340915240420E+005 -0.993656712814754E-007 
      3.42000000 -0.233340915240426E+005 -0.999410764763184E-007 
      3.44000000 -0.233340915240431E+005 -0.100491733060630E-006 
      3.46000000 -0.233340915240437E+005 -0.101051670373892E-006 
      3.48000000 -0.233340915240442E+005 -0.101589952652938E-006 
      3.50000000 -0.233340915240448E+005 -0.102152983542516E-006 
      3.52000000 -0.233340915240453E+005 -0.102675797939980E-006 
      3.54000000 -0.233340915240459E+005 -0.103241922405874E-006 
      3.56000000 -0.233340915240464E+005 -0.103786391837554E-006 
      3.58000000 -0.233340915240470E+005 -0.104361797032396E-006 
      3.60000000 -0.233340915240476E+005 -0.104909360040392E-006 
      3.62000000 -0.233340915240481E+005 -0.105460016624704E-006 
      3.64000000 -0.233340915240487E+005 -0.106023047514282E-006 
      3.66000000 -0.233340915240492E+005 -0.106561329793328E-006 
      3.68000000 -0.233340915240498E+005 -0.107124360682906E-006 
      3.70000000 -0.233340915240503E+005 -0.107675017267218E-006 
      3.72000000 -0.233340915240509E+005 -0.108250422462061E-006 
      3.74000000 -0.233340915240514E+005 -0.108782517588475E-006 
      3.76000000 -0.233340915240520E+005 -0.109333174172787E-006 
      3.78000000 -0.233340915240525E+005 -0.109880737180782E-006 
      3.80000000 -0.233340915240531E+005 -0.110434487341411E-006 
      3.82000000 -0.233340915240536E+005 -0.110972769620457E-006 
      3.84000000 -0.233340915240542E+005 -0.111532706933718E-006 
      3.86000000 -0.233340915240548E+005 -0.112111205704878E-006 
      3.88000000 -0.233340915240553E+005 -0.112643300831292E-006 
      3.90000000 -0.233340915240559E+005 -0.113200144568236E-006 
      3.92000000 -0.233340915240564E+005 -0.113763175457814E-006 
      3.94000000 -0.233340915240570E+005 -0.114323112771075E-006 
      3.96000000 -0.233340915240575E+005 -0.114879956508020E-006 
      3.98000000 -0.233340915240581E+005 -0.115415145210750E-006 
      4.00000000 -0.233340915240586E+005 -0.115965801795062E-006 
      4.02000000 -0.233340915240592E+005 -0.116516458379374E-006 
      4.04000000 -0.233340915240597E+005 -0.117085676421584E-006 
      4.06000000 -0.233340915240603E+005 -0.117639426582213E-006 
      4.08000000 -0.233340915240609E+005 -0.118196270319157E-006 
      4.10000000 -0.233340915240614E+005 -0.118725271869255E-006 
      4.12000000 -0.233340915240619E+005 -0.119288302758832E-006 
      4.14000000 -0.233340915240625E+005 -0.119857520801042E-006 
      4.16000000 -0.233340915240630E+005 -0.120380335198507E-006 
      4.18000000 -0.233340915240636E+005 -0.120968114698616E-006 
      4.20000000 -0.233340915240642E+005 -0.121497116248713E-006 
      4.22000000 -0.233340915240647E+005 -0.122047772833025E-006 
      4.24000000 -0.233340915240652E+005 -0.122589148688388E-006 
      4.26000000 -0.233340915240658E+005 -0.123167647459547E-006 
      4.28000000 -0.233340915240664E+005 -0.123696649009645E-006 
      4.30000000 -0.233340915240669E+005 -0.124272054204488E-006 
      4.32000000 -0.233340915240675E+005 -0.124816523636167E-006 
      4.34000000 -0.233340915240680E+005 -0.125370273796796E-006 
      4.36000000 -0.233340915240686E+005 -0.125939491839006E-006 
      4.38000000 -0.233340915240691E+005 -0.126468493389103E-006 
      4.40000000 -0.233340915240697E+005 -0.127012962820783E-006 
      4.42000000 -0.233340915240702E+005 -0.127572900134044E-006 
      4.44000000 -0.233340915240708E+005 -0.128148305328887E-006 
      4.46000000 -0.233340915240714E+005 -0.128692774760566E-006 
      4.48000000 -0.233340915240719E+005 -0.129224869886980E-006 
      4.50000000 -0.233340915240724E+005 -0.129781713623925E-006 
      4.52000000 -0.233340915240730E+005 -0.130350931666135E-006 
      4.54000000 -0.233340915240736E+005 -0.130895401097814E-006 
      4.56000000 -0.233340915240741E+005 -0.131442964105810E-006 
      4.58000000 -0.233340915240747E+005 -0.132009088571704E-006 
      4.60000000 -0.233340915240752E+005 -0.132553558003383E-006 
      4.62000000 -0.233340915240758E+005 -0.133116588892960E-006 
      4.64000000 -0.233340915240763E+005 -0.133657964748323E-006 
      4.66000000 -0.233340915240769E+005 -0.134224089214217E-006 
      4.68000000 -0.233340915240774E+005 -0.134780932951162E-006 
      4.70000000 -0.233340915240780E+005 -0.135331589535474E-006 
      4.72000000 -0.233340915240786E+005 -0.135900807577684E-006 
      4.74000000 -0.233340915240791E+005 -0.136439089856731E-006 
      4.76000000 -0.233340915240796E+005 -0.136977372135777E-006 
      4.78000000 -0.233340915240802E+005 -0.137537309449039E-006 
      4.80000000 -0.233340915240808E+005 -0.138094153185983E-006 
      4.82000000 -0.233340915240813E+005 -0.138644809770295E-006 
      4.84000000 -0.233340915240819E+005 -0.139192372778291E-006 
      4.86000000 -0.233340915240824E+005 -0.139755403667868E-006 
      4.88000000 -0.233340915240829E+005 -0.140268937336384E-006 
      4.90000000 -0.233340915240835E+005 -0.140869091141758E-006 
      4.92000000 -0.233340915240841E+005 -0.141413560573437E-006 
      4.94000000 -0.233340915240846E+005 -0.141945655699851E-006 
      4.96000000 -0.233340915240852E+005 -0.142502499436796E-006 
      4.98000000 -0.233340915240857E+005 -0.143071717479006E-006 
      5.00000000 -0.233340915240863E+005 -0.143622374063318E-006 
      5.02000000 -0.233340915240868E+005 -0.144166843494997E-006 
      5.04000000 -0.233340915240874E+005 -0.144723687231942E-006 
      5.06000000 -0.233340915240879E+005 -0.145280530968887E-006 
      5.08000000 -0.233340915240885E+005 -0.145849749011097E-006 
      5.10000000 -0.233340915240890E+005 -0.146375656984878E-006 
      5.12000000 -0.233340915240896E+005 -0.146932500721823E-006 
      5.14000000 -0.233340915240901E+005 -0.147483157306135E-006 
      5.16000000 -0.233340915240907E+005 -0.148030720314131E-006 
      5.18000000 -0.233340915240913E+005 -0.148609219085290E-006 
      5.20000000 -0.233340915240918E+005 -0.149141314211704E-006 
      5.22000000 -0.233340915240924E+005 -0.149698157948649E-006 
      5.24000000 -0.233340915240929E+005 -0.150248814532961E-006 
      5.26000000 -0.233340915240935E+005 -0.150799471117273E-006 
      5.28000000 -0.233340915240940E+005 -0.151368689159483E-006 
      5.30000000 -0.233340915240946E+005 -0.151919345743795E-006 
      5.32000000 -0.233340915240951E+005 -0.152476189480740E-006 
      5.34000000 -0.233340915240957E+005 -0.153008284607154E-006 
      5.36000000 -0.233340915240962E+005 -0.153577502649364E-006 
      5.38000000 -0.233340915240968E+005 -0.154134346386309E-006 
      5.40000000 -0.233340915240973E+005 -0.154678815817988E-006 
      5.42000000 -0.233340915240979E+005 -0.155232565978616E-006 
      5.44000000 -0.233340915240984E+005 -0.155786316139245E-006 
      5.46000000 -0.233340915240990E+005 -0.156324598418291E-006 
      5.48000000 -0.233340915240995E+005 -0.156881442155236E-006 
      5.50000000 -0.233340915241001E+005 -0.157463034502712E-006 
      5.52000000 -0.233340915241006E+005 -0.157985848900177E-006 
      5.54000000 -0.233340915241012E+005 -0.158567441247652E-006 
      5.56000000 -0.233340915241018E+005 -0.159096442797750E-006 
      5.58000000 -0.233340915241023E+005 -0.159665660839960E-006 
      5.60000000 -0.233340915241029E+005 -0.160200849542690E-006 
      5.62000000 -0.233340915241034E+005 -0.160766974008584E-006 
      5.64000000 -0.233340915241040E+005 -0.161314537016580E-006 
      5.66000000 -0.233340915241045E+005 -0.161862100024575E-006 
      5.68000000 -0.233340915241051E+005 -0.162425130914153E-006 
      5.70000000 -0.233340915241056E+005 -0.162975787498465E-006 
      5.72000000 -0.233340915241062E+005 -0.163520256930144E-006 
      5.74000000 -0.233340915241067E+005 -0.164092568548671E-006 
      5.76000000 -0.233340915241073E+005 -0.164627757251401E-006 
      5.78000000 -0.233340915241078E+005 -0.165181507412029E-006 
      5.80000000 -0.233340915241084E+005 -0.165741444725290E-006 
      5.82000000 -0.233340915241090E+005 -0.166310662767501E-006 
      5.84000000 -0.233340915241095E+005 -0.166852038622864E-006 
      5.86000000 -0.233340915241101E+005 -0.167408882359808E-006 
      5.88000000 -0.233340915241106E+005 -0.167962632520437E-006 
      5.90000000 -0.233340915241112E+005 -0.168494727646851E-006 
      5.92000000 -0.233340915241117E+005 -0.169051571383795E-006 
      5.94000000 -0.233340915241123E+005 -0.169602227968107E-006 
      5.96000000 -0.233340915241128E+005 -0.170162165281369E-006 
      5.98000000 -0.233340915241134E+005 -0.170715915441997E-006 
      6.00000000 -0.233340915241139E+005 -0.171260384873676E-006 
      6.02000000 -0.233340915241145E+005 -0.171826509339570E-006 
      6.04000000 -0.233340915241150E+005 -0.172383353076515E-006 
      6.06000000 -0.233340915241156E+005 -0.172927822508194E-006 
      6.08000000 -0.233340915241161E+005 -0.173481572668823E-006 
      6.10000000 -0.233340915241167E+005 -0.174016761371553E-006 
      6.12000000 -0.233340915241172E+005 -0.174585979413763E-006 
      6.14000000 -0.233340915241178E+005 -0.175152103879657E-006 
      6.16000000 -0.233340915241183E+005 -0.175678011853438E-006 
      6.18000000 -0.233340915241189E+005 -0.176234855590383E-006 
      6.20000000 -0.233340915241194E+005 -0.176791699327327E-006 
      6.22000000 -0.233340915241200E+005 -0.177342355911640E-006 
      6.24000000 -0.233340915241206E+005 -0.177908480377533E-006 
      6.26000000 -0.233340915241211E+005 -0.178456043385529E-006 
      6.28000000 -0.233340915241217E+005 -0.179019074275107E-006 
      6.30000000 -0.233340915241222E+005 -0.179557356554153E-006 
      6.32000000 -0.233340915241228E+005 -0.180111106714782E-006 
      6.34000000 -0.233340915241233E+005 -0.180667950451726E-006 
      6.36000000 -0.233340915241239E+005 -0.181230981341304E-006 
      6.38000000 -0.233340915241244E+005 -0.181772357196667E-006 
      6.40000000 -0.233340915241250E+005 -0.182341575238877E-006 
      6.42000000 -0.233340915241255E+005 -0.182873670365291E-006 
      6.44000000 -0.233340915241261E+005 -0.183436701254868E-006 
      6.46000000 -0.233340915241266E+005 -0.183981170686548E-006 
      6.48000000 -0.233340915241272E+005 -0.184538014423492E-006 
      6.50000000 -0.233340915241278E+005 -0.185107232465703E-006 
      6.52000000 -0.233340915241283E+005 -0.185657889050015E-006 
      6.54000000 -0.233340915241288E+005 -0.186189984176428E-006 
      6.56000000 -0.233340915241294E+005 -0.186768482947588E-006 
      6.58000000 -0.233340915241300E+005 -0.187303671650318E-006 
      6.60000000 -0.233340915241305E+005 -0.187866702539895E-006 
      6.62000000 -0.233340915241311E+005 -0.188423546276840E-006 
      6.64000000 -0.233340915241316E+005 -0.188961828555887E-006 
      6.66000000 -0.233340915241322E+005 -0.189527953021781E-006 
      6.68000000 -0.233340915241327E+005 -0.190069328877144E-006 
      6.70000000 -0.233340915241333E+005 -0.190607611156190E-006 
      6.72000000 -0.233340915241338E+005 -0.191183016351033E-006 
      6.74000000 -0.233340915241344E+005 -0.191715111477447E-006 
      6.76000000 -0.233340915241349E+005 -0.192268861638075E-006 
      6.78000000 -0.233340915241355E+005 -0.192828798951336E-006 
      6.80000000 -0.233340915241360E+005 -0.193391829840914E-006 
      6.82000000 -0.233340915241366E+005 -0.193951767154175E-006 
      6.84000000 -0.233340915241372E+005 -0.194493143009538E-006 
      6.86000000 -0.233340915241377E+005 -0.195049986746483E-006 
      6.88000000 -0.233340915241382E+005 -0.195582081872897E-006 
      6.90000000 -0.233340915241388E+005 -0.196151299915107E-006 
      6.92000000 -0.233340915241394E+005 -0.196695769346786E-006 
      6.94000000 -0.233340915241399E+005 -0.197246425931098E-006 
      6.96000000 -0.233340915241405E+005 -0.197803269668043E-006 
      6.98000000 -0.233340915241410E+005 -0.198372487710253E-006 
      7.00000000 -0.233340915241416E+005 -0.198907676412983E-006 
      7.02000000 -0.233340915241422E+005 -0.199498549489408E-006 
      7.04000000 -0.233340915241427E+005 -0.200024457463189E-006 
      7.06000000 -0.233340915241432E+005 -0.200575114047501E-006 
      7.08000000 -0.233340915241438E+005 -0.201119583479181E-006 
      7.10000000 -0.233340915241443E+005 -0.201670240063493E-006 
      7.12000000 -0.233340915241449E+005 -0.202196148037274E-006 
      7.14000000 -0.233340915241454E+005 -0.202780833961066E-006 
      7.16000000 -0.233340915241460E+005 -0.203322209816429E-006 
      7.18000000 -0.233340915241466E+005 -0.203903802163904E-006 
      7.20000000 -0.233340915241471E+005 -0.204448271595584E-006 
      7.22000000 -0.233340915241477E+005 -0.204992741027263E-006 
      7.24000000 -0.233340915241482E+005 -0.205543397611575E-006 
      7.26000000 -0.233340915241487E+005 -0.206081679890622E-006 
      7.28000000 -0.233340915241493E+005 -0.206663272238097E-006 
      7.30000000 -0.233340915241499E+005 -0.207207741669777E-006 
      7.32000000 -0.233340915241504E+005 -0.207764585406721E-006 
      7.34000000 -0.233340915241510E+005 -0.208309054838401E-006 
      7.36000000 -0.233340915241515E+005 -0.208865898575345E-006 
      7.38000000 -0.233340915241521E+005 -0.209432023041239E-006 
      7.40000000 -0.233340915241526E+005 -0.209985773201868E-006 
      7.42000000 -0.233340915241532E+005 -0.210524055480914E-006 
      7.44000000 -0.233340915241538E+005 -0.211099460675757E-006 
      7.46000000 -0.233340915241543E+005 -0.211643930107437E-006 
      7.48000000 -0.233340915241548E+005 -0.212176025233850E-006 
      7.50000000 -0.233340915241554E+005 -0.212748336852377E-006 
      7.52000000 -0.233340915241560E+005 -0.213305180589322E-006 
      7.54000000 -0.233340915241565E+005 -0.213840369292052E-006 
      7.56000000 -0.233340915241571E+005 -0.214409587334262E-006 
      7.58000000 -0.233340915241576E+005 -0.214935495308043E-006 
      7.60000000 -0.233340915241582E+005 -0.215498526197621E-006 
      7.62000000 -0.233340915241587E+005 -0.216073931392464E-006 
      7.64000000 -0.233340915241593E+005 -0.216618400824143E-006 
      7.66000000 -0.233340915241598E+005 -0.217169057408455E-006 
      7.68000000 -0.233340915241604E+005 -0.217713526840134E-006 
      7.70000000 -0.233340915241609E+005 -0.218276557729712E-006 
      7.72000000 -0.233340915241615E+005 -0.218836495042973E-006 
      7.74000000 -0.233340915241620E+005 -0.219371683745703E-006 
      7.76000000 -0.233340915241626E+005 -0.219928527482648E-006 
      7.78000000 -0.233340915241631E+005 -0.220472996914327E-006 
      7.80000000 -0.233340915241637E+005 -0.221023653498639E-006 
      7.82000000 -0.233340915241643E+005 -0.221592871540850E-006 
      7.84000000 -0.233340915241648E+005 -0.222131153819896E-006 
      7.86000000 -0.233340915241653E+005 -0.222681810404208E-006 
      7.88000000 -0.233340915241659E+005 -0.223238654141153E-006 
      7.90000000 -0.233340915241664E+005 -0.223776936420200E-006 
      7.92000000 -0.233340915241670E+005 -0.224358528767675E-006 
      7.94000000 -0.233340915241676E+005 -0.224902998199354E-006 
      7.96000000 -0.233340915241681E+005 -0.225459841936299E-006 
      7.98000000 -0.233340915241687E+005 -0.226016685673244E-006 
      8.00000000 -0.233340915241692E+005 -0.226545687223341E-006 
      8.02000000 -0.233340915241698E+005 -0.227111811689235E-006 
      8.04000000 -0.233340915241703E+005 -0.227674842578813E-006 
      8.06000000 -0.233340915241709E+005 -0.228206937705227E-006 
      8.08000000 -0.233340915241714E+005 -0.228757594289539E-006 
      8.10000000 -0.233340915241720E+005 -0.229339186637014E-006 
      8.12000000 -0.233340915241725E+005 -0.229877468916061E-006 
      8.14000000 -0.233340915241731E+005 -0.230446686958271E-006 
      8.16000000 -0.233340915241736E+005 -0.230984969237318E-006 
      8.18000000 -0.233340915241742E+005 -0.231538719397946E-006 
      8.20000000 -0.233340915241747E+005 -0.232073908100676E-006 
      8.22000000 -0.233340915241753E+005 -0.232633845413937E-006 
      8.24000000 -0.233340915241759E+005 -0.233193782727199E-006 
      8.26000000 -0.233340915241764E+005 -0.233741345735194E-006 
      8.28000000 -0.233340915241770E+005 -0.234301283048455E-006 
      8.30000000 -0.233340915241775E+005 -0.234836471751186E-006 
      8.32000000 -0.233340915241780E+005 -0.235390221911814E-006 
      8.34000000 -0.233340915241786E+005 -0.235974907835606E-006 
      8.36000000 -0.233340915241792E+005 -0.236519377267285E-006 
      8.38000000 -0.233340915241797E+005 -0.237085501733179E-006 
      8.40000000 -0.233340915241803E+005 -0.237605222554328E-006 
      8.42000000 -0.233340915241808E+005 -0.238171347020221E-006 
      8.44000000 -0.233340915241813E+005 -0.238672506383472E-006 
      8.46000000 -0.233340915241801E+005 -0.237462918043775E-006 
      8.48000000 -0.233340915241669E+005 -0.224259534325552E-006 
      8.50000000 -0.233340915241025E+005 -0.159795591045247E-006 
      8.52000000 -0.233340915238712E+005  0.714801743658086E-007 
      8.54000000 -0.233340915231871E+005  0.755568892355075E-006 
      8.56000000 -0.233340915214278E+005  0.251487336916360E-005 
      8.58000000 -0.233340915173678E+005  0.657480868092256E-005 
      8.60000000 -0.233340915087826E+005  0.151601016740842E-004 
      8.62000000 -0.233340914918983E+005  0.320444019209388E-004 
      8.64000000 -0.233340914606761E+005  0.632665281634129E-004 
      8.66000000 -0.233340914059328E+005  0.118009817380994E-003 
      8.68000000 -0.233340913143267E+005  0.209615929966094E-003 
      8.70000000 -0.233340911672643E+005  0.356678336144594E-003 
      8.72000000 -0.233340909398162E+005  0.584126500012402E-003 
      8.74000000 -0.233340905997610E+005  0.924181695622768E-003 
      8.76000000 -0.233340901069061E+005  0.141703660073789E-002 
      8.78000000 -0.233340894128525E+005  0.211109018589144E-002 
      8.80000000 -0.233340884613815E+005  0.306256112253066E-002 
      8.82000000 -0.233340871896312E+005  0.433431141040553E-002 
      8.84000000 -0.233340855302043E+005  0.599373831567236E-002 
      8.86000000 -0.233340834143003E+005  0.810964237545320E-002 
      8.88000000 -0.233340807758922E+005  0.107480504634677E-001 
      8.90000000 -0.233340775568783E+005  0.139670643915000E-001 
      8.92000000 -0.233340737130261E+005  0.178109165406347E-001 
      8.94000000 -0.233340692204086E+005  0.223035340469607E-001 
      8.96000000 -0.233340640819030E+005  0.274420396401111E-001 
      8.98000000 -0.233340583332046E+005  0.331907380309818E-001 
      9.00000000 -0.233340520477011E+005  0.394762415089272E-001 
      9.02000000 -0.233340453394753E+005  0.461844673939277E-001 
      9.04000000 -0.233340383636623E+005  0.531602803696697E-001 
      9.06000000 -0.233340313133980E+005  0.602105446152203E-001 
      9.08000000 -0.233340244126572E+005  0.671112854465741E-001 
      9.10000000 -0.233340179044093E+005  0.736195333550956E-001 
      9.12000000 -0.233340120337134E+005  0.794902292172484E-001 
      9.14000000 -0.233340070256283E+005  0.844983143506049E-001 
      9.16000000 -0.233340030581283E+005  0.884658143073665E-001 
      9.18000000 -0.233340002305758E+005  0.912933668594019E-001 
      9.20000000 -0.233339985286870E+005  0.929952556208755E-001 
      9.22000000 -0.233339977873311E+005  0.937366115285072E-001 
      9.24000000 -0.233339976528814E+005  0.938710612508036E-001 
      9.26000000 -0.233339975471868E+005  0.939767559028176E-001 
      9.28000000 -0.233339966355056E+005  0.948884370072025E-001 
      9.30000000 -0.233339938009306E+005  0.977230120795641E-001 
      9.32000000 -0.233339876278966E+005  0.103896046075451E+000 
      9.34000000 -0.233339763972955E+005  0.115126647168237E+000 
      9.36000000 -0.233339580954930E+005  0.133428449667124E+000 
      9.38000000 -0.233339304391598E+005  0.161084782876177E+000 
      9.40000000 -0.233338909172819E+005  0.200606660801268E+000 
      9.42000000 -0.233338368510176E+005  0.254672925067839E+000 
      9.44000000 -0.233337654712403E+005  0.326052702314525E+000 
      9.46000000 -0.233336740126726E+005  0.417511270010004E+000 
      9.48000000 -0.233335598225198E+005  0.531701422869452E+000 
      9.50000000 -0.233334204804925E+005  0.671043450146049E+000 
      9.52000000 -0.233332539261212E+005  0.837597821468286E+000 
      9.54000000 -0.233330585883652E+005  0.103293557748495E+001 
      9.56000000 -0.233328335117660E+005  0.125801217665664E+001 
      9.58000000 -0.233325784728396E+005  0.151305110309423E+001 
      9.60000000 -0.233322940801006E+005  0.179744384203931E+001 
      9.62000000 -0.233319818511022E+005  0.210967284041567E+001 
      9.64000000 -0.233316442601968E+005  0.244726374589337E+001 
      9.66000000 -0.233312847513874E+005  0.280677255526633E+001 
      9.68000000 -0.233309077116525E+005  0.318381229016912E+001 
      9.70000000 -0.233305184014694E+005  0.357312247324182E+001 
      9.72000000 -0.233301228409022E+005  0.396868304049634E+001 
      9.74000000 -0.233297276514925E+005  0.436387245011329E+001 
      9.76000000 -0.233293398562397E+005  0.475166770300154E+001 
      9.78000000 -0.233289666420706E+005  0.512488187210753E+001 
      9.80000000 -0.233286150912994E+005  0.547643264326796E+001 
      9.82000000 -0.233282918905349E+005  0.579963340779448E+001 
      9.84000000 -0.233280030272188E+005  0.608849672382013E+001 
      9.86000000 -0.233277534853578E+005  0.633803858488027E+001 
      9.88000000 -0.233275469529528E+005  0.654457098986881E+001 
      9.90000000 -0.233273855540760E+005  0.670596986664815E+001 
      9.92000000 -0.233272696184222E+005  0.682190552045617E+001 
      9.94000000 -0.233271975004720E+005  0.689402347067931E+001 
      9.96000000 -0.233271654591393E+005  0.692606480334254E+001 
      9.98000000 -0.233271676069777E+005  0.692391696495337E+001 
     10.00000000 -0.233271959357534E+005  0.689558818925222E+001 
     10.02000000 -0.233272404225415E+005  0.685110140114407E+001 
     10.04000000 -0.233272892175701E+005  0.680230637255121E+001 
     10.06000000 -0.233273289119378E+005  0.676261200485093E+001 
     10.08000000 -0.233273448801849E+005  0.674664375774850E+001 
     10.10000000 -0.233273216896232E+005  0.676983431949103E+001 
     10.12000000 -0.233272435654354E+005  0.684795850727228E+001 
     10.14000000 -0.233270948979489E+005  0.699662599372828E+001 
     10.16000000 -0.233268607762534E+005  0.723074768927637E+001 
     10.18000000 -0.233265275305581E+005  0.756399338452581E+001 
     10.20000000 -0.233260832644337E+005  0.800825950899841E+001 
     10.22000000 -0.233255183574165E+005  0.857316652615564E+001 
     10.24000000 -0.233248259184293E+005  0.926560551333480E+001 
     10.26000000 -0.233240021711193E+005  0.100893528233927E+002 
     10.28000000 -0.233230467535776E+005  0.110447703650214E+002 
     10.30000000 -0.233219629169899E+005  0.121286069527203E+002 
     10.32000000 -0.233207576105729E+005  0.133339133697160E+002 
     10.34000000 -0.233194414436527E+005  0.146500802899095E+002 
     10.36000000 -0.233180285198638E+005  0.160630040788341E+002 
     10.38000000 -0.233165361430989E+005  0.175553808437185E+002 
     10.40000000 -0.233149843998734E+005  0.191071240692682E+002 
     10.42000000 -0.233133956279882E+005  0.206958959545040E+002 
     10.44000000 -0.233117937865655E+005  0.222977373771872E+002 
     10.46000000 -0.233102037474228E+005  0.238877765198543E+002 
     10.48000000 -0.233086505320668E+005  0.254409918758859E+002 
     10.50000000 -0.233071585220532E+005  0.269330018894311E+002 
     10.52000000 -0.233057506728073E+005  0.283408511353144E+002 
     10.54000000 -0.233044477620191E+005  0.296437619235911E+002 
     10.56000000 -0.233032677032642E+005  0.308238206784793E+002 
     10.58000000 -0.233022249534954E+005  0.318665704472458E+002 
     10.60000000 -0.233013300395203E+005  0.327614844224028E+002 
     10.62000000 -0.233005892236810E+005  0.335023002616420E+002 
     10.64000000 -0.233000043229136E+005  0.340872010290779E+002 
     10.66000000 -0.232995726885108E+005  0.345188354318493E+002 
     10.68000000 -0.232992873466638E+005  0.348041772788389E+002 
     10.70000000 -0.232991372926151E+005  0.349542313275827E+002 
     10.72000000 -0.232991079244861E+005  0.349835994565272E+002 
     10.74000000 -0.232991815969292E+005  0.349099270134610E+002 
     10.76000000 -0.232993382700305E+005  0.347532539121162E+002 
     10.78000000 -0.232995562256001E+005  0.345352983425565E+002 
     10.80000000 -0.232998128212393E+005  0.342787027033286E+002 
     10.82000000 -0.233000852523893E+005  0.340062715533340E+002 
     10.84000000 -0.233003512938131E+005  0.337402301295675E+002 
     10.86000000 -0.233005899944621E+005  0.335015294805645E+002 
     10.88000000 -0.233007823031459E+005  0.333092207967075E+002 
     10.90000000 -0.233009116065622E+005  0.331799173804693E+002 
     10.92000000 -0.233009641657458E+005  0.331273581968766E+002 
     10.94000000 -0.233009294415831E+005  0.331620823595276E+002 
     10.96000000 -0.233008003044699E+005  0.332912194728030E+002 
     10.98000000 -0.233005731273001E+005  0.335183966425625E+002 
     11.00000000 -0.233002477646529E+005  0.338437592897486E+002 
     11.02000000 -0.232998274242331E+005  0.342640997095860E+002 
     11.04000000 -0.232993184393319E+005  0.347730846107807E+002 
     11.06000000 -0.232987299533288E+005  0.353615706138111E+002 
     11.08000000 -0.232980735291009E+005  0.360179948417184E+002 
     11.10000000 -0.232973626976919E+005  0.367288262507665E+002 
     11.12000000 -0.232966124617465E+005  0.374790621961533E+002 
     11.14000000 -0.232958387700513E+005  0.382527538913112E+002 
     11.16000000 -0.232950579800202E+005  0.390335439224311E+002 
     11.18000000 -0.232942863250954E+005  0.398051988472763E+002 
     11.20000000 -0.232935394037492E+005  0.405521201934760E+002 
     11.22000000 -0.232928317060207E+005  0.412598179219412E+002 
     11.24000000 -0.232921761922627E+005  0.419153316799566E+002 
     11.26000000 -0.232915839369941E+005  0.425075869485533E+002 
     11.28000000 -0.232910638484613E+005  0.430276754814016E+002 
     11.30000000 -0.232906224717546E+005  0.434690521880139E+002 
     11.32000000 -0.232902638802017E+005  0.438276437409495E+002 
     11.34000000 -0.232899896563761E+005  0.441018675665339E+002 
     11.36000000 -0.232897989605856E+005  0.442925633570389E+002 
     11.38000000 -0.232896886812914E+005  0.444028426512420E+002 
     11.40000000 -0.232896536587509E+005  0.444378651917943E+002 
     11.42000000 -0.232896869704214E+005  0.444045535212587E+002 
     11.44000000 -0.232897802644712E+005  0.443112594714742E+002 
     11.46000000 -0.232899241262161E+005  0.441673977265390E+002 
     11.48000000 -0.232901084615201E+005  0.439830624225520E+002 
     11.50000000 -0.232903228811789E+005  0.437686427637645E+002 
     11.52000000 -0.232905570710352E+005  0.435344529074278E+002 
     11.54000000 -0.232908011339828E+005  0.432903899598581E+002 
     11.56000000 -0.232910458920013E+005  0.430456319413529E+002 
     11.58000000 -0.232912831387975E+005  0.428083851451198E+002 
     11.60000000 -0.232915058363558E+005  0.425856875868963E+002 
     11.62000000 -0.232917082515696E+005  0.423832723730990E+002 
     11.64000000 -0.232918860319839E+005  0.422054919587129E+002 
     11.66000000 -0.232920362223752E+005  0.420553015674205E+002 
     11.68000000 -0.232921572263224E+005  0.419342976203008E+002 
     11.70000000 -0.232922487189710E+005  0.418428049716588E+002 
     11.72000000 -0.232923115187981E+005  0.417800051445422E+002 
     11.74000000 -0.232923474273061E+005  0.417440966365898E+002 
     11.76000000 -0.232923590461981E+005  0.417324777445665E+002 
     11.78000000 -0.232923495817283E+005  0.417419422143958E+002 
     11.80000000 -0.232923226456091E+005  0.417688783335133E+002 
     11.82000000 -0.232922820611578E+005  0.418094627848490E+002 
     11.84000000 -0.232922316823300E+005  0.418598416126460E+002 
     11.86000000 -0.232921752320102E+005  0.419162919324242E+002 
     11.88000000 -0.232921161644716E+005  0.419753594711055E+002 
     11.90000000 -0.232920575553777E+005  0.420339685649847E+002 
     11.92000000 -0.232920020211436E+005  0.420895027990122E+002 
     11.94000000 -0.232919516679761E+005  0.421398559665650E+002 
     11.96000000 -0.232919080695440E+005  0.421834543986763E+002 
     11.98000000 -0.232918722710314E+005  0.422192529112993E+002 
     12.00000000 -0.232918448163466E+005  0.422467075960440E+002 
     12.02000000 -0.232918257945241E+005  0.422657294185620E+002 
     12.04000000 -0.232918149008765E+005  0.422766230662056E+002 
     12.06000000 -0.232918115082364E+005  0.422800157062970E+002 
     12.08000000 -0.232918147436523E+005  0.422767802903294E+002 
     12.10000000 -0.232918235661572E+005  0.422679577854836E+002 
     12.12000000 -0.232918368416700E+005  0.422546822726453E+002 
     12.14000000 -0.232918534116927E+005  0.422381122499301E+002 
     12.16000000 -0.232918721531682E+005  0.422193707744657E+002 
     12.18000000 -0.232918920276386E+005  0.421994963040660E+002 
     12.20000000 -0.232919121186292E+005  0.421794053134400E+002 
     12.22000000 -0.232919316569420E+005  0.421598670006731E+002 
     12.24000000 -0.232919500342363E+005  0.421414897063398E+002 
     12.26000000 -0.232919668058680E+005  0.421247180746590E+002 
     12.28000000 -0.232919816844280E+005  0.421098395146478E+002 
     12.30000000 -0.232919945257568E+005  0.420969981859044E+002 
     12.32000000 -0.232920053093987E+005  0.420862145439135E+002 
     12.34000000 -0.232920141155159E+005  0.420774084267407E+002 
     12.36000000 -0.232920211002009E+005  0.420704237417314E+002 
     12.38000000 -0.232920264709498E+005  0.420650529928538E+002 
     12.40000000 -0.232920304637826E+005  0.420610601601079E+002 
     12.42000000 -0.232920333231736E+005  0.420582007690624E+002 
     12.44000000 -0.232920352855943E+005  0.420562383483368E+002 
     12.46000000 -0.232920365671042E+005  0.420549568384591E+002 
     12.48000000 -0.232920373550828E+005  0.420541688598227E+002 
     12.50000000 -0.232920378038878E+005  0.420537200548860E+002 
     12.52000000 -0.232920380339750E+005  0.420534899676169E+002 
     12.54000000 -0.232920381338342E+005  0.420533901085047E+002 
     12.56000000 -0.232920381639806E+005  0.420533599620428E+002 
     12.58000000 -0.232920381622087E+005  0.420533617339846E+002 
     12.60000000 -0.232920381493369E+005  0.420533746057802E+002 
     12.62000000 -0.232920381347643E+005  0.420533891783592E+002 
     12.64000000 -0.232920381212877E+005  0.420534026549737E+002 
     12.66000000 -0.232920381087908E+005  0.420534151518589E+002 
     12.68000000 -0.232920380965941E+005  0.420534273485805E+002 
     12.70000000 -0.232920380844095E+005  0.420534395331660E+002 
     12.72000000 -0.232920380721833E+005  0.420534517593972E+002 
     12.74000000 -0.232920380599015E+005  0.420534640411241E+002 
     12.76000000 -0.232920380475785E+005  0.420534763641936E+002 
     12.78000000 -0.232920380352523E+005  0.420534886903937E+002 
     12.80000000 -0.232920380229808E+005  0.420535009618963E+002 
     12.82000000 -0.232920380108362E+005  0.420535131064448E+002 
     12.84000000 -0.232920379989002E+005  0.420535250424367E+002 
     12.86000000 -0.232920379872585E+005  0.420535366841150E+002 
     12.88000000 -0.232920379759961E+005  0.420535479465735E+002 
     12.90000000 -0.232920379651924E+005  0.420535587502824E+002 
     12.92000000 -0.232920379549176E+005  0.420535690250517E+002 
     12.94000000 -0.232920379452292E+005  0.420535787134645E+002 
     12.96000000 -0.232920379361693E+005  0.420535877733802E+002 
     12.98000000 -0.232920379277630E+005  0.420535961796788E+002 
     13.00000000 -0.232920379200175E+005  0.420536039251989E+002 
     13.02000000 -0.232920379129221E+005  0.420536110205915E+002 
     13.04000000 -0.232920379064490E+005  0.420536174936586E+002 
     13.06000000 -0.232920379005549E+005  0.420536233877568E+002 
     13.08000000 -0.232920378951829E+005  0.420536287597211E+002 
     13.10000000 -0.232920378902655E+005  0.420536336771401E+002 
     13.12000000 -0.232920378857272E+005  0.420536382154289E+002 
     13.14000000 -0.232920378814882E+005  0.420536424544421E+002 
     13.16000000 -0.232920378774674E+005  0.420536464752839E+002 
     13.18000000 -0.232920378735859E+005  0.420536503567322E+002 
     13.20000000 -0.232920378697704E+005  0.420536541722626E+002 
     13.22000000 -0.232920378659555E+005  0.420536579871558E+002 
     13.24000000 -0.232920378620865E+005  0.420536618561092E+002 
     13.26000000 -0.232920378581211E+005  0.420536658215574E+002 
     13.28000000 -0.232920378540299E+005  0.420536699127440E+002 
     13.30000000 -0.232920378497975E+005  0.420536741451462E+002 
     13.32000000 -0.232920378454215E+005  0.420536785211151E+002 
     13.34000000 -0.232920378409122E+005  0.420536830305037E+002 
     13.36000000 -0.232920378362903E+005  0.420536876524026E+002 
     13.38000000 -0.232920378315859E+005  0.420536923567856E+002 
     13.40000000 -0.232920378268361E+005  0.420536971065977E+002 
     13.42000000 -0.232920378220827E+005  0.420537018600014E+002 
     13.44000000 -0.232920378173701E+005  0.420537065725700E+002 
     13.46000000 -0.232920378127430E+005  0.420537111996197E+002 
     13.48000000 -0.232920378082444E+005  0.420537156982179E+002 
     13.50000000 -0.232920378039136E+005  0.420537200290144E+002 
     13.52000000 -0.232920377997846E+005  0.420537241580509E+002 
     13.54000000 -0.232920377958847E+005  0.420537280579834E+002 
     13.56000000 -0.232920377922337E+005  0.420537317089541E+002 
     13.58000000 -0.232920377888432E+005  0.420537350995014E+002 
     13.60000000 -0.232920377857162E+005  0.420537382264790E+002 
     13.62000000 -0.232920377828475E+005  0.420537410951214E+002 
     13.64000000 -0.232920377802241E+005  0.420537437185700E+002 
     13.66000000 -0.232920377778255E+005  0.420537461171497E+002 
     13.68000000 -0.232920377756252E+005  0.420537483174187E+002 
     13.70000000 -0.232920377735916E+005  0.420537503510615E+002 
     13.72000000 -0.232920377716891E+005  0.420537522535615E+002 
     13.74000000 -0.232920377698799E+005  0.420537540627963E+002 
     13.76000000 -0.232920377681251E+005  0.420537558175810E+002 
     13.78000000 -0.232920377663865E+005  0.420537575561121E+002 
     13.80000000 -0.232920377646283E+005  0.420537593144019E+002 
     13.82000000 -0.232920377628177E+005  0.420537611249855E+002 
     13.84000000 -0.232920377609273E+005  0.420537630153060E+002 
     13.86000000 -0.232920377589359E+005  0.420537650067618E+002 
     13.88000000 -0.232920377568289E+005  0.420537671137100E+002 
     13.90000000 -0.232920377545996E+005  0.420537693430463E+002 
     13.92000000 -0.232920377522489E+005  0.420537716937807E+002 
     13.94000000 -0.232920377497852E+005  0.420537741574925E+002 
     13.96000000 -0.232920377472239E+005  0.420537767188066E+002 
     13.98000000 -0.232920377445864E+005  0.420537793562784E+002 
     14.00000000 -0.232920377418989E+005  0.420537820437362E+002 
     14.02000000 -0.232920377391909E+005  0.420537847517384E+002 
     14.04000000 -0.232920377364935E+005  0.420537874491390E+002 
     14.06000000 -0.232920377338379E+005  0.420537901047268E+002 
     14.08000000 -0.232920377312538E+005  0.420537926888808E+002 
     14.10000000 -0.232920377287675E+005  0.420537951751664E+002 
     14.12000000 -0.232920377264012E+005  0.420537975414213E+002 
     14.14000000 -0.232920377241717E+005  0.420537997710051E+002 
     14.16000000 -0.232920377220891E+005  0.420538018535635E+002 
     14.18000000 -0.232920377201573E+005  0.420538037853318E+002 
     14.20000000 -0.232920377183735E+005  0.420538055691374E+002 
     14.22000000 -0.232920377167284E+005  0.420538072142796E+002 
     14.24000000 -0.232920377152070E+005  0.420538087356633E+002 
     14.26000000 -0.232920377137898E+005  0.420538101528585E+002 
     14.28000000 -0.232920377124536E+005  0.420538114890050E+002 
     14.30000000 -0.232920377111733E+005  0.420538127693311E+002 
     14.32000000 -0.232920377099227E+005  0.420538140199804E+002 
     14.34000000 -0.232920377086761E+005  0.420538152665185E+002 
     14.36000000 -0.232920377074097E+005  0.420538165329605E+002 
     14.38000000 -0.232920377061020E+005  0.420538178406524E+002 
     14.40000000 -0.232920377047350E+005  0.420538192076264E+002 
     14.42000000 -0.232920377032948E+005  0.420538206478873E+002 
     14.44000000 -0.232920377017715E+005  0.420538221711642E+002 
     14.46000000 -0.232920377001600E+005  0.420538237826205E+002 
     14.48000000 -0.232920376984598E+005  0.420538254828253E+002 
     14.50000000 -0.232920376966749E+005  0.420538272677322E+002 
     14.52000000 -0.232920376948136E+005  0.420538291290195E+002 
     14.54000000 -0.232920376928883E+005  0.420538310543130E+002 
     14.56000000 -0.232920376909149E+005  0.420538330277548E+002 
     14.58000000 -0.232920376889120E+005  0.420538350306444E+002 
     14.60000000 -0.232920376869003E+005  0.420538370423166E+002 
     14.62000000 -0.232920376849014E+005  0.420538390412959E+002 
     14.64000000 -0.232920376829364E+005  0.420538410062149E+002 
     14.66000000 -0.232920376810255E+005  0.420538429171170E+002 
     14.68000000 -0.232920376791860E+005  0.420538447566472E+002 
     14.70000000 -0.232920376774316E+005  0.420538465111010E+002 
     14.72000000 -0.232920376757716E+005  0.420538481711047E+002 
     14.74000000 -0.232920376742105E+005  0.420538497321883E+002 
     14.76000000 -0.232920376727477E+005  0.420538511949797E+002 
     14.78000000 -0.232920376713780E+005  0.420538525646854E+002 
     14.80000000 -0.232920376700921E+005  0.420538538505396E+002 
     14.82000000 -0.232920376688778E+005  0.420538550648395E+002 
     14.84000000 -0.232920376677211E+005  0.420538562215215E+002 
     14.86000000 -0.232920376666075E+005  0.420538573351842E+002 
     14.88000000 -0.232920376655232E+005  0.420538584194580E+002 
     14.90000000 -0.232920376644563E+005  0.420538594863396E+002 
     14.92000000 -0.232920376633973E+005  0.420538605453141E+002 
     14.94000000 -0.232920376623395E+005  0.420538616031594E+002 
     14.96000000 -0.232920376612786E+005  0.420538626640272E+002 
     14.98000000 -0.232920376602127E+005  0.420538637299467E+002 
     15.00000000 -0.232920376591411E+005  0.420538648015801E+002 
     15.02000000 -0.232920376580634E+005  0.420538658792151E+002 
     15.04000000 -0.232920376569790E+005  0.420538669636095E+002 
     15.06000000 -0.232920376558858E+005  0.420538680568484E+002 
     15.08000000 -0.232920376547798E+005  0.420538691628669E+002 
     15.10000000 -0.232920376536551E+005  0.420538702875861E+002 
     15.12000000 -0.232920376525038E+005  0.420538714388481E+002 
     15.14000000 -0.232920376513169E+005  0.420538726257142E+002 
     15.16000000 -0.232920376500852E+005  0.420538738574865E+002 
     15.18000000 -0.232920376487999E+005  0.420538751427097E+002 
     15.20000000 -0.232920376474550E+005  0.420538764876977E+002 
     15.22000000 -0.232920376460472E+005  0.420538778954575E+002 
     15.24000000 -0.232920376445779E+005  0.420538793648010E+002 
     15.26000000 -0.232920376430532E+005  0.420538808894825E+002 
     15.28000000 -0.232920376414845E+005  0.420538824581979E+002 
     15.30000000 -0.232920376398877E+005  0.420538840549814E+002 
     15.32000000 -0.232920376382826E+005  0.420538856600216E+002 
     15.34000000 -0.232920376366918E+005  0.420538872508870E+002 
     15.36000000 -0.232920376351384E+005  0.420538888043047E+002 
     15.38000000 -0.232920376336448E+005  0.420538902978710E+002 
     15.40000000 -0.232920376322307E+005  0.420538917119199E+002 
     15.42000000 -0.232920376309115E+005  0.420538930311384E+002 
     15.44000000 -0.232920376296967E+005  0.420538942459487E+002 
     15.46000000 -0.232920376285892E+005  0.420538953534645E+002 
     15.48000000 -0.232920376275848E+005  0.420538963578962E+002 
     15.50000000 -0.232920376266722E+005  0.420538972704764E+002 
     15.52000000 -0.232920376258339E+005  0.420538981087428E+002 
     15.54000000 -0.232920376250473E+005  0.420538988953959E+002 
     15.56000000 -0.232920376242861E+005  0.420538996565518E+002 
     15.58000000 -0.232920376235225E+005  0.420539004201114E+002 
     15.60000000 -0.232920376227293E+005  0.420539012133075E+002 
     15.62000000 -0.232920376218818E+005  0.420539020608732E+002 
     15.64000000 -0.232920376209598E+005  0.420539029828332E+002 
     15.66000000 -0.232920376199495E+005  0.420539039931859E+002 
     15.68000000 -0.232920376188441E+005  0.420539050985578E+002 
     15.70000000 -0.232920376176449E+005  0.420539062977858E+002 
     15.72000000 -0.232920376163607E+005  0.420539075819974E+002 
     15.74000000 -0.232920376150072E+005  0.420539089354803E+002 
     15.76000000 -0.232920376136056E+005  0.420539103370375E+002 
     15.78000000 -0.232920376121809E+005  0.420539117617747E+002 
     15.80000000 -0.232920376107593E+005  0.420539131833133E+002 
     15.82000000 -0.232920376093668E+005  0.420539145758928E+002 
     15.84000000 -0.232920376080262E+005  0.420539159165003E+002 
     15.86000000 -0.232920376067561E+005  0.420539171865557E+002 
     15.88000000 -0.232920376055695E+005  0.420539183732021E+002 
     15.90000000 -0.232920376044728E+005  0.420539194698687E+002 
     15.92000000 -0.232920376034662E+005  0.420539204764813E+002 
     15.94000000 -0.232920376025440E+005  0.420539213987073E+002 
     15.96000000 -0.232920376016957E+005  0.420539222469969E+002 
     15.98000000 -0.232920376009075E+005  0.420539230351999E+002 
     16.00000000 -0.232920376001638E+005  0.420539237788709E+002 
     16.02000000 -0.232920375994489E+005  0.420539244937562E+002 
     16.04000000 -0.232920375987484E+005  0.420539251942656E+002 
     16.06000000 -0.232920375980503E+005  0.420539258923559E+002 
     16.08000000 -0.232920375973459E+005  0.420539265967632E+002 
     16.10000000 -0.232920375966300E+005  0.420539273126137E+002 
     16.12000000 -0.232920375959011E+005  0.420539280415623E+002 
     16.14000000 -0.232920375951605E+005  0.420539287821552E+002 
     16.16000000 -0.232920375944121E+005  0.420539295305718E+002 
     16.18000000 -0.232920375936611E+005  0.420539302815158E+002 
     16.20000000 -0.232920375929137E+005  0.420539310289888E+002 
     16.22000000 -0.232920375921753E+005  0.420539317673543E+002 
     16.24000000 -0.232920375914509E+005  0.420539324917616E+002 
     16.26000000 -0.232920375907439E+005  0.420539331987861E+002 
     16.28000000 -0.232920375900560E+005  0.420539338866335E+002 
     16.30000000 -0.232920375893876E+005  0.420539345550625E+002 
     16.32000000 -0.232920375887372E+005  0.420539352054282E+002 
     16.34000000 -0.232920375881026E+005  0.420539358400413E+002 
     16.36000000 -0.232920375874806E+005  0.420539364620141E+002 
     16.38000000 -0.232920375868680E+005  0.420539370746722E+002 
     16.40000000 -0.232920375862615E+005  0.420539376811399E+002 
     16.42000000 -0.232920375856586E+005  0.420539382840099E+002 
     16.44000000 -0.232920375850576E+005  0.420539388850114E+002 
     16.46000000 -0.232920375844577E+005  0.420539394849981E+002 
     16.48000000 -0.232920375838590E+005  0.420539400836670E+002 
     16.50000000 -0.232920375832627E+005  0.420539406799477E+002 
     16.52000000 -0.232920375826708E+005  0.420539412718292E+002 
     16.54000000 -0.232920375820858E+005  0.420539418568740E+002 
     16.56000000 -0.232920375815104E+005  0.420539424322359E+002 
     16.58000000 -0.232920375809474E+005  0.420539429952606E+002 
     16.60000000 -0.232920375803993E+005  0.420539435433557E+002 
     16.62000000 -0.232920375798681E+005  0.420539440745599E+002 
     16.64000000 -0.232920375793551E+005  0.420539445875491E+002 
     16.66000000 -0.232920375788608E+005  0.420539450818933E+002 
     16.68000000 -0.232920375783848E+005  0.420539455578926E+002 
     16.70000000 -0.232920375779258E+005  0.420539460168927E+002 
     16.72000000 -0.232920375774818E+005  0.420539464608240E+002 
     16.74000000 -0.232920375770503E+005  0.420539468923996E+002 
     16.76000000 -0.232920375766280E+005  0.420539473146789E+002 
     16.78000000 -0.232920375762116E+005  0.420539477310062E+002 
     16.80000000 -0.232920375757979E+005  0.420539481447349E+002 
     16.82000000 -0.232920375753836E+005  0.420539485590143E+002 
     16.84000000 -0.232920375749660E+005  0.420539489766533E+002 
     16.86000000 -0.232920375745427E+005  0.420539493999783E+002 
     16.88000000 -0.232920375741120E+005  0.420539498306691E+002 
     16.90000000 -0.232920375736729E+005  0.420539502697713E+002 
     16.92000000 -0.232920375732250E+005  0.420539507176407E+002 
     16.94000000 -0.232920375727686E+005  0.420539511740174E+002 
     16.96000000 -0.232920375723048E+005  0.420539516378930E+002 
     16.98000000 -0.232920375718348E+005  0.420539521078227E+002 
     17.00000000 -0.232920375713609E+005  0.420539525818019E+002 
     17.02000000 -0.232920375708852E+005  0.420539530574950E+002 
     17.04000000 -0.232920375704103E+005  0.420539535323404E+002 
     17.06000000 -0.232920375699390E+005  0.420539540037024E+002 
     17.08000000 -0.232920375694737E+005  0.420539544689175E+002 
     17.10000000 -0.232920375690172E+005  0.420539549254459E+002 
     17.12000000 -0.232920375685715E+005  0.420539553711745E+002 
     17.14000000 -0.232920375681384E+005  0.420539558042164E+002 
     17.16000000 -0.232920375677192E+005  0.420539562234239E+002 
     17.18000000 -0.232920375673146E+005  0.420539566280636E+002 
     17.20000000 -0.232920375669245E+005  0.420539570182007E+002 
     17.22000000 -0.232920375665482E+005  0.420539573944786E+002 
     17.24000000 -0.232920375661843E+005  0.420539577583079E+002 
     17.26000000 -0.232920375658310E+005  0.420539581116129E+002 
     17.28000000 -0.232920375654858E+005  0.420539584568932E+002 
     17.30000000 -0.232920375651457E+005  0.420539587969638E+002 
     17.32000000 -0.232920375648078E+005  0.420539591348195E+002 
     17.34000000 -0.232920375644692E+005  0.420539594734485E+002 
     17.36000000 -0.232920375641270E+005  0.420539598157001E+002 
     17.38000000 -0.232920375637786E+005  0.420539601640337E+002 
     17.40000000 -0.232920375634222E+005  0.420539605204942E+002 
     17.42000000 -0.232920375630562E+005  0.420539608864952E+002 
     17.44000000 -0.232920375626798E+005  0.420539612628133E+002 
     17.46000000 -0.232920375622931E+005  0.420539616495877E+002 
     17.48000000 -0.232920375618964E+005  0.420539620463017E+002 
     17.50000000 -0.232920375614908E+005  0.420539624518943E+002 
     17.52000000 -0.232920375610779E+005  0.420539628648032E+002 
     17.54000000 -0.232920375606595E+005  0.420539632831166E+002 
     17.56000000 -0.232920375602379E+005  0.420539637047277E+002 
     17.58000000 -0.232920375598153E+005  0.420539641273319E+002 
     17.60000000 -0.232920375593940E+005  0.420539645486987E+002 
     17.62000000 -0.232920375589760E+005  0.420539649666532E+002 
     17.64000000 -0.232920375585634E+005  0.420539653792249E+002 
     17.66000000 -0.232920375581579E+005  0.420539657847340E+002 
     17.68000000 -0.232920375577609E+005  0.420539661817512E+002 
     17.70000000 -0.232920375573734E+005  0.420539665692278E+002 
     17.72000000 -0.232920375569962E+005  0.420539669464647E+002 
     17.74000000 -0.232920375566295E+005  0.420539673131834E+002 
     17.76000000 -0.232920375562732E+005  0.420539676694892E+002 
     17.78000000 -0.232920375559268E+005  0.420539680158645E+002 
     17.80000000 -0.232920375555894E+005  0.420539683532098E+002 
     17.82000000 -0.232920375552599E+005  0.420539686827282E+002 
     17.84000000 -0.232920375549366E+005  0.420539690060874E+002 
     17.86000000 -0.232920375546176E+005  0.420539693250660E+002 
     17.88000000 -0.232920375543009E+005  0.420539696417771E+002 
     17.90000000 -0.232920375539842E+005  0.420539699584387E+002 
     17.92000000 -0.232920375536654E+005  0.420539702772688E+002 
     17.94000000 -0.232920375533422E+005  0.420539706005042E+002 
     17.96000000 -0.232920375530126E+005  0.420539709300382E+002 
     17.98000000 -0.232920375526752E+005  0.420539712675040E+002 
     18.00000000 -0.232920375523286E+005  0.420539716140527E+002 
     18.02000000 -0.232920375519723E+005  0.420539719703677E+002 
     18.04000000 -0.232920375516062E+005  0.420539723365017E+002 
     18.06000000 -0.232920375512307E+005  0.420539727119567E+002 
     18.08000000 -0.232920375508470E+005  0.420539730956932E+002 
     18.10000000 -0.232920375504565E+005  0.420539734861489E+002 
     18.12000000 -0.232920375500612E+005  0.420539738814740E+002 
     18.14000000 -0.232920375496632E+005  0.420539742794594E+002 
     18.16000000 -0.232920375492648E+005  0.420539746778347E+002 
     18.18000000 -0.232920375488685E+005  0.420539750741930E+002 
     18.20000000 -0.232920375484763E+005  0.420539754663873E+002 
     18.22000000 -0.232920375480903E+005  0.420539758523326E+002 
     18.24000000 -0.232920375477124E+005  0.420539762302903E+002 
     18.26000000 -0.232920375473437E+005  0.420539765989487E+002 
     18.28000000 -0.232920375469853E+005  0.420539769573890E+002 
     18.30000000 -0.232920375466374E+005  0.420539773052184E+002 
     18.32000000 -0.232920375463000E+005  0.420539776426564E+002 
     18.34000000 -0.232920375459723E+005  0.420539779703249E+002 
     18.36000000 -0.232920375456532E+005  0.420539782894768E+002 
     18.38000000 -0.232920375453410E+005  0.420539786016867E+002 
     18.40000000 -0.232920375450337E+005  0.420539789089067E+002 
     18.42000000 -0.232920375447295E+005  0.420539792132063E+002 
     18.44000000 -0.232920375444258E+005  0.420539795168099E+002 
     18.46000000 -0.232920375441210E+005  0.420539798217066E+002 
     18.48000000 -0.232920375438128E+005  0.420539801298516E+002 
     18.50000000 -0.232920375434999E+005  0.420539804428008E+002 
     18.52000000 -0.232920375431809E+005  0.420539807617826E+002 
     18.54000000 -0.232920375428550E+005  0.420539810876166E+002 
     18.56000000 -0.232920375425220E+005  0.420539814206803E+002 
     18.58000000 -0.232920375421817E+005  0.420539817609520E+002 
     18.60000000 -0.232920375418347E+005  0.420539821079832E+002 
     18.62000000 -0.232920375414816E+005  0.420539824610098E+002 
     18.64000000 -0.232920375411238E+005  0.420539828188376E+002 
     18.66000000 -0.232920375407625E+005  0.420539831801302E+002 
     18.68000000 -0.232920375403993E+005  0.420539835433470E+002 
     18.70000000 -0.232920375400359E+005  0.420539839067989E+002 
     18.72000000 -0.232920375396739E+005  0.420539842687690E+002 
     18.74000000 -0.232920375393150E+005  0.420539846276888E+002 
     18.76000000 -0.232920375389607E+005  0.420539849819837E+002 
     18.78000000 -0.232920375386123E+005  0.420539853303513E+002 
     18.80000000 -0.232920375382709E+005  0.420539856717089E+002 
     18.82000000 -0.232920375379374E+005  0.420539860052398E+002 
     18.84000000 -0.232920375376122E+005  0.420539863304272E+002 
     18.86000000 -0.232920375372956E+005  0.420539866470269E+002 
     18.88000000 -0.232920375369876E+005  0.420539869550729E+002 
     18.90000000 -0.232920375366877E+005  0.420539872549858E+002 
     18.92000000 -0.232920375363953E+005  0.420539875473937E+002 
     18.94000000 -0.232920375361094E+005  0.420539878332464E+002 
     18.96000000 -0.232920375358289E+005  0.420539881137904E+002 
     18.98000000 -0.232920375355522E+005  0.420539883904675E+002 
     19.00000000 -0.232920375352778E+005  0.420539886648987E+002 
     19.02000000 -0.232920375350038E+005  0.420539889388225E+002 
     19.04000000 -0.232920375347287E+005  0.420539892139404E+002 
     19.06000000 -0.232920375344508E+005  0.420539894918797E+002 
     19.08000000 -0.232920375341687E+005  0.420539897740015E+002 
     19.10000000 -0.232920375338814E+005  0.420539900612864E+002 
     19.12000000 -0.232920375335884E+005  0.420539903542945E+002 
     19.14000000 -0.232920375332895E+005  0.420539906531092E+002 
     19.16000000 -0.232920375329854E+005  0.420539909572697E+002 
     19.18000000 -0.232920375326768E+005  0.420539912658415E+002 
     19.20000000 -0.232920375323651E+005  0.420539915775874E+002 
     19.22000000 -0.232920375320517E+005  0.420539918910069E+002 
     19.24000000 -0.232920375317382E+005  0.420539922044759E+002 
     19.26000000 -0.232920375314262E+005  0.420539925164940E+002 
     19.28000000 -0.232920375311169E+005  0.420539928257341E+002 
     19.30000000 -0.232920375308114E+005  0.420539931312062E+002 
     19.32000000 -0.232920375305104E+005  0.420539934322204E+002 
     19.34000000 -0.232920375302141E+005  0.420539937285139E+002 
     19.36000000 -0.232920375299225E+005  0.420539940201391E+002 
     19.38000000 -0.232920375296351E+005  0.420539943075540E+002 
     19.40000000 -0.232920375293513E+005  0.420539945913464E+002 
     19.42000000 -0.232920375290704E+005  0.420539948722462E+002 
     19.44000000 -0.232920375287915E+005  0.420539951511166E+002 
     19.46000000 -0.232920375285140E+005  0.420539954286568E+002 
     19.48000000 -0.232920375282372E+005  0.420539957055010E+002 
     19.50000000 -0.232920375279605E+005  0.420539959821780E+002 
     19.52000000 -0.232920375276837E+005  0.420539962589356E+002 
     19.54000000 -0.232920375274067E+005  0.420539965359220E+002 
     19.56000000 -0.232920375271294E+005  0.420539968132611E+002 
     19.58000000 -0.232920375268519E+005  0.420539970907982E+002 
     19.60000000 -0.232920375265742E+005  0.420539973685024E+002 
     19.62000000 -0.232920375262964E+005  0.420539976462282E+002 
     19.64000000 -0.232920375260188E+005  0.420539979238860E+002 
     19.66000000 -0.232920375257412E+005  0.420539982014169E+002 
     19.68000000 -0.232920375254638E+005  0.420539984788859E+002 
     19.70000000 -0.232920375251864E+005  0.420539987562560E+002 
     19.72000000 -0.232920375249091E+005  0.420539990335827E+002 
     19.74000000 -0.232920375246317E+005  0.420539993109249E+002 
     19.76000000 -0.232920375243543E+005  0.420539995883383E+002 
     19.78000000 -0.232920375240768E+005  0.420539998658414E+002 
     19.80000000 -0.232920375237993E+005  0.420540001433228E+002 
     19.82000000 -0.232920375235219E+005  0.420540004207888E+002 
     19.84000000 -0.232920375232446E+005  0.420540006980938E+002 
     19.86000000 -0.232920375229677E+005  0.420540009749813E+002 
     19.88000000 -0.232920375226914E+005  0.420540012513026E+002 
     19.90000000 -0.232920375224159E+005  0.420540015267887E+002 
     19.92000000 -0.232920375221415E+005  0.420540018011394E+002 
     19.94000000 -0.232920375218685E+005  0.420540020741104E+002 
     19.96000000 -0.232920375215972E+005  0.420540023454758E+002 
     19.98000000 -0.232920375213276E+005  0.420540026150377E+002 
     20.00000000 -0.232920375210600E+005  0.420540028826289E+002 
     20.02000000 -0.232920375207945E+005  0.420540031481228E+002 
     20.04000000 -0.232920375205312E+005  0.420540034114727E+002 
     20.06000000 -0.232920375202700E+005  0.420540036726603E+002 
     20.08000000 -0.232920375200110E+005  0.420540039316761E+002 
     20.10000000 -0.232920375197541E+005  0.420540041885358E+002 
     20.12000000 -0.232920375194993E+005  0.420540044433444E+002 
     20.14000000 -0.232920375192464E+005  0.420540046962504E+002 
     20.16000000 -0.232920375189952E+005  0.420540049474210E+002 
     20.18000000 -0.232920375187456E+005  0.420540051970695E+002 
     20.20000000 -0.232920375184971E+005  0.420540054455765E+002 
     20.22000000 -0.232920375182494E+005  0.420540056932730E+002 
     20.24000000 -0.232920375180020E+005  0.420540059406137E+002 
     20.26000000 -0.232920375177546E+005  0.420540061880596E+002 
     20.28000000 -0.232920375175065E+005  0.420540064361118E+002 
     20.30000000 -0.232920375172575E+005  0.420540066851230E+002 
     20.32000000 -0.232920375170072E+005  0.420540069354862E+002 
     20.34000000 -0.232920375167552E+005  0.420540071874146E+002 
     20.36000000 -0.232920375165017E+005  0.420540074409641E+002 
     20.38000000 -0.232920375162466E+005  0.420540076960450E+002 
     20.40000000 -0.232920375159902E+005  0.420540079524127E+002 
     20.42000000 -0.232920375157331E+005  0.420540082095756E+002 
     20.44000000 -0.232920375154757E+005  0.420540084669549E+002 
     20.46000000 -0.232920375152187E+005  0.420540087239259E+002 
     20.48000000 -0.232920375149629E+005  0.420540089797709E+002 
     20.50000000 -0.232920375147088E+005  0.420540092338463E+002 
     20.52000000 -0.232920375144571E+005  0.420540094855706E+002 
     20.54000000 -0.232920375142080E+005  0.420540097346344E+002 
     20.56000000 -0.232920375139619E+005  0.420540099807779E+002 
     20.58000000 -0.232920375137186E+005  0.420540102240877E+002 
     20.60000000 -0.232920375134779E+005  0.420540104647587E+002 
     20.62000000 -0.232920375132393E+005  0.420540107033105E+002 
     20.64000000 -0.232920375130023E+005  0.420540109403311E+002 
     20.66000000 -0.232920375127660E+005  0.420540111766370E+002 
     20.68000000 -0.232920375125297E+005  0.420540114129553E+002 
     20.70000000 -0.232920375122924E+005  0.420540116502233E+002 
     20.72000000 -0.232920375120535E+005  0.420540118891618E+002 
     20.74000000 -0.232920375118121E+005  0.420540121305412E+002 
     20.76000000 -0.232920375115677E+005  0.420540123749214E+002 
     20.78000000 -0.232920375113199E+005  0.420540126227540E+002 
     20.80000000 -0.232920375110684E+005  0.420540128742339E+002 
     20.82000000 -0.232920375108132E+005  0.420540131294508E+002 
     20.84000000 -0.232920375105544E+005  0.420540133882533E+002 
     20.86000000 -0.232920375102922E+005  0.420540136504153E+002 
     20.88000000 -0.232920375100272E+005  0.420540139154296E+002 
     20.90000000 -0.232920375097599E+005  0.420540141827331E+002 
     20.92000000 -0.232920375094910E+005  0.420540144516330E+002 
     20.94000000 -0.232920375092213E+005  0.420540147213248E+002 
     20.96000000 -0.232920375089517E+005  0.420540149909269E+002 
     20.98000000 -0.232920375086831E+005  0.420540152595514E+002 
     21.00000000 -0.232920375084163E+005  0.420540155263259E+002 
     21.02000000 -0.232920375081522E+005  0.420540157904400E+002 
     21.04000000 -0.232920375078915E+005  0.420540160511604E+002 
     21.06000000 -0.232920375076347E+005  0.420540163079799E+002 
     21.08000000 -0.232920375073821E+005  0.420540165605889E+002 
     21.10000000 -0.232920375071337E+005  0.420540168089567E+002 
     21.12000000 -0.232920375068894E+005  0.420540170532750E+002 
     21.14000000 -0.232920375066487E+005  0.420540172939707E+002 
     21.16000000 -0.232920375064109E+005  0.420540175317832E+002 
     21.18000000 -0.232920375061751E+005  0.420540177675941E+002 
     21.20000000 -0.232920375059403E+005  0.420540180023100E+002 
     21.22000000 -0.232920375057057E+005  0.420540182369484E+002 
     21.24000000 -0.232920375054702E+005  0.420540184724222E+002 
     21.26000000 -0.232920375052332E+005  0.420540187094953E+002 
     21.28000000 -0.232920375049939E+005  0.420540189487803E+002 
     21.30000000 -0.232920375047520E+005  0.420540191906764E+002 
     21.32000000 -0.232920375045073E+005  0.420540194353164E+002 
     21.34000000 -0.232920375042599E+005  0.420540196827406E+002 
     21.36000000 -0.232920375040099E+005  0.420540199328068E+002 
     21.38000000 -0.232920375037575E+005  0.420540201851683E+002 
     21.40000000 -0.232920375035032E+005  0.420540204394851E+002 
     21.42000000 -0.232920375032473E+005  0.420540206953950E+002 
     21.44000000 -0.232920375029902E+005  0.420540209524990E+002 
     21.46000000 -0.232920375027322E+005  0.420540212104600E+002 
     21.48000000 -0.232920375024737E+005  0.420540214689963E+002 
     21.50000000 -0.232920375022147E+005  0.420540217279194E+002 
     21.52000000 -0.232920375019556E+005  0.420540219870281E+002 
     21.54000000 -0.232920375016964E+005  0.420540222462636E+002 
     21.56000000 -0.232920375014371E+005  0.420540225055300E+002 
     21.58000000 -0.232920375011779E+005  0.420540227647841E+002 
     21.60000000 -0.232920375009188E+005  0.420540230239051E+002 
     21.62000000 -0.232920375006598E+005  0.420540232828158E+002 
     21.64000000 -0.232920375004014E+005  0.420540235412284E+002 
     21.66000000 -0.232920375001437E+005  0.420540237989171E+002 
     21.68000000 -0.232920374998871E+005  0.420540240555324E+002 
     21.70000000 -0.232920374996320E+005  0.420540243106751E+002 
     21.72000000 -0.232920374993787E+005  0.420540245639276E+002 
     21.74000000 -0.232920374991277E+005  0.420540248149280E+002 
     21.76000000 -0.232920374988793E+005  0.420540250633608E+002 
     21.78000000 -0.232920374986335E+005  0.420540253091268E+002 
     21.80000000 -0.232920374983904E+005  0.420540255522324E+002 
     21.82000000 -0.232920374981497E+005  0.420540257929498E+002 
     21.84000000 -0.232920374979110E+005  0.420540260316068E+002 
     21.86000000 -0.232920374976738E+005  0.420540262688965E+002 
     21.88000000 -0.232920374974373E+005  0.420540265053881E+002 
     21.90000000 -0.232920374972008E+005  0.420540267418177E+002 
     21.92000000 -0.232920374969638E+005  0.420540269788568E+002 
     21.94000000 -0.232920374967256E+005  0.420540272170560E+002 
     21.96000000 -0.232920374964858E+005  0.420540274568267E+002 
     21.98000000 -0.232920374962443E+005  0.420540276983639E+002 
     22.00000000 -0.232920374960010E+005  0.420540279416613E+002 
     22.02000000 -0.232920374957561E+005  0.420540281866045E+002 
     22.04000000 -0.232920374955098E+005  0.420540284328872E+002 
     22.06000000 -0.232920374952626E+005  0.420540286800608E+002 
     22.08000000 -0.232920374950149E+005  0.420540289277264E+002 
     22.10000000 -0.232920374947673E+005  0.420540291753981E+002 
     22.12000000 -0.232920374945200E+005  0.420540294226584E+002 
     22.14000000 -0.232920374942735E+005  0.420540296691422E+002 
     22.16000000 -0.232920374940280E+005  0.420540299146143E+002 
     22.18000000 -0.232920374937837E+005  0.420540301589079E+002 
     22.20000000 -0.232920374935406E+005  0.420540304020135E+002 
     22.22000000 -0.232920374932986E+005  0.420540306440178E+002 
     22.24000000 -0.232920374930575E+005  0.420540308851744E+002 
     22.26000000 -0.232920374928169E+005  0.420540311257897E+002 
     22.28000000 -0.232920374925763E+005  0.420540313663431E+002 
     22.30000000 -0.232920374923354E+005  0.420540316072956E+002 
     22.32000000 -0.232920374920935E+005  0.420540318491699E+002 
     22.34000000 -0.232920374918502E+005  0.420540320924302E+002 
     22.36000000 -0.232920374916052E+005  0.420540323374724E+002 
     22.38000000 -0.232920374913581E+005  0.420540325845316E+002 
     22.40000000 -0.232920374911090E+005  0.420540328336975E+002 
     22.42000000 -0.232920374908578E+005  0.420540330849052E+002 
     22.44000000 -0.232920374906048E+005  0.420540333378793E+002 
     22.46000000 -0.232920374903505E+005  0.420540335921774E+002 
     22.48000000 -0.232920374900954E+005  0.420540338473016E+002 
     22.50000000 -0.232920374898400E+005  0.420540341026918E+002 
     22.52000000 -0.232920374895850E+005  0.420540343576860E+002 
     22.54000000 -0.232920374893310E+005  0.420540346116903E+002 
     22.56000000 -0.232920374890785E+005  0.420540348641880E+002 
     22.58000000 -0.232920374888280E+005  0.420540351146594E+002 
     22.60000000 -0.232920374885799E+005  0.420540353627085E+002 
     22.62000000 -0.232920374883346E+005  0.420540356080229E+002 
     22.64000000 -0.232920374880923E+005  0.420540358503861E+002 
     22.66000000 -0.232920374878529E+005  0.420540360897299E+002 
     22.68000000 -0.232920374876166E+005  0.420540363261038E+002 
     22.70000000 -0.232920374873830E+005  0.420540365596967E+002 
     22.72000000 -0.232920374871518E+005  0.420540367908116E+002 
     22.74000000 -0.232920374869226E+005  0.420540370200332E+002 
     22.76000000 -0.232920374866947E+005  0.420540372479184E+002 
     22.78000000 -0.232920374864674E+005  0.420540374752499E+002 
     22.80000000 -0.232920374862399E+005  0.420540377027670E+002 
     22.82000000 -0.232920374860114E+005  0.420540379312338E+002 
     22.84000000 -0.232920374857813E+005  0.420540381613556E+002 
     22.86000000 -0.232920374855490E+005  0.420540383936492E+002 
     22.88000000 -0.232920374853142E+005  0.420540386284207E+002 
     22.90000000 -0.232920374850769E+005  0.420540388657227E+002 
     22.92000000 -0.232920374848373E+005  0.420540391053945E+002 
     22.94000000 -0.232920374845956E+005  0.420540393470244E+002 
     22.96000000 -0.232920374843527E+005  0.420540395899908E+002 
     22.98000000 -0.232920374841092E+005  0.420540398334800E+002 
     23.00000000 -0.232920374838659E+005  0.420540400767836E+002 
     23.02000000 -0.232920374836236E+005  0.420540403190818E+002 
     23.04000000 -0.232920374833829E+005  0.420540405597527E+002 
     23.06000000 -0.232920374831443E+005  0.420540407983603E+002 
     23.08000000 -0.232920374829080E+005  0.420540410346353E+002 
     23.10000000 -0.232920374826740E+005  0.420540412686148E+002 
     23.12000000 -0.232920374824421E+005  0.420540415005464E+002 
     23.14000000 -0.232920374822118E+005  0.420540417308168E+002 
     23.16000000 -0.232920374819827E+005  0.420540419599858E+002 
     23.18000000 -0.232920374817540E+005  0.420540421886754E+002 
     23.20000000 -0.232920374815251E+005  0.420540424175165E+002 
     23.22000000 -0.232920374812957E+005  0.420540426469825E+002 
     23.24000000 -0.232920374810652E+005  0.420540428774725E+002 
     23.26000000 -0.232920374808335E+005  0.420540431091999E+002 
     23.28000000 -0.232920374806004E+005  0.420540433422267E+002 
     23.30000000 -0.232920374803663E+005  0.420540435763609E+002 
     23.32000000 -0.232920374801313E+005  0.420540438113118E+002 
     23.34000000 -0.232920374798959E+005  0.420540440467268E+002 
     23.36000000 -0.232920374796605E+005  0.420540442821603E+002 
     23.38000000 -0.232920374794254E+005  0.420540445172133E+002 
     23.40000000 -0.232920374791912E+005  0.420540447515054E+002 
     23.42000000 -0.232920374789579E+005  0.420540449847548E+002 
     23.44000000 -0.232920374787258E+005  0.420540452168628E+002 
     23.46000000 -0.232920374784949E+005  0.420540454477333E+002 
     23.48000000 -0.232920374782652E+005  0.420540456774220E+002 
     23.50000000 -0.232920374780366E+005  0.420540459060559E+002 
     23.52000000 -0.232920374778088E+005  0.420540461338328E+002 
     23.54000000 -0.232920374775817E+005  0.420540463609446E+002 
     23.56000000 -0.232920374773550E+005  0.420540465876852E+002 
     23.58000000 -0.232920374771284E+005  0.420540468142525E+002 
     23.60000000 -0.232920374769017E+005  0.420540470409560E+002 
     23.62000000 -0.232920374766746E+005  0.420540472680864E+002 
     23.64000000 -0.232920374764468E+005  0.420540474958911E+002 
     23.66000000 -0.232920374762179E+005  0.420540477247477E+002 
     23.68000000 -0.232920374759878E+005  0.420540479548913E+002 
     23.70000000 -0.232920374757560E+005  0.420540481866434E+002 
     23.72000000 -0.232920374755224E+005  0.420540484202425E+002 
     23.74000000 -0.232920374752867E+005  0.420540486559142E+002 
     23.76000000 -0.232920374750489E+005  0.420540488937484E+002 
     23.78000000 -0.232920374748090E+005  0.420540491336923E+002 
     23.80000000 -0.232920374745670E+005  0.420540493757028E+002 
     23.82000000 -0.232920374743232E+005  0.420540496194704E+002 
     23.84000000 -0.232920374740781E+005  0.420540498645683E+002 
     23.86000000 -0.232920374738321E+005  0.420540501105138E+002 
     23.88000000 -0.232920374735859E+005  0.420540503567130E+002 
     23.90000000 -0.232920374733401E+005  0.420540506025409E+002 
     23.92000000 -0.232920374730953E+005  0.420540508473171E+002 
     23.94000000 -0.232920374728521E+005  0.420540510905093E+002 
     23.96000000 -0.232920374726111E+005  0.420540513315112E+002 
     23.98000000 -0.232920374723727E+005  0.420540515699827E+002 
     24.00000000 -0.232920374721371E+005  0.420540518055894E+002 
     24.02000000 -0.232920374719044E+005  0.420540520382821E+002 
     24.04000000 -0.232920374716746E+005  0.420540522680636E+002 
     24.06000000 -0.232920374714475E+005  0.420540524951383E+002 
     24.08000000 -0.232920374712228E+005  0.420540527198248E+002 
     24.10000000 -0.232920374710002E+005  0.420540529424695E+002 
     24.12000000 -0.232920374707791E+005  0.420540531635333E+002 
     24.14000000 -0.232920374705592E+005  0.420540533834309E+002 
     24.16000000 -0.232920374703400E+005  0.420540536026077E+002 
     24.18000000 -0.232920374701212E+005  0.420540538214689E+002 
     24.20000000 -0.232920374699022E+005  0.420540540404508E+002 
     24.22000000 -0.232920374696827E+005  0.420540542599339E+002 
     24.24000000 -0.232920374694623E+005  0.420540544803203E+002 
     24.26000000 -0.232920374692406E+005  0.420540547020152E+002 
     24.28000000 -0.232920374690173E+005  0.420540549253622E+002 
     24.30000000 -0.232920374687919E+005  0.420540551507725E+002 
     24.32000000 -0.232920374685641E+005  0.420540553785742E+002 
     24.34000000 -0.232920374683337E+005  0.420540556089559E+002 
     24.36000000 -0.232920374681005E+005  0.420540558421466E+002 
     24.38000000 -0.232920374678644E+005  0.420540560782081E+002 
     24.40000000 -0.232920374676256E+005  0.420540563170755E+002 
     24.42000000 -0.232920374673841E+005  0.420540565585477E+002 
     24.44000000 -0.232920374671403E+005  0.420540568023927E+002 
     24.46000000 -0.232920374668944E+005  0.420540570482485E+002 
     24.48000000 -0.232920374666471E+005  0.420540572955892E+002 
     24.50000000 -0.232920374663987E+005  0.420540575440003E+002 
     24.52000000 -0.232920374661498E+005  0.420540577928166E+002 
     24.54000000 -0.232920374659012E+005  0.420540580415030E+002 
     24.56000000 -0.232920374656532E+005  0.420540582894779E+002 
     24.58000000 -0.232920374654065E+005  0.420540585362030E+002 
     24.60000000 -0.232920374651614E+005  0.420540587812575E+002 
     24.62000000 -0.232920374649184E+005  0.420540590242394E+002 
     24.64000000 -0.232920374646777E+005  0.420540592650001E+002 
     24.66000000 -0.232920374644391E+005  0.420540595035148E+002 
     24.68000000 -0.232920374642026E+005  0.420540597400682E+002 
     24.70000000 -0.232920374639677E+005  0.420540599749202E+002 
     24.72000000 -0.232920374637340E+005  0.420540602086213E+002 
     24.74000000 -0.232920374635009E+005  0.420540604418027E+002 
     24.76000000 -0.232920374632676E+005  0.420540606750769E+002 
     24.78000000 -0.232920374630335E+005  0.420540609091864E+002 
     24.80000000 -0.232920374627981E+005  0.420540611445704E+002 
     24.82000000 -0.232920374625610E+005  0.420540613816621E+002 
     24.84000000 -0.232920374623220E+005  0.420540616206935E+002 
     24.86000000 -0.232920374620810E+005  0.420540618616521E+002 
     24.88000000 -0.232920374618383E+005  0.420540621043958E+002 
     24.90000000 -0.232920374615940E+005  0.420540623486275E+002 
     24.92000000 -0.232920374613488E+005  0.420540625938986E+002 
     24.94000000 -0.232920374611029E+005  0.420540628397698E+002 
     24.96000000 -0.232920374608568E+005  0.420540630858205E+002 
     24.98000000 -0.232920374606109E+005  0.420540633317598E+002 
     25.00000000 -0.232920374603653E+005  0.420540635773341E+002 
     25.02000000 -0.232920374601201E+005  0.420540638225619E+002 
     25.04000000 -0.232920374598751E+005  0.420540640675484E+002 
     25.06000000 -0.232920374596301E+005  0.420540643125968E+002 
     25.08000000 -0.232920374593846E+005  0.420540645580380E+002 
     25.10000000 -0.232920374591383E+005  0.420540648043393E+002 
     25.12000000 -0.232920374588907E+005  0.420540650519615E+002 
     25.14000000 -0.232920374586414E+005  0.420540653012481E+002 
     25.16000000 -0.232920374583902E+005  0.420540655524403E+002 
     25.18000000 -0.232920374581371E+005  0.420540658055722E+002 
     25.20000000 -0.232920374578821E+005  0.420540660605107E+002 
     25.22000000 -0.232920374576257E+005  0.420540663169434E+002 
     25.24000000 -0.232920374573684E+005  0.420540665742423E+002 
     25.26000000 -0.232920374571110E+005  0.420540668317052E+002 
     25.28000000 -0.232920374568541E+005  0.420540670885618E+002 
     25.30000000 -0.232920374565985E+005  0.420540673441190E+002 
     25.32000000 -0.232920374563450E+005  0.420540675976840E+002 
     25.34000000 -0.232920374560939E+005  0.420540678487834E+002 
     25.36000000 -0.232920374558455E+005  0.420540680971295E+002 
     25.38000000 -0.232920374555999E+005  0.420540683427100E+002 
     25.40000000 -0.232920374553569E+005  0.420540685857413E+002 
     25.42000000 -0.232920374551160E+005  0.420540688266072E+002 
     25.44000000 -0.232920374548768E+005  0.420540690658335E+002 
     25.46000000 -0.232920374546386E+005  0.420540693040079E+002 
     25.48000000 -0.232920374544009E+005  0.420540695417399E+002 
     25.50000000 -0.232920374541632E+005  0.420540697794689E+002 
     25.52000000 -0.232920374539251E+005  0.420540700175908E+002 
     25.54000000 -0.232920374536863E+005  0.420540702563963E+002 
     25.56000000 -0.232920374534468E+005  0.420540704958639E+002 
     25.58000000 -0.232920374532067E+005  0.420540707359377E+002 
     25.60000000 -0.232920374529662E+005  0.420540709764386E+002 
     25.62000000 -0.232920374527256E+005  0.420540712170817E+002 
     25.64000000 -0.232920374524850E+005  0.420540714576320E+002 
     25.66000000 -0.232920374522448E+005  0.420540716978296E+002 
     25.68000000 -0.232920374520051E+005  0.420540719376034E+002 
     25.70000000 -0.232920374517657E+005  0.420540721769225E+002 
     25.72000000 -0.232920374515267E+005  0.420540724159384E+002 
     25.74000000 -0.232920374512877E+005  0.420540726549079E+002 
     25.76000000 -0.232920374510484E+005  0.420540728942455E+002 
     25.78000000 -0.232920374508084E+005  0.420540731342699E+002 
     25.80000000 -0.232920374505671E+005  0.420540733755317E+002 
     25.82000000 -0.232920374503244E+005  0.420540736182878E+002 
     25.84000000 -0.232920374500798E+005  0.420540738628690E+002 
     25.86000000 -0.232920374498333E+005  0.420540741093528E+002 
     25.88000000 -0.232920374495849E+005  0.420540743577268E+002 
     25.90000000 -0.232920374493350E+005  0.420540746076568E+002 
     25.92000000 -0.232920374490839E+005  0.420540748587964E+002 
     25.94000000 -0.232920374488321E+005  0.420540751105455E+002 
     25.96000000 -0.232920374485804E+005  0.420540753622605E+002 
     25.98000000 -0.232920374483294E+005  0.420540756132330E+002 
     26.00000000 -0.232920374480798E+005  0.420540758628135E+002 
     26.02000000 -0.232920374478322E+005  0.420540761104326E+002 
     26.04000000 -0.232920374475871E+005  0.420540763555181E+002 
     26.06000000 -0.232920374473449E+005  0.420540765977451E+002 
     26.08000000 -0.232920374471057E+005  0.420540768369405E+002 
     26.10000000 -0.232920374468696E+005  0.420540770730793E+002 
     26.12000000 -0.232920374466364E+005  0.420540773062731E+002 
     26.14000000 -0.232920374464059E+005  0.420540775367415E+002 
     26.16000000 -0.232920374461779E+005  0.420540777647844E+002 
     26.18000000 -0.232920374459518E+005  0.420540779908166E+002 
     26.20000000 -0.232920374457274E+005  0.420540782152215E+002 
     26.22000000 -0.232920374455043E+005  0.420540784383983E+002 
     26.24000000 -0.232920374452819E+005  0.420540786607429E+002 
     26.26000000 -0.232920374450599E+005  0.420540788827163E+002 
     26.28000000 -0.232920374448379E+005  0.420540791047237E+002 
     26.30000000 -0.232920374446154E+005  0.420540793272137E+002 
     26.32000000 -0.232920374443920E+005  0.420540795506565E+002 
     26.34000000 -0.232920374441671E+005  0.420540797755224E+002 
     26.36000000 -0.232920374439403E+005  0.420540800023187E+002 
     26.38000000 -0.232920374437112E+005  0.420540802314908E+002 
     26.40000000 -0.232920374434792E+005  0.420540804634441E+002 
     26.42000000 -0.232920374432442E+005  0.420540806984445E+002 
     26.44000000 -0.232920374430060E+005  0.420540809366097E+002 
     26.46000000 -0.232920374427648E+005  0.420540811779024E+002 
     26.48000000 -0.232920374425205E+005  0.420540814221279E+002 
     26.50000000 -0.232920374422738E+005  0.420540816688190E+002 
     26.52000000 -0.232920374420251E+005  0.420540819175456E+002 
     26.54000000 -0.232920374417751E+005  0.420540821675870E+002 
     26.56000000 -0.232920374415243E+005  0.420540824183461E+002 
     26.58000000 -0.232920374412734E+005  0.420540826692228E+002 
     26.60000000 -0.232920374410230E+005  0.420540829196911E+002 
     26.62000000 -0.232920374407733E+005  0.420540831693984E+002 
     26.64000000 -0.232920374405246E+005  0.420540834180662E+002 
     26.66000000 -0.232920374402770E+005  0.420540836656297E+002 
     26.68000000 -0.232920374400306E+005  0.420540839121042E+002 
     26.70000000 -0.232920374397851E+005  0.420540841575856E+002 
     26.72000000 -0.232920374395405E+005  0.420540844022009E+002 
     26.74000000 -0.232920374392966E+005  0.420540846460830E+002 
     26.76000000 -0.232920374390533E+005  0.420540848893371E+002 
     26.78000000 -0.232920374388107E+005  0.420540851319075E+002 
     26.80000000 -0.232920374385688E+005  0.420540853738128E+002 
     26.82000000 -0.232920374383277E+005  0.420540856149942E+002 
     26.84000000 -0.232920374380873E+005  0.420540858553434E+002 
     26.86000000 -0.232920374378478E+005  0.420540860948326E+002 
     26.88000000 -0.232920374376092E+005  0.420540863334711E+002 
     26.90000000 -0.232920374373713E+005  0.420540865713207E+002 
     26.92000000 -0.232920374371341E+005  0.420540868085485E+002 
     26.94000000 -0.232920374368972E+005  0.420540870454515E+002 
     26.96000000 -0.232920374366604E+005  0.420540872822648E+002 
     26.98000000 -0.232920374364233E+005  0.420540875193565E+002 
     27.00000000 -0.232920374361856E+005  0.420540877570823E+002 
     27.02000000 -0.232920374359470E+005  0.420540879956868E+002 
     27.04000000 -0.232920374357072E+005  0.420540882354513E+002 
     27.06000000 -0.232920374354662E+005  0.420540884764873E+002 
     27.08000000 -0.232920374352238E+005  0.420540887188288E+002 
     27.10000000 -0.232920374349802E+005  0.420540889624851E+002 
     27.12000000 -0.232920374347354E+005  0.420540892072921E+002 
     27.14000000 -0.232920374344896E+005  0.420540894530644E+002 
     27.16000000 -0.232920374342431E+005  0.420540896995822E+002 
     27.18000000 -0.232920374339961E+005  0.420540899465331E+002 
     27.20000000 -0.232920374337490E+005  0.420540901936171E+002 
     27.22000000 -0.232920374335022E+005  0.420540904404845E+002 
     27.24000000 -0.232920374332558E+005  0.420540906868321E+002 
     27.26000000 -0.232920374330103E+005  0.420540909323136E+002 
     27.28000000 -0.232920374327660E+005  0.420540911766969E+002 
     27.30000000 -0.232920374325228E+005  0.420540914198117E+002 
     27.32000000 -0.232920374322811E+005  0.420540916615221E+002 
     27.34000000 -0.232920374320408E+005  0.420540919018342E+002 
     27.36000000 -0.232920374318019E+005  0.420540921407821E+002 
     27.38000000 -0.232920374315642E+005  0.420540923784708E+002 
     27.40000000 -0.232920374313275E+005  0.420540926151078E+002 
     27.42000000 -0.232920374310918E+005  0.420540928508073E+002 
     27.44000000 -0.232920374308570E+005  0.420540930856531E+002 
     27.46000000 -0.232920374306229E+005  0.420540933197440E+002 
     27.48000000 -0.232920374303896E+005  0.420540935530461E+002 
     27.50000000 -0.232920374301570E+005  0.420540937856180E+002 
     27.52000000 -0.232920374299253E+005  0.420540940173517E+002 
     27.54000000 -0.232920374296944E+005  0.420540942482500E+002 
     27.56000000 -0.232920374294644E+005  0.420540944783007E+002 
     27.58000000 -0.232920374292350E+005  0.420540947076090E+002 
     27.60000000 -0.232920374290064E+005  0.420540949362707E+002 
     27.62000000 -0.232920374287782E+005  0.420540951645054E+002 
     27.64000000 -0.232920374285501E+005  0.420540953925206E+002 
     27.66000000 -0.232920374283220E+005  0.420540956206099E+002 
     27.68000000 -0.232920374280936E+005  0.420540958490551E+002 
     27.70000000 -0.232920374278646E+005  0.420540960780880E+002 
     27.72000000 -0.232920374276347E+005  0.420540963079407E+002 
     27.74000000 -0.232920374274038E+005  0.420540965388453E+002 
     27.76000000 -0.232920374271718E+005  0.420540967708635E+002 
     27.78000000 -0.232920374269387E+005  0.420540970039954E+002 
     27.80000000 -0.232920374267045E+005  0.420540972381420E+002 
     27.82000000 -0.232920374264695E+005  0.420540974731672E+002 
     27.84000000 -0.232920374262339E+005  0.420540977087307E+002 
     27.86000000 -0.232920374259982E+005  0.420540979444983E+002 
     27.88000000 -0.232920374257625E+005  0.420540981801298E+002 
     27.90000000 -0.232920374255274E+005  0.420540984152725E+002 
     27.92000000 -0.232920374252930E+005  0.420540986496450E+002 
     27.94000000 -0.232920374250596E+005  0.420540988830522E+002 
     27.96000000 -0.232920374248272E+005  0.420540991154541E+002 
     27.98000000 -0.232920374245958E+005  0.420540993468381E+002 
     28.00000000 -0.232920374243653E+005  0.420540995773992E+002 
     28.02000000 -0.232920374241353E+005  0.420540998073510E+002 
     28.04000000 -0.232920374239056E+005  0.420541000370119E+002 
     28.06000000 -0.232920374236760E+005  0.420541002666914E+002 
     28.08000000 -0.232920374234459E+005  0.420541004967359E+002 
     28.10000000 -0.232920374232153E+005  0.420541007273960E+002 
     28.12000000 -0.232920374229837E+005  0.420541009589100E+002 
     28.14000000 -0.232920374227512E+005  0.420541011914356E+002 
     28.16000000 -0.232920374225177E+005  0.420541014249820E+002 
     28.18000000 -0.232920374222830E+005  0.420541016596236E+002 
     28.20000000 -0.232920374220475E+005  0.420541018951623E+002 
     28.22000000 -0.232920374218112E+005  0.420541021314620E+002 
     28.24000000 -0.232920374215743E+005  0.420541023683495E+002 
     28.26000000 -0.232920374213371E+005  0.420541026055340E+002 
     28.28000000 -0.232920374210998E+005  0.420541028428608E+002 
     28.30000000 -0.232920374208626E+005  0.420541030800639E+002 
     28.32000000 -0.232920374206257E+005  0.420541033169638E+002 
     28.34000000 -0.232920374203892E+005  0.420541035534553E+002 
     28.36000000 -0.232920374201532E+005  0.420541037894766E+002 
     28.38000000 -0.232920374199177E+005  0.420541040249411E+002 
     28.40000000 -0.232920374196827E+005  0.420541042599168E+002 
     28.42000000 -0.232920374194482E+005  0.420541044944965E+002 
     28.44000000 -0.232920374192139E+005  0.420541047287576E+002 
     28.46000000 -0.232920374189799E+005  0.420541049627835E+002 
     28.48000000 -0.232920374187460E+005  0.420541051966888E+002 
     28.50000000 -0.232920374185122E+005  0.420541054304828E+002 
     28.52000000 -0.232920374182784E+005  0.420541056642953E+002 
     28.54000000 -0.232920374180447E+005  0.420541058979593E+002 
     28.56000000 -0.232920374178112E+005  0.420541061314810E+002 
     28.58000000 -0.232920374175778E+005  0.420541063648356E+002 
     28.60000000 -0.232920374173448E+005  0.420541065978995E+002 
     28.62000000 -0.232920374171119E+005  0.420541068307251E+002 
     28.64000000 -0.232920374168793E+005  0.420541070633280E+002 
     28.66000000 -0.232920374166468E+005  0.420541072958350E+002 
     28.68000000 -0.232920374164141E+005  0.420541075285122E+002 
     28.70000000 -0.232920374161810E+005  0.420541077616781E+002 
     28.72000000 -0.232920374159470E+005  0.420541079956948E+002 
     28.74000000 -0.232920374157117E+005  0.420541082309737E+002 
     28.76000000 -0.232920374154748E+005  0.420541084678859E+002 
     28.78000000 -0.232920374152359E+005  0.420541087067224E+002 
     28.80000000 -0.232920374149950E+005  0.420541089476625E+002 
     28.82000000 -0.232920374147519E+005  0.420541091907990E+002 
     28.84000000 -0.232920374145067E+005  0.420541094359959E+002 
     28.86000000 -0.232920374142596E+005  0.420541096830241E+002 
     28.88000000 -0.232920374140111E+005  0.420541099315280E+002 
     28.90000000 -0.232920374137617E+005  0.420541101809662E+002 
     28.92000000 -0.232920374135119E+005  0.420541104307972E+002 
     28.94000000 -0.232920374132622E+005  0.420541106804612E+002 
     28.96000000 -0.232920374130132E+005  0.420541109294198E+002 
     28.98000000 -0.232920374127656E+005  0.420541111770421E+002 
     29.00000000 -0.232920374125197E+005  0.420541114229628E+002 
     29.02000000 -0.232920374122759E+005  0.420541116667490E+002 
     29.04000000 -0.232920374120345E+005  0.420541119081779E+002 
     29.06000000 -0.232920374117956E+005  0.420541121470453E+002 
     29.08000000 -0.232920374115593E+005  0.420541123833388E+002 
     29.10000000 -0.232920374113256E+005  0.420541126170523E+002 
     29.12000000 -0.232920374110942E+005  0.420541128484395E+002 
     29.14000000 -0.232920374108649E+005  0.420541130777415E+002 
     29.16000000 -0.232920374106372E+005  0.420541133054349E+002 
     29.18000000 -0.232920374104106E+005  0.420541135320765E+002 
     29.20000000 -0.232920374101844E+005  0.420541137582417E+002 
     29.22000000 -0.232920374099579E+005  0.420541139847719E+002 
     29.24000000 -0.232920374097303E+005  0.420541142123230E+002 
     29.26000000 -0.232920374095010E+005  0.420541144417055E+002 
     29.28000000 -0.232920374092690E+005  0.420541146736866E+002 
     29.30000000 -0.232920374090338E+005  0.420541149088665E+002 
     29.32000000 -0.232920374087948E+005  0.420541151478236E+002 
     29.34000000 -0.232920374085518E+005  0.420541153908704E+002 
     29.36000000 -0.232920374083045E+005  0.420541156381926E+002 
     29.38000000 -0.232920374080530E+005  0.420541158896818E+002 
     29.40000000 -0.232920374077976E+005  0.420541161450596E+002 
     29.42000000 -0.232920374075390E+005  0.420541164036826E+002 
     29.44000000 -0.232920374072778E+005  0.420541166648608E+002 
     29.46000000 -0.232920374070151E+005  0.420541169275921E+002 
     29.48000000 -0.232920374067517E+005  0.420541171909111E+002 
     29.50000000 -0.232920374064889E+005  0.420541174537290E+002 
     29.52000000 -0.232920374062275E+005  0.420541177151238E+002 
     29.54000000 -0.232920374059684E+005  0.420541179742387E+002 
     29.56000000 -0.232920374057123E+005  0.420541182303899E+002 
     29.58000000 -0.232920374054595E+005  0.420541184831722E+002 
     29.60000000 -0.232920374052103E+005  0.420541187323721E+002 
     29.62000000 -0.232920374049647E+005  0.420541189779155E+002 
     29.64000000 -0.232920374047227E+005  0.420541192199414E+002 
     29.66000000 -0.232920374044840E+005  0.420541194586758E+002 
     29.68000000 -0.232920374042483E+005  0.420541196943568E+002 
     29.70000000 -0.232920374040154E+005  0.420541199272722E+002 
     29.72000000 -0.232920374037849E+005  0.420541201577436E+002 
     29.74000000 -0.232920374035566E+005  0.420541203860495E+002 
     29.76000000 -0.232920374033301E+005  0.420541206125241E+002 
     29.78000000 -0.232920374031052E+005  0.420541208374766E+002 
     29.80000000 -0.232920374028813E+005  0.420541210613123E+002 
     29.82000000 -0.232920374026582E+005  0.420541212844303E+002 
     29.84000000 -0.232920374024353E+005  0.420541215073781E+002 
     29.86000000 -0.232920374022120E+005  0.420541217306570E+002 
     29.88000000 -0.232920374019879E+005  0.420541219547990E+002 
     29.90000000 -0.232920374017623E+005  0.420541221803919E+002 
     29.92000000 -0.232920374015347E+005  0.420541224079368E+002 
     29.94000000 -0.232920374013048E+005  0.420541226378111E+002 
     29.96000000 -0.232920374010723E+005  0.420541228704017E+002 
     29.98000000 -0.232920374008368E+005  0.420541231058136E+002 
     30.00000000 -0.232920374005985E+005  0.420541233441767E+002 
