# Real time calculation: 
# Eall: Total energy
# Eall0: Initial total energy
# 1:Time[fs] 2:Eall[eV] 3:Eall-Eall0[eV] 
      0.00000000 -0.233321820974705E+005  0.000000000000000E+000 
      0.02000000 -0.233321820996364E+005 -0.216592414783086E-005 
      0.04000000 -0.233321820996394E+005 -0.216894966546826E-005 
      0.06000000 -0.233321820996390E+005 -0.216855368769976E-005 
      0.08000000 -0.233321820996349E+005 -0.216442685689374E-005 
      0.10000000 -0.233321820996223E+005 -0.215181125267562E-005 
      0.12000000 -0.233321820995929E+005 -0.212241609051757E-005 
      0.14000000 -0.233321820995339E+005 -0.206336899936721E-005 
      0.16000000 -0.233321820994265E+005 -0.195599096542637E-005 
      0.18000000 -0.233321820992453E+005 -0.177476617123770E-005 
      0.20000000 -0.233321820989568E+005 -0.148630255404241E-005 
      0.22000000 -0.233321820985185E+005 -0.104803250372741E-005 
      0.24000000 -0.233321820978781E+005 -0.407578679680398E-006 
      0.26000000 -0.233321820969724E+005  0.498133845612881E-006 
      0.28000000 -0.233321820957269E+005  0.174359220269774E-005 
      0.30000000 -0.233321820940555E+005  0.341502055066375E-005 
      0.32000000 -0.233321820918597E+005  0.561076368060800E-005 
      0.34000000 -0.233321820890293E+005  0.844124370556663E-005 
      0.36000000 -0.233321820854416E+005  0.120289074697175E-004 
      0.38000000 -0.233321820809626E+005  0.165078615063747E-004 
      0.40000000 -0.233321820754471E+005  0.220233925336599E-004 
      0.42000000 -0.233321820687391E+005  0.287313611135438E-004 
      0.44000000 -0.233321820606732E+005  0.367973076082913E-004 
      0.46000000 -0.233321820510748E+005  0.463957375643318E-004 
      0.48000000 -0.233321820397617E+005  0.577087883808673E-004 
      0.50000000 -0.233321820265451E+005  0.709254342607589E-004 
      0.52000000 -0.233321820112304E+005  0.862401219433716E-004 
      0.54000000 -0.233321819936189E+005  0.103851573490539E-003 
      0.56000000 -0.233321819735090E+005  0.123961508639546E-003 
      0.58000000 -0.233321819506972E+005  0.146773274348820E-003 
      0.60000000 -0.233321819249800E+005  0.172490461969316E-003 
      0.62000000 -0.233321818961549E+005  0.201315555351669E-003 
      0.64000000 -0.233321818640218E+005  0.233448668667056E-003 
      0.66000000 -0.233321818283842E+005  0.269086296602363E-003 
      0.68000000 -0.233321817890504E+005  0.308420138801185E-003 
      0.70000000 -0.233321817458343E+005  0.351636212007425E-003 
      0.72000000 -0.233321816985566E+005  0.398913869401601E-003 
      0.74000000 -0.233321816470454E+005  0.450425095265444E-003 
      0.76000000 -0.233321815911366E+005  0.506333929576706E-003 
      0.78000000 -0.233321815306745E+005  0.566796003972710E-003 
      0.80000000 -0.233321814655123E+005  0.631958244767025E-003 
      0.82000000 -0.233321813955119E+005  0.701958594527597E-003 
      0.84000000 -0.233321813205446E+005  0.776925860491512E-003 
      0.86000000 -0.233321812404905E+005  0.856980002267588E-003 
      0.88000000 -0.233321811552385E+005  0.942232039029090E-003 
      0.90000000 -0.233321810646858E+005  0.103278468060330E-002 
      0.92000000 -0.233321809687379E+005  0.112873262445483E-002 
      0.94000000 -0.233321808673074E+005  0.123016312799727E-002 
      0.96000000 -0.233321807603135E+005  0.133715699544400E-002 
      0.98000000 -0.233321806476814E+005  0.144978905731254E-002 
      1.00000000 -0.233321805293411E+005  0.156812936454498E-002 
      1.02000000 -0.233321804052267E+005  0.169224380412973E-002 
      1.04000000 -0.233321802752751E+005  0.182219536128058E-002 
      1.06000000 -0.233321801394258E+005  0.195804473505842E-002 
      1.08000000 -0.233321799976191E+005  0.209985142731014E-002 
      1.10000000 -0.233321798497959E+005  0.224767456865345E-002 
      1.12000000 -0.233321796958968E+005  0.240157368259024E-002 
      1.14000000 -0.233321795358611E+005  0.256160942487135E-002 
      1.16000000 -0.233321793696261E+005  0.272784436307777E-002 
      1.18000000 -0.233321791971271E+005  0.290034344684428E-002 
      1.20000000 -0.233321790182958E+005  0.307917472247553E-002 
      1.22000000 -0.233321788330607E+005  0.326440979388893E-002 
      1.24000000 -0.233321786413464E+005  0.345612405772647E-002 
      1.26000000 -0.233321784430735E+005  0.365439703127377E-002 
      1.28000000 -0.233321782381581E+005  0.385931242051882E-002 
      1.30000000 -0.233321780265122E+005  0.407095829029861E-002 
      1.32000000 -0.233321778080437E+005  0.428942681371948E-002 
      1.34000000 -0.233321775826563E+005  0.451481417006911E-002 
      1.36000000 -0.233321773502502E+005  0.474722030042398E-002 
      1.38000000 -0.233321771107221E+005  0.498674844361291E-002 
      1.40000000 -0.233321768639658E+005  0.523350470930356E-002 
      1.42000000 -0.233321766098730E+005  0.548759749950363E-002 
      1.44000000 -0.233321763483337E+005  0.574913679394473E-002 
      1.46000000 -0.233321760792371E+005  0.601823339215623E-002 
      1.48000000 -0.233321758024725E+005  0.629499799467302E-002 
      1.50000000 -0.233321755179302E+005  0.657954034302135E-002 
      1.52000000 -0.233321752255023E+005  0.687196823596153E-002 
      1.54000000 -0.233321749250839E+005  0.717238658594720E-002 
      1.56000000 -0.233321746165741E+005  0.748089641371294E-002 
      1.58000000 -0.233321742998765E+005  0.779759395732440E-002 
      1.60000000 -0.233321739749009E+005  0.812256954921001E-002 
      1.62000000 -0.233321736415641E+005  0.845590640966626E-002 
      1.64000000 -0.233321732997907E+005  0.879767977137558E-002 
      1.66000000 -0.233321729495147E+005  0.914795577809320E-002 
      1.68000000 -0.233321725906801E+005  0.950679038024036E-002 
      1.70000000 -0.233321722232420E+005  0.987422852129380E-002 
      1.72000000 -0.233321718471675E+005  0.102503029498524E-001 
      1.74000000 -0.233321714624370E+005  0.106350334709917E-001 
      1.76000000 -0.233321710690444E+005  0.110284260491270E-001 
      1.78000000 -0.233321706669985E+005  0.114304720346187E-001 
      1.80000000 -0.233321702563230E+005  0.118411474739055E-001 
      1.82000000 -0.233321698370577E+005  0.122604127815848E-001 
      1.84000000 -0.233321694092584E+005  0.126882120845748E-001 
      1.86000000 -0.233321689729975E+005  0.131244729839089E-001 
      1.88000000 -0.233321685283640E+005  0.135691064990517E-001 
      1.90000000 -0.233321680754637E+005  0.140220067554471E-001 
      1.92000000 -0.233321676144195E+005  0.144830510402035E-001 
      1.94000000 -0.233321671453706E+005  0.149520999289299E-001 
      1.96000000 -0.233321666684731E+005  0.154289973940111E-001 
      1.98000000 -0.233321661838991E+005  0.159135713459839E-001 
      2.00000000 -0.233321656918367E+005  0.164056338377128E-001 
      2.02000000 -0.233321651924886E+005  0.169049818501583E-001 
      2.04000000 -0.233321646860727E+005  0.174113978182853E-001 
      2.06000000 -0.233321641728200E+005  0.179246505096385E-001 
      2.08000000 -0.233321636529747E+005  0.184444958193915E-001 
      2.10000000 -0.233321631267929E+005  0.189706775592088E-001 
      2.12000000 -0.233321625945420E+005  0.195029285338104E-001 
      2.14000000 -0.233321620564991E+005  0.200409713886115E-001 
      2.16000000 -0.233321615129507E+005  0.205845197574399E-001 
      2.18000000 -0.233321609641913E+005  0.211332791689530E-001 
      2.20000000 -0.233321604105223E+005  0.216869481541388E-001 
      2.22000000 -0.233321598522512E+005  0.222452192486345E-001 
      2.24000000 -0.233321592896907E+005  0.228077797784945E-001 
      2.26000000 -0.233321587231575E+005  0.233743129893463E-001 
      2.28000000 -0.233321581529717E+005  0.239444988197842E-001 
      2.30000000 -0.233321575794557E+005  0.245180147830386E-001 
      2.32000000 -0.233321570029337E+005  0.250945367713060E-001 
      2.34000000 -0.233321564237308E+005  0.256737397023064E-001 
      2.36000000 -0.233321558421722E+005  0.262552983112387E-001 
      2.38000000 -0.233321552585828E+005  0.268388876921568E-001 
      2.40000000 -0.233321546732867E+005  0.274241838115029E-001 
      2.42000000 -0.233321540866066E+005  0.280108638978985E-001 
      2.44000000 -0.233321534988637E+005  0.285986067762504E-001 
      2.46000000 -0.233321529103773E+005  0.291870931709213E-001 
      2.48000000 -0.233321523214649E+005  0.297760055696125E-001 
      2.50000000 -0.233321517324420E+005  0.303650285327212E-001 
      2.52000000 -0.233321511436222E+005  0.309538482757081E-001 
      2.54000000 -0.233321505553178E+005  0.315421526969394E-001 
      2.56000000 -0.233321499678393E+005  0.321296311549493E-001 
      2.58000000 -0.233321493814966E+005  0.327159739425319E-001 
      2.60000000 -0.233321487965984E+005  0.333008720670978E-001 
      2.62000000 -0.233321482134537E+005  0.338840168392276E-001 
      2.64000000 -0.233321476323712E+005  0.344650993282034E-001 
      2.66000000 -0.233321470536604E+005  0.350438100557440E-001 
      2.68000000 -0.233321464776320E+005  0.356198384484423E-001 
      2.70000000 -0.233321459045980E+005  0.361928725067524E-001 
      2.72000000 -0.233321453348722E+005  0.367625982852691E-001 
      2.74000000 -0.233321447687710E+005  0.373286995462470E-001 
      2.76000000 -0.233321442066133E+005  0.378908571780083E-001 
      2.78000000 -0.233321436487217E+005  0.384487488422752E-001 
      2.80000000 -0.233321430954217E+005  0.390020487885551E-001 
      2.82000000 -0.233321425470432E+005  0.395504273127650E-001 
      2.84000000 -0.233321420039198E+005  0.400935507386698E-001 
      2.86000000 -0.233321414663893E+005  0.406310811580221E-001 
      2.88000000 -0.233321409347940E+005  0.411626764553105E-001 
      2.90000000 -0.233321404094803E+005  0.416879901902042E-001 
      2.92000000 -0.233321398907988E+005  0.422066716934534E-001 
      2.94000000 -0.233321393791042E+005  0.427183662865334E-001 
      2.96000000 -0.233321388747550E+005  0.432227154579785E-001 
      2.98000000 -0.233321383781133E+005  0.437193572160497E-001 
      3.00000000 -0.233321378895440E+005  0.442079264908993E-001 
      3.02000000 -0.233321374094149E+005  0.446880556140758E-001 
      3.04000000 -0.233321369380956E+005  0.451593749465194E-001 
      3.06000000 -0.233321364759570E+005  0.456215134972776E-001 
      3.08000000 -0.233321360233707E+005  0.460740998020806E-001 
      3.10000000 -0.233321355807079E+005  0.465167626441447E-001 
      3.12000000 -0.233321351483385E+005  0.469491320255553E-001 
      3.14000000 -0.233321347266305E+005  0.473708400180004E-001 
      3.16000000 -0.233321343159486E+005  0.477815218826452E-001 
      3.18000000 -0.233321339166535E+005  0.481808169858306E-001 
      3.20000000 -0.233321335291006E+005  0.485683698539828E-001 
      3.22000000 -0.233321331536393E+005  0.489438311852127E-001 
      3.24000000 -0.233321327906114E+005  0.493068590496237E-001 
      3.26000000 -0.233321324403507E+005  0.496571198235715E-001 
      3.28000000 -0.233321321031812E+005  0.499942893250068E-001 
      3.30000000 -0.233321317794167E+005  0.503180538096068E-001 
      3.32000000 -0.233321314693596E+005  0.506281108864736E-001 
      3.34000000 -0.233321311732997E+005  0.509241707710330E-001 
      3.36000000 -0.233321308915136E+005  0.512059569315916E-001 
      3.38000000 -0.233321306242632E+005  0.514732072463345E-001 
      3.40000000 -0.233321303717959E+005  0.517256746251344E-001 
      3.42000000 -0.233321301343427E+005  0.519631277798513E-001 
      3.44000000 -0.233321299121186E+005  0.521853518739844E-001 
      3.46000000 -0.233321297053217E+005  0.523921487825323E-001 
      3.48000000 -0.233321295141326E+005  0.525833378591993E-001 
      3.50000000 -0.233321293387147E+005  0.527587558374019E-001 
      3.52000000 -0.233321291792132E+005  0.529182573252403E-001 
      3.54000000 -0.233321290357557E+005  0.530617147838438E-001 
      3.56000000 -0.233321289084519E+005  0.531890185644933E-001 
      3.58000000 -0.233321287973938E+005  0.533000767137265E-001 
      3.60000000 -0.233321287026555E+005  0.533948149547761E-001 
      3.62000000 -0.233321286242942E+005  0.534731762637496E-001 
      3.64000000 -0.233321285623500E+005  0.535351205138689E-001 
      3.66000000 -0.233321285168466E+005  0.535806238784090E-001 
      3.68000000 -0.233321284877921E+005  0.536096783945045E-001 
      3.70000000 -0.233321284751792E+005  0.536222912887498E-001 
      3.72000000 -0.233321284789863E+005  0.536184841543075E-001 
      3.74000000 -0.233321284991780E+005  0.535982924621236E-001 
      3.76000000 -0.233321285357059E+005  0.535617645740767E-001 
      3.78000000 -0.233321285885094E+005  0.535089611087947E-001 
      3.80000000 -0.233321286575165E+005  0.534399540228627E-001 
      3.82000000 -0.233321287426445E+005  0.533548259828271E-001 
      3.84000000 -0.233321288438011E+005  0.532536694216547E-001 
      3.86000000 -0.233321289608845E+005  0.531365860221053E-001 
      3.88000000 -0.233321290937846E+005  0.530036859464315E-001 
      3.90000000 -0.233321292423833E+005  0.528550872145699E-001 
      3.92000000 -0.233321294065552E+005  0.526909153390988E-001 
      3.94000000 -0.233321295861680E+005  0.525113025209085E-001 
      3.96000000 -0.233321297810829E+005  0.523163875749554E-001 
      3.98000000 -0.233321299911552E+005  0.521063153270147E-001 
      4.00000000 -0.233321302162341E+005  0.518812363507266E-001 
      4.02000000 -0.233321304561636E+005  0.516413069150051E-001 
      4.04000000 -0.233321307107820E+005  0.513866885261889E-001 
      4.06000000 -0.233321309799226E+005  0.511175478723570E-001 
      4.08000000 -0.233321312634136E+005  0.508340569068556E-001 
      4.10000000 -0.233321315610778E+005  0.505363926472149E-001 
      4.12000000 -0.233321318727330E+005  0.502247375030689E-001 
      4.14000000 -0.233321321981913E+005  0.498992791926285E-001 
      4.16000000 -0.233321325372593E+005  0.495602112438408E-001 
      4.18000000 -0.233321328897373E+005  0.492077331676297E-001 
      4.20000000 -0.233321332554196E+005  0.488420508817154E-001 
      4.22000000 -0.233321336340934E+005  0.484633771158735E-001 
      4.24000000 -0.233321340255388E+005  0.480719317460406E-001 
      4.26000000 -0.233321344295283E+005  0.476679422088538E-001 
      4.28000000 -0.233321348458265E+005  0.472516439749681E-001 
      4.30000000 -0.233321352741897E+005  0.468232808305715E-001 
      4.32000000 -0.233321357143651E+005  0.463831054218547E-001 
      4.34000000 -0.233321361660910E+005  0.459313794994032E-001 
      4.36000000 -0.233321366290961E+005  0.454683743946088E-001 
      4.38000000 -0.233321371030993E+005  0.449943712362190E-001 
      4.40000000 -0.233321375878090E+005  0.445096614917138E-001 
      4.42000000 -0.233321380829234E+005  0.440145470755801E-001 
      4.44000000 -0.233321385881298E+005  0.435093406834185E-001 
      4.46000000 -0.233321391031044E+005  0.429943660703647E-001 
      4.48000000 -0.233321396275124E+005  0.424699580882128E-001 
      4.50000000 -0.233321401610076E+005  0.419364628555617E-001 
      4.52000000 -0.233321407032327E+005  0.413942378227807E-001 
      4.54000000 -0.233321412538188E+005  0.408436516575463E-001 
      4.56000000 -0.233321418123864E+005  0.402850841427552E-001 
      4.58000000 -0.233321423785445E+005  0.397189259940024E-001 
      4.60000000 -0.233321429518917E+005  0.391455788100847E-001 
      4.62000000 -0.233321435320160E+005  0.385654544604720E-001 
      4.64000000 -0.233321441184955E+005  0.379789750048749E-001 
      4.66000000 -0.233321447108982E+005  0.373865723003598E-001 
      4.68000000 -0.233321453087829E+005  0.367886875806232E-001 
      4.70000000 -0.233321459116995E+005  0.361857710259844E-001 
      4.72000000 -0.233321465191891E+005  0.355782814230916E-001 
      4.74000000 -0.233321471307850E+005  0.349666854503065E-001 
      4.76000000 -0.233321477460131E+005  0.343514574394987E-001 
      4.78000000 -0.233321483643919E+005  0.337330786335869E-001 
      4.80000000 -0.233321489854338E+005  0.331120366853802E-001 
      4.82000000 -0.233321496086454E+005  0.324888250512370E-001 
      4.84000000 -0.233321502335283E+005  0.318639422052961E-001 
      4.86000000 -0.233321508595793E+005  0.312378911630666E-001 
      4.88000000 -0.233321514862918E+005  0.306111786647235E-001 
      4.90000000 -0.233321521131561E+005  0.299843143676841E-001 
      4.92000000 -0.233321527396603E+005  0.293578102247994E-001 
      4.94000000 -0.233321533652909E+005  0.287321795531877E-001 
      4.96000000 -0.233321539895343E+005  0.281079361773136E-001 
      4.98000000 -0.233321546118769E+005  0.274855936030034E-001 
      5.00000000 -0.233321552318064E+005  0.268656640646236E-001 
      5.02000000 -0.233321558488129E+005  0.262486576403180E-001 
      5.04000000 -0.233321564623890E+005  0.256350814755200E-001 
      5.06000000 -0.233321570720319E+005  0.250254386259552E-001 
      5.08000000 -0.233321576772429E+005  0.244202276090725E-001 
      5.10000000 -0.233321582775292E+005  0.238199413429480E-001 
      5.12000000 -0.233321588724040E+005  0.232250665151949E-001 
      5.14000000 -0.233321594613875E+005  0.226360830323071E-001 
      5.16000000 -0.233321600440071E+005  0.220534634195056E-001 
      5.18000000 -0.233321606197982E+005  0.214776722546136E-001 
      5.20000000 -0.233321611883047E+005  0.209091658061084E-001 
      5.22000000 -0.233321617490786E+005  0.203483918908169E-001 
      5.24000000 -0.233321623016812E+005  0.197957893232588E-001 
      5.26000000 -0.233321628456825E+005  0.192517880053605E-001 
      5.28000000 -0.233321633806618E+005  0.187168086696882E-001 
      5.30000000 -0.233321639062076E+005  0.181912628918222E-001 
      5.32000000 -0.233321644219175E+005  0.176755529913623E-001 
      5.34000000 -0.233321649273984E+005  0.171700720814255E-001 
      5.36000000 -0.233321654222663E+005  0.166752041800142E-001 
      5.38000000 -0.233321659061464E+005  0.161913240615248E-001 
      5.40000000 -0.233321663786730E+005  0.157187975289824E-001 
      5.42000000 -0.233321668394892E+005  0.152579812469876E-001 
      5.44000000 -0.233321672882475E+005  0.148092229706414E-001 
      5.46000000 -0.233321677246091E+005  0.143728614279890E-001 
      5.48000000 -0.233321681482441E+005  0.139492263880784E-001 
      5.50000000 -0.233321685588318E+005  0.135386386547738E-001 
      5.52000000 -0.233321689560605E+005  0.131414099986962E-001 
      5.54000000 -0.233321693396274E+005  0.127578430829782E-001 
      5.56000000 -0.233321697092391E+005  0.123882314447021E-001 
      5.58000000 -0.233321700646112E+005  0.120328592752562E-001 
      5.60000000 -0.233321704054692E+005  0.116920013306211E-001 
      5.62000000 -0.233321707315478E+005  0.113659227333806E-001 
      5.64000000 -0.233321710425918E+005  0.110548787128616E-001 
      5.66000000 -0.233321713383561E+005  0.107591143978643E-001 
      5.68000000 -0.233321716186060E+005  0.104788644547136E-001 
      5.70000000 -0.233321718831174E+005  0.102143530996338E-001 
      5.72000000 -0.233321721316771E+005  0.996579335938369E-002 
      5.74000000 -0.233321723640833E+005  0.973338718881233E-002 
      5.76000000 -0.233321725801456E+005  0.951732492948331E-002 
      5.78000000 -0.233321727796855E+005  0.931778504053358E-002 
      5.80000000 -0.233321729625366E+005  0.913493391924606E-002 
      5.82000000 -0.233321731285451E+005  0.896892535039301E-002 
      5.84000000 -0.233321732775698E+005  0.881990065163412E-002 
      5.86000000 -0.233321734094825E+005  0.868798800221051E-002 
      5.88000000 -0.233321735241681E+005  0.857330243985105E-002 
      5.90000000 -0.233321736215249E+005  0.847594555141484E-002 
      5.92000000 -0.233321737014652E+005  0.839600534605450E-002 
      5.94000000 -0.233321737639144E+005  0.833355611909884E-002 
      5.96000000 -0.233321738088123E+005  0.828865819528602E-002 
      5.98000000 -0.233321738361125E+005  0.826135802466444E-002 
      6.00000000 -0.233321738457826E+005  0.825168792891946E-002 
      6.02000000 -0.233321738378042E+005  0.825966627770723E-002 
      6.04000000 -0.233321738121732E+005  0.828529726901082E-002 
      6.06000000 -0.233321737688994E+005  0.832857112712908E-002 
      6.08000000 -0.233321737080065E+005  0.838946396965283E-002 
      6.10000000 -0.233321736295324E+005  0.846793805804459E-002 
      6.12000000 -0.233321735335288E+005  0.856394171101843E-002 
      6.14000000 -0.233321734200611E+005  0.867740941281512E-002 
      6.16000000 -0.233321732892084E+005  0.880826206068824E-002 
      6.18000000 -0.233321731410636E+005  0.895640691540699E-002 
      6.20000000 -0.233321729757327E+005  0.912173780543218E-002 
      6.22000000 -0.233321727933352E+005  0.930413531871801E-002 
      6.24000000 -0.233321725940036E+005  0.950346687077071E-002 
      6.26000000 -0.233321723778836E+005  0.971958685004664E-002 
      6.28000000 -0.233321721451337E+005  0.995233682831550E-002 
      6.30000000 -0.233321718959247E+005  0.102015457493684E-001 
      6.32000000 -0.233321716304405E+005  0.104670299847025E-001 
      6.34000000 -0.233321713488769E+005  0.107485936274102E-001 
      6.36000000 -0.233321710514420E+005  0.110460285354900E-001 
      6.38000000 -0.233321707383558E+005  0.113591147123555E-001 
      6.40000000 -0.233321704098503E+005  0.116876202047483E-001 
      6.42000000 -0.233321700661690E+005  0.120313015203700E-001 
      6.44000000 -0.233321697075668E+005  0.123899036835671E-001 
      6.46000000 -0.233321693343100E+005  0.127631604828167E-001 
      6.48000000 -0.233321689466758E+005  0.131507946934646E-001 
      6.50000000 -0.233321685449523E+005  0.135525181767189E-001 
      6.52000000 -0.233321681294383E+005  0.139680322446927E-001 
      6.54000000 -0.233321677004428E+005  0.143970277315563E-001 
      6.56000000 -0.233321672582852E+005  0.148391853059878E-001 
      6.58000000 -0.233321668032946E+005  0.152941758826194E-001 
      6.60000000 -0.233321663358100E+005  0.157616604828264E-001 
      6.62000000 -0.233321658561796E+005  0.162412908812842E-001 
      6.64000000 -0.233321653647609E+005  0.167327096430917E-001 
      6.66000000 -0.233321648619200E+005  0.172355505414038E-001 
      6.68000000 -0.233321643480317E+005  0.177494387832625E-001 
      6.70000000 -0.233321638234792E+005  0.182739912601770E-001 
      6.72000000 -0.233321632886535E+005  0.188088169471944E-001 
      6.74000000 -0.233321627439533E+005  0.193535171998835E-001 
      6.76000000 -0.233321621897845E+005  0.199076860203819E-001 
      6.78000000 -0.233321616265601E+005  0.204709104440937E-001 
      6.80000000 -0.233321610546996E+005  0.210427708645145E-001 
      6.82000000 -0.233321604746291E+005  0.216228413889929E-001 
      6.84000000 -0.233321598867803E+005  0.222106901666492E-001 
      6.86000000 -0.233321592915907E+005  0.228058798152898E-001 
      6.88000000 -0.233321586895028E+005  0.234079677183894E-001 
      6.90000000 -0.233321580809641E+005  0.240165063870404E-001 
      6.92000000 -0.233321574664266E+005  0.246310439270823E-001 
      6.94000000 -0.233321568463462E+005  0.252511243298983E-001 
      6.96000000 -0.233321562211826E+005  0.258762879086092E-001 
      6.98000000 -0.233321555913989E+005  0.265060715579340E-001 
      7.00000000 -0.233321549574612E+005  0.271400093234079E-001 
      7.02000000 -0.233321543198380E+005  0.277776325313126E-001 
      7.04000000 -0.233321536790001E+005  0.284184704445143E-001 
      7.06000000 -0.233321530354200E+005  0.290620505068564E-001 
      7.08000000 -0.233321523895718E+005  0.297078987112950E-001 
      7.10000000 -0.233321517419305E+005  0.303555400329996E-001 
      7.12000000 -0.233321510929717E+005  0.310044987603656E-001 
      7.14000000 -0.233321504431716E+005  0.316542988538695E-001 
      7.16000000 -0.233321497930062E+005  0.323044643420465E-001 
      7.18000000 -0.233321491429508E+005  0.329545197298423E-001 
      7.20000000 -0.233321484934803E+005  0.336039902089769E-001 
      7.22000000 -0.233321478450685E+005  0.342524020415474E-001 
      7.24000000 -0.233321471981874E+005  0.348992830952172E-001 
      7.26000000 -0.233321465533075E+005  0.355441629700523E-001 
      7.28000000 -0.233321459108970E+005  0.361865734965873E-001 
      7.30000000 -0.233321452714216E+005  0.368260489183463E-001 
      7.32000000 -0.233321446353440E+005  0.374621264703417E-001 
      7.34000000 -0.233321440031240E+005  0.380943464997238E-001 
      7.36000000 -0.233321433752175E+005  0.387222529514719E-001 
      7.38000000 -0.233321427520770E+005  0.393453935416351E-001 
      7.40000000 -0.233321421341502E+005  0.399633203018012E-001 
      7.42000000 -0.233321415218809E+005  0.405755895883779E-001 
      7.44000000 -0.233321409157077E+005  0.411817627910215E-001 
      7.46000000 -0.233321403160642E+005  0.417814063202627E-001 
      7.48000000 -0.233321397233783E+005  0.423740921488822E-001 
      7.50000000 -0.233321391380724E+005  0.429593980872395E-001 
      7.52000000 -0.233321385605622E+005  0.435369082473090E-001 
      7.54000000 -0.233321379912573E+005  0.441062132252008E-001 
      7.56000000 -0.233321374305600E+005  0.446669105126070E-001 
      7.58000000 -0.233321368788655E+005  0.452186050103346E-001 
      7.60000000 -0.233321363365612E+005  0.457609092479501E-001 
      7.62000000 -0.233321358040268E+005  0.462934437116981E-001 
      7.64000000 -0.233321352816331E+005  0.468158373858775E-001 
      7.66000000 -0.233321347697426E+005  0.473277278796777E-001 
      7.68000000 -0.233321342687085E+005  0.478287620335202E-001 
      7.70000000 -0.233321337788745E+005  0.483185959685551E-001 
      7.72000000 -0.233321333005748E+005  0.487968957177512E-001 
      7.74000000 -0.233321328341332E+005  0.492633372568316E-001 
      7.76000000 -0.233321323798634E+005  0.497176070580237E-001 
      7.78000000 -0.233321319380683E+005  0.501594021735861E-001 
      7.80000000 -0.233321315090399E+005  0.505884305482595E-001 
      7.82000000 -0.233321310930591E+005  0.510044113471857E-001 
      7.84000000 -0.233321306903955E+005  0.514070750363413E-001 
      7.86000000 -0.233321303013068E+005  0.517961636702392E-001 
      7.88000000 -0.233321299260395E+005  0.521714309661754E-001 
      7.90000000 -0.233321295648278E+005  0.525326426847384E-001 
      7.92000000 -0.233321292178939E+005  0.528795765648441E-001 
      7.94000000 -0.233321288854482E+005  0.532120222804259E-001 
      7.96000000 -0.233321285676884E+005  0.535297820715242E-001 
      7.98000000 -0.233321282648002E+005  0.538326703297473E-001 
      8.00000000 -0.233321279769566E+005  0.541205138581314E-001 
      8.02000000 -0.233321277043186E+005  0.543931518897026E-001 
      8.04000000 -0.233321274470344E+005  0.546504361431608E-001 
      8.06000000 -0.233321272052397E+005  0.548922308012251E-001 
      8.08000000 -0.233321269790580E+005  0.551184124858848E-001 
      8.10000000 -0.233321267686003E+005  0.553288702089023E-001 
      8.12000000 -0.233321265739651E+005  0.555235054182170E-001 
      8.14000000 -0.233321263952387E+005  0.557022317721139E-001 
      8.16000000 -0.233321262324953E+005  0.558649751546916E-001 
      8.18000000 -0.233321260857969E+005  0.560116735583064E-001 
      8.20000000 -0.233321259551936E+005  0.561422769258000E-001 
      8.22000000 -0.233321258407234E+005  0.562567470855341E-001 
      8.24000000 -0.233321257424128E+005  0.563550576616771E-001 
      8.26000000 -0.233321256602767E+005  0.564371937926884E-001 
      8.28000000 -0.233321255943183E+005  0.565031521529734E-001 
      8.30000000 -0.233321255445298E+005  0.565529407023041E-001 
      8.32000000 -0.233321255108919E+005  0.565865785744498E-001 
      8.34000000 -0.233321254933746E+005  0.566040959008439E-001 
      8.36000000 -0.233321254919368E+005  0.566055337084957E-001 
      8.38000000 -0.233321255065267E+005  0.565909437776853E-001 
      8.40000000 -0.233321255370821E+005  0.565603884439756E-001 
      8.42000000 -0.233321255835299E+005  0.565139406198668E-001 
      8.44000000 -0.233321256457870E+005  0.564516834854390E-001 
      8.46000000 -0.233321257237600E+005  0.563737105409426E-001 
      8.48000000 -0.233321258173452E+005  0.562801252510376E-001 
      8.50000000 -0.233321259264293E+005  0.561710411994720E-001 
      8.52000000 -0.233321260508887E+005  0.560465817735371E-001 
      8.54000000 -0.233321261905905E+005  0.559068799567982E-001 
      8.56000000 -0.233321263453921E+005  0.557520784126206E-001 
      8.58000000 -0.233321265151412E+005  0.555823293140233E-001 
      8.60000000 -0.233321266996764E+005  0.553977940714442E-001 
      8.62000000 -0.233321268988270E+005  0.551986434626702E-001 
      8.64000000 -0.233321271124131E+005  0.549850573636964E-001 
      8.66000000 -0.233321273402458E+005  0.547572246930410E-001 
      8.68000000 -0.233321275821272E+005  0.545153433282198E-001 
      8.70000000 -0.233321278378505E+005  0.542596199541598E-001 
      8.72000000 -0.233321281072006E+005  0.539902699456444E-001 
      8.74000000 -0.233321283899533E+005  0.537075171755107E-001 
      8.76000000 -0.233321286858767E+005  0.534115938383164E-001 
      8.78000000 -0.233321289947300E+005  0.531027405029300E-001 
      8.80000000 -0.233321293162647E+005  0.527812058031738E-001 
      8.82000000 -0.233321296502243E+005  0.524472461779629E-001 
      8.84000000 -0.233321299963446E+005  0.521011258743991E-001 
      8.86000000 -0.233321303543538E+005  0.517431166569746E-001 
      8.88000000 -0.233321307239728E+005  0.513734977178584E-001 
      8.90000000 -0.233321311049151E+005  0.509925553675385E-001 
      8.92000000 -0.233321314968875E+005  0.506005829512957E-001 
      8.94000000 -0.233321318995900E+005  0.501978804655996E-001 
      8.96000000 -0.233321323127159E+005  0.497847545519218E-001 
      8.98000000 -0.233321327359525E+005  0.493615180141381E-001 
      9.00000000 -0.233321331689808E+005  0.489284896916913E-001 
      9.02000000 -0.233321336114764E+005  0.484859940728950E-001 
      9.04000000 -0.233321340631094E+005  0.480343611340669E-001 
      9.06000000 -0.233321345235446E+005  0.475739259126156E-001 
      9.08000000 -0.233321349924423E+005  0.471050281574666E-001 
      9.10000000 -0.233321354694585E+005  0.466280119887685E-001 
      9.12000000 -0.233321359542448E+005  0.461432256627816E-001 
      9.14000000 -0.233321364464495E+005  0.456510209871917E-001 
      9.16000000 -0.233321369457174E+005  0.451517530983728E-001 
      9.18000000 -0.233321374516905E+005  0.446457800035376E-001 
      9.20000000 -0.233321379640084E+005  0.441334621352628E-001 
      9.22000000 -0.233321384823085E+005  0.436151619926340E-001 
      9.24000000 -0.233321390062268E+005  0.430912436957708E-001 
      9.26000000 -0.233321395353979E+005  0.425620726207847E-001 
      9.28000000 -0.233321400694556E+005  0.420280148645906E-001 
      9.30000000 -0.233321406080336E+005  0.414894369262683E-001 
      9.32000000 -0.233321411507651E+005  0.409467053636755E-001 
      9.34000000 -0.233321416972844E+005  0.404001861314226E-001 
      9.36000000 -0.233321422472260E+005  0.398502445406559E-001 
      9.38000000 -0.233321428002260E+005  0.392972445104127E-001 
      9.40000000 -0.233321433559220E+005  0.387415484840942E-001 
      9.42000000 -0.233321439139537E+005  0.381835167983761E-001 
      9.44000000 -0.233321444739630E+005  0.376235074511904E-001 
      9.46000000 -0.233321450355948E+005  0.370618756840928E-001 
      9.48000000 -0.233321455984969E+005  0.364989736326882E-001 
      9.50000000 -0.233321461623205E+005  0.359351499584953E-001 
      9.52000000 -0.233321467267210E+005  0.353707494622496E-001 
      9.54000000 -0.233321472913576E+005  0.348061128951951E-001 
      9.56000000 -0.233321478558939E+005  0.342415765723877E-001 
      9.58000000 -0.233321484199985E+005  0.336774719890909E-001 
      9.60000000 -0.233321489833447E+005  0.331141257867474E-001 
      9.62000000 -0.233321495456112E+005  0.325518592920355E-001 
      9.64000000 -0.233321501064821E+005  0.319909883931265E-001 
      9.66000000 -0.233321506656472E+005  0.314318233107598E-001 
      9.68000000 -0.233321512228022E+005  0.308746683167275E-001 
      9.70000000 -0.233321517776488E+005  0.303198216658160E-001 
      9.72000000 -0.233321523298952E+005  0.297675753204772E-001 
      9.74000000 -0.233321528792556E+005  0.292182148765830E-001 
      9.76000000 -0.233321534254511E+005  0.286720193468750E-001 
      9.78000000 -0.233321539682095E+005  0.281292610062857E-001 
      9.80000000 -0.233321545072651E+005  0.275902053548150E-001 
      9.82000000 -0.233321550423596E+005  0.270551108947937E-001 
      9.84000000 -0.233321555732413E+005  0.265242291618183E-001 
      9.86000000 -0.233321560996661E+005  0.259978043751778E-001 
      9.88000000 -0.233321566213967E+005  0.254760737564910E-001 
      9.90000000 -0.233321571382035E+005  0.249592670223611E-001 
      9.92000000 -0.233321576498639E+005  0.244476065792700E-001 
      9.94000000 -0.233321581561631E+005  0.239413074060232E-001 
      9.96000000 -0.233321586568936E+005  0.234405769269127E-001 
      9.98000000 -0.233321591518554E+005  0.229456151045244E-001 
     10.00000000 -0.233321596408563E+005  0.224566141829714E-001 
     10.02000000 -0.233321601237117E+005  0.219737588301982E-001 
     10.04000000 -0.233321606002445E+005  0.214972259802088E-001 
     10.06000000 -0.233321610702857E+005  0.210271848454404E-001 
     10.08000000 -0.233321615336736E+005  0.205637968920153E-001 
     10.10000000 -0.233321619902548E+005  0.201072157159977E-001 
     10.12000000 -0.233321624398835E+005  0.196575870186448E-001 
     10.14000000 -0.233321628824218E+005  0.192150486620917E-001 
     10.16000000 -0.233321633177400E+005  0.187797305394206E-001 
     10.18000000 -0.233321637457160E+005  0.183517545096964E-001 
     10.20000000 -0.233321641662360E+005  0.179312344505568E-001 
     10.22000000 -0.233321645791943E+005  0.175182761561245E-001 
     10.24000000 -0.233321649844931E+005  0.171129773648499E-001 
     10.26000000 -0.233321653820428E+005  0.167154277131066E-001 
     10.28000000 -0.233321657717619E+005  0.163257086331040E-001 
     10.30000000 -0.233321661535770E+005  0.159438934735366E-001 
     10.32000000 -0.233321665274230E+005  0.155700474655545E-001 
     10.34000000 -0.233321668932429E+005  0.152042275959272E-001 
     10.36000000 -0.233321672509876E+005  0.148464829256814E-001 
     10.38000000 -0.233321676006163E+005  0.144968541600943E-001 
     10.40000000 -0.233321679420964E+005  0.141553740910748E-001 
     10.42000000 -0.233321682754030E+005  0.138220675012628E-001 
     10.44000000 -0.233321686005194E+005  0.134969510805025E-001 
     10.46000000 -0.233321689174368E+005  0.131800336949837E-001 
     10.48000000 -0.233321692261542E+005  0.128713163346508E-001 
     10.50000000 -0.233321695266783E+005  0.125707922400395E-001 
     10.52000000 -0.233321698190234E+005  0.122784470600493E-001 
     10.54000000 -0.233321701032117E+005  0.119942588333819E-001 
     10.56000000 -0.233321703792723E+005  0.117181982422146E-001 
     10.58000000 -0.233321706472418E+005  0.114502286771652E-001 
     10.60000000 -0.233321709071642E+005  0.111903063362867E-001 
     10.62000000 -0.233321711590900E+005  0.109383805313311E-001 
     10.64000000 -0.233321714030768E+005  0.106943936506268E-001 
     10.66000000 -0.233321716391889E+005  0.104582815674301E-001 
     10.68000000 -0.233321718674970E+005  0.102299735038087E-001 
     10.70000000 -0.233321720880779E+005  0.100093925812974E-001 
     10.72000000 -0.233321723010148E+005  0.979645573427865E-002 
     10.74000000 -0.233321725063964E+005  0.959107407502404E-002 
     10.76000000 -0.233321727043175E+005  0.939315296484696E-002 
     10.78000000 -0.233321728948781E+005  0.920259236986362E-002 
     10.80000000 -0.233321730781835E+005  0.901928695070689E-002 
     10.82000000 -0.233321732543441E+005  0.884312643066182E-002 
     10.84000000 -0.233321734234749E+005  0.867399562660141E-002 
     10.86000000 -0.233321735856957E+005  0.851177481712222E-002 
     10.88000000 -0.233321737411306E+005  0.835633991578463E-002 
     10.90000000 -0.233321738899077E+005  0.820756283306126E-002 
     10.92000000 -0.233321740321590E+005  0.806531153820851E-002 
     10.94000000 -0.233321741680201E+005  0.792945036553059E-002 
     10.96000000 -0.233321742976302E+005  0.779984030826931E-002 
     10.98000000 -0.233321744211313E+005  0.767633922278008E-002 
     11.00000000 -0.233321745386684E+005  0.755880208839234E-002 
     11.02000000 -0.233321746503893E+005  0.744708118683699E-002 
     11.04000000 -0.233321747564440E+005  0.734102647347554E-002 
     11.06000000 -0.233321748569848E+005  0.724048571960460E-002 
     11.08000000 -0.233321749521658E+005  0.714530471663196E-002 
     11.10000000 -0.233321750421428E+005  0.705532770608366E-002 
     11.12000000 -0.233321751270730E+005  0.697039745694344E-002 
     11.14000000 -0.233321752071149E+005  0.689035555954242E-002 
     11.16000000 -0.233321752824278E+005  0.681504270707463E-002 
     11.18000000 -0.233321753531716E+005  0.674429885336933E-002 
     11.20000000 -0.233321754195070E+005  0.667796354390374E-002 
     11.22000000 -0.233321754815944E+005  0.661587613235331E-002 
     11.24000000 -0.233321755395945E+005  0.655787598476781E-002 
     11.26000000 -0.233321755936678E+005  0.650380270230883E-002 
     11.28000000 -0.233321756439741E+005  0.645349639348444E-002 
     11.30000000 -0.233321756906726E+005  0.640679789998033E-002 
     11.32000000 -0.233321757339215E+005  0.636354901321011E-002 
     11.34000000 -0.233321757738778E+005  0.632359271252067E-002 
     11.36000000 -0.233321758106972E+005  0.628677330130960E-002 
     11.38000000 -0.233321758445337E+005  0.625293676897356E-002 
     11.40000000 -0.233321758755395E+005  0.622193094558712E-002 
     11.42000000 -0.233321759038648E+005  0.619360566586232E-002 
     11.44000000 -0.233321759296574E+005  0.616781310325488E-002 
     11.46000000 -0.233321759530628E+005  0.614440772974772E-002 
     11.48000000 -0.233321759742236E+005  0.612324693147265E-002 
     11.50000000 -0.233321759932797E+005  0.610419079216005E-002 
     11.52000000 -0.233321760103680E+005  0.608710246746156E-002 
     11.54000000 -0.233321760256220E+005  0.607184847265269E-002 
     11.56000000 -0.233321760391718E+005  0.605829865479068E-002 
     11.58000000 -0.233321760511439E+005  0.604632657013074E-002 
     11.60000000 -0.233321760616610E+005  0.603580952743617E-002 
     11.62000000 -0.233321760708417E+005  0.602662883237086E-002 
     11.64000000 -0.233321760788006E+005  0.601866990196162E-002 
     11.66000000 -0.233321760856480E+005  0.601182249971001E-002 
     11.68000000 -0.233321760914897E+005  0.600598080055738E-002 
     11.70000000 -0.233321760964269E+005  0.600104359815456E-002 
     11.72000000 -0.233321761005561E+005  0.599691441932411E-002 
     11.74000000 -0.233321761039688E+005  0.599350172204926E-002 
     11.76000000 -0.233321761067516E+005  0.599071888309957E-002 
     11.78000000 -0.233321761089860E+005  0.598848449810786E-002 
     11.80000000 -0.233321761107481E+005  0.598672238775733E-002 
     11.82000000 -0.233321761121088E+005  0.598536171843108E-002 
     11.84000000 -0.233321761131333E+005  0.598433715689086E-002 
     11.86000000 -0.233321761138816E+005  0.598358892596153E-002 
     11.88000000 -0.233321761144077E+005  0.598306278287595E-002 
     11.90000000 -0.233321761147601E+005  0.598271036266199E-002 
     11.92000000 -0.233321761149815E+005  0.598248899562152E-002 
     11.94000000 -0.233321761151086E+005  0.598236191150644E-002 
     11.96000000 -0.233321761151723E+005  0.598229818692790E-002 
     11.98000000 -0.233321761151975E+005  0.598227297428092E-002 
     12.00000000 -0.233321761152033E+005  0.598226720476109E-002 
     12.02000000 -0.233321761152038E+005  0.598226667885312E-002 
     12.04000000 -0.233321761152043E+005  0.598226616841303E-002 
     12.06000000 -0.233321761152048E+005  0.598226564869221E-002 
     12.08000000 -0.233321761152053E+005  0.598226519084291E-002 
     12.10000000 -0.233321761152058E+005  0.598226470824501E-002 
     12.12000000 -0.233321761152063E+005  0.598226421327279E-002 
     12.14000000 -0.233321761152067E+005  0.598226378017211E-002 
     12.16000000 -0.233321761152071E+005  0.598226335325858E-002 
     12.18000000 -0.233321761152076E+005  0.598226293562578E-002 
     12.20000000 -0.233321761152080E+005  0.598226253036728E-002 
     12.22000000 -0.233321761152083E+005  0.598226215913812E-002 
     12.24000000 -0.233321761152088E+005  0.598226173841174E-002 
     12.26000000 -0.233321761152091E+005  0.598226136099543E-002 
     12.28000000 -0.233321761152095E+005  0.598226099595343E-002 
     12.30000000 -0.233321761152099E+005  0.598226060616281E-002 
     12.32000000 -0.233321761152103E+005  0.598226022255935E-002 
     12.34000000 -0.233321761152106E+005  0.598225985751734E-002 
     12.36000000 -0.233321761152110E+005  0.598225945535242E-002 
     12.38000000 -0.233321761152115E+005  0.598225903771962E-002 
     12.40000000 -0.233321761152119E+005  0.598225864174185E-002 
     12.42000000 -0.233321761152123E+005  0.598225821792189E-002 
     12.44000000 -0.233321761152127E+005  0.598225778482121E-002 
     12.46000000 -0.233321761152131E+005  0.598225735481410E-002 
     12.48000000 -0.233321761152136E+005  0.598225690624554E-002 
     12.50000000 -0.233321761152140E+005  0.598225645458339E-002 
     12.52000000 -0.233321761152145E+005  0.598225597507906E-002 
     12.54000000 -0.233321761152150E+005  0.598225553269765E-002 
     12.56000000 -0.233321761152155E+005  0.598225504391259E-002 
     12.58000000 -0.233321761152159E+005  0.598225455512753E-002 
     12.60000000 -0.233321761152164E+005  0.598225406943605E-002 
     12.62000000 -0.233321761152169E+005  0.598225358374457E-002 
     12.64000000 -0.233321761152174E+005  0.598225309495951E-002 
     12.66000000 -0.233321761152179E+005  0.598225260617446E-002 
     12.68000000 -0.233321761152184E+005  0.598225210501509E-002 
     12.70000000 -0.233321761152189E+005  0.598225159766858E-002 
     12.72000000 -0.233321761152194E+005  0.598225112125782E-002 
     12.74000000 -0.233321761152199E+005  0.598225062628561E-002 
     12.76000000 -0.233321761152204E+005  0.598225013131340E-002 
     12.78000000 -0.233321761152209E+005  0.598224963015404E-002 
     12.80000000 -0.233321761152214E+005  0.598224914446256E-002 
     12.82000000 -0.233321761152218E+005  0.598224867114538E-002 
     12.84000000 -0.233321761152223E+005  0.598224815761171E-002 
     12.86000000 -0.233321761152228E+005  0.598224766882665E-002 
     12.88000000 -0.233321761152233E+005  0.598224717385444E-002 
     12.90000000 -0.233321761152238E+005  0.598224668197581E-002 
     12.92000000 -0.233321761152243E+005  0.598224619319075E-002 
     12.94000000 -0.233321761152248E+005  0.598224572296715E-002 
     12.96000000 -0.233321761152253E+005  0.598224521871421E-002 
     12.98000000 -0.233321761152258E+005  0.598224473302273E-002 
     13.00000000 -0.233321761152263E+005  0.598224422258264E-002 
     13.02000000 -0.233321761152268E+005  0.598224372761043E-002 
     13.04000000 -0.233321761152273E+005  0.598224323882537E-002 
     13.06000000 -0.233321761152278E+005  0.598224274075958E-002 
     13.08000000 -0.233321761152283E+005  0.598224223650664E-002 
     13.10000000 -0.233321761152288E+005  0.598224172916013E-002 
     13.12000000 -0.233321761152293E+005  0.598224122181361E-002 
     13.14000000 -0.233321761152298E+005  0.598224070827994E-002 
     13.16000000 -0.233321761152303E+005  0.598224020093343E-002 
     13.18000000 -0.233321761152308E+005  0.598223971214837E-002 
     13.20000000 -0.233321761152313E+005  0.598223918624039E-002 
     13.22000000 -0.233321761152318E+005  0.598223866961315E-002 
     13.24000000 -0.233321761152323E+005  0.598223818392167E-002 
     13.26000000 -0.233321761152328E+005  0.598223767038800E-002 
     13.28000000 -0.233321761152334E+005  0.598223712282499E-002 
     13.30000000 -0.233321761152339E+005  0.598223661857205E-002 
     13.32000000 -0.233321761152344E+005  0.598223611431911E-002 
     13.34000000 -0.233321761152349E+005  0.598223561006617E-002 
     13.36000000 -0.233321761152354E+005  0.598223507797105E-002 
     13.38000000 -0.233321761152359E+005  0.598223456443738E-002 
     13.40000000 -0.233321761152364E+005  0.598223405090371E-002 
     13.42000000 -0.233321761152370E+005  0.598223352808931E-002 
     13.44000000 -0.233321761152375E+005  0.598223300836849E-002 
     13.46000000 -0.233321761152380E+005  0.598223250411555E-002 
     13.48000000 -0.233321761152385E+005  0.598223199676904E-002 
     13.50000000 -0.233321761152390E+005  0.598223147704821E-002 
     13.52000000 -0.233321761152395E+005  0.598223096351455E-002 
     13.54000000 -0.233321761152400E+005  0.598223045616803E-002 
     13.56000000 -0.233321761152406E+005  0.598222992407290E-002 
     13.58000000 -0.233321761152411E+005  0.598222940435208E-002 
     13.60000000 -0.233321761152416E+005  0.598222888463126E-002 
     13.62000000 -0.233321761152421E+005  0.598222835872329E-002 
     13.64000000 -0.233321761152427E+005  0.598222784518962E-002 
     13.66000000 -0.233321761152432E+005  0.598222732546880E-002 
     13.68000000 -0.233321761152437E+005  0.598222681193513E-002 
     13.70000000 -0.233321761152442E+005  0.598222629530789E-002 
     13.72000000 -0.233321761152447E+005  0.598222577249349E-002 
     13.74000000 -0.233321761152452E+005  0.598222526514697E-002 
     13.76000000 -0.233321761152458E+005  0.598222471449039E-002 
     13.78000000 -0.233321761152463E+005  0.598222422570533E-002 
     13.80000000 -0.233321761152468E+005  0.598222369361020E-002 
     13.82000000 -0.233321761152473E+005  0.598222318626369E-002 
     13.84000000 -0.233321761152478E+005  0.598222266344929E-002 
     13.86000000 -0.233321761152484E+005  0.598222213754132E-002 
     13.88000000 -0.233321761152489E+005  0.598222162710122E-002 
     13.90000000 -0.233321761152494E+005  0.598222109500610E-002 
     13.92000000 -0.233321761152499E+005  0.598222058765958E-002 
     13.94000000 -0.233321761152505E+005  0.598222003700300E-002 
     13.96000000 -0.233321761152510E+005  0.598221952037575E-002 
     13.98000000 -0.233321761152515E+005  0.598221899756135E-002 
     14.00000000 -0.233321761152520E+005  0.598221849021484E-002 
     14.02000000 -0.233321761152525E+005  0.598221796430687E-002 
     14.04000000 -0.233321761152531E+005  0.598221744149247E-002 
     14.06000000 -0.233321761152536E+005  0.598221691867807E-002 
     14.08000000 -0.233321761152541E+005  0.598221640514440E-002 
     14.10000000 -0.233321761152546E+005  0.598221587923643E-002 
     14.12000000 -0.233321761152551E+005  0.598221536570276E-002 
     14.14000000 -0.233321761152557E+005  0.598221481195260E-002 
     14.16000000 -0.233321761152562E+005  0.598221431388681E-002 
     14.18000000 -0.233321761152567E+005  0.598221378797884E-002 
     14.20000000 -0.233321761152572E+005  0.598221326825802E-002 
     14.22000000 -0.233321761152578E+005  0.598221274235004E-002 
     14.24000000 -0.233321761152583E+005  0.598221222881637E-002 
     14.26000000 -0.233321761152588E+005  0.598221169053410E-002 
     14.28000000 -0.233321761152593E+005  0.598221117081327E-002 
     14.30000000 -0.233321761152599E+005  0.598221064181172E-002 
     14.32000000 -0.233321761152604E+005  0.598221011590375E-002 
     14.34000000 -0.233321761152609E+005  0.598220960237008E-002 
     14.36000000 -0.233321761152614E+005  0.598220906718138E-002 
     14.38000000 -0.233321761152619E+005  0.598220855983486E-002 
     14.40000000 -0.233321761152625E+005  0.598220802155258E-002 
     14.42000000 -0.233321761152630E+005  0.598220748945746E-002 
     14.44000000 -0.233321761152635E+005  0.598220695736233E-002 
     14.46000000 -0.233321761152640E+005  0.598220645001581E-002 
     14.48000000 -0.233321761152646E+005  0.598220591173354E-002 
     14.50000000 -0.233321761152651E+005  0.598220537963841E-002 
     14.52000000 -0.233321761152656E+005  0.598220485991759E-002 
     14.54000000 -0.233321761152662E+005  0.598220434019677E-002 
     14.56000000 -0.233321761152667E+005  0.598220382975668E-002 
     14.58000000 -0.233321761152672E+005  0.598220328219367E-002 
     14.60000000 -0.233321761152677E+005  0.598220275628569E-002 
     14.62000000 -0.233321761152683E+005  0.598220223656487E-002 
     14.64000000 -0.233321761152688E+005  0.598220168900186E-002 
     14.66000000 -0.233321761152693E+005  0.598220119093608E-002 
     14.68000000 -0.233321761152698E+005  0.598220066502810E-002 
     14.70000000 -0.233321761152704E+005  0.598220010818437E-002 
     14.72000000 -0.233321761152709E+005  0.598219959465070E-002 
     14.74000000 -0.233321761152714E+005  0.598219908111703E-002 
     14.76000000 -0.233321761152720E+005  0.598219854592833E-002 
     14.78000000 -0.233321761152725E+005  0.598219800455247E-002 
     14.80000000 -0.233321761152730E+005  0.598219748483165E-002 
     14.82000000 -0.233321761152735E+005  0.598219695892368E-002 
     14.84000000 -0.233321761152741E+005  0.598219643301570E-002 
     14.86000000 -0.233321761152746E+005  0.598219589473342E-002 
     14.88000000 -0.233321761152751E+005  0.598219537810618E-002 
     14.90000000 -0.233321761152756E+005  0.598219487385324E-002 
     14.92000000 -0.233321761152762E+005  0.598219432319665E-002 
     14.94000000 -0.233321761152767E+005  0.598219381585014E-002 
     14.96000000 -0.233321761152772E+005  0.598219327138071E-002 
     14.98000000 -0.233321761152778E+005  0.598219274547273E-002 
     15.00000000 -0.233321761152783E+005  0.598219222265834E-002 
     15.02000000 -0.233321761152788E+005  0.598219168128248E-002 
     15.04000000 -0.233321761152793E+005  0.598219116774881E-002 
     15.06000000 -0.233321761152799E+005  0.598219063565369E-002 
     15.08000000 -0.233321761152804E+005  0.598219011593286E-002 
     15.10000000 -0.233321761152809E+005  0.598218957765059E-002 
     15.12000000 -0.233321761152815E+005  0.598218904555546E-002 
     15.14000000 -0.233321761152820E+005  0.598218851964749E-002 
     15.16000000 -0.233321761152825E+005  0.598218799992666E-002 
     15.18000000 -0.233321761152830E+005  0.598218744927008E-002 
     15.20000000 -0.233321761152835E+005  0.598218694811072E-002 
     15.22000000 -0.233321761152841E+005  0.598218641910917E-002 
     15.24000000 -0.233321761152846E+005  0.598218588082689E-002 
     15.26000000 -0.233321761152851E+005  0.598218538276110E-002 
     15.28000000 -0.233321761152857E+005  0.598218483829167E-002 
     15.30000000 -0.233321761152862E+005  0.598218431238370E-002 
     15.32000000 -0.233321761152867E+005  0.598218378028857E-002 
     15.34000000 -0.233321761152872E+005  0.598218326366132E-002 
     15.36000000 -0.233321761152878E+005  0.598218272228547E-002 
     15.38000000 -0.233321761152883E+005  0.598218219328392E-002 
     15.40000000 -0.233321761152888E+005  0.598218166428237E-002 
     15.42000000 -0.233321761152894E+005  0.598218114456155E-002 
     15.44000000 -0.233321761152899E+005  0.598218062484073E-002 
     15.46000000 -0.233321761152904E+005  0.598218008346487E-002 
     15.48000000 -0.233321761152909E+005  0.598217955446332E-002 
     15.50000000 -0.233321761152914E+005  0.598217905330396E-002 
     15.52000000 -0.233321761152920E+005  0.598217853358314E-002 
     15.54000000 -0.233321761152925E+005  0.598217800148801E-002 
     15.56000000 -0.233321761152930E+005  0.598217745701858E-002 
     15.58000000 -0.233321761152936E+005  0.598217694348491E-002 
     15.60000000 -0.233321761152941E+005  0.598217641138978E-002 
     15.62000000 -0.233321761152946E+005  0.598217587310750E-002 
     15.64000000 -0.233321761152951E+005  0.598217534719953E-002 
     15.66000000 -0.233321761152957E+005  0.598217482747871E-002 
     15.68000000 -0.233321761152962E+005  0.598217431085146E-002 
     15.70000000 -0.233321761152967E+005  0.598217378803707E-002 
     15.72000000 -0.233321761152973E+005  0.598217324356764E-002 
     15.74000000 -0.233321761152978E+005  0.598217274240827E-002 
     15.76000000 -0.233321761152983E+005  0.598217221650030E-002 
     15.78000000 -0.233321761152988E+005  0.598217167821802E-002 
     15.80000000 -0.233321761152993E+005  0.598217115231005E-002 
     15.82000000 -0.233321761152999E+005  0.598217062640207E-002 
     15.84000000 -0.233321761153004E+005  0.598217011905556E-002 
     15.86000000 -0.233321761153009E+005  0.598216959314758E-002 
     15.88000000 -0.233321761153015E+005  0.598216904249100E-002 
     15.90000000 -0.233321761153020E+005  0.598216852895733E-002 
     15.92000000 -0.233321761153025E+005  0.598216800923651E-002 
     15.94000000 -0.233321761153030E+005  0.598216748951569E-002 
     15.96000000 -0.233321761153035E+005  0.598216695742056E-002 
     15.98000000 -0.233321761153041E+005  0.598216644079332E-002 
     16.00000000 -0.233321761153046E+005  0.598216589941746E-002 
     16.02000000 -0.233321761153051E+005  0.598216537350949E-002 
     16.04000000 -0.233321761153056E+005  0.598216486616297E-002 
     16.06000000 -0.233321761153061E+005  0.598216434644215E-002 
     16.08000000 -0.233321761153067E+005  0.598216381744060E-002 
     16.10000000 -0.233321761153072E+005  0.598216327606474E-002 
     16.12000000 -0.233321761153077E+005  0.598216276871823E-002 
     16.14000000 -0.233321761153083E+005  0.598216224590383E-002 
     16.16000000 -0.233321761153088E+005  0.598216172308943E-002 
     16.18000000 -0.233321761153093E+005  0.598216116933927E-002 
     16.20000000 -0.233321761153098E+005  0.598216068364779E-002 
     16.22000000 -0.233321761153103E+005  0.598216016392697E-002 
     16.24000000 -0.233321761153109E+005  0.598215961327039E-002 
     16.26000000 -0.233321761153114E+005  0.598215910283029E-002 
     16.28000000 -0.233321761153119E+005  0.598215856764159E-002 
     16.30000000 -0.233321761153124E+005  0.598215804792077E-002 
     16.32000000 -0.233321761153130E+005  0.598215753438710E-002 
     16.34000000 -0.233321761153135E+005  0.598215699919840E-002 
     16.36000000 -0.233321761153140E+005  0.598215647019685E-002 
     16.38000000 -0.233321761153146E+005  0.598215593191457E-002 
     16.40000000 -0.233321761153151E+005  0.598215541219375E-002 
     16.42000000 -0.233321761153156E+005  0.598215488628577E-002 
     16.44000000 -0.233321761153161E+005  0.598215437893926E-002 
     16.46000000 -0.233321761153166E+005  0.598215384684413E-002 
     16.48000000 -0.233321761153172E+005  0.598215332093616E-002 
     16.50000000 -0.233321761153177E+005  0.598215280740249E-002 
     16.52000000 -0.233321761153182E+005  0.598215228149452E-002 
     16.54000000 -0.233321761153188E+005  0.598215174321224E-002 
     16.56000000 -0.233321761153193E+005  0.598215122967857E-002 
     16.58000000 -0.233321761153198E+005  0.598215070377059E-002 
     16.60000000 -0.233321761153203E+005  0.598215018714335E-002 
     16.62000000 -0.233321761153209E+005  0.598214963958034E-002 
     16.64000000 -0.233321761153214E+005  0.598214913842098E-002 
     16.66000000 -0.233321761153219E+005  0.598214860632585E-002 
     16.68000000 -0.233321761153224E+005  0.598214808351145E-002 
     16.70000000 -0.233321761153230E+005  0.598214753594845E-002 
     16.72000000 -0.233321761153235E+005  0.598214702860193E-002 
     16.74000000 -0.233321761153240E+005  0.598214649960038E-002 
     16.76000000 -0.233321761153245E+005  0.598214598297314E-002 
     16.78000000 -0.233321761153251E+005  0.598214543850370E-002 
     16.80000000 -0.233321761153256E+005  0.598214493115719E-002 
     16.82000000 -0.233321761153261E+005  0.598214438050060E-002 
     16.84000000 -0.233321761153266E+005  0.598214386077978E-002 
     16.86000000 -0.233321761153272E+005  0.598214333796539E-002 
     16.88000000 -0.233321761153277E+005  0.598214280896384E-002 
     16.90000000 -0.233321761153282E+005  0.598214228924301E-002 
     16.92000000 -0.233321761153287E+005  0.598214176952219E-002 
     16.94000000 -0.233321761153293E+005  0.598214123742707E-002 
     16.96000000 -0.233321761153298E+005  0.598214069914479E-002 
     16.98000000 -0.233321761153303E+005  0.598214019798542E-002 
     17.00000000 -0.233321761153308E+005  0.598213966279672E-002 
     17.02000000 -0.233321761153314E+005  0.598213914307590E-002 
     17.04000000 -0.233321761153319E+005  0.598213861098077E-002 
     17.06000000 -0.233321761153324E+005  0.598213808197922E-002 
     17.08000000 -0.233321761153330E+005  0.598213753750979E-002 
     17.10000000 -0.233321761153335E+005  0.598213703325685E-002 
     17.12000000 -0.233321761153340E+005  0.598213649806815E-002 
     17.14000000 -0.233321761153345E+005  0.598213598453448E-002 
     17.16000000 -0.233321761153351E+005  0.598213543387790E-002 
     17.18000000 -0.233321761153356E+005  0.598213492034423E-002 
     17.20000000 -0.233321761153361E+005  0.598213438206195E-002 
     17.22000000 -0.233321761153366E+005  0.598213387162186E-002 
     17.24000000 -0.233321761153372E+005  0.598213334262031E-002 
     17.26000000 -0.233321761153377E+005  0.598213281671233E-002 
     17.28000000 -0.233321761153382E+005  0.598213226296217E-002 
     17.30000000 -0.233321761153387E+005  0.598213175561566E-002 
     17.32000000 -0.233321761153393E+005  0.598213122970768E-002 
     17.34000000 -0.233321761153398E+005  0.598213071308044E-002 
     17.36000000 -0.233321761153403E+005  0.598213016551743E-002 
     17.38000000 -0.233321761153408E+005  0.598212964889019E-002 
     17.40000000 -0.233321761153414E+005  0.598212911988864E-002 
     17.42000000 -0.233321761153419E+005  0.598212860326139E-002 
     17.44000000 -0.233321761153424E+005  0.598212806188553E-002 
     17.46000000 -0.233321761153430E+005  0.598212754216471E-002 
     17.48000000 -0.233321761153435E+005  0.598212700697601E-002 
     17.50000000 -0.233321761153440E+005  0.598212646250658E-002 
     17.52000000 -0.233321761153446E+005  0.598212593659861E-002 
     17.54000000 -0.233321761153451E+005  0.598212542925209E-002 
     17.56000000 -0.233321761153456E+005  0.598212490334412E-002 
     17.58000000 -0.233321761153461E+005  0.598212437743614E-002 
     17.60000000 -0.233321761153466E+005  0.598212384843459E-002 
     17.62000000 -0.233321761153472E+005  0.598212331943304E-002 
     17.64000000 -0.233321761153477E+005  0.598212277805719E-002 
     17.66000000 -0.233321761153482E+005  0.598212227999140E-002 
     17.68000000 -0.233321761153488E+005  0.598212174170912E-002 
     17.70000000 -0.233321761153493E+005  0.598212121580115E-002 
     17.72000000 -0.233321761153498E+005  0.598212067442529E-002 
     17.74000000 -0.233321761153504E+005  0.598212014542374E-002 
     17.76000000 -0.233321761153509E+005  0.598211961023504E-002 
     17.78000000 -0.233321761153514E+005  0.598211909051422E-002 
     17.80000000 -0.233321761153519E+005  0.598211856151267E-002 
     17.82000000 -0.233321761153524E+005  0.598211804797900E-002 
     17.84000000 -0.233321761153530E+005  0.598211751897745E-002 
     17.86000000 -0.233321761153535E+005  0.598211698378875E-002 
     17.88000000 -0.233321761153540E+005  0.598211646406792E-002 
     17.90000000 -0.233321761153546E+005  0.598211591959849E-002 
     17.92000000 -0.233321761153551E+005  0.598211541843913E-002 
     17.94000000 -0.233321761153556E+005  0.598211489871831E-002 
     17.96000000 -0.233321761153561E+005  0.598211435424888E-002 
     17.98000000 -0.233321761153567E+005  0.598211382834090E-002 
     18.00000000 -0.233321761153572E+005  0.598211329005862E-002 
     18.02000000 -0.233321761153577E+005  0.598211277961853E-002 
     18.04000000 -0.233321761153582E+005  0.598211225061698E-002 
     18.06000000 -0.233321761153588E+005  0.598211172470901E-002 
     18.08000000 -0.233321761153593E+005  0.598211119570746E-002 
     18.10000000 -0.233321761153599E+005  0.598211063577015E-002 
     18.12000000 -0.233321761153604E+005  0.598211013461078E-002 
     18.14000000 -0.233321761153609E+005  0.598210962726427E-002 
     18.16000000 -0.233321761153614E+005  0.598210911063702E-002 
     18.18000000 -0.233321761153619E+005  0.598210856307401E-002 
     18.20000000 -0.233321761153625E+005  0.598210804335319E-002 
     18.22000000 -0.233321761153630E+005  0.598210750816449E-002 
     18.24000000 -0.233321761153635E+005  0.598210699153724E-002 
     18.26000000 -0.233321761153640E+005  0.598210646872285E-002 
     18.28000000 -0.233321761153645E+005  0.598210594590845E-002 
     18.30000000 -0.233321761153651E+005  0.598210542928120E-002 
     18.32000000 -0.233321761153656E+005  0.598210489409250E-002 
     18.34000000 -0.233321761153661E+005  0.598210434962307E-002 
     18.36000000 -0.233321761153667E+005  0.598210382990225E-002 
     18.38000000 -0.233321761153672E+005  0.598210331636858E-002 
     18.40000000 -0.233321761153677E+005  0.598210277499272E-002 
     18.42000000 -0.233321761153682E+005  0.598210225836548E-002 
     18.44000000 -0.233321761153688E+005  0.598210171389605E-002 
     18.46000000 -0.233321761153693E+005  0.598210120654953E-002 
     18.48000000 -0.233321761153698E+005  0.598210069301586E-002 
     18.50000000 -0.233321761153704E+005  0.598210014545286E-002 
     18.52000000 -0.233321761153709E+005  0.598209961645131E-002 
     18.54000000 -0.233321761153714E+005  0.598209912147910E-002 
     18.56000000 -0.233321761153719E+005  0.598209857700966E-002 
     18.58000000 -0.233321761153724E+005  0.598209805728884E-002 
     18.60000000 -0.233321761153730E+005  0.598209753138087E-002 
     18.62000000 -0.233321761153735E+005  0.598209699619217E-002 
     18.64000000 -0.233321761153740E+005  0.598209645481631E-002 
     18.66000000 -0.233321761153745E+005  0.598209598768629E-002 
     18.68000000 -0.233321761153751E+005  0.598209542156182E-002 
     18.70000000 -0.233321761153756E+005  0.598209490802815E-002 
     18.72000000 -0.233321761153761E+005  0.598209439449448E-002 
     18.74000000 -0.233321761153767E+005  0.598209384383790E-002 
     18.76000000 -0.233321761153772E+005  0.598209329936847E-002 
     18.78000000 -0.233321761153777E+005  0.598209279202195E-002 
     18.80000000 -0.233321761153782E+005  0.598209227848828E-002 
     18.82000000 -0.233321761153788E+005  0.598209173092528E-002 
     18.84000000 -0.233321761153793E+005  0.598209122048518E-002 
     18.86000000 -0.233321761153798E+005  0.598209069457721E-002 
     18.88000000 -0.233321761153804E+005  0.598209014392063E-002 
     18.90000000 -0.233321761153808E+005  0.598208964894841E-002 
     18.92000000 -0.233321761153814E+005  0.598208910447898E-002 
     18.94000000 -0.233321761153819E+005  0.598208856000955E-002 
     18.96000000 -0.233321761153824E+005  0.598208804647588E-002 
     18.98000000 -0.233321761153830E+005  0.598208753603579E-002 
     19.00000000 -0.233321761153835E+005  0.598208700703424E-002 
     19.02000000 -0.233321761153840E+005  0.598208648731342E-002 
     19.04000000 -0.233321761153845E+005  0.598208595521829E-002 
     19.06000000 -0.233321761153851E+005  0.598208540456171E-002 
     19.08000000 -0.233321761153856E+005  0.598208488484089E-002 
     19.10000000 -0.233321761153861E+005  0.598208435893291E-002 
     19.12000000 -0.233321761153867E+005  0.598208383302494E-002 
     19.14000000 -0.233321761153872E+005  0.598208331949127E-002 
     19.16000000 -0.233321761153877E+005  0.598208279977045E-002 
     19.18000000 -0.233321761153882E+005  0.598208225530102E-002 
     19.20000000 -0.233321761153888E+005  0.598208174176735E-002 
     19.22000000 -0.233321761153893E+005  0.598208119729792E-002 
     19.24000000 -0.233321761153898E+005  0.598208068995140E-002 
     19.26000000 -0.233321761153903E+005  0.598208014857555E-002 
     19.28000000 -0.233321761153909E+005  0.598207962576115E-002 
     19.30000000 -0.233321761153914E+005  0.598207910294675E-002 
     19.32000000 -0.233321761153919E+005  0.598207857085163E-002 
     19.34000000 -0.233321761153925E+005  0.598207803566292E-002 
     19.36000000 -0.233321761153930E+005  0.598207751594210E-002 
     19.38000000 -0.233321761153935E+005  0.598207699003413E-002 
     19.40000000 -0.233321761153940E+005  0.598207645793900E-002 
     19.42000000 -0.233321761153946E+005  0.598207593203103E-002 
     19.44000000 -0.233321761153951E+005  0.598207539065517E-002 
     19.46000000 -0.233321761153956E+005  0.598207488021508E-002 
     19.48000000 -0.233321761153961E+005  0.598207435740068E-002 
     19.50000000 -0.233321761153967E+005  0.598207380365052E-002 
     19.52000000 -0.233321761153972E+005  0.598207329011685E-002 
     19.54000000 -0.233321761153977E+005  0.598207275492815E-002 
     19.56000000 -0.233321761153982E+005  0.598207225686236E-002 
     19.58000000 -0.233321761153988E+005  0.598207169073790E-002 
     19.60000000 -0.233321761153993E+005  0.598207117411065E-002 
     19.62000000 -0.233321761153998E+005  0.598207064820268E-002 
     19.64000000 -0.233321761154004E+005  0.598207011301398E-002 
     19.66000000 -0.233321761154009E+005  0.598206961494819E-002 
     19.68000000 -0.233321761154014E+005  0.598206905810445E-002 
     19.70000000 -0.233321761154020E+005  0.598206852600933E-002 
     19.72000000 -0.233321761154025E+005  0.598206800628851E-002 
     19.74000000 -0.233321761154030E+005  0.598206749275484E-002 
     19.76000000 -0.233321761154035E+005  0.598206696065971E-002 
     19.78000000 -0.233321761154041E+005  0.598206643784531E-002 
     19.80000000 -0.233321761154046E+005  0.598206589956303E-002 
     19.82000000 -0.233321761154051E+005  0.598206536437433E-002 
     19.84000000 -0.233321761154056E+005  0.598206486321497E-002 
     19.86000000 -0.233321761154062E+005  0.598206431255838E-002 
     19.88000000 -0.233321761154067E+005  0.598206378665041E-002 
     19.90000000 -0.233321761154072E+005  0.598206326074244E-002 
     19.92000000 -0.233321761154078E+005  0.598206273174089E-002 
     19.94000000 -0.233321761154083E+005  0.598206220273934E-002 
     19.96000000 -0.233321761154088E+005  0.598206167683136E-002 
     19.98000000 -0.233321761154093E+005  0.598206114782981E-002 
     20.00000000 -0.233321761154099E+005  0.598206063120257E-002 
     20.02000000 -0.233321761154104E+005  0.598206012076248E-002 
     20.04000000 -0.233321761154109E+005  0.598205956701231E-002 
     20.06000000 -0.233321761154115E+005  0.598205904729149E-002 
     20.08000000 -0.233321761154120E+005  0.598205852757067E-002 
     20.10000000 -0.233321761154125E+005  0.598205798928839E-002 
     20.12000000 -0.233321761154130E+005  0.598205747575472E-002 
     20.14000000 -0.233321761154136E+005  0.598205692509814E-002 
     20.16000000 -0.233321761154141E+005  0.598205641775162E-002 
     20.18000000 -0.233321761154146E+005  0.598205586709504E-002 
     20.20000000 -0.233321761154152E+005  0.598205534118707E-002 
     20.22000000 -0.233321761154157E+005  0.598205482146625E-002 
     20.24000000 -0.233321761154162E+005  0.598205430174542E-002 
     20.26000000 -0.233321761154167E+005  0.598205376346315E-002 
     20.28000000 -0.233321761154172E+005  0.598205325302305E-002 
     20.30000000 -0.233321761154178E+005  0.598205270546004E-002 
     20.32000000 -0.233321761154183E+005  0.598205218883280E-002 
     20.34000000 -0.233321761154189E+005  0.598205164436337E-002 
     20.36000000 -0.233321761154194E+005  0.598205111536182E-002 
     20.38000000 -0.233321761154199E+005  0.598205060182815E-002 
     20.40000000 -0.233321761154204E+005  0.598205008829448E-002 
     20.42000000 -0.233321761154209E+005  0.598204957785439E-002 
     20.44000000 -0.233321761154215E+005  0.598204903029138E-002 
     20.46000000 -0.233321761154220E+005  0.598204848582195E-002 
     20.48000000 -0.233321761154225E+005  0.598204795991398E-002 
     20.50000000 -0.233321761154231E+005  0.598204743400600E-002 
     20.52000000 -0.233321761154236E+005  0.598204691428518E-002 
     20.54000000 -0.233321761154241E+005  0.598204637600290E-002 
     20.56000000 -0.233321761154246E+005  0.598204586246923E-002 
     20.58000000 -0.233321761154252E+005  0.598204532418695E-002 
     20.60000000 -0.233321761154257E+005  0.598204481993401E-002 
     20.62000000 -0.233321761154262E+005  0.598204425690313E-002 
     20.64000000 -0.233321761154268E+005  0.598204374646303E-002 
     20.66000000 -0.233321761154273E+005  0.598204322055506E-002 
     20.68000000 -0.233321761154278E+005  0.598204266680490E-002 
     20.70000000 -0.233321761154283E+005  0.598204216873911E-002 
     20.72000000 -0.233321761154289E+005  0.598204164283114E-002 
     20.74000000 -0.233321761154294E+005  0.598204111073601E-002 
     20.76000000 -0.233321761154299E+005  0.598204056936016E-002 
     20.78000000 -0.233321761154305E+005  0.598204003417145E-002 
     20.80000000 -0.233321761154310E+005  0.598203952682494E-002 
     20.82000000 -0.233321761154315E+005  0.598203898854266E-002 
     20.84000000 -0.233321761154320E+005  0.598203845644753E-002 
     20.86000000 -0.233321761154326E+005  0.598203792435241E-002 
     20.88000000 -0.233321761154331E+005  0.598203742319304E-002 
     20.90000000 -0.233321761154336E+005  0.598203687253646E-002 
     20.92000000 -0.233321761154342E+005  0.598203634044133E-002 
     20.94000000 -0.233321761154347E+005  0.598203580834621E-002 
     20.96000000 -0.233321761154352E+005  0.598203530099969E-002 
     20.98000000 -0.233321761154357E+005  0.598203475653026E-002 
     21.00000000 -0.233321761154363E+005  0.598203421824798E-002 
     21.02000000 -0.233321761154368E+005  0.598203372946292E-002 
     21.04000000 -0.233321761154373E+005  0.598203317880634E-002 
     21.06000000 -0.233321761154379E+005  0.598203264671121E-002 
     21.08000000 -0.233321761154384E+005  0.598203213008396E-002 
     21.10000000 -0.233321761154389E+005  0.598203158870811E-002 
     21.12000000 -0.233321761154394E+005  0.598203107208086E-002 
     21.14000000 -0.233321761154400E+005  0.598203054307931E-002 
     21.16000000 -0.233321761154405E+005  0.598203001407776E-002 
     21.18000000 -0.233321761154410E+005  0.598202949745052E-002 
     21.20000000 -0.233321761154415E+005  0.598202896535539E-002 
     21.22000000 -0.233321761154421E+005  0.598202842088596E-002 
     21.24000000 -0.233321761154426E+005  0.598202789497799E-002 
     21.26000000 -0.233321761154431E+005  0.598202737525717E-002 
     21.28000000 -0.233321761154437E+005  0.598202683388131E-002 
     21.30000000 -0.233321761154442E+005  0.598202631725407E-002 
     21.32000000 -0.233321761154447E+005  0.598202578825252E-002 
     21.34000000 -0.233321761154452E+005  0.598202524997024E-002 
     21.36000000 -0.233321761154458E+005  0.598202473953015E-002 
     21.38000000 -0.233321761154463E+005  0.598202421980932E-002 
     21.40000000 -0.233321761154468E+005  0.598202367533989E-002 
     21.42000000 -0.233321761154473E+005  0.598202316799338E-002 
     21.44000000 -0.233321761154479E+005  0.598202262352394E-002 
     21.46000000 -0.233321761154484E+005  0.598202209761597E-002 
     21.48000000 -0.233321761154489E+005  0.598202156552084E-002 
     21.50000000 -0.233321761154495E+005  0.598202103033214E-002 
     21.52000000 -0.233321761154500E+005  0.598202050133059E-002 
     21.54000000 -0.233321761154505E+005  0.598201999398408E-002 
     21.56000000 -0.233321761154510E+005  0.598201946188895E-002 
     21.58000000 -0.233321761154516E+005  0.598201893598098E-002 
     21.60000000 -0.233321761154521E+005  0.598201841007300E-002 
     21.62000000 -0.233321761154526E+005  0.598201786560357E-002 
     21.64000000 -0.233321761154531E+005  0.598201735206990E-002 
     21.66000000 -0.233321761154537E+005  0.598201680141332E-002 
     21.68000000 -0.233321761154542E+005  0.598201628787965E-002 
     21.70000000 -0.233321761154547E+005  0.598201576197168E-002 
     21.72000000 -0.233321761154553E+005  0.598201524225085E-002 
     21.74000000 -0.233321761154558E+005  0.598201469468785E-002 
     21.76000000 -0.233321761154563E+005  0.598201418424775E-002 
     21.78000000 -0.233321761154568E+005  0.598201365215263E-002 
     21.80000000 -0.233321761154574E+005  0.598201312624465E-002 
     21.82000000 -0.233321761154579E+005  0.598201258177522E-002 
     21.84000000 -0.233321761154584E+005  0.598201206205440E-002 
     21.86000000 -0.233321761154589E+005  0.598201154852073E-002 
     21.88000000 -0.233321761154595E+005  0.598201101642561E-002 
     21.90000000 -0.233321761154600E+005  0.598201049670478E-002 
     21.92000000 -0.233321761154605E+005  0.598200996460966E-002 
     21.94000000 -0.233321761154611E+005  0.598200943251453E-002 
     21.96000000 -0.233321761154616E+005  0.598200890660656E-002 
     21.98000000 -0.233321761154621E+005  0.598200836523070E-002 
     22.00000000 -0.233321761154627E+005  0.598200783004200E-002 
     22.02000000 -0.233321761154632E+005  0.598200731032118E-002 
     22.04000000 -0.233321761154637E+005  0.598200678750678E-002 
     22.06000000 -0.233321761154642E+005  0.598200625850523E-002 
     22.08000000 -0.233321761154648E+005  0.598200572022295E-002 
     22.10000000 -0.233321761154653E+005  0.598200521287644E-002 
     22.12000000 -0.233321761154658E+005  0.598200468696846E-002 
     22.14000000 -0.233321761154663E+005  0.598200416106049E-002 
     22.16000000 -0.233321761154669E+005  0.598200362277821E-002 
     22.18000000 -0.233321761154674E+005  0.598200309687024E-002 
     22.20000000 -0.233321761154679E+005  0.598200257096226E-002 
     22.22000000 -0.233321761154684E+005  0.598200205433502E-002 
     22.24000000 -0.233321761154690E+005  0.598200151914631E-002 
     22.26000000 -0.233321761154695E+005  0.598200098705119E-002 
     22.28000000 -0.233321761154700E+005  0.598200044876891E-002 
     22.30000000 -0.233321761154706E+005  0.598199991976736E-002 
     22.32000000 -0.233321761154711E+005  0.598199939695296E-002 
     22.34000000 -0.233321761154716E+005  0.598199887723214E-002 
     22.36000000 -0.233321761154722E+005  0.598199832657556E-002 
     22.38000000 -0.233321761154727E+005  0.598199781922904E-002 
     22.40000000 -0.233321761154732E+005  0.598199727475961E-002 
     22.42000000 -0.233321761154738E+005  0.598199673029018E-002 
     22.44000000 -0.233321761154743E+005  0.598199621056936E-002 
     22.46000000 -0.233321761154748E+005  0.598199569703569E-002 
     22.48000000 -0.233321761154753E+005  0.598199517731487E-002 
     22.50000000 -0.233321761154759E+005  0.598199463903259E-002 
     22.52000000 -0.233321761154764E+005  0.598199409765673E-002 
     22.54000000 -0.233321761154769E+005  0.598199359340379E-002 
     22.56000000 -0.233321761154774E+005  0.598199304893436E-002 
     22.58000000 -0.233321761154780E+005  0.598199254468142E-002 
     22.60000000 -0.233321761154785E+005  0.598199198783768E-002 
     22.62000000 -0.233321761154790E+005  0.598199147739759E-002 
     22.64000000 -0.233321761154795E+005  0.598199094530247E-002 
     22.66000000 -0.233321761154801E+005  0.598199040392661E-002 
     22.68000000 -0.233321761154806E+005  0.598198987492506E-002 
     22.70000000 -0.233321761154811E+005  0.598198935520424E-002 
     22.72000000 -0.233321761154817E+005  0.598198882929627E-002 
     22.74000000 -0.233321761154822E+005  0.598198828792041E-002 
     22.76000000 -0.233321761154827E+005  0.598198775273171E-002 
     22.78000000 -0.233321761154832E+005  0.598198724538519E-002 
     22.80000000 -0.233321761154838E+005  0.598198671329006E-002 
     22.82000000 -0.233321761154843E+005  0.598198615644633E-002 
     22.84000000 -0.233321761154848E+005  0.598198565528696E-002 
     22.86000000 -0.233321761154854E+005  0.598198512937899E-002 
     22.88000000 -0.233321761154859E+005  0.598198459419029E-002 
     22.90000000 -0.233321761154864E+005  0.598198407446947E-002 
     22.92000000 -0.233321761154869E+005  0.598198354546792E-002 
     22.94000000 -0.233321761154875E+005  0.598198301955994E-002 
     22.96000000 -0.233321761154880E+005  0.598198247509051E-002 
     22.98000000 -0.233321761154886E+005  0.598198193680823E-002 
     23.00000000 -0.233321761154891E+005  0.598198141090026E-002 
     23.02000000 -0.233321761154896E+005  0.598198089117944E-002 
     23.04000000 -0.233321761154901E+005  0.598198036527146E-002 
     23.06000000 -0.233321761154907E+005  0.598197983626991E-002 
     23.08000000 -0.233321761154912E+005  0.598197930417479E-002 
     23.10000000 -0.233321761154917E+005  0.598197876898608E-002 
     23.12000000 -0.233321761154922E+005  0.598197826782672E-002 
     23.14000000 -0.233321761154928E+005  0.598197771098298E-002 
     23.16000000 -0.233321761154933E+005  0.598197717579428E-002 
     23.18000000 -0.233321761154938E+005  0.598197667772849E-002 
     23.20000000 -0.233321761154944E+005  0.598197614563337E-002 
     23.22000000 -0.233321761154949E+005  0.598197561353824E-002 
     23.24000000 -0.233321761154954E+005  0.598197507525596E-002 
     23.26000000 -0.233321761154959E+005  0.598197456172229E-002 
     23.28000000 -0.233321761154965E+005  0.598197402344001E-002 
     23.30000000 -0.233321761154970E+005  0.598197349753204E-002 
     23.32000000 -0.233321761154975E+005  0.598197296234334E-002 
     23.34000000 -0.233321761154981E+005  0.598197244571609E-002 
     23.36000000 -0.233321761154986E+005  0.598197189505951E-002 
     23.38000000 -0.233321761154991E+005  0.598197136915153E-002 
     23.40000000 -0.233321761154996E+005  0.598197084633714E-002 
     23.42000000 -0.233321761155002E+005  0.598197031733559E-002 
     23.44000000 -0.233321761155007E+005  0.598196980380192E-002 
     23.46000000 -0.233321761155012E+005  0.598196926551964E-002 
     23.48000000 -0.233321761155018E+005  0.598196872723736E-002 
     23.50000000 -0.233321761155023E+005  0.598196820751654E-002 
     23.52000000 -0.233321761155028E+005  0.598196769398287E-002 
     23.54000000 -0.233321761155034E+005  0.598196714023271E-002 
     23.56000000 -0.233321761155039E+005  0.598196662051189E-002 
     23.58000000 -0.233321761155044E+005  0.598196612244610E-002 
     23.60000000 -0.233321761155049E+005  0.598196555941521E-002 
     23.62000000 -0.233321761155055E+005  0.598196503350724E-002 
     23.64000000 -0.233321761155060E+005  0.598196450759927E-002 
     23.66000000 -0.233321761155065E+005  0.598196398478487E-002 
     23.68000000 -0.233321761155070E+005  0.598196345268974E-002 
     23.70000000 -0.233321761155076E+005  0.598196291440746E-002 
     23.72000000 -0.233321761155081E+005  0.598196240396737E-002 
     23.74000000 -0.233321761155086E+005  0.598196186259151E-002 
     23.76000000 -0.233321761155092E+005  0.598196133358996E-002 
     23.78000000 -0.233321761155097E+005  0.598196082624345E-002 
     23.80000000 -0.233321761155102E+005  0.598196028796117E-002 
     23.82000000 -0.233321761155107E+005  0.598195975277247E-002 
     23.84000000 -0.233321761155113E+005  0.598195923305165E-002 
     23.86000000 -0.233321761155118E+005  0.598195871642440E-002 
     23.88000000 -0.233321761155123E+005  0.598195815958066E-002 
     23.90000000 -0.233321761155129E+005  0.598195764604700E-002 
     23.92000000 -0.233321761155134E+005  0.598195712632617E-002 
     23.94000000 -0.233321761155139E+005  0.598195659732462E-002 
     23.96000000 -0.233321761155144E+005  0.598195607451023E-002 
     23.98000000 -0.233321761155150E+005  0.598195552694722E-002 
     24.00000000 -0.233321761155155E+005  0.598195501031997E-002 
     24.02000000 -0.233321761155160E+005  0.598195448131842E-002 
     24.04000000 -0.233321761155166E+005  0.598195391828753E-002 
     24.06000000 -0.233321761155171E+005  0.598195341712817E-002 
     24.08000000 -0.233321761155176E+005  0.598195288812662E-002 
     24.10000000 -0.233321761155181E+005  0.598195236221865E-002 
     24.12000000 -0.233321761155187E+005  0.598195183012352E-002 
     24.14000000 -0.233321761155192E+005  0.598195129802839E-002 
     24.16000000 -0.233321761155197E+005  0.598195077830757E-002 
     24.18000000 -0.233321761155202E+005  0.598195026477390E-002 
     24.20000000 -0.233321761155208E+005  0.598194972339805E-002 
     24.22000000 -0.233321761155213E+005  0.598194919749008E-002 
     24.24000000 -0.233321761155218E+005  0.598194869014356E-002 
     24.26000000 -0.233321761155223E+005  0.598194814876770E-002 
     24.28000000 -0.233321761155229E+005  0.598194761048543E-002 
     24.30000000 -0.233321761155234E+005  0.598194708457745E-002 
     24.32000000 -0.233321761155239E+005  0.598194657413736E-002 
     24.34000000 -0.233321761155244E+005  0.598194605132296E-002 
     24.36000000 -0.233321761155250E+005  0.598194550685353E-002 
     24.38000000 -0.233321761155255E+005  0.598194498094556E-002 
     24.40000000 -0.233321761155260E+005  0.598194446122474E-002 
     24.42000000 -0.233321761155266E+005  0.598194394459749E-002 
     24.44000000 -0.233321761155271E+005  0.598194340322163E-002 
     24.46000000 -0.233321761155276E+005  0.598194288350081E-002 
     24.48000000 -0.233321761155282E+005  0.598194234521853E-002 
     24.50000000 -0.233321761155287E+005  0.598194181002983E-002 
     24.52000000 -0.233321761155292E+005  0.598194128721543E-002 
     24.54000000 -0.233321761155297E+005  0.598194074893316E-002 
     24.56000000 -0.233321761155303E+005  0.598194022302518E-002 
     24.58000000 -0.233321761155308E+005  0.598193971567867E-002 
     24.60000000 -0.233321761155313E+005  0.598193916502208E-002 
     24.62000000 -0.233321761155318E+005  0.598193865458199E-002 
     24.64000000 -0.233321761155324E+005  0.598193814414190E-002 
     24.66000000 -0.233321761155329E+005  0.598193759967247E-002 
     24.68000000 -0.233321761155334E+005  0.598193709232595E-002 
     24.70000000 -0.233321761155340E+005  0.598193654476294E-002 
     24.72000000 -0.233321761155345E+005  0.598193602194854E-002 
     24.74000000 -0.233321761155350E+005  0.598193548985342E-002 
     24.76000000 -0.233321761155355E+005  0.598193496394544E-002 
     24.78000000 -0.233321761155361E+005  0.598193443803747E-002 
     24.80000000 -0.233321761155366E+005  0.598193391212950E-002 
     24.82000000 -0.233321761155371E+005  0.598193340478298E-002 
     24.84000000 -0.233321761155376E+005  0.598193285412640E-002 
     24.86000000 -0.233321761155382E+005  0.598193232821842E-002 
     24.88000000 -0.233321761155387E+005  0.598193180849760E-002 
     24.90000000 -0.233321761155392E+005  0.598193126712175E-002 
     24.92000000 -0.233321761155397E+005  0.598193075049450E-002 
     24.94000000 -0.233321761155403E+005  0.598193023077368E-002 
     24.96000000 -0.233321761155408E+005  0.598192966774279E-002 
     24.98000000 -0.233321761155413E+005  0.598192916967700E-002 
     25.00000000 -0.233321761155418E+005  0.598192865304976E-002 
     25.02000000 -0.233321761155424E+005  0.598192810239317E-002 
     25.04000000 -0.233321761155429E+005  0.598192758267235E-002 
     25.06000000 -0.233321761155434E+005  0.598192706913868E-002 
     25.08000000 -0.233321761155440E+005  0.598192651229495E-002 
     25.10000000 -0.233321761155445E+005  0.598192599876128E-002 
     25.12000000 -0.233321761155450E+005  0.598192546666615E-002 
     25.14000000 -0.233321761155456E+005  0.598192492219672E-002 
     25.16000000 -0.233321761155461E+005  0.598192441794378E-002 
     25.18000000 -0.233321761155466E+005  0.598192388275508E-002 
     25.20000000 -0.233321761155472E+005  0.598192333828565E-002 
     25.22000000 -0.233321761155477E+005  0.598192283093913E-002 
     25.24000000 -0.233321761155482E+005  0.598192229884400E-002 
     25.26000000 -0.233321761155487E+005  0.598192176674888E-002 
     25.28000000 -0.233321761155493E+005  0.598192124393448E-002 
     25.30000000 -0.233321761155498E+005  0.598192069637147E-002 
     25.32000000 -0.233321761155503E+005  0.598192018902496E-002 
     25.34000000 -0.233321761155508E+005  0.598191966311698E-002 
     25.36000000 -0.233321761155513E+005  0.598191914958331E-002 
     25.38000000 -0.233321761155519E+005  0.598191860202031E-002 
     25.40000000 -0.233321761155524E+005  0.598191807920591E-002 
     25.42000000 -0.233321761155529E+005  0.598191754711078E-002 
     25.44000000 -0.233321761155535E+005  0.598191702120281E-002 
     25.46000000 -0.233321761155540E+005  0.598191648292053E-002 
     25.48000000 -0.233321761155545E+005  0.598191597248044E-002 
     25.50000000 -0.233321761155551E+005  0.598191540635597E-002 
     25.52000000 -0.233321761155556E+005  0.598191491138376E-002 
     25.54000000 -0.233321761155561E+005  0.598191436072718E-002 
     25.56000000 -0.233321761155566E+005  0.598191384719351E-002 
     25.58000000 -0.233321761155572E+005  0.598191330891123E-002 
     25.60000000 -0.233321761155577E+005  0.598191276134822E-002 
     25.62000000 -0.233321761155583E+005  0.598191224162740E-002 
     25.64000000 -0.233321761155588E+005  0.598191172500016E-002 
     25.66000000 -0.233321761155593E+005  0.598191119599861E-002 
     25.68000000 -0.233321761155598E+005  0.598191066080990E-002 
     25.70000000 -0.233321761155604E+005  0.598191013490193E-002 
     25.72000000 -0.233321761155609E+005  0.598190960590038E-002 
     25.74000000 -0.233321761155614E+005  0.598190907380525E-002 
     25.76000000 -0.233321761155620E+005  0.598190853861655E-002 
     25.78000000 -0.233321761155625E+005  0.598190800342785E-002 
     25.80000000 -0.233321761155630E+005  0.598190748680060E-002 
     25.82000000 -0.233321761155635E+005  0.598190696089263E-002 
     25.84000000 -0.233321761155640E+005  0.598190645354611E-002 
     25.86000000 -0.233321761155646E+005  0.598190590288953E-002 
     25.88000000 -0.233321761155651E+005  0.598190537388798E-002 
     25.90000000 -0.233321761155657E+005  0.598190484179285E-002 
     25.92000000 -0.233321761155662E+005  0.598190432207203E-002 
     25.94000000 -0.233321761155667E+005  0.598190376832187E-002 
     25.96000000 -0.233321761155672E+005  0.598190324860105E-002 
     25.98000000 -0.233321761155678E+005  0.598190272888023E-002 
     26.00000000 -0.233321761155683E+005  0.598190219369153E-002 
     26.02000000 -0.233321761155688E+005  0.598190167087713E-002 
     26.04000000 -0.233321761155693E+005  0.598190115115631E-002 
     26.06000000 -0.233321761155699E+005  0.598190061287403E-002 
     26.08000000 -0.233321761155704E+005  0.598190009934036E-002 
     26.10000000 -0.233321761155709E+005  0.598189955487093E-002 
     26.12000000 -0.233321761155715E+005  0.598189904133726E-002 
     26.14000000 -0.233321761155720E+005  0.598189850614856E-002 
     26.16000000 -0.233321761155725E+005  0.598189799570846E-002 
     26.18000000 -0.233321761155731E+005  0.598189744505188E-002 
     26.20000000 -0.233321761155736E+005  0.598189694079894E-002 
     26.22000000 -0.233321761155741E+005  0.598189640251666E-002 
     26.24000000 -0.233321761155746E+005  0.598189586114081E-002 
     26.26000000 -0.233321761155751E+005  0.598189535998144E-002 
     26.28000000 -0.233321761155757E+005  0.598189481241843E-002 
     26.30000000 -0.233321761155762E+005  0.598189429888477E-002 
     26.32000000 -0.233321761155767E+005  0.598189375750891E-002 
     26.34000000 -0.233321761155772E+005  0.598189325325597E-002 
     26.36000000 -0.233321761155778E+005  0.598189269331866E-002 
     26.38000000 -0.233321761155783E+005  0.598189218287857E-002 
     26.40000000 -0.233321761155789E+005  0.598189164150271E-002 
     26.42000000 -0.233321761155794E+005  0.598189112178189E-002 
     26.44000000 -0.233321761155799E+005  0.598189059896749E-002 
     26.46000000 -0.233321761155804E+005  0.598189005759164E-002 
     26.48000000 -0.233321761155810E+005  0.598188954096439E-002 
     26.50000000 -0.233321761155815E+005  0.598188901196284E-002 
     26.52000000 -0.233321761155820E+005  0.598188849224202E-002 
     26.54000000 -0.233321761155825E+005  0.598188794777259E-002 
     26.56000000 -0.233321761155831E+005  0.598188741567746E-002 
     26.58000000 -0.233321761155836E+005  0.598188692070525E-002 
     26.60000000 -0.233321761155841E+005  0.598188636386151E-002 
     26.62000000 -0.233321761155846E+005  0.598188585960857E-002 
     26.64000000 -0.233321761155852E+005  0.598188533060702E-002 
     26.66000000 -0.233321761155857E+005  0.598188479851190E-002 
     26.68000000 -0.233321761155862E+005  0.598188426022962E-002 
     26.70000000 -0.233321761155868E+005  0.598188374050880E-002 
     26.72000000 -0.233321761155873E+005  0.598188324244301E-002 
     26.74000000 -0.233321761155878E+005  0.598188268250570E-002 
     26.76000000 -0.233321761155883E+005  0.598188216278488E-002 
     26.78000000 -0.233321761155888E+005  0.598188164925121E-002 
     26.80000000 -0.233321761155894E+005  0.598188111715608E-002 
     26.82000000 -0.233321761155899E+005  0.598188059743526E-002 
     26.84000000 -0.233321761155904E+005  0.598188005296583E-002 
     26.86000000 -0.233321761155910E+005  0.598187952396428E-002 
     26.88000000 -0.233321761155915E+005  0.598187900733703E-002 
     26.90000000 -0.233321761155920E+005  0.598187848761621E-002 
     26.92000000 -0.233321761155926E+005  0.598187794005320E-002 
     26.94000000 -0.233321761155931E+005  0.598187743580026E-002 
     26.96000000 -0.233321761155936E+005  0.598187688823726E-002 
     26.98000000 -0.233321761155941E+005  0.598187635923571E-002 
     27.00000000 -0.233321761155946E+005  0.598187585498277E-002 
     27.02000000 -0.233321761155952E+005  0.598187529504545E-002 
     27.04000000 -0.233321761155957E+005  0.598187478151179E-002 
     27.06000000 -0.233321761155962E+005  0.598187426179096E-002 
     27.08000000 -0.233321761155968E+005  0.598187372350869E-002 
     27.10000000 -0.233321761155973E+005  0.598187319141356E-002 
     27.12000000 -0.233321761155978E+005  0.598187268097347E-002 
     27.14000000 -0.233321761155983E+005  0.598187215197192E-002 
     27.16000000 -0.233321761155989E+005  0.598187161987679E-002 
     27.18000000 -0.233321761155994E+005  0.598187107850093E-002 
     27.20000000 -0.233321761155999E+005  0.598187056187369E-002 
     27.22000000 -0.233321761156005E+005  0.598187003905929E-002 
     27.24000000 -0.233321761156010E+005  0.598186952243205E-002 
     27.26000000 -0.233321761156015E+005  0.598186898414977E-002 
     27.28000000 -0.233321761156021E+005  0.598186843968034E-002 
     27.30000000 -0.233321761156026E+005  0.598186791995952E-002 
     27.32000000 -0.233321761156031E+005  0.598186738786439E-002 
     27.34000000 -0.233321761156036E+005  0.598186686195642E-002 
     27.36000000 -0.233321761156042E+005  0.598186633914202E-002 
     27.38000000 -0.233321761156047E+005  0.598186580085974E-002 
     27.40000000 -0.233321761156052E+005  0.598186528113892E-002 
     27.42000000 -0.233321761156058E+005  0.598186474595022E-002 
     27.44000000 -0.233321761156063E+005  0.598186422622939E-002 
     27.46000000 -0.233321761156068E+005  0.598186369413427E-002 
     27.48000000 -0.233321761156073E+005  0.598186316822629E-002 
     27.50000000 -0.233321761156078E+005  0.598186264850547E-002 
     27.52000000 -0.233321761156084E+005  0.598186212569108E-002 
     27.54000000 -0.233321761156089E+005  0.598186157194091E-002 
     27.56000000 -0.233321761156094E+005  0.598186106459440E-002 
     27.58000000 -0.233321761156100E+005  0.598186054487358E-002 
     27.60000000 -0.233321761156105E+005  0.598185999731057E-002 
     27.62000000 -0.233321761156110E+005  0.598185945902829E-002 
     27.64000000 -0.233321761156116E+005  0.598185892383959E-002 
     27.66000000 -0.233321761156121E+005  0.598185841030592E-002 
     27.68000000 -0.233321761156126E+005  0.598185789058510E-002 
     27.70000000 -0.233321761156132E+005  0.598185734611567E-002 
     27.72000000 -0.233321761156137E+005  0.598185682330127E-002 
     27.74000000 -0.233321761156142E+005  0.598185630048687E-002 
     27.76000000 -0.233321761156147E+005  0.598185577457890E-002 
     27.78000000 -0.233321761156152E+005  0.598185525176450E-002 
     27.80000000 -0.233321761156158E+005  0.598185471657580E-002 
     27.82000000 -0.233321761156163E+005  0.598185417210637E-002 
     27.84000000 -0.233321761156169E+005  0.598185364001124E-002 
     27.86000000 -0.233321761156174E+005  0.598185313885188E-002 
     27.88000000 -0.233321761156179E+005  0.598185260056960E-002 
     27.90000000 -0.233321761156184E+005  0.598185208703593E-002 
     27.92000000 -0.233321761156189E+005  0.598185154875365E-002 
     27.94000000 -0.233321761156195E+005  0.598185100428422E-002 
     27.96000000 -0.233321761156200E+005  0.598185046909552E-002 
     27.98000000 -0.233321761156206E+005  0.598184994009397E-002 
     28.00000000 -0.233321761156211E+005  0.598184943893460E-002 
     28.02000000 -0.233321761156216E+005  0.598184889755875E-002 
     28.04000000 -0.233321761156221E+005  0.598184837474435E-002 
     28.06000000 -0.233321761156227E+005  0.598184783955565E-002 
     28.08000000 -0.233321761156232E+005  0.598184732911555E-002 
     28.10000000 -0.233321761156237E+005  0.598184678464612E-002 
     28.12000000 -0.233321761156242E+005  0.598184626183173E-002 
     28.14000000 -0.233321761156248E+005  0.598184572664302E-002 
     28.16000000 -0.233321761156253E+005  0.598184521310935E-002 
     28.18000000 -0.233321761156258E+005  0.598184468410780E-002 
     28.20000000 -0.233321761156264E+005  0.598184413345122E-002 
     28.22000000 -0.233321761156269E+005  0.598184363538543E-002 
     28.24000000 -0.233321761156274E+005  0.598184309710315E-002 
     28.26000000 -0.233321761156279E+005  0.598184256500803E-002 
     28.28000000 -0.233321761156285E+005  0.598184203291290E-002 
     28.30000000 -0.233321761156290E+005  0.598184150391135E-002 
     28.32000000 -0.233321761156295E+005  0.598184096562907E-002 
     28.34000000 -0.233321761156300E+005  0.598184046137613E-002 
     28.36000000 -0.233321761156306E+005  0.598183994165531E-002 
     28.38000000 -0.233321761156311E+005  0.598183940337303E-002 
     28.40000000 -0.233321761156316E+005  0.598183888055863E-002 
     28.42000000 -0.233321761156321E+005  0.598183835155708E-002 
     28.44000000 -0.233321761156327E+005  0.598183782874269E-002 
     28.46000000 -0.233321761156332E+005  0.598183727808610E-002 
     28.48000000 -0.233321761156337E+005  0.598183676145886E-002 
     28.50000000 -0.233321761156343E+005  0.598183624483161E-002 
     28.52000000 -0.233321761156348E+005  0.598183569726860E-002 
     28.54000000 -0.233321761156353E+005  0.598183520848355E-002 
     28.56000000 -0.233321761156358E+005  0.598183464854623E-002 
     28.58000000 -0.233321761156364E+005  0.598183411335753E-002 
     28.60000000 -0.233321761156369E+005  0.598183359673029E-002 
     28.62000000 -0.233321761156374E+005  0.598183308319662E-002 
     28.64000000 -0.233321761156380E+005  0.598183253563361E-002 
     28.66000000 -0.233321761156385E+005  0.598183200353848E-002 
     28.68000000 -0.233321761156390E+005  0.598183147144336E-002 
     28.70000000 -0.233321761156395E+005  0.598183095481611E-002 
     28.72000000 -0.233321761156401E+005  0.598183044437602E-002 
     28.74000000 -0.233321761156406E+005  0.598182989990659E-002 
     28.76000000 -0.233321761156411E+005  0.598182937399861E-002 
     28.78000000 -0.233321761156416E+005  0.598182884809064E-002 
     28.80000000 -0.233321761156422E+005  0.598182832836982E-002 
     28.82000000 -0.233321761156427E+005  0.598182780246185E-002 
     28.84000000 -0.233321761156432E+005  0.598182727655387E-002 
     28.86000000 -0.233321761156438E+005  0.598182673208444E-002 
     28.88000000 -0.233321761156443E+005  0.598182621545720E-002 
     28.90000000 -0.233321761156448E+005  0.598182568026849E-002 
     28.92000000 -0.233321761156453E+005  0.598182515436052E-002 
     28.94000000 -0.233321761156459E+005  0.598182464082685E-002 
     28.96000000 -0.233321761156464E+005  0.598182408707669E-002 
     28.98000000 -0.233321761156469E+005  0.598182357044944E-002 
     29.00000000 -0.233321761156475E+005  0.598182304454147E-002 
     29.02000000 -0.233321761156480E+005  0.598182250935277E-002 
     29.04000000 -0.233321761156485E+005  0.598182199272552E-002 
     29.06000000 -0.233321761156490E+005  0.598182146681755E-002 
     29.08000000 -0.233321761156496E+005  0.598182094400315E-002 
     29.10000000 -0.233321761156501E+005  0.598182041500160E-002 
     29.12000000 -0.233321761156506E+005  0.598181987671932E-002 
     29.14000000 -0.233321761156511E+005  0.598181934771777E-002 
     29.16000000 -0.233321761156517E+005  0.598181882490338E-002 
     29.18000000 -0.233321761156522E+005  0.598181828662110E-002 
     29.20000000 -0.233321761156527E+005  0.598181777927458E-002 
     29.22000000 -0.233321761156533E+005  0.598181723480515E-002 
     29.24000000 -0.233321761156538E+005  0.598181671817790E-002 
     29.26000000 -0.233321761156543E+005  0.598181618917635E-002 
     29.28000000 -0.233321761156548E+005  0.598181565089407E-002 
     29.30000000 -0.233321761156554E+005  0.598181510333107E-002 
     29.32000000 -0.233321761156559E+005  0.598181458670382E-002 
     29.34000000 -0.233321761156564E+005  0.598181407935731E-002 
     29.36000000 -0.233321761156569E+005  0.598181355344933E-002 
     29.38000000 -0.233321761156575E+005  0.598181301516705E-002 
     29.40000000 -0.233321761156580E+005  0.598181249235266E-002 
     29.42000000 -0.233321761156585E+005  0.598181196953826E-002 
     29.44000000 -0.233321761156591E+005  0.598181143744313E-002 
     29.46000000 -0.233321761156596E+005  0.598181088369297E-002 
     29.48000000 -0.233321761156601E+005  0.598181037015930E-002 
     29.50000000 -0.233321761156606E+005  0.598180984734491E-002 
     29.52000000 -0.233321761156612E+005  0.598180931834336E-002 
     29.54000000 -0.233321761156617E+005  0.598180878315465E-002 
     29.56000000 -0.233321761156622E+005  0.598180825724668E-002 
     29.58000000 -0.233321761156627E+005  0.598180774990016E-002 
     29.60000000 -0.233321761156633E+005  0.598180721780504E-002 
     29.62000000 -0.233321761156638E+005  0.598180667952276E-002 
     29.64000000 -0.233321761156644E+005  0.598180613814690E-002 
     29.66000000 -0.233321761156649E+005  0.598180563080039E-002 
     29.68000000 -0.233321761156654E+005  0.598180508942453E-002 
     29.70000000 -0.233321761156659E+005  0.598180455114225E-002 
     29.72000000 -0.233321761156665E+005  0.598180404379574E-002 
     29.74000000 -0.233321761156670E+005  0.598180350551346E-002 
     29.76000000 -0.233321761156675E+005  0.598180294866972E-002 
     29.78000000 -0.233321761156680E+005  0.598180244751036E-002 
     29.80000000 -0.233321761156686E+005  0.598180190304093E-002 
     29.82000000 -0.233321761156691E+005  0.598180140188156E-002 
     29.84000000 -0.233321761156696E+005  0.598180086978644E-002 
     29.86000000 -0.233321761156702E+005  0.598180033769131E-002 
     29.88000000 -0.233321761156707E+005  0.598179982106406E-002 
     29.90000000 -0.233321761156712E+005  0.598179926112675E-002 
     29.92000000 -0.233321761156717E+005  0.598179874759308E-002 
     29.94000000 -0.233321761156723E+005  0.598179823096584E-002 
     29.96000000 -0.233321761156728E+005  0.598179770196429E-002 
     29.98000000 -0.233321761156733E+005  0.598179715749486E-002 
     30.00000000 -0.233321761156738E+005  0.598179665633549E-002 
