# Real time calculation: 
# Eall: Total energy
# Eall0: Initial total energy
# 1:Time[fs] 2:Eall[eV] 3:Eall-Eall0[eV] 
      0.00000000 -0.233315932756172E+005  0.000000000000000E+000 
      0.02000000 -0.233315932756483E+005 -0.311368456241610E-007 
      0.04000000 -0.233315932756490E+005 -0.317926838032292E-007 
      0.06000000 -0.233315932756496E+005 -0.324330541007157E-007 
      0.08000000 -0.233315932756503E+005 -0.330703308218858E-007 
      0.10000000 -0.233315932756508E+005 -0.336612038983105E-007 
      0.12000000 -0.233315932756515E+005 -0.342953870431643E-007 
      0.14000000 -0.233315932756521E+005 -0.348986344248544E-007 
      0.16000000 -0.233315932756527E+005 -0.354926010775955E-007 
      0.18000000 -0.233315932756533E+005 -0.360896613066529E-007 
      0.20000000 -0.233315932756538E+005 -0.366557857725468E-007 
      0.22000000 -0.233315932756545E+005 -0.372745010358187E-007 
      0.24000000 -0.233315932756550E+005 -0.378437190780289E-007 
      0.26000000 -0.233315932756556E+005 -0.384191242728718E-007 
      0.28000000 -0.233315932756562E+005 -0.390161845019293E-007 
      0.30000000 -0.233315932756568E+005 -0.395915896967722E-007 
      0.32000000 -0.233315932756573E+005 -0.401484334337169E-007 
      0.34000000 -0.233315932756579E+005 -0.407578679680398E-007 
      0.36000000 -0.233315932756585E+005 -0.413208988576173E-007 
      0.38000000 -0.233315932756591E+005 -0.418777425945620E-007 
      0.40000000 -0.233315932756596E+005 -0.424500542130886E-007 
      0.42000000 -0.233315932756602E+005 -0.430161786789824E-007 
      0.44000000 -0.233315932756608E+005 -0.436039581790908E-007 
      0.46000000 -0.233315932756613E+005 -0.441546147634028E-007 
      0.48000000 -0.233315932756619E+005 -0.447238328056130E-007 
      0.50000000 -0.233315932756625E+005 -0.452775829662414E-007 
      0.52000000 -0.233315932756630E+005 -0.458375202795025E-007 
      0.54000000 -0.233315932756636E+005 -0.464098318980291E-007 
      0.56000000 -0.233315932756642E+005 -0.469697692112902E-007 
      0.58000000 -0.233315932756647E+005 -0.475297065245513E-007 
      0.60000000 -0.233315932756653E+005 -0.480648952272816E-007 
      0.62000000 -0.233315932756658E+005 -0.486217389642263E-007 
      0.64000000 -0.233315932756664E+005 -0.492033313117020E-007 
      0.66000000 -0.233315932756669E+005 -0.497478007433813E-007 
      0.68000000 -0.233315932756675E+005 -0.502891765987442E-007 
      0.70000000 -0.233315932756681E+005 -0.508645817935871E-007 
      0.72000000 -0.233315932756686E+005 -0.514121448015828E-007 
      0.74000000 -0.233315932756691E+005 -0.519628013858949E-007 
      0.76000000 -0.233315932756697E+005 -0.525134579702069E-007 
      0.78000000 -0.233315932756703E+005 -0.530733952834680E-007 
      0.80000000 -0.233315932756708E+005 -0.536240518677801E-007 
      0.82000000 -0.233315932756713E+005 -0.541530534178776E-007 
      0.84000000 -0.233315932756719E+005 -0.547160843074551E-007 
      0.86000000 -0.233315932756725E+005 -0.552760216207162E-007 
      0.88000000 -0.233315932756730E+005 -0.558173974760791E-007 
      0.90000000 -0.233315932756735E+005 -0.563494926024930E-007 
      0.92000000 -0.233315932756741E+005 -0.569248977973359E-007 
      0.94000000 -0.233315932756746E+005 -0.574477121948007E-007 
      0.96000000 -0.233315932756752E+005 -0.580014623554291E-007 
      0.98000000 -0.233315932756757E+005 -0.585613996686902E-007 
      1.00000000 -0.233315932756763E+005 -0.591151498293186E-007 
      1.02000000 -0.233315932756768E+005 -0.596534321083652E-007 
      1.04000000 -0.233315932756774E+005 -0.602102758453100E-007 
      1.06000000 -0.233315932756779E+005 -0.607361838190911E-007 
      1.08000000 -0.233315932756785E+005 -0.612961211323523E-007 
      1.10000000 -0.233315932756790E+005 -0.618467777166643E-007 
      1.12000000 -0.233315932756795E+005 -0.623572178088637E-007 
      1.14000000 -0.233315932756801E+005 -0.629171551221248E-007 
      1.16000000 -0.233315932756806E+005 -0.634616245538041E-007 
      1.18000000 -0.233315932756812E+005 -0.640153747144325E-007 
      1.20000000 -0.233315932756817E+005 -0.645598441461118E-007 
      1.22000000 -0.233315932756823E+005 -0.651105007304238E-007 
      1.24000000 -0.233315932756828E+005 -0.656302215515723E-007 
      1.26000000 -0.233315932756834E+005 -0.661932524411498E-007 
      1.28000000 -0.233315932756839E+005 -0.667346282965127E-007 
      1.30000000 -0.233315932756845E+005 -0.672790977281920E-007 
      1.32000000 -0.233315932756850E+005 -0.678204735835550E-007 
      1.34000000 -0.233315932756855E+005 -0.683618494389179E-007 
      1.36000000 -0.233315932756861E+005 -0.689063188705973E-007 
      1.38000000 -0.233315932756866E+005 -0.694476947259602E-007 
      1.40000000 -0.233315932756872E+005 -0.699952577339559E-007 
      1.42000000 -0.233315932756877E+005 -0.705428207419516E-007 
      1.44000000 -0.233315932756882E+005 -0.710563544104673E-007 
      1.46000000 -0.233315932756888E+005 -0.716317596053102E-007 
      1.48000000 -0.233315932756893E+005 -0.721514804264586E-007 
      1.50000000 -0.233315932756899E+005 -0.727052305870870E-007 
      1.52000000 -0.233315932756905E+005 -0.732651679003482E-007 
      1.54000000 -0.233315932756910E+005 -0.737848887214966E-007 
      1.56000000 -0.233315932756915E+005 -0.743355453058086E-007 
      1.58000000 -0.233315932756920E+005 -0.748490789743244E-007 
      1.60000000 -0.233315932756926E+005 -0.754028291349527E-007 
      1.62000000 -0.233315932756932E+005 -0.759689536008466E-007 
      1.64000000 -0.233315932756937E+005 -0.764948615746277E-007 
      1.66000000 -0.233315932756942E+005 -0.770486117352561E-007 
      1.68000000 -0.233315932756948E+005 -0.775899875906191E-007 
      1.70000000 -0.233315932756953E+005 -0.781035212591348E-007 
      1.72000000 -0.233315932756959E+005 -0.786758328776614E-007 
      1.74000000 -0.233315932756964E+005 -0.792048344277589E-007 
      1.76000000 -0.233315932756969E+005 -0.797493038594382E-007 
      1.78000000 -0.233315932756975E+005 -0.802875861384848E-007 
      1.80000000 -0.233315932756980E+005 -0.808227748412151E-007 
      1.82000000 -0.233315932756985E+005 -0.813641506965780E-007 
      1.84000000 -0.233315932756991E+005 -0.819179008572064E-007 
      1.86000000 -0.233315932756996E+005 -0.824530895599366E-007 
      1.88000000 -0.233315932757002E+005 -0.829975589916160E-007 
      1.90000000 -0.233315932757007E+005 -0.835358412706626E-007 
      1.92000000 -0.233315932757013E+005 -0.840741235497092E-007 
      1.94000000 -0.233315932757018E+005 -0.846124058287558E-007 
      1.96000000 -0.233315932757023E+005 -0.851445009551696E-007 
      1.98000000 -0.233315932757029E+005 -0.857013446921144E-007 
      2.00000000 -0.233315932757034E+005 -0.862334398185283E-007 
      2.02000000 -0.233315932757040E+005 -0.867655349449421E-007 
      2.04000000 -0.233315932757045E+005 -0.873100043766215E-007 
      2.06000000 -0.233315932757050E+005 -0.878297251977699E-007 
      2.08000000 -0.233315932757056E+005 -0.883680074768165E-007 
      2.10000000 -0.233315932757061E+005 -0.889310383663940E-007 
      2.12000000 -0.233315932757067E+005 -0.894693206454406E-007 
      2.14000000 -0.233315932757072E+005 -0.900168836534363E-007 
      2.16000000 -0.233315932757077E+005 -0.905304173219520E-007 
      2.18000000 -0.233315932757083E+005 -0.910965417878458E-007 
      2.20000000 -0.233315932757088E+005 -0.916348240668924E-007 
      2.22000000 -0.233315932757094E+005 -0.921669191933063E-007 
      2.24000000 -0.233315932757099E+005 -0.926928271670874E-007 
      2.26000000 -0.233315932757104E+005 -0.932527644803486E-007 
      2.28000000 -0.233315932757110E+005 -0.937755788778134E-007 
      2.30000000 -0.233315932757115E+005 -0.943386097673908E-007 
      2.32000000 -0.233315932757120E+005 -0.948459562832738E-007 
      2.34000000 -0.233315932757126E+005 -0.954089871728513E-007 
      2.36000000 -0.233315932757131E+005 -0.959410822992652E-007 
      2.38000000 -0.233315932757137E+005 -0.964669902730464E-007 
      2.40000000 -0.233315932757142E+005 -0.970207404336747E-007 
      2.42000000 -0.233315932757147E+005 -0.975497419837723E-007 
      2.44000000 -0.233315932757153E+005 -0.981003985680843E-007 
      2.46000000 -0.233315932757158E+005 -0.986324936944982E-007 
      2.48000000 -0.233315932757164E+005 -0.991769631261775E-007 
      2.50000000 -0.233315932757169E+005 -0.997059646762750E-007 
      2.52000000 -0.233315932757174E+005 -0.100250434107954E-006 
      2.54000000 -0.233315932757180E+005 -0.100779435658052E-006 
      2.56000000 -0.233315932757185E+005 -0.101342466547629E-006 
      2.58000000 -0.233315932757191E+005 -0.101874561674043E-006 
      2.60000000 -0.233315932757196E+005 -0.102406656800457E-006 
      2.62000000 -0.233315932757201E+005 -0.102948032655820E-006 
      2.64000000 -0.233315932757207E+005 -0.103467753476968E-006 
      2.66000000 -0.233315932757212E+005 -0.104015316484964E-006 
      2.68000000 -0.233315932757217E+005 -0.104559785916643E-006 
      2.70000000 -0.233315932757223E+005 -0.105098068195690E-006 
      2.72000000 -0.233315932757228E+005 -0.105627069745788E-006 
      2.74000000 -0.233315932757234E+005 -0.106180819906416E-006 
      2.76000000 -0.233315932757239E+005 -0.106706727880197E-006 
      2.78000000 -0.233315932757244E+005 -0.107251197311876E-006 
      2.80000000 -0.233315932757250E+005 -0.107780198861974E-006 
      2.82000000 -0.233315932757255E+005 -0.108315387564704E-006 
      2.84000000 -0.233315932757260E+005 -0.108859856996384E-006 
      2.86000000 -0.233315932757266E+005 -0.109398139275430E-006 
      2.88000000 -0.233315932757271E+005 -0.109948795859742E-006 
      2.90000000 -0.233315932757277E+005 -0.110505639596687E-006 
      2.92000000 -0.233315932757282E+005 -0.111022266841519E-006 
      2.94000000 -0.233315932757287E+005 -0.111541987662667E-006 
      2.96000000 -0.233315932757293E+005 -0.112101924975929E-006 
      2.98000000 -0.233315932757298E+005 -0.112640207254975E-006 
      3.00000000 -0.233315932757304E+005 -0.113166115228756E-006 
      3.02000000 -0.233315932757309E+005 -0.113704397507803E-006 
      3.04000000 -0.233315932757314E+005 -0.114233399057900E-006 
      3.06000000 -0.233315932757320E+005 -0.114774774913263E-006 
      3.08000000 -0.233315932757325E+005 -0.115319244344943E-006 
      3.10000000 -0.233315932757330E+005 -0.115863713776622E-006 
      3.12000000 -0.233315932757336E+005 -0.116392715326720E-006 
      3.14000000 -0.233315932757341E+005 -0.116952652639981E-006 
      3.16000000 -0.233315932757347E+005 -0.117472373461129E-006 
      3.18000000 -0.233315932757352E+005 -0.117998281434910E-006 
      3.20000000 -0.233315932757357E+005 -0.118514908679742E-006 
      3.22000000 -0.233315932757362E+005 -0.119025348771942E-006 
      3.24000000 -0.233315932757368E+005 -0.119606941119417E-006 
      3.26000000 -0.233315932757370E+005 -0.119832772190512E-006 
      3.28000000 -0.233315932757345E+005 -0.117354817561107E-006 
      3.30000000 -0.233315932757210E+005 -0.103789485413870E-006 
      3.32000000 -0.233315932756731E+005 -0.559442341050499E-007 
      3.34000000 -0.233315932755363E+005  0.808413362991132E-007 
      3.36000000 -0.233315932751963E+005  0.420902712874960E-006 
      3.38000000 -0.233315932744337E+005  0.118346618128132E-005 
      3.40000000 -0.233315932728577E+005  0.275952885214292E-005 
      3.42000000 -0.233315932698107E+005  0.580646022480460E-005 
      3.44000000 -0.233315932642417E+005  0.113755039352102E-004 
      3.46000000 -0.233315932545407E+005  0.210764642911038E-004 
      3.48000000 -0.233315932383349E+005  0.372822720995254E-004 
      3.50000000 -0.233315932122433E+005  0.633738567001326E-004 
      3.52000000 -0.233315931715950E+005  0.104022168756505E-003 
      3.54000000 -0.233315931101159E+005  0.165501324425191E-003 
      3.56000000 -0.233315930195956E+005  0.256021631939741E-003 
      3.58000000 -0.233315928895500E+005  0.386067233810604E-003 
      3.60000000 -0.233315927068986E+005  0.568718596688225E-003 
      3.62000000 -0.233315924556819E+005  0.819935326109888E-003 
      3.64000000 -0.233315921168454E+005  0.115877181351758E-002 
      3.66000000 -0.233315916681224E+005  0.160749473647362E-002 
      3.68000000 -0.233315910840462E+005  0.219157094421585E-002 
      3.70000000 -0.233315903361233E+005  0.293949385852900E-002 
      3.72000000 -0.233315893931977E+005  0.388241947736822E-002 
      3.74000000 -0.233315882220305E+005  0.505358668506099E-002 
      3.76000000 -0.233315867881127E+005  0.648750444606577E-002 
      3.78000000 -0.233315850567211E+005  0.821889605399538E-002 
      3.80000000 -0.233315829942137E+005  0.102814034737970E-001 
      3.82000000 -0.233315805695501E+005  0.127060670841046E-001 
      3.84000000 -0.233315777560057E+005  0.155196114430752E-001 
      3.86000000 -0.233315745330326E+005  0.187425846352587E-001 
      3.88000000 -0.233315708882030E+005  0.223874141444974E-001 
      3.90000000 -0.233315668191563E+005  0.264564608706801E-001 
      3.92000000 -0.233315623354508E+005  0.309401663590438E-001 
      3.94000000 -0.233315574602126E+005  0.358154045829293E-001 
      3.96000000 -0.233315522314585E+005  0.410441587252892E-001 
      3.98000000 -0.233315467029655E+005  0.465726517105033E-001 
      4.00000000 -0.233315409445542E+005  0.523310630338701E-001 
      4.02000000 -0.233315350416567E+005  0.582339604980244E-001 
      4.04000000 -0.233315290940478E+005  0.641815693680881E-001 
      4.06000000 -0.233315232136306E+005  0.700619865463289E-001 
      4.08000000 -0.233315175211911E+005  0.757544261080382E-001 
      4.10000000 -0.233315121420605E+005  0.811335567027963E-001 
      4.12000000 -0.233315072006596E+005  0.860749575712788E-001 
      4.14000000 -0.233315028139369E+005  0.904616803361682E-001 
      4.16000000 -0.233314990837554E+005  0.941918617428119E-001 
      4.18000000 -0.233314960883338E+005  0.971872833683392E-001 
      4.20000000 -0.233314938728918E+005  0.994027253621051E-001 
      4.22000000 -0.233314924397054E+005  0.100835911761452E+000 
      4.24000000 -0.233314917378235E+005  0.101537793697159E+000 
      4.26000000 -0.233314916527452E+005  0.101622871942990E+000 
      4.28000000 -0.233314919963987E+005  0.101279218494304E+000 
      4.30000000 -0.233314924977951E+005  0.100777822085768E+000 
      4.32000000 -0.233314927947597E+005  0.100480857463160E+000 
      4.34000000 -0.233314924271540E+005  0.100848463198710E+000 
      4.36000000 -0.233314908320068E+005  0.102443610432664E+000 
      4.38000000 -0.233314873409613E+005  0.105934655893537E+000 
      4.40000000 -0.233314811804192E+005  0.112095197997322E+000 
      4.42000000 -0.233314714747213E+005  0.121800895886922E+000 
      4.44000000 -0.233314572526507E+005  0.136022966443936E+000 
      4.46000000 -0.233314374574707E+005  0.155818146527556E+000 
      4.48000000 -0.233314109606269E+005  0.182314990290725E+000 
      4.50000000 -0.233313765791461E+005  0.216696471098737E+000 
      4.52000000 -0.233313330966539E+005  0.260178963258209E+000 
      4.54000000 -0.233312792878203E+005  0.313987796898758E+000 
      4.56000000 -0.233312139459177E+005  0.379329699460921E+000 
      4.58000000 -0.233311359130552E+005  0.457362561976823E+000 
      4.60000000 -0.233310441125278E+005  0.549163089394141E+000 
      4.62000000 -0.233309375826048E+005  0.655693012414938E+000 
      4.64000000 -0.233308155109728E+005  0.777764644368683E+000 
      4.66000000 -0.233306772689560E+005  0.916006661181643E+000 
      4.68000000 -0.233305224445588E+005  0.107083105837162E+001 
      4.70000000 -0.233303508733250E+005  0.124240229215086E+001 
      4.72000000 -0.233301626659747E+005  0.143060964245163E+001 
      4.74000000 -0.233299582317818E+005  0.163504383536701E+001 
      4.76000000 -0.233297382966849E+005  0.185497893227861E+001 
      4.78000000 -0.233295039151865E+005  0.208936043065035E+001 
      4.80000000 -0.233292564751922E+005  0.233680042503477E+001 
      4.82000000 -0.233289976950694E+005  0.259558054777093E+001 
      4.84000000 -0.233287296123699E+005  0.286366324729444E+001 
      4.86000000 -0.233284545638449E+005  0.313871177232486E+001 
      4.88000000 -0.233281751566023E+005  0.341811901485235E+001 
      4.90000000 -0.233278942304879E+005  0.369904512925074E+001 
      4.92000000 -0.233276148120221E+005  0.397846359505346E+001 
      4.94000000 -0.233273400604801E+005  0.425321513713183E+001 
      4.96000000 -0.233270732069549E+005  0.452006866229001E+001 
      4.98000000 -0.233268174874891E+005  0.477578812809886E+001 
      5.00000000 -0.233265760715824E+005  0.501720403483514E+001 
      5.02000000 -0.233263519875798E+005  0.524128803735435E+001 
      5.04000000 -0.233261480466061E+005  0.544522901104032E+001 
      5.06000000 -0.233259667668265E+005  0.562650879066480E+001 
      5.08000000 -0.233258102998865E+005  0.578297573070419E+001 
      5.10000000 -0.233256803613996E+005  0.591291421754459E+001 
      5.12000000 -0.233255781673167E+005  0.601510830050756E+001 
      5.14000000 -0.233255043779196E+005  0.608889769756279E+001 
      5.16000000 -0.233254590510471E+005  0.613422457012781E+001 
      5.18000000 -0.233254416059735E+005  0.615166964368361E+001 
      5.20000000 -0.233254507991432E+005  0.614247647395123E+001 
      5.22000000 -0.233254847127078E+005  0.610856290936229E+001 
      5.24000000 -0.233255407565445E+005  0.605251907269844E+001 
      5.26000000 -0.233256156841495E+005  0.597759146770077E+001 
      5.28000000 -0.233257056225134E+005  0.588765310379691E+001 
      5.30000000 -0.233258061158064E+005  0.578715981075093E+001 
      5.32000000 -0.233259121824358E+005  0.568109318141610E+001 
      5.34000000 -0.233260183847861E+005  0.557489083109709E+001 
      5.36000000 -0.233261189107252E+005  0.547436489202903E+001 
      5.38000000 -0.233262076657503E+005  0.538560986683564E+001 
      5.40000000 -0.233262783744618E+005  0.531490115534988E+001 
      5.42000000 -0.233263246898800E+005  0.526858573721386E+001 
      5.44000000 -0.233263403089677E+005  0.525296664952271E+001 
      5.46000000 -0.233263190925712E+005  0.527418304599372E+001 
      5.48000000 -0.233262551878567E+005  0.533808776047326E+001 
      5.50000000 -0.233261431511844E+005  0.545012443279554E+001 
      5.52000000 -0.233259780692355E+005  0.561520638164561E+001 
      5.54000000 -0.233257556760891E+005  0.583759952807406E+001 
      5.56000000 -0.233254724638383E+005  0.612081177885054E+001 
      5.58000000 -0.233251257842546E+005  0.646749136257778E+001 
      5.60000000 -0.233247139389554E+005  0.687933666176094E+001 
      5.62000000 -0.233242362555275E+005  0.735702008970113E+001 
      5.64000000 -0.233236931471089E+005  0.790012850825887E+001 
      5.66000000 -0.233230861530605E+005  0.850712255666190E+001 
      5.68000000 -0.233224179585664E+005  0.917531705076039E+001 
      5.70000000 -0.233216923913112E+005  0.990088430597950E+001 
      5.72000000 -0.233209143937857E+005  0.106788818314662E+002 
      5.74000000 -0.233200899702858E+005  0.115033053314230E+002 
      5.76000000 -0.233192261082757E+005  0.123671673415284E+002 
      5.78000000 -0.233183306744869E+005  0.132626011302396E+002 
      5.80000000 -0.233174122868896E+005  0.141809887276273E+002 
      5.82000000 -0.233164801644870E+005  0.151131111301684E+002 
      5.84000000 -0.233155439577172E+005  0.160493178999671E+002 
      5.86000000 -0.233146135630504E+005  0.169797125667868E+002 
      5.88000000 -0.233136989261283E+005  0.178943494889322E+002 
      5.90000000 -0.233128098384373E+005  0.187834371798995E+002 
      5.92000000 -0.233119557330171E+005  0.196375426001367E+002 
      5.94000000 -0.233111454850361E+005  0.204477905811036E+002 
      5.96000000 -0.233103872231821E+005  0.212060524350822E+002 
      5.98000000 -0.233096881576936E+005  0.219051179235476E+002 
      6.00000000 -0.233090544304934E+005  0.225388451237472E+002 
      6.02000000 -0.233084909922624E+005  0.231022833547642E+002 
      6.04000000 -0.233080015104387E+005  0.235917651784478E+002 
      6.06000000 -0.233075883110617E+005  0.240049645554803E+002 
      6.08000000 -0.233072523561526E+005  0.243409194646173E+002 
      6.10000000 -0.233069932569815E+005  0.246000186356624E+002 
      6.12000000 -0.233068093221868E+005  0.247839534303917E+002 
      6.14000000 -0.233066976383528E+005  0.248956372643568E+002 
      6.16000000 -0.233066541793959E+005  0.249390962212899E+002 
      6.18000000 -0.233066739400254E+005  0.249193355918257E+002 
      6.20000000 -0.233067510876972E+005  0.248421879199655E+002 
      6.22000000 -0.233068791269194E+005  0.247141486977385E+002 
      6.24000000 -0.233070510695286E+005  0.245422060886329E+002 
      6.26000000 -0.233072596046569E+005  0.243336709602550E+002 
      6.28000000 -0.233074972625369E+005  0.240960130803296E+002 
      6.30000000 -0.233077565670137E+005  0.238367086034859E+002 
      6.32000000 -0.233080301726171E+005  0.235631030001353E+002 
      6.34000000 -0.233083109831944E+005  0.232822924227659E+002 
      6.36000000 -0.233085922503711E+005  0.230010252460551E+002 
      6.38000000 -0.233088676513721E+005  0.227256242450954E+002 
      6.40000000 -0.233091313469442E+005  0.224619286729889E+002 
      6.42000000 -0.233093780211681E+005  0.222152544490783E+002 
      6.44000000 -0.233096029057782E+005  0.219903698389698E+002 
      6.46000000 -0.233098017921746E+005  0.217914834425474E+002 
      6.48000000 -0.233099710345755E+005  0.216222410416998E+002 
      6.50000000 -0.233101075477260E+005  0.214857278912362E+002 
      6.52000000 -0.233102088022649E+005  0.213844733523069E+002 
      6.54000000 -0.233102728202951E+005  0.213204553220820E+002 
      6.56000000 -0.233102981729629E+005  0.212951026543331E+002 
      6.58000000 -0.233102839810003E+005  0.213092946168597E+002 
      6.60000000 -0.233102299182931E+005  0.213633573240703E+002 
      6.62000000 -0.233101362176807E+005  0.214570579364556E+002 
      6.64000000 -0.233100036774520E+005  0.215895981651914E+002 
      6.66000000 -0.233098336664143E+005  0.217596092029155E+002 
      6.68000000 -0.233096281250394E+005  0.219651505777458E+002 
      6.70000000 -0.233093895600461E+005  0.222037155711257E+002 
      6.72000000 -0.233091210298702E+005  0.224722457469661E+002 
      6.74000000 -0.233088261187963E+005  0.227671568208576E+002 
      6.76000000 -0.233085088980358E+005  0.230843775813995E+002 
      6.78000000 -0.233081738727145E+005  0.234194029026708E+002 
      6.80000000 -0.233078259145101E+005  0.237673611071013E+002 
      6.82000000 -0.233074701805118E+005  0.241230951053724E+002 
      6.84000000 -0.233071120197040E+005  0.244812559131964E+002 
      6.86000000 -0.233067568692454E+005  0.248364063717601E+002 
      6.88000000 -0.233064101433835E+005  0.251831322337309E+002 
      6.90000000 -0.233060771183674E+005  0.255161572498306E+002 
      6.92000000 -0.233057628170761E+005  0.258304585410727E+002 
      6.94000000 -0.233054718972428E+005  0.261213783743582E+002 
      6.96000000 -0.233052085471283E+005  0.263847284888949E+002 
      6.98000000 -0.233049763922800E+005  0.266168833372088E+002 
      7.00000000 -0.233047784166262E+005  0.268148589909661E+002 
      7.02000000 -0.233046169006184E+005  0.269763749988078E+002 
      7.04000000 -0.233044933784823E+005  0.270998971349330E+002 
      7.06000000 -0.233044086159060E+005  0.271846597112346E+002 
      7.08000000 -0.233043626087184E+005  0.272306668987690E+002 
      7.10000000 -0.233043546023270E+005  0.272386732901981E+002 
      7.12000000 -0.233043831309346E+005  0.272101446826084E+002 
      7.14000000 -0.233044460748685E+005  0.271472007486421E+002 
      7.16000000 -0.233045407337540E+005  0.270525418631646E+002 
      7.18000000 -0.233046639127799E+005  0.269293628372467E+002 
      7.20000000 -0.233048120189459E+005  0.267812566713193E+002 
      7.22000000 -0.233049811639542E+005  0.266121116629919E+002 
      7.24000000 -0.233051672703260E+005  0.264260052911485E+002 
      7.26000000 -0.233053661773675E+005  0.262270982496982E+002 
      7.28000000 -0.233055737437825E+005  0.260195318346635E+002 
      7.30000000 -0.233057859440111E+005  0.258073316060681E+002 
      7.32000000 -0.233059989557423E+005  0.255943198748954E+002 
      7.34000000 -0.233062092364977E+005  0.253840391194903E+002 
      7.36000000 -0.233064135876720E+005  0.251796879451641E+002 
      7.38000000 -0.233066092049392E+005  0.249840706779936E+002 
      7.40000000 -0.233067937144540E+005  0.247995611632161E+002 
      7.42000000 -0.233069651947882E+005  0.246280808290354E+002 
      7.44000000 -0.233071221850126E+005  0.244710906046008E+002 
      7.46000000 -0.233072636797588E+005  0.243295958583822E+002 
      7.48000000 -0.233073891124531E+005  0.242041631641102E+002 
      7.50000000 -0.233074983282040E+005  0.240949474131972E+002 
      7.52000000 -0.233075915480359E+005  0.240017275813062E+002 
      7.54000000 -0.233076693262927E+005  0.239239493244738E+002 
      7.56000000 -0.233077325030949E+005  0.238607725223236E+002 
      7.58000000 -0.233077821537135E+005  0.238111219036785E+002 
      7.60000000 -0.233078195366499E+005  0.237737389673296E+002 
      7.62000000 -0.233078460420686E+005  0.237472335486245E+002 
      7.64000000 -0.233078631420564E+005  0.237301335607752E+002 
      7.66000000 -0.233078723439631E+005  0.237209316540996E+002 
      7.68000000 -0.233078751478484E+005  0.237181277688325E+002 
      7.70000000 -0.233078730088153E+005  0.237202668018702E+002 
      7.72000000 -0.233078673047691E+005  0.237259708480508E+002 
      7.74000000 -0.233078593099085E+005  0.237339657086444E+002 
      7.76000000 -0.233078501740467E+005  0.237431015705344E+002 
      7.78000000 -0.233078409076689E+005  0.237523679483087E+002 
      7.80000000 -0.233078323724770E+005  0.237609031401962E+002 
      7.82000000 -0.233078252770379E+005  0.237679985792592E+002 
      7.84000000 -0.233078201770573E+005  0.237730985598442E+002 
      7.86000000 -0.233078174797249E+005  0.237757958922764E+002 
      7.88000000 -0.233078174515362E+005  0.237758240809810E+002 
      7.90000000 -0.233078202289710E+005  0.237730466461905E+002 
      7.92000000 -0.233078258314091E+005  0.237674442080817E+002 
      7.94000000 -0.233078341756775E+005  0.237590999396719E+002 
      7.96000000 -0.233078450916523E+005  0.237481839649208E+002 
      7.98000000 -0.233078583383768E+005  0.237349372403871E+002 
      8.00000000 -0.233078736202064E+005  0.237196554107417E+002 
      8.02000000 -0.233078906025414E+005  0.237026730758224E+002 
      8.04000000 -0.233079089267693E+005  0.236843488478589E+002 
      8.06000000 -0.233079282240991E+005  0.236650515180884E+002 
      8.08000000 -0.233079481280283E+005  0.236451475889287E+002 
      8.10000000 -0.233079682852510E+005  0.236249903661703E+002 
      8.12000000 -0.233079883648732E+005  0.236049107440011E+002 
      8.14000000 -0.233080080658604E+005  0.235852097567487E+002 
      8.16000000 -0.233080271227024E+005  0.235661529147550E+002 
      8.18000000 -0.233080453093268E+005  0.235479662903437E+002 
      8.20000000 -0.233080624413436E+005  0.235308342736314E+002 
      8.22000000 -0.233080783767405E+005  0.235148988766467E+002 
      8.24000000 -0.233080930151853E+005  0.235002604318528E+002 
      8.26000000 -0.233081062961131E+005  0.234869795040959E+002 
      8.28000000 -0.233081181958001E+005  0.234750798171124E+002 
      8.30000000 -0.233081287236329E+005  0.234645519842959E+002 
      8.32000000 -0.233081379177867E+005  0.234553578304412E+002 
      8.34000000 -0.233081458405230E+005  0.234474350941510E+002 
      8.36000000 -0.233081525733064E+005  0.234407023107952E+002 
      8.38000000 -0.233081582119270E+005  0.234350636902147E+002 
      8.40000000 -0.233081628617923E+005  0.234304138248413E+002 
      8.42000000 -0.233081666335314E+005  0.234266420857659E+002 
      8.44000000 -0.233081696390256E+005  0.234236365916136E+002 
      8.46000000 -0.233081719879544E+005  0.234212876627639E+002 
      8.48000000 -0.233081737849152E+005  0.234194907019398E+002 
      8.50000000 -0.233081751271469E+005  0.234181484702603E+002 
      8.52000000 -0.233081761028627E+005  0.234171727544525E+002 
      8.54000000 -0.233081767901718E+005  0.234164854453649E+002 
      8.56000000 -0.233081772565486E+005  0.234160190686270E+002 
      8.58000000 -0.233081775587907E+005  0.234157168265148E+002 
      8.60000000 -0.233081777433952E+005  0.234155322220194E+002 
      8.62000000 -0.233081778472708E+005  0.234154283463562E+002 
      8.64000000 -0.233081778987033E+005  0.234153769138866E+002 
      8.66000000 -0.233081779184873E+005  0.234153571299030E+002 
      8.68000000 -0.233081779211454E+005  0.234153544718156E+002 
      8.70000000 -0.233081779161595E+005  0.234153594576862E+002 
      8.72000000 -0.233081779091513E+005  0.234153664659235E+002 
      8.74000000 -0.233081779029594E+005  0.234153726578217E+002 
      8.76000000 -0.233081778985752E+005  0.234153770419792E+002 
      8.78000000 -0.233081778959114E+005  0.234153797057402E+002 
      8.80000000 -0.233081778943914E+005  0.234153812257999E+002 
      8.82000000 -0.233081778933598E+005  0.234153822573653E+002 
      8.84000000 -0.233081778923263E+005  0.234153832909137E+002 
      8.86000000 -0.233081778910608E+005  0.234153845563937E+002 
      8.88000000 -0.233081778895695E+005  0.234153860476521E+002 
      8.90000000 -0.233081778879814E+005  0.234153876357952E+002 
      8.92000000 -0.233081778863892E+005  0.234153892280094E+002 
      8.94000000 -0.233081778848050E+005  0.234153908121804E+002 
      8.96000000 -0.233081778832307E+005  0.234153923864983E+002 
      8.98000000 -0.233081778816683E+005  0.234153939488502E+002 
      9.00000000 -0.233081778801202E+005  0.234153954969995E+002 
      9.02000000 -0.233081778785887E+005  0.234153970285023E+002 
      9.04000000 -0.233081778770763E+005  0.234153985408373E+002 
      9.06000000 -0.233081778755858E+005  0.234154000313750E+002 
      9.08000000 -0.233081778741198E+005  0.234154014973868E+002 
      9.10000000 -0.233081778726812E+005  0.234154029359864E+002 
      9.12000000 -0.233081778712729E+005  0.234154043442473E+002 
      9.14000000 -0.233081778698982E+005  0.234154057189924E+002 
      9.16000000 -0.233081778685600E+005  0.234154070571498E+002 
      9.18000000 -0.233081778672616E+005  0.234154083555763E+002 
      9.20000000 -0.233081778660060E+005  0.234154096112187E+002 
      9.22000000 -0.233081778647958E+005  0.234154108213701E+002 
      9.24000000 -0.233081778636335E+005  0.234154119836422E+002 
      9.26000000 -0.233081778625210E+005  0.234154130961387E+002 
      9.28000000 -0.233081778614595E+005  0.234154141576437E+002 
      9.30000000 -0.233081778604494E+005  0.234154151677582E+002 
      9.32000000 -0.233081778594904E+005  0.234154161268009E+002 
      9.34000000 -0.233081778585811E+005  0.234154170360803E+002 
      9.36000000 -0.233081778577194E+005  0.234154178977527E+002 
      9.38000000 -0.233081778569024E+005  0.234154187147971E+002 
      9.40000000 -0.233081778561261E+005  0.234154194910373E+002 
      9.42000000 -0.233081778553864E+005  0.234154202307795E+002 
      9.44000000 -0.233081778546782E+005  0.234154209390105E+002 
      9.46000000 -0.233081778539962E+005  0.234154216209584E+002 
      9.48000000 -0.233081778533351E+005  0.234154222821114E+002 
      9.50000000 -0.233081778526893E+005  0.234154229278490E+002 
      9.52000000 -0.233081778520538E+005  0.234154235633407E+002 
      9.54000000 -0.233081778514239E+005  0.234154241933043E+002 
      9.56000000 -0.233081778507954E+005  0.234154248218323E+002 
      9.58000000 -0.233081778501650E+005  0.234154254521702E+002 
      9.60000000 -0.233081778495305E+005  0.234154260866781E+002 
      9.62000000 -0.233081778488905E+005  0.234154267266927E+002 
      9.64000000 -0.233081778482445E+005  0.234154273726902E+002 
      9.66000000 -0.233081778475930E+005  0.234154280241540E+002 
      9.68000000 -0.233081778469373E+005  0.234154286798623E+002 
      9.70000000 -0.233081778462792E+005  0.234154293380145E+002 
      9.72000000 -0.233081778456207E+005  0.234154299964760E+002 
      9.74000000 -0.233081778449643E+005  0.234154306529329E+002 
      9.76000000 -0.233081778443122E+005  0.234154313050124E+002 
      9.78000000 -0.233081778436666E+005  0.234154319505397E+002 
      9.80000000 -0.233081778430296E+005  0.234154325876246E+002 
      9.82000000 -0.233081778424026E+005  0.234154332145688E+002 
      9.84000000 -0.233081778417871E+005  0.234154338300946E+002 
      9.86000000 -0.233081778411840E+005  0.234154344331780E+002 
      9.88000000 -0.233081778405940E+005  0.234154350231354E+002 
      9.90000000 -0.233081778400177E+005  0.234154355995305E+002 
      9.92000000 -0.233081778394550E+005  0.234154361621530E+002 
      9.94000000 -0.233081778389062E+005  0.234154367110339E+002 
      9.96000000 -0.233081778383708E+005  0.234154372463835E+002 
      9.98000000 -0.233081778378486E+005  0.234154377685668E+002 
     10.00000000 -0.233081778373390E+005  0.234154382782304E+002 
     10.02000000 -0.233081778368410E+005  0.234154387761755E+002 
     10.04000000 -0.233081778363538E+005  0.234154392633643E+002 
     10.06000000 -0.233081778358762E+005  0.234154397410032E+002 
     10.08000000 -0.233081778354068E+005  0.234154402104039E+002 
     10.10000000 -0.233081778349441E+005  0.234154406730482E+002 
     10.12000000 -0.233081778344867E+005  0.234154411305139E+002 
     10.14000000 -0.233081778340329E+005  0.234154415843261E+002 
     10.16000000 -0.233081778335812E+005  0.234154420359821E+002 
     10.18000000 -0.233081778331304E+005  0.234154424867811E+002 
     10.20000000 -0.233081778326795E+005  0.234154429377039E+002 
     10.22000000 -0.233081778322278E+005  0.234154433893846E+002 
     10.24000000 -0.233081778317752E+005  0.234154438420181E+002 
     10.26000000 -0.233081778313220E+005  0.234154442951714E+002 
     10.28000000 -0.233081778308692E+005  0.234154447480307E+002 
     10.30000000 -0.233081778304179E+005  0.234154451992350E+002 
     10.32000000 -0.233081778299701E+005  0.234154456470766E+002 
     10.34000000 -0.233081778295275E+005  0.234154460896653E+002 
     10.36000000 -0.233081778290921E+005  0.234154465250583E+002 
     10.38000000 -0.233081778286656E+005  0.234154469515727E+002 
     10.40000000 -0.233081778282493E+005  0.234154473678784E+002 
     10.42000000 -0.233081778278440E+005  0.234154477732173E+002 
     10.44000000 -0.233081778274497E+005  0.234154481674720E+002 
     10.46000000 -0.233081778270660E+005  0.234154485511930E+002 
     10.48000000 -0.233081778266917E+005  0.234154489254384E+002 
     10.50000000 -0.233081778263255E+005  0.234154492916405E+002 
     10.52000000 -0.233081778259657E+005  0.234154496514574E+002 
     10.54000000 -0.233081778256108E+005  0.234154500063463E+002 
     10.56000000 -0.233081778252596E+005  0.234154503576157E+002 
     10.58000000 -0.233081778249111E+005  0.234154507061133E+002 
     10.60000000 -0.233081778245650E+005  0.234154510522041E+002 
     10.62000000 -0.233081778242214E+005  0.234154513958138E+002 
     10.64000000 -0.233081778238806E+005  0.234154517366083E+002 
     10.66000000 -0.233081778235431E+005  0.234154520740742E+002 
     10.68000000 -0.233081778232094E+005  0.234154524077411E+002 
     10.70000000 -0.233081778228799E+005  0.234154527372689E+002 
     10.72000000 -0.233081778225545E+005  0.234154530627038E+002 
     10.74000000 -0.233081778222328E+005  0.234154533843615E+002 
     10.76000000 -0.233081778219143E+005  0.234154537028576E+002 
     10.78000000 -0.233081778215982E+005  0.234154540189437E+002 
     10.80000000 -0.233081778212838E+005  0.234154543333563E+002 
     10.82000000 -0.233081778209704E+005  0.234154546467727E+002 
     10.84000000 -0.233081778206577E+005  0.234154549595209E+002 
     10.86000000 -0.233081778203455E+005  0.234154552716380E+002 
     10.88000000 -0.233081778200345E+005  0.234154555826785E+002 
     10.90000000 -0.233081778197252E+005  0.234154558919743E+002 
     10.92000000 -0.233081778194187E+005  0.234154561984951E+002 
     10.94000000 -0.233081778191161E+005  0.234154565011242E+002 
     10.96000000 -0.233081778188183E+005  0.234154567988438E+002 
     10.98000000 -0.233081778185264E+005  0.234154570908032E+002 
     11.00000000 -0.233081778182407E+005  0.234154573764702E+002 
     11.02000000 -0.233081778179614E+005  0.234154576557613E+002 
     11.04000000 -0.233081778176882E+005  0.234154579290015E+002 
     11.06000000 -0.233081778174203E+005  0.234154581969299E+002 
     11.08000000 -0.233081778171566E+005  0.234154584605769E+002 
     11.10000000 -0.233081778168959E+005  0.234154587212664E+002 
     11.12000000 -0.233081778166370E+005  0.234154589801987E+002 
     11.14000000 -0.233081778163787E+005  0.234154592385247E+002 
     11.16000000 -0.233081778161202E+005  0.234154594970301E+002 
     11.18000000 -0.233081778158610E+005  0.234154597561728E+002 
     11.20000000 -0.233081778156012E+005  0.234154600159652E+002 
     11.22000000 -0.233081778153412E+005  0.234154602759617E+002 
     11.24000000 -0.233081778150818E+005  0.234154605354323E+002 
     11.26000000 -0.233081778148239E+005  0.234154607932912E+002 
     11.28000000 -0.233081778145686E+005  0.234154610485545E+002 
     11.30000000 -0.233081778143170E+005  0.234154613001953E+002 
     11.32000000 -0.233081778140696E+005  0.234154615475391E+002 
     11.34000000 -0.233081778138270E+005  0.234154617902364E+002 
     11.36000000 -0.233081778135887E+005  0.234154620284417E+002 
     11.38000000 -0.233081778133545E+005  0.234154622626812E+002 
     11.40000000 -0.233081778131232E+005  0.234154624940219E+002 
     11.42000000 -0.233081778128935E+005  0.234154627237230E+002 
     11.44000000 -0.233081778126640E+005  0.234154629532107E+002 
     11.46000000 -0.233081778124333E+005  0.234154631838956E+002 
     11.48000000 -0.233081778122002E+005  0.234154634169409E+002 
     11.50000000 -0.233081778119639E+005  0.234154636532375E+002 
     11.52000000 -0.233081778117241E+005  0.234154638931072E+002 
     11.54000000 -0.233081778114808E+005  0.234154641364046E+002 
     11.56000000 -0.233081778112348E+005  0.234154643824213E+002 
     11.58000000 -0.233081778109871E+005  0.234154646300466E+002 
     11.60000000 -0.233081778107393E+005  0.234154648778978E+002 
     11.62000000 -0.233081778104929E+005  0.234154651243135E+002 
     11.64000000 -0.233081778102494E+005  0.234154653678244E+002 
     11.66000000 -0.233081778100102E+005  0.234154656070321E+002 
     11.68000000 -0.233081778097762E+005  0.234154658410302E+002 
     11.70000000 -0.233081778095478E+005  0.234154660693639E+002 
     11.72000000 -0.233081778093250E+005  0.234154662921447E+002 
     11.74000000 -0.233081778091070E+005  0.234154665101429E+002 
     11.76000000 -0.233081778088926E+005  0.234154667245927E+002 
     11.78000000 -0.233081778086801E+005  0.234154669371307E+002 
     11.80000000 -0.233081778084674E+005  0.234154671497738E+002 
     11.82000000 -0.233081778082527E+005  0.234154673645361E+002 
     11.84000000 -0.233081778080339E+005  0.234154675832426E+002 
     11.86000000 -0.233081778078097E+005  0.234154678075053E+002 
     11.88000000 -0.233081778075789E+005  0.234154680382520E+002 
     11.90000000 -0.233081778073412E+005  0.234154682760057E+002 
     11.92000000 -0.233081778070969E+005  0.234154685202993E+002 
     11.94000000 -0.233081778068470E+005  0.234154687701922E+002 
     11.96000000 -0.233081778065931E+005  0.234154690240634E+002 
     11.98000000 -0.233081778063374E+005  0.234154692798063E+002 
     12.00000000 -0.233081778060821E+005  0.234154695351130E+002 
     12.02000000 -0.233081778058295E+005  0.234154697876478E+002 
     12.04000000 -0.233081778055819E+005  0.234154700353164E+002 
     12.06000000 -0.233081778053408E+005  0.234154702763679E+002 
     12.08000000 -0.233081778051075E+005  0.234154705097318E+002 
     12.10000000 -0.233081778048823E+005  0.234154707348761E+002 
     12.12000000 -0.233081778046652E+005  0.234154709519987E+002 
     12.14000000 -0.233081778044554E+005  0.234154711618051E+002 
     12.16000000 -0.233081778042516E+005  0.234154713655728E+002 
     12.18000000 -0.233081778040524E+005  0.234154715647682E+002 
     12.20000000 -0.233081778038561E+005  0.234154717610556E+002 
     12.22000000 -0.233081778036611E+005  0.234154719560561E+002 
     12.24000000 -0.233081778034660E+005  0.234154721511586E+002 
     12.26000000 -0.233081778032697E+005  0.234154723474677E+002 
     12.28000000 -0.233081778030715E+005  0.234154725457350E+002 
     12.30000000 -0.233081778028709E+005  0.234154727462854E+002 
     12.32000000 -0.233081778026680E+005  0.234154729492240E+002 
     12.34000000 -0.233081778024629E+005  0.234154731542910E+002 
     12.36000000 -0.233081778022561E+005  0.234154733610656E+002 
     12.38000000 -0.233081778020481E+005  0.234154735690901E+002 
     12.40000000 -0.233081778018393E+005  0.234154737779034E+002 
     12.42000000 -0.233081778016301E+005  0.234154739870694E+002 
     12.44000000 -0.233081778014209E+005  0.234154741962508E+002 
     12.46000000 -0.233081778012119E+005  0.234154744053332E+002 
     12.48000000 -0.233081778010030E+005  0.234154746141899E+002 
     12.50000000 -0.233081778007944E+005  0.234154748228206E+002 
     12.52000000 -0.233081778005859E+005  0.234154750312565E+002 
     12.54000000 -0.233081778003777E+005  0.234154752395285E+002 
     12.56000000 -0.233081778001696E+005  0.234154754475869E+002 
     12.58000000 -0.233081777999618E+005  0.234154756553577E+002 
     12.60000000 -0.233081777997545E+005  0.234154758626799E+002 
     12.62000000 -0.233081777995479E+005  0.234154760693339E+002 
     12.64000000 -0.233081777993422E+005  0.234154762749918E+002 
     12.66000000 -0.233081777991378E+005  0.234154764793658E+002 
     12.68000000 -0.233081777989352E+005  0.234154766820353E+002 
     12.70000000 -0.233081777987344E+005  0.234154768827712E+002 
     12.72000000 -0.233081777985359E+005  0.234154770812984E+002 
     12.74000000 -0.233081777983397E+005  0.234154772774435E+002 
     12.76000000 -0.233081777981461E+005  0.234154774711354E+002 
     12.78000000 -0.233081777979548E+005  0.234154776624205E+002 
     12.80000000 -0.233081777977656E+005  0.234154778515432E+002 
     12.82000000 -0.233081777975784E+005  0.234154780387943E+002 
     12.84000000 -0.233081777973926E+005  0.234154782245481E+002 
     12.86000000 -0.233081777972078E+005  0.234154784094171E+002 
     12.88000000 -0.233081777970233E+005  0.234154785938747E+002 
     12.90000000 -0.233081777968387E+005  0.234154787785117E+002 
     12.92000000 -0.233081777966534E+005  0.234154789638108E+002 
     12.94000000 -0.233081777964670E+005  0.234154791501616E+002 
     12.96000000 -0.233081777962793E+005  0.234154793378427E+002 
     12.98000000 -0.233081777960902E+005  0.234154795269963E+002 
     13.00000000 -0.233081777958997E+005  0.234154797174369E+002 
     13.02000000 -0.233081777957082E+005  0.234154799090097E+002 
     13.04000000 -0.233081777955159E+005  0.234154801013157E+002 
     13.06000000 -0.233081777953232E+005  0.234154802939403E+002 
     13.08000000 -0.233081777951308E+005  0.234154804863948E+002 
     13.10000000 -0.233081777949389E+005  0.234154806782738E+002 
     13.12000000 -0.233081777947480E+005  0.234154808691382E+002 
     13.14000000 -0.233081777945584E+005  0.234154810587744E+002 
     13.16000000 -0.233081777943702E+005  0.234154812469876E+002 
     13.18000000 -0.233081777941834E+005  0.234154814338087E+002 
     13.20000000 -0.233081777939980E+005  0.234154816192222E+002 
     13.22000000 -0.233081777938137E+005  0.234154818035189E+002 
     13.24000000 -0.233081777936303E+005  0.234154819868752E+002 
     13.26000000 -0.233081777934476E+005  0.234154821696035E+002 
     13.28000000 -0.233081777932652E+005  0.234154823520347E+002 
     13.30000000 -0.233081777930827E+005  0.234154825344475E+002 
     13.32000000 -0.233081777929001E+005  0.234154827171170E+002 
     13.34000000 -0.233081777927169E+005  0.234154829002876E+002 
     13.36000000 -0.233081777925330E+005  0.234154830842162E+002 
     13.38000000 -0.233081777923481E+005  0.234154832690852E+002 
     13.40000000 -0.233081777921622E+005  0.234154834550154E+002 
     13.42000000 -0.233081777919750E+005  0.234154836421674E+002 
     13.44000000 -0.233081777917867E+005  0.234154838305260E+002 
     13.46000000 -0.233081777915971E+005  0.234154840201097E+002 
     13.48000000 -0.233081777914065E+005  0.234154842106956E+002 
     13.50000000 -0.233081777912152E+005  0.234154844020333E+002 
     13.52000000 -0.233081777910235E+005  0.234154845937051E+002 
     13.54000000 -0.233081777908320E+005  0.234154847851851E+002 
     13.56000000 -0.233081777906413E+005  0.234154849758670E+002 
     13.58000000 -0.233081777904521E+005  0.234154851650701E+002 
     13.60000000 -0.233081777902651E+005  0.234154853521263E+002 
     13.62000000 -0.233081777900807E+005  0.234154855365220E+002 
     13.64000000 -0.233081777898994E+005  0.234154857178025E+002 
     13.66000000 -0.233081777897214E+005  0.234154858957821E+002 
     13.68000000 -0.233081777895467E+005  0.234154860704361E+002 
     13.70000000 -0.233081777893752E+005  0.234154862420121E+002 
     13.72000000 -0.233081777892063E+005  0.234154864109275E+002 
     13.74000000 -0.233081777890393E+005  0.234154865778383E+002 
     13.76000000 -0.233081777888737E+005  0.234154867434499E+002 
     13.78000000 -0.233081777887087E+005  0.234154869084798E+002 
     13.80000000 -0.233081777885435E+005  0.234154870736613E+002 
     13.82000000 -0.233081777883776E+005  0.234154872395976E+002 
     13.84000000 -0.233081777882104E+005  0.234154874067869E+002 
     13.86000000 -0.233081777880417E+005  0.234154875754672E+002 
     13.88000000 -0.233081777878714E+005  0.234154877457748E+002 
     13.90000000 -0.233081777876995E+005  0.234154879176570E+002 
     13.92000000 -0.233081777875263E+005  0.234154880908632E+002 
     13.94000000 -0.233081777873521E+005  0.234154882651305E+002 
     13.96000000 -0.233081777871771E+005  0.234154884400723E+002 
     13.98000000 -0.233081777870018E+005  0.234154886153358E+002 
     14.00000000 -0.233081777868267E+005  0.234154887905250E+002 
     14.02000000 -0.233081777866517E+005  0.234154889654482E+002 
     14.04000000 -0.233081777864774E+005  0.234154891397712E+002 
     14.06000000 -0.233081777863038E+005  0.234154893134074E+002 
     14.08000000 -0.233081777861310E+005  0.234154894861930E+002 
     14.10000000 -0.233081777859592E+005  0.234154896580318E+002 
     14.12000000 -0.233081777857884E+005  0.234154898288282E+002 
     14.14000000 -0.233081777856188E+005  0.234154899983933E+002 
     14.16000000 -0.233081777854506E+005  0.234154901666220E+002 
     14.18000000 -0.233081777852839E+005  0.234154903332915E+002 
     14.20000000 -0.233081777851190E+005  0.234154904982224E+002 
     14.22000000 -0.233081777849559E+005  0.234154906612508E+002 
     14.24000000 -0.233081777847949E+005  0.234154908222622E+002 
     14.26000000 -0.233081777846359E+005  0.234154909812627E+002 
     14.28000000 -0.233081777844789E+005  0.234154911383205E+002 
     14.30000000 -0.233081777843235E+005  0.234154912937232E+002 
     14.32000000 -0.233081777841694E+005  0.234154914478204E+002 
     14.34000000 -0.233081777840161E+005  0.234154916010978E+002 
     14.36000000 -0.233081777838631E+005  0.234154917540597E+002 
     14.38000000 -0.233081777837098E+005  0.234154919073959E+002 
     14.40000000 -0.233081777835556E+005  0.234154920615983E+002 
     14.42000000 -0.233081777833999E+005  0.234154922172795E+002 
     14.44000000 -0.233081777832423E+005  0.234154923748786E+002 
     14.46000000 -0.233081777830825E+005  0.234154925347113E+002 
     14.48000000 -0.233081777829201E+005  0.234154926971117E+002 
     14.50000000 -0.233081777827550E+005  0.234154928621478E+002 
     14.52000000 -0.233081777825874E+005  0.234154930297640E+002 
     14.54000000 -0.233081777824173E+005  0.234154931998426E+002 
     14.56000000 -0.233081777822450E+005  0.234154933721455E+002 
     14.58000000 -0.233081777820709E+005  0.234154935462768E+002 
     14.60000000 -0.233081777818955E+005  0.234154937216825E+002 
     14.62000000 -0.233081777817193E+005  0.234154938978834E+002 
     14.64000000 -0.233081777815430E+005  0.234154940741615E+002 
     14.66000000 -0.233081777813674E+005  0.234154942498086E+002 
     14.68000000 -0.233081777811930E+005  0.234154944241471E+002 
     14.70000000 -0.233081777810207E+005  0.234154945964686E+002 
     14.72000000 -0.233081777808509E+005  0.234154947662843E+002 
     14.74000000 -0.233081777806841E+005  0.234154949331363E+002 
     14.76000000 -0.233081777805204E+005  0.234154950967494E+002 
     14.78000000 -0.233081777803600E+005  0.234154952571513E+002 
     14.80000000 -0.233081777802027E+005  0.234154954145339E+002 
     14.82000000 -0.233081777800478E+005  0.234154955693921E+002 
     14.84000000 -0.233081777798949E+005  0.234154957222643E+002 
     14.86000000 -0.233081777797432E+005  0.234154958739980E+002 
     14.88000000 -0.233081777795918E+005  0.234154960253451E+002 
     14.90000000 -0.233081777794400E+005  0.234154961771871E+002 
     14.92000000 -0.233081777792870E+005  0.234154963302077E+002 
     14.94000000 -0.233081777791322E+005  0.234154964849979E+002 
     14.96000000 -0.233081777789753E+005  0.234154966418794E+002 
     14.98000000 -0.233081777788162E+005  0.234154968010253E+002 
     15.00000000 -0.233081777786550E+005  0.234154969622254E+002 
     15.02000000 -0.233081777784920E+005  0.234154971251764E+002 
     15.04000000 -0.233081777783278E+005  0.234154972894144E+002 
     15.06000000 -0.233081777781628E+005  0.234154974543391E+002 
     15.08000000 -0.233081777779979E+005  0.234154976192762E+002 
     15.10000000 -0.233081777778335E+005  0.234154977837308E+002 
     15.12000000 -0.233081777776700E+005  0.234154979471984E+002 
     15.14000000 -0.233081777775078E+005  0.234154981094039E+002 
     15.16000000 -0.233081777773471E+005  0.234154982701276E+002 
     15.18000000 -0.233081777771878E+005  0.234154984293818E+002 
     15.20000000 -0.233081777770299E+005  0.234154985872779E+002 
     15.22000000 -0.233081777768732E+005  0.234154987439676E+002 
     15.24000000 -0.233081777767176E+005  0.234154988996085E+002 
     15.26000000 -0.233081777765628E+005  0.234154990543863E+002 
     15.28000000 -0.233081777764087E+005  0.234154992084402E+002 
     15.30000000 -0.233081777762554E+005  0.234154993618321E+002 
     15.32000000 -0.233081777761027E+005  0.234154995145217E+002 
     15.34000000 -0.233081777759507E+005  0.234154996664937E+002 
     15.36000000 -0.233081777757995E+005  0.234154998176829E+002 
     15.38000000 -0.233081777756492E+005  0.234154999679874E+002 
     15.40000000 -0.233081777754999E+005  0.234155001173144E+002 
     15.42000000 -0.233081777753515E+005  0.234155002656761E+002 
     15.44000000 -0.233081777752042E+005  0.234155004129922E+002 
     15.46000000 -0.233081777750579E+005  0.234155005592534E+002 
     15.48000000 -0.233081777749127E+005  0.234155007044999E+002 
     15.50000000 -0.233081777747684E+005  0.234155008487905E+002 
     15.52000000 -0.233081777746250E+005  0.234155009921778E+002 
     15.54000000 -0.233081777744825E+005  0.234155011346988E+002 
     15.56000000 -0.233081777743407E+005  0.234155012764712E+002 
     15.58000000 -0.233081777741996E+005  0.234155014176311E+002 
     15.60000000 -0.233081777740589E+005  0.234155015582373E+002 
     15.62000000 -0.233081777739186E+005  0.234155016985402E+002 
     15.64000000 -0.233081777737785E+005  0.234155018386823E+002 
     15.66000000 -0.233081777736383E+005  0.234155019789296E+002 
     15.68000000 -0.233081777734975E+005  0.234155021196378E+002 
     15.70000000 -0.233081777733561E+005  0.234155022610947E+002 
     15.72000000 -0.233081777732135E+005  0.234155024036529E+002 
     15.74000000 -0.233081777730695E+005  0.234155025477207E+002 
     15.76000000 -0.233081777729236E+005  0.234155026936231E+002 
     15.78000000 -0.233081777727756E+005  0.234155028415703E+002 
     15.80000000 -0.233081777726255E+005  0.234155029917356E+002 
     15.82000000 -0.233081777724731E+005  0.234155031441251E+002 
     15.84000000 -0.233081777723186E+005  0.234155032986060E+002 
     15.86000000 -0.233081777721622E+005  0.234155034549553E+002 
     15.88000000 -0.233081777720045E+005  0.234155036127091E+002 
     15.90000000 -0.233081777718457E+005  0.234155037714467E+002 
     15.92000000 -0.233081777716866E+005  0.234155039306019E+002 
     15.94000000 -0.233081777715276E+005  0.234155040896272E+002 
     15.96000000 -0.233081777713692E+005  0.234155042480245E+002 
     15.98000000 -0.233081777712118E+005  0.234155044053793E+002 
     16.00000000 -0.233081777710559E+005  0.234155045612986E+002 
     16.02000000 -0.233081777709016E+005  0.234155047155907E+002 
     16.04000000 -0.233081777707490E+005  0.234155048681566E+002 
     16.06000000 -0.233081777705982E+005  0.234155050189685E+002 
     16.08000000 -0.233081777704491E+005  0.234155051681129E+002 
     16.10000000 -0.233081777703014E+005  0.234155053157971E+002 
     16.12000000 -0.233081777701549E+005  0.234155054622532E+002 
     16.14000000 -0.233081777700095E+005  0.234155056077317E+002 
     16.16000000 -0.233081777698647E+005  0.234155057524926E+002 
     16.18000000 -0.233081777697204E+005  0.234155058967955E+002 
     16.20000000 -0.233081777695764E+005  0.234155060408046E+002 
     16.22000000 -0.233081777694325E+005  0.234155061847270E+002 
     16.24000000 -0.233081777692885E+005  0.234155063287268E+002 
     16.26000000 -0.233081777691444E+005  0.234155064728318E+002 
     16.28000000 -0.233081777690000E+005  0.234155066171781E+002 
     16.30000000 -0.233081777688554E+005  0.234155067618337E+002 
     16.32000000 -0.233081777687104E+005  0.234155069068296E+002 
     16.34000000 -0.233081777685649E+005  0.234155070523329E+002 
     16.36000000 -0.233081777684187E+005  0.234155071984487E+002 
     16.38000000 -0.233081777682718E+005  0.234155073453998E+002 
     16.40000000 -0.233081777681239E+005  0.234155074933222E+002 
     16.42000000 -0.233081777679748E+005  0.234155076424140E+002 
     16.44000000 -0.233081777678244E+005  0.234155077928268E+002 
     16.46000000 -0.233081777676725E+005  0.234155079446626E+002 
     16.48000000 -0.233081777675193E+005  0.234155080979338E+002 
     16.50000000 -0.233081777673646E+005  0.234155082525724E+002 
     16.52000000 -0.233081777672087E+005  0.234155084084423E+002 
     16.54000000 -0.233081777670519E+005  0.234155085652526E+002 
     16.56000000 -0.233081777668944E+005  0.234155087227465E+002 
     16.58000000 -0.233081777667366E+005  0.234155088805684E+002 
     16.60000000 -0.233081777665787E+005  0.234155090384429E+002 
     16.62000000 -0.233081777664212E+005  0.234155091960142E+002 
     16.64000000 -0.233081777662641E+005  0.234155093531246E+002 
     16.66000000 -0.233081777661076E+005  0.234155095096101E+002 
     16.68000000 -0.233081777659518E+005  0.234155096653407E+002 
     16.70000000 -0.233081777657969E+005  0.234155098202856E+002 
     16.72000000 -0.233081777656428E+005  0.234155099743952E+002 
     16.74000000 -0.233081777654895E+005  0.234155101276633E+002 
     16.76000000 -0.233081777653371E+005  0.234155102800467E+002 
     16.78000000 -0.233081777651857E+005  0.234155104314896E+002 
     16.80000000 -0.233081777650352E+005  0.234155105820199E+002 
     16.82000000 -0.233081777648856E+005  0.234155107315975E+002 
     16.84000000 -0.233081777647368E+005  0.234155108803490E+002 
     16.86000000 -0.233081777645889E+005  0.234155110283271E+002 
     16.88000000 -0.233081777644413E+005  0.234155111758567E+002 
     16.90000000 -0.233081777642939E+005  0.234155113232377E+002 
     16.92000000 -0.233081777641463E+005  0.234155114708787E+002 
     16.94000000 -0.233081777639980E+005  0.234155116192064E+002 
     16.96000000 -0.233081777638485E+005  0.234155117686539E+002 
     16.98000000 -0.233081777636976E+005  0.234155119195617E+002 
     17.00000000 -0.233081777635450E+005  0.234155120721740E+002 
     17.02000000 -0.233081777633906E+005  0.234155122265496E+002 
     17.04000000 -0.233081777632345E+005  0.234155123826577E+002 
     17.06000000 -0.233081777630769E+005  0.234155125402661E+002 
     17.08000000 -0.233081777629181E+005  0.234155126990563E+002 
     17.10000000 -0.233081777627587E+005  0.234155128585240E+002 
     17.12000000 -0.233081777625990E+005  0.234155130182144E+002 
     17.14000000 -0.233081777624396E+005  0.234155131775800E+002 
     17.16000000 -0.233081777622810E+005  0.234155133361567E+002 
     17.18000000 -0.233081777621237E+005  0.234155134935362E+002 
     17.20000000 -0.233081777619678E+005  0.234155136493875E+002 
     17.22000000 -0.233081777618137E+005  0.234155138035187E+002 
     17.24000000 -0.233081777616613E+005  0.234155139558897E+002 
     17.26000000 -0.233081777615106E+005  0.234155141066088E+002 
     17.28000000 -0.233081777613614E+005  0.234155142558151E+002 
     17.30000000 -0.233081777612135E+005  0.234155144037282E+002 
     17.32000000 -0.233081777610664E+005  0.234155145507473E+002 
     17.34000000 -0.233081777609200E+005  0.234155146971694E+002 
     17.36000000 -0.233081777607739E+005  0.234155148433130E+002 
     17.38000000 -0.233081777606277E+005  0.234155149894722E+002 
     17.40000000 -0.233081777604813E+005  0.234155151358911E+002 
     17.42000000 -0.233081777603345E+005  0.234155152827339E+002 
     17.44000000 -0.233081777601872E+005  0.234155154300098E+002 
     17.46000000 -0.233081777600395E+005  0.234155155777343E+002 
     17.48000000 -0.233081777598914E+005  0.234155157257433E+002 
     17.50000000 -0.233081777597433E+005  0.234155158738638E+002 
     17.52000000 -0.233081777595953E+005  0.234155160218976E+002 
     17.54000000 -0.233081777594477E+005  0.234155161695106E+002 
     17.56000000 -0.233081777593007E+005  0.234155163164617E+002 
     17.58000000 -0.233081777591547E+005  0.234155164624971E+002 
     17.60000000 -0.233081777590098E+005  0.234155166074249E+002 
     17.62000000 -0.233081777588661E+005  0.234155167511216E+002 
     17.64000000 -0.233081777587236E+005  0.234155168935684E+002 
     17.66000000 -0.233081777585824E+005  0.234155170347747E+002 
     17.68000000 -0.233081777584423E+005  0.234155171749075E+002 
     17.70000000 -0.233081777583030E+005  0.234155173141989E+002 
     17.72000000 -0.233081777581643E+005  0.234155174528498E+002 
     17.74000000 -0.233081777580260E+005  0.234155175911822E+002 
     17.76000000 -0.233081777578877E+005  0.234155177294836E+002 
     17.78000000 -0.233081777577492E+005  0.234155178679892E+002 
     17.80000000 -0.233081777576103E+005  0.234155180068846E+002 
     17.82000000 -0.233081777574709E+005  0.234155181462935E+002 
     17.84000000 -0.233081777573309E+005  0.234155182862624E+002 
     17.86000000 -0.233081777571904E+005  0.234155184267448E+002 
     17.88000000 -0.233081777570495E+005  0.234155185676819E+002 
     17.90000000 -0.233081777569083E+005  0.234155187089285E+002 
     17.92000000 -0.233081777567668E+005  0.234155188503699E+002 
     17.94000000 -0.233081777566252E+005  0.234155189919628E+002 
     17.96000000 -0.233081777564835E+005  0.234155191336610E+002 
     17.98000000 -0.233081777563416E+005  0.234155192755665E+002 
     18.00000000 -0.233081777561994E+005  0.234155194178091E+002 
     18.02000000 -0.233081777560566E+005  0.234155195606302E+002 
     18.04000000 -0.233081777559130E+005  0.234155197042093E+002 
     18.06000000 -0.233081777557684E+005  0.234155198488123E+002 
     18.08000000 -0.233081777556226E+005  0.234155199946095E+002 
     18.10000000 -0.233081777554754E+005  0.234155201417431E+002 
     18.12000000 -0.233081777553271E+005  0.234155202900986E+002 
     18.14000000 -0.233081777551775E+005  0.234155204396545E+002 
     18.16000000 -0.233081777550271E+005  0.234155205900765E+002 
     18.18000000 -0.233081777548761E+005  0.234155207410709E+002 
     18.20000000 -0.233081777547250E+005  0.234155208921766E+002 
     18.22000000 -0.233081777545742E+005  0.234155210429761E+002 
     18.24000000 -0.233081777544241E+005  0.234155211931135E+002 
     18.26000000 -0.233081777542749E+005  0.234155213422889E+002 
     18.28000000 -0.233081777541269E+005  0.234155214902949E+002 
     18.30000000 -0.233081777539800E+005  0.234155216371593E+002 
     18.32000000 -0.233081777538343E+005  0.234155217829162E+002 
     18.34000000 -0.233081777536894E+005  0.234155219278008E+002 
     18.36000000 -0.233081777535451E+005  0.234155220721007E+002 
     18.38000000 -0.233081777534010E+005  0.234155222161654E+002 
     18.40000000 -0.233081777532569E+005  0.234155223603137E+002 
     18.42000000 -0.233081777531124E+005  0.234155225047837E+002 
     18.44000000 -0.233081777529674E+005  0.234155226498044E+002 
     18.46000000 -0.233081777528217E+005  0.234155227954871E+002 
     18.48000000 -0.233081777526753E+005  0.234155229419061E+002 
     18.50000000 -0.233081777525281E+005  0.234155230890799E+002 
     18.52000000 -0.233081777523801E+005  0.234155232370518E+002 
     18.54000000 -0.233081777522314E+005  0.234155233857971E+002 
     18.56000000 -0.233081777520818E+005  0.234155235354087E+002 
     18.58000000 -0.233081777519312E+005  0.234155236859730E+002 
     18.60000000 -0.233081777517796E+005  0.234155238375397E+002 
     18.62000000 -0.233081777516269E+005  0.234155239903036E+002 
     18.64000000 -0.233081777514729E+005  0.234155241443173E+002 
     18.66000000 -0.233081777513175E+005  0.234155242996860E+002 
     18.68000000 -0.233081777511607E+005  0.234155244564468E+002 
     18.70000000 -0.233081777510026E+005  0.234155246145595E+002 
     18.72000000 -0.233081777508434E+005  0.234155247738230E+002 
     18.74000000 -0.233081777506831E+005  0.234155249340702E+002 
     18.76000000 -0.233081777505222E+005  0.234155250949485E+002 
     18.78000000 -0.233081777503611E+005  0.234155252560589E+002 
     18.80000000 -0.233081777502002E+005  0.234155254170084E+002 
     18.82000000 -0.233081777500399E+005  0.234155255773144E+002 
     18.84000000 -0.233081777498806E+005  0.234155257365501E+002 
     18.86000000 -0.233081777497228E+005  0.234155258943472E+002 
     18.88000000 -0.233081777495667E+005  0.234155260505048E+002 
     18.90000000 -0.233081777494124E+005  0.234155262048124E+002 
     18.92000000 -0.233081777492598E+005  0.234155263573690E+002 
     18.94000000 -0.233081777491089E+005  0.234155265082798E+002 
     18.96000000 -0.233081777489593E+005  0.234155266578852E+002 
     18.98000000 -0.233081777488106E+005  0.234155268066027E+002 
     19.00000000 -0.233081777486624E+005  0.234155269548252E+002 
     19.02000000 -0.233081777485142E+005  0.234155271029920E+002 
     19.04000000 -0.233081777483657E+005  0.234155272514837E+002 
     19.06000000 -0.233081777482166E+005  0.234155274005786E+002 
     19.08000000 -0.233081777480667E+005  0.234155275504624E+002 
     19.10000000 -0.233081777479161E+005  0.234155277011103E+002 
     19.12000000 -0.233081777477648E+005  0.234155278524264E+002 
     19.14000000 -0.233081777476130E+005  0.234155280042034E+002 
     19.16000000 -0.233081777474610E+005  0.234155281561475E+002 
     19.18000000 -0.233081777473092E+005  0.234155283079524E+002 
     19.20000000 -0.233081777471579E+005  0.234155284593242E+002 
     19.22000000 -0.233081777470071E+005  0.234155286101051E+002 
     19.24000000 -0.233081777468571E+005  0.234155287601002E+002 
     19.26000000 -0.233081777467079E+005  0.234155289092972E+002 
     19.28000000 -0.233081777465594E+005  0.234155290577517E+002 
     19.30000000 -0.233081777464116E+005  0.234155292055690E+002 
     19.32000000 -0.233081777462643E+005  0.234155293529099E+002 
     19.34000000 -0.233081777461173E+005  0.234155294999135E+002 
     19.36000000 -0.233081777459704E+005  0.234155296467625E+002 
     19.38000000 -0.233081777458237E+005  0.234155297935218E+002 
     19.40000000 -0.233081777456769E+005  0.234155299402965E+002 
     19.42000000 -0.233081777455301E+005  0.234155300870712E+002 
     19.44000000 -0.233081777453833E+005  0.234155302338738E+002 
     19.46000000 -0.233081777452365E+005  0.234155303806640E+002 
     19.48000000 -0.233081777450897E+005  0.234155305274449E+002 
     19.50000000 -0.233081777449430E+005  0.234155306742134E+002 
     19.52000000 -0.233081777447962E+005  0.234155308210222E+002 
     19.54000000 -0.233081777446493E+005  0.234155309678928E+002 
     19.56000000 -0.233081777445023E+005  0.234155311148903E+002 
     19.58000000 -0.233081777443552E+005  0.234155312619837E+002 
     19.60000000 -0.233081777442080E+005  0.234155314091729E+002 
     19.62000000 -0.233081777440608E+005  0.234155315564148E+002 
     19.64000000 -0.233081777439137E+005  0.234155317035143E+002 
     19.66000000 -0.233081777437669E+005  0.234155318502952E+002 
     19.68000000 -0.233081777436207E+005  0.234155319965131E+002 
     19.70000000 -0.233081777434752E+005  0.234155321419545E+002 
     19.72000000 -0.233081777433307E+005  0.234155322864555E+002 
     19.74000000 -0.233081777431875E+005  0.234155324297190E+002 
     19.76000000 -0.233081777430454E+005  0.234155325717575E+002 
     19.78000000 -0.233081777429047E+005  0.234155327124904E+002 
     19.80000000 -0.233081777427652E+005  0.234155328519458E+002 
     19.82000000 -0.233081777426269E+005  0.234155329903183E+002 
     19.84000000 -0.233081777424894E+005  0.234155331277814E+002 
     19.86000000 -0.233081777423526E+005  0.234155332645824E+002 
     19.88000000 -0.233081777422162E+005  0.234155334009968E+002 
     19.90000000 -0.233081777420800E+005  0.234155335372193E+002 
     19.92000000 -0.233081777419437E+005  0.234155336734542E+002 
     19.94000000 -0.233081777418074E+005  0.234155338098315E+002 
     19.96000000 -0.233081777416708E+005  0.234155339463943E+002 
     19.98000000 -0.233081777415340E+005  0.234155340831613E+002 
     20.00000000 -0.233081777413972E+005  0.234155342200087E+002 
     20.02000000 -0.233081777412603E+005  0.234155343568686E+002 
     20.04000000 -0.233081777411236E+005  0.234155344935613E+002 
     20.06000000 -0.233081777409871E+005  0.234155346300499E+002 
     20.08000000 -0.233081777408510E+005  0.234155347662229E+002 
     20.10000000 -0.233081777407152E+005  0.234155349020309E+002 
     20.12000000 -0.233081777405797E+005  0.234155350374677E+002 
     20.14000000 -0.233081777404446E+005  0.234155351725518E+002 
     20.16000000 -0.233081777403097E+005  0.234155353074410E+002 
     20.18000000 -0.233081777401751E+005  0.234155354421199E+002 
     20.20000000 -0.233081777400404E+005  0.234155355768327E+002 
     20.22000000 -0.233081777399056E+005  0.234155357116199E+002 
     20.24000000 -0.233081777397705E+005  0.234155358467256E+002 
     20.26000000 -0.233081777396349E+005  0.234155359822521E+002 
     20.28000000 -0.233081777394988E+005  0.234155361183880E+002 
     20.30000000 -0.233081777393619E+005  0.234155362552540E+002 
     20.32000000 -0.233081777392243E+005  0.234155363929120E+002 
     20.34000000 -0.233081777390857E+005  0.234155365314918E+002 
     20.36000000 -0.233081777389463E+005  0.234155366708760E+002 
     20.38000000 -0.233081777388062E+005  0.234155368110026E+002 
     20.40000000 -0.233081777386655E+005  0.234155369516830E+002 
     20.42000000 -0.233081777385245E+005  0.234155370926387E+002 
     20.44000000 -0.233081777383836E+005  0.234155372336285E+002 
     20.46000000 -0.233081777382428E+005  0.234155373743615E+002 
     20.48000000 -0.233081777381026E+005  0.234155375145747E+002 
     20.50000000 -0.233081777379631E+005  0.234155376540455E+002 
     20.52000000 -0.233081777378244E+005  0.234155377927367E+002 
     20.54000000 -0.233081777376865E+005  0.234155379306483E+002 
     20.56000000 -0.233081777375493E+005  0.234155380679134E+002 
     20.58000000 -0.233081777374125E+005  0.234155382046371E+002 
     20.60000000 -0.233081777372762E+005  0.234155383410298E+002 
     20.62000000 -0.233081777371399E+005  0.234155384772833E+002 
     20.64000000 -0.233081777370037E+005  0.234155386135058E+002 
     20.66000000 -0.233081777368674E+005  0.234155387497840E+002 
     20.68000000 -0.233081777367311E+005  0.234155388860685E+002 
     20.70000000 -0.233081777365948E+005  0.234155390223683E+002 
     20.72000000 -0.233081777364587E+005  0.234155391585073E+002 
     20.74000000 -0.233081777363228E+005  0.234155392944143E+002 
     20.76000000 -0.233081777361872E+005  0.234155394300058E+002 
     20.78000000 -0.233081777360520E+005  0.234155395651641E+002 
     20.80000000 -0.233081777359172E+005  0.234155397000317E+002 
     20.82000000 -0.233081777357826E+005  0.234155398345899E+002 
     20.84000000 -0.233081777356483E+005  0.234155399689130E+002 
     20.86000000 -0.233081777355140E+005  0.234155401032051E+002 
     20.88000000 -0.233081777353797E+005  0.234155402375096E+002 
     20.90000000 -0.233081777352452E+005  0.234155403719750E+002 
     20.92000000 -0.233081777351105E+005  0.234155405067034E+002 
     20.94000000 -0.233081777349754E+005  0.234155406417627E+002 
     20.96000000 -0.233081777348401E+005  0.234155407771098E+002 
     20.98000000 -0.233081777347044E+005  0.234155409127631E+002 
     21.00000000 -0.233081777345685E+005  0.234155410487320E+002 
     21.02000000 -0.233081777344323E+005  0.234155411849298E+002 
     21.04000000 -0.233081777342959E+005  0.234155413213255E+002 
     21.06000000 -0.233081777341592E+005  0.234155414579564E+002 
     21.08000000 -0.233081777340224E+005  0.234155415947791E+002 
     21.10000000 -0.233081777338853E+005  0.234155417318431E+002 
     21.12000000 -0.233081777337481E+005  0.234155418691299E+002 
     21.14000000 -0.233081777336105E+005  0.234155420066764E+002 
     21.16000000 -0.233081777334727E+005  0.234155421444520E+002 
     21.18000000 -0.233081777333348E+005  0.234155422823821E+002 
     21.20000000 -0.233081777331968E+005  0.234155424204051E+002 
     21.22000000 -0.233081777330588E+005  0.234155425584096E+002 
     21.24000000 -0.233081777329209E+005  0.234155426962408E+002 
     21.26000000 -0.233081777327833E+005  0.234155428338431E+002 
     21.28000000 -0.233081777326461E+005  0.234155429710927E+002 
     21.30000000 -0.233081777325092E+005  0.234155431080020E+002 
     21.32000000 -0.233081777323726E+005  0.234155432445463E+002 
     21.34000000 -0.233081777322363E+005  0.234155433808678E+002 
     21.36000000 -0.233081777321002E+005  0.234155435169882E+002 
     21.38000000 -0.233081777319640E+005  0.234155436531458E+002 
     21.40000000 -0.233081777318277E+005  0.234155437895354E+002 
     21.42000000 -0.233081777316908E+005  0.234155439263488E+002 
     21.44000000 -0.233081777315533E+005  0.234155440638490E+002 
     21.46000000 -0.233081777314150E+005  0.234155442021381E+002 
     21.48000000 -0.233081777312758E+005  0.234155443413799E+002 
     21.50000000 -0.233081777311356E+005  0.234155444815591E+002 
     21.52000000 -0.233081777309946E+005  0.234155446226077E+002 
     21.54000000 -0.233081777308528E+005  0.234155447643522E+002 
     21.56000000 -0.233081777307107E+005  0.234155449064835E+002 
     21.58000000 -0.233081777305686E+005  0.234155450485993E+002 
     21.60000000 -0.233081777304269E+005  0.234155451902604E+002 
     21.62000000 -0.233081777302862E+005  0.234155453309717E+002 
     21.64000000 -0.233081777301469E+005  0.234155454702909E+002 
     21.66000000 -0.233081777300093E+005  0.234155456078468E+002 
     21.68000000 -0.233081777298738E+005  0.234155457434196E+002 
     21.70000000 -0.233081777297403E+005  0.234155458768394E+002 
     21.72000000 -0.233081777296090E+005  0.234155460081988E+002 
     21.74000000 -0.233081777294794E+005  0.234155461377733E+002 
     21.76000000 -0.233081777293512E+005  0.234155462659556E+002 
     21.78000000 -0.233081777292239E+005  0.234155463932934E+002 
     21.80000000 -0.233081777290967E+005  0.234155465204641E+002 
     21.82000000 -0.233081777289690E+005  0.234155466481484E+002 
     21.84000000 -0.233081777288402E+005  0.234155467769897E+002 
     21.86000000 -0.233081777287095E+005  0.234155469076562E+002 
     21.88000000 -0.233081777285765E+005  0.234155470406459E+002 
     21.90000000 -0.233081777284409E+005  0.234155471762745E+002 
     21.92000000 -0.233081777283024E+005  0.234155473148017E+002 
     21.94000000 -0.233081777281609E+005  0.234155474562524E+002 
     21.96000000 -0.233081777280167E+005  0.234155476005244E+002 
     21.98000000 -0.233081777278698E+005  0.234155477473796E+002 
     22.00000000 -0.233081777277207E+005  0.234155478964745E+002 
     22.02000000 -0.233081777275697E+005  0.234155480474782E+002 
     22.04000000 -0.233081777274173E+005  0.234155481999049E+002 
     22.06000000 -0.233081777272638E+005  0.234155483533493E+002 
     22.08000000 -0.233081777271099E+005  0.234155485073259E+002 
     22.10000000 -0.233081777269558E+005  0.234155486614108E+002 
     22.12000000 -0.233081777268020E+005  0.234155488151584E+002 
     22.14000000 -0.233081777266492E+005  0.234155489680151E+002 
     22.16000000 -0.233081777264977E+005  0.234155491194952E+002 
     22.18000000 -0.233081777263480E+005  0.234155492691562E+002 
     22.20000000 -0.233081777262007E+005  0.234155494164971E+002 
     22.22000000 -0.233081777260560E+005  0.234155495611651E+002 
     22.24000000 -0.233081777259144E+005  0.234155497028199E+002 
     22.26000000 -0.233081777257758E+005  0.234155498413565E+002 
     22.28000000 -0.233081777256404E+005  0.234155499768334E+002 
     22.30000000 -0.233081777255077E+005  0.234155501095324E+002 
     22.32000000 -0.233081777253774E+005  0.234155502398338E+002 
     22.34000000 -0.233081777252487E+005  0.234155503684833E+002 
     22.36000000 -0.233081777251210E+005  0.234155504962294E+002 
     22.38000000 -0.233081777249933E+005  0.234155506238920E+002 
     22.40000000 -0.233081777248647E+005  0.234155507524456E+002 
     22.42000000 -0.233081777247345E+005  0.234155508827099E+002 
     22.44000000 -0.233081777246018E+005  0.234155510153748E+002 
     22.46000000 -0.233081777244662E+005  0.234155511510034E+002 
     22.48000000 -0.233081777243272E+005  0.234155512899916E+002 
     22.50000000 -0.233081777241848E+005  0.234155514324261E+002 
     22.52000000 -0.233081777240389E+005  0.234155515783006E+002 
     22.54000000 -0.233081777238899E+005  0.234155517273119E+002 
     22.56000000 -0.233081777237382E+005  0.234155518790147E+002 
     22.58000000 -0.233081777235843E+005  0.234155520329202E+002 
     22.60000000 -0.233081777234288E+005  0.234155521884033E+002 
     22.62000000 -0.233081777232724E+005  0.234155523447991E+002 
     22.64000000 -0.233081777231156E+005  0.234155525015598E+002 
     22.66000000 -0.233081777229591E+005  0.234155526581196E+002 
     22.68000000 -0.233081777228032E+005  0.234155528140172E+002 
     22.70000000 -0.233081777226483E+005  0.234155529688693E+002 
     22.72000000 -0.233081777224947E+005  0.234155531224716E+002 
     22.74000000 -0.233081777223426E+005  0.234155532745827E+002 
     22.76000000 -0.233081777221921E+005  0.234155534251130E+002 
     22.78000000 -0.233081777220431E+005  0.234155535741182E+002 
     22.80000000 -0.233081777218956E+005  0.234155537215983E+002 
     22.82000000 -0.233081777217495E+005  0.234155538677079E+002 
     22.84000000 -0.233081777216046E+005  0.234155540125955E+002 
     22.86000000 -0.233081777214607E+005  0.234155541565304E+002 
     22.88000000 -0.233081777213175E+005  0.234155542997011E+002 
     22.90000000 -0.233081777211748E+005  0.234155544424263E+002 
     22.92000000 -0.233081777210322E+005  0.234155545849659E+002 
     22.94000000 -0.233081777208896E+005  0.234155547275891E+002 
     22.96000000 -0.233081777207466E+005  0.234155548705587E+002 
     22.98000000 -0.233081777206030E+005  0.234155550141718E+002 
     23.00000000 -0.233081777204586E+005  0.234155551585552E+002 
     23.02000000 -0.233081777203133E+005  0.234155553039131E+002 
     23.04000000 -0.233081777201668E+005  0.234155554503877E+002 
     23.06000000 -0.233081777200192E+005  0.234155555980194E+002 
     23.08000000 -0.233081777198703E+005  0.234155557468637E+002 
     23.10000000 -0.233081777197203E+005  0.234155558968991E+002 
     23.12000000 -0.233081777195692E+005  0.234155560480141E+002 
     23.14000000 -0.233081777194170E+005  0.234155562001964E+002 
     23.16000000 -0.233081777192639E+005  0.234155563532542E+002 
     23.18000000 -0.233081777191101E+005  0.234155565070544E+002 
     23.20000000 -0.233081777189557E+005  0.234155566614517E+002 
     23.22000000 -0.233081777188009E+005  0.234155568162574E+002 
     23.24000000 -0.233081777186459E+005  0.234155569712579E+002 
     23.26000000 -0.233081777184908E+005  0.234155571263389E+002 
     23.28000000 -0.233081777183359E+005  0.234155572812373E+002 
     23.30000000 -0.233081777181814E+005  0.234155574357986E+002 
     23.32000000 -0.233081777180273E+005  0.234155575898618E+002 
     23.34000000 -0.233081777178739E+005  0.234155577432413E+002 
     23.36000000 -0.233081777177214E+005  0.234155578958289E+002 
     23.38000000 -0.233081777175697E+005  0.234155580474698E+002 
     23.40000000 -0.233081777174191E+005  0.234155581980960E+002 
     23.42000000 -0.233081777172696E+005  0.234155583475838E+002 
     23.44000000 -0.233081777171213E+005  0.234155584958527E+002 
     23.46000000 -0.233081777169743E+005  0.234155586428657E+002 
     23.48000000 -0.233081777168287E+005  0.234155587884679E+002 
     23.50000000 -0.233081777166845E+005  0.234155589326657E+002 
     23.52000000 -0.233081777165418E+005  0.234155590753569E+002 
     23.54000000 -0.233081777164006E+005  0.234155592165570E+002 
     23.56000000 -0.233081777162609E+005  0.234155593562939E+002 
     23.58000000 -0.233081777161225E+005  0.234155594947221E+002 
     23.60000000 -0.233081777159851E+005  0.234155596320367E+002 
     23.62000000 -0.233081777158485E+005  0.234155597686738E+002 
     23.64000000 -0.233081777157122E+005  0.234155599049706E+002 
     23.66000000 -0.233081777155757E+005  0.234155600414715E+002 
     23.68000000 -0.233081777154385E+005  0.234155601786655E+002 
     23.70000000 -0.233081777153002E+005  0.234155603169638E+002 
     23.72000000 -0.233081777151605E+005  0.234155604566913E+002 
     23.74000000 -0.233081777150191E+005  0.234155605980709E+002 
     23.76000000 -0.233081777148761E+005  0.234155607410560E+002 
     23.78000000 -0.233081777147317E+005  0.234155608854796E+002 
     23.80000000 -0.233081777145861E+005  0.234155610310818E+002 
     23.82000000 -0.233081777144398E+005  0.234155611773894E+002 
     23.84000000 -0.233081777142932E+005  0.234155613239631E+002 
     23.86000000 -0.233081777141468E+005  0.234155614703728E+002 
     23.88000000 -0.233081777140010E+005  0.234155616162163E+002 
     23.90000000 -0.233081777138560E+005  0.234155617612030E+002 
     23.92000000 -0.233081777137120E+005  0.234155619052244E+002 
     23.94000000 -0.233081777135690E+005  0.234155620482002E+002 
     23.96000000 -0.233081777134270E+005  0.234155621901830E+002 
     23.98000000 -0.233081777132858E+005  0.234155623313986E+002 
     24.00000000 -0.233081777131452E+005  0.234155624719707E+002 
     24.02000000 -0.233081777130051E+005  0.234155626120478E+002 
     24.04000000 -0.233081777128654E+005  0.234155627518280E+002 
     24.06000000 -0.233081777127258E+005  0.234155628914102E+002 
     24.08000000 -0.233081777125863E+005  0.234155630308902E+002 
     24.10000000 -0.233081777124470E+005  0.234155631701723E+002 
     24.12000000 -0.233081777123078E+005  0.234155633093740E+002 
     24.14000000 -0.233081777121688E+005  0.234155634484086E+002 
     24.16000000 -0.233081777120299E+005  0.234155635873101E+002 
     24.18000000 -0.233081777118911E+005  0.234155637260539E+002 
     24.20000000 -0.233081777117524E+005  0.234155638647575E+002 
     24.22000000 -0.233081777116137E+005  0.234155640035199E+002 
     24.24000000 -0.233081777114746E+005  0.234155641425762E+002 
     24.26000000 -0.233081777113351E+005  0.234155642820779E+002 
     24.28000000 -0.233081777111948E+005  0.234155644223468E+002 
     24.30000000 -0.233081777110536E+005  0.234155645635748E+002 
     24.32000000 -0.233081777109111E+005  0.234155647060463E+002 
     24.34000000 -0.233081777107673E+005  0.234155648498605E+002 
     24.36000000 -0.233081777106221E+005  0.234155649951349E+002 
     24.38000000 -0.233081777104754E+005  0.234155651418106E+002 
     24.40000000 -0.233081777103274E+005  0.234155652897733E+002 
     24.42000000 -0.233081777101784E+005  0.234155654387815E+002 
     24.44000000 -0.233081777100287E+005  0.234155655885199E+002 
     24.46000000 -0.233081777098786E+005  0.234155657386017E+002 
     24.48000000 -0.233081777097286E+005  0.234155658885937E+002 
     24.50000000 -0.233081777095790E+005  0.234155660381558E+002 
     24.52000000 -0.233081777094303E+005  0.234155661869104E+002 
     24.54000000 -0.233081777092826E+005  0.234155663346348E+002 
     24.56000000 -0.233081777091360E+005  0.234155664811992E+002 
     24.58000000 -0.233081777089906E+005  0.234155666265571E+002 
     24.60000000 -0.233081777088464E+005  0.234155667707579E+002 
     24.62000000 -0.233081777087032E+005  0.234155669139565E+002 
     24.64000000 -0.233081777085608E+005  0.234155670563662E+002 
     24.66000000 -0.233081777084189E+005  0.234155671982531E+002 
     24.68000000 -0.233081777082773E+005  0.234155673399296E+002 
     24.70000000 -0.233081777081355E+005  0.234155674816649E+002 
     24.72000000 -0.233081777079934E+005  0.234155676237467E+002 
     24.74000000 -0.233081777078508E+005  0.234155677664224E+002 
     24.76000000 -0.233081777077073E+005  0.234155679098653E+002 
     24.78000000 -0.233081777075630E+005  0.234155680541992E+002 
     24.80000000 -0.233081777074177E+005  0.234155681994488E+002 
     24.82000000 -0.233081777072716E+005  0.234155683455708E+002 
     24.84000000 -0.233081777071248E+005  0.234155684923858E+002 
     24.86000000 -0.233081777069775E+005  0.234155686396524E+002 
     24.88000000 -0.233081777068301E+005  0.234155687870891E+002 
     24.90000000 -0.233081777066828E+005  0.234155689343712E+002 
     24.92000000 -0.233081777065360E+005  0.234155690811552E+002 
     24.94000000 -0.233081777063900E+005  0.234155692271782E+002 
     24.96000000 -0.233081777062450E+005  0.234155693722360E+002 
     24.98000000 -0.233081777061009E+005  0.234155695162482E+002 
     25.00000000 -0.233081777059580E+005  0.234155696592023E+002 
     25.02000000 -0.233081777058159E+005  0.234155698012624E+002 
     25.04000000 -0.233081777056746E+005  0.234155699426048E+002 
     25.06000000 -0.233081777055336E+005  0.234155700836348E+002 
     25.08000000 -0.233081777053926E+005  0.234155702246029E+002 
     25.10000000 -0.233081777052513E+005  0.234155703658803E+002 
     25.12000000 -0.233081777051095E+005  0.234155705077332E+002 
     25.14000000 -0.233081777049669E+005  0.234155706503316E+002 
     25.16000000 -0.233081777048234E+005  0.234155707937807E+002 
     25.18000000 -0.233081777046791E+005  0.234155709380837E+002 
     25.20000000 -0.233081777045341E+005  0.234155710830827E+002 
     25.22000000 -0.233081777043886E+005  0.234155712285983E+002 
     25.24000000 -0.233081777042428E+005  0.234155713743769E+002 
     25.26000000 -0.233081777040970E+005  0.234155715201865E+002 
     25.28000000 -0.233081777039514E+005  0.234155716657392E+002 
     25.30000000 -0.233081777038063E+005  0.234155718108651E+002 
     25.32000000 -0.233081777036617E+005  0.234155719554526E+002 
     25.34000000 -0.233081777035178E+005  0.234155720994029E+002 
     25.36000000 -0.233081777033744E+005  0.234155722427376E+002 
     25.38000000 -0.233081777032317E+005  0.234155723855031E+002 
     25.40000000 -0.233081777030894E+005  0.234155725277643E+002 
     25.42000000 -0.233081777029475E+005  0.234155726696357E+002 
     25.44000000 -0.233081777028060E+005  0.234155728111420E+002 
     25.46000000 -0.233081777026649E+005  0.234155729523019E+002 
     25.48000000 -0.233081777025241E+005  0.234155730930968E+002 
     25.50000000 -0.233081777023838E+005  0.234155732334152E+002 
     25.52000000 -0.233081777022440E+005  0.234155733732077E+002 
     25.54000000 -0.233081777021049E+005  0.234155735122825E+002 
     25.56000000 -0.233081777019667E+005  0.234155736504602E+002 
     25.58000000 -0.233081777018295E+005  0.234155737877253E+002 
     25.60000000 -0.233081777016932E+005  0.234155739239633E+002 
     25.62000000 -0.233081777015580E+005  0.234155740592268E+002 
     25.64000000 -0.233081777014236E+005  0.234155741935932E+002 
     25.66000000 -0.233081777012898E+005  0.234155743273502E+002 
     25.68000000 -0.233081777011564E+005  0.234155744607669E+002 
     25.70000000 -0.233081777010229E+005  0.234155745942856E+002 
     25.72000000 -0.233081777008889E+005  0.234155747283272E+002 
     25.74000000 -0.233081777007539E+005  0.234155748632844E+002 
     25.76000000 -0.233081777006176E+005  0.234155749995936E+002 
     25.78000000 -0.233081777004796E+005  0.234155751375424E+002 
     25.80000000 -0.233081777003399E+005  0.234155752772978E+002 
     25.82000000 -0.233081777001982E+005  0.234155754189619E+002 
     25.84000000 -0.233081777000548E+005  0.234155755624203E+002 
     25.86000000 -0.233081776999098E+005  0.234155757074317E+002 
     25.88000000 -0.233081776997635E+005  0.234155758536372E+002 
     25.90000000 -0.233081776996166E+005  0.234155760006130E+002 
     25.92000000 -0.233081776994694E+005  0.234155761477992E+002 
     25.94000000 -0.233081776993225E+005  0.234155762947255E+002 
     25.96000000 -0.233081776991762E+005  0.234155764409465E+002 
     25.98000000 -0.233081776990311E+005  0.234155765861064E+002 
     26.00000000 -0.233081776988871E+005  0.234155767300381E+002 
     26.02000000 -0.233081776987445E+005  0.234155768727262E+002 
     26.04000000 -0.233081776986029E+005  0.234155770143099E+002 
     26.06000000 -0.233081776984621E+005  0.234155771551264E+002 
     26.08000000 -0.233081776983215E+005  0.234155772956893E+002 
     26.10000000 -0.233081776981807E+005  0.234155774364470E+002 
     26.12000000 -0.233081776980391E+005  0.234155775780709E+002 
     26.14000000 -0.233081776978961E+005  0.234155777210436E+002 
     26.16000000 -0.233081776977514E+005  0.234155778657488E+002 
     26.18000000 -0.233081776976046E+005  0.234155780125359E+002 
     26.20000000 -0.233081776974558E+005  0.234155781614359E+002 
     26.22000000 -0.233081776973048E+005  0.234155783123436E+002 
     26.24000000 -0.233081776971522E+005  0.234155784649807E+002 
     26.26000000 -0.233081776969984E+005  0.234155786188242E+002 
     26.28000000 -0.233081776968439E+005  0.234155787733174E+002 
     26.30000000 -0.233081776966893E+005  0.234155789278385E+002 
     26.32000000 -0.233081776965354E+005  0.234155790817408E+002 
     26.34000000 -0.233081776963828E+005  0.234155792343964E+002 
     26.36000000 -0.233081776962318E+005  0.234155793853846E+002 
     26.38000000 -0.233081776960829E+005  0.234155795343063E+002 
     26.40000000 -0.233081776959361E+005  0.234155796810655E+002 
     26.42000000 -0.233081776957916E+005  0.234155798255696E+002 
     26.44000000 -0.233081776956492E+005  0.234155799680133E+002 
     26.46000000 -0.233081776955086E+005  0.234155801086163E+002 
     26.48000000 -0.233081776953694E+005  0.234155802478149E+002 
     26.50000000 -0.233081776952312E+005  0.234155803859555E+002 
     26.52000000 -0.233081776950937E+005  0.234155805234556E+002 
     26.54000000 -0.233081776949564E+005  0.234155806607516E+002 
     26.56000000 -0.233081776948192E+005  0.234155807979796E+002 
     26.58000000 -0.233081776946817E+005  0.234155809354643E+002 
     26.60000000 -0.233081776945440E+005  0.234155810732182E+002 
     26.62000000 -0.233081776944059E+005  0.234155812112659E+002 
     26.64000000 -0.233081776942676E+005  0.234155813495766E+002 
     26.66000000 -0.233081776941291E+005  0.234155814880853E+002 
     26.68000000 -0.233081776939906E+005  0.234155816266219E+002 
     26.70000000 -0.233081776938520E+005  0.234155817652234E+002 
     26.72000000 -0.233081776937134E+005  0.234155819038310E+002 
     26.74000000 -0.233081776935747E+005  0.234155820424789E+002 
     26.76000000 -0.233081776934359E+005  0.234155821813001E+002 
     26.78000000 -0.233081776932967E+005  0.234155823204461E+002 
     26.80000000 -0.233081776931571E+005  0.234155824600437E+002 
     26.82000000 -0.233081776930169E+005  0.234155826002662E+002 
     26.84000000 -0.233081776928759E+005  0.234155827412498E+002 
     26.86000000 -0.233081776927341E+005  0.234155828830408E+002 
     26.88000000 -0.233081776925915E+005  0.234155830257103E+002 
     26.90000000 -0.233081776924481E+005  0.234155831690945E+002 
     26.92000000 -0.233081776923041E+005  0.234155833130943E+002 
     26.94000000 -0.233081776921597E+005  0.234155834575179E+002 
     26.96000000 -0.233081776920152E+005  0.234155836020003E+002 
     26.98000000 -0.233081776918709E+005  0.234155837463218E+002 
     27.00000000 -0.233081776917271E+005  0.234155838901236E+002 
     27.02000000 -0.233081776915840E+005  0.234155840331891E+002 
     27.04000000 -0.233081776914420E+005  0.234155841752338E+002 
     27.06000000 -0.233081776913010E+005  0.234155843161524E+002 
     27.08000000 -0.233081776911612E+005  0.234155844559696E+002 
     27.10000000 -0.233081776910225E+005  0.234155845947165E+002 
     27.12000000 -0.233081776908846E+005  0.234155847325694E+002 
     27.14000000 -0.233081776907474E+005  0.234155848697819E+002 
     27.16000000 -0.233081776906106E+005  0.234155850066324E+002 
     27.18000000 -0.233081776904737E+005  0.234155851435046E+002 
     27.20000000 -0.233081776903365E+005  0.234155852806707E+002 
     27.22000000 -0.233081776901987E+005  0.234155854184709E+002 
     27.24000000 -0.233081776900600E+005  0.234155855571652E+002 
     27.26000000 -0.233081776899203E+005  0.234155856969207E+002 
     27.28000000 -0.233081776897793E+005  0.234155858379011E+002 
     27.30000000 -0.233081776896370E+005  0.234155859801994E+002 
     27.32000000 -0.233081776894934E+005  0.234155861237661E+002 
     27.34000000 -0.233081776893486E+005  0.234155862685764E+002 
     27.36000000 -0.233081776892027E+005  0.234155864144973E+002 
     27.38000000 -0.233081776890559E+005  0.234155865613092E+002 
     27.40000000 -0.233081776889083E+005  0.234155867088387E+002 
     27.42000000 -0.233081776887604E+005  0.234155868567798E+002 
     27.44000000 -0.233081776886123E+005  0.234155870048507E+002 
     27.46000000 -0.233081776884645E+005  0.234155871526896E+002 
     27.48000000 -0.233081776883172E+005  0.234155872999686E+002 
     27.50000000 -0.233081776881707E+005  0.234155874464494E+002 
     27.52000000 -0.233081776880254E+005  0.234155875917795E+002 
     27.54000000 -0.233081776878814E+005  0.234155877357792E+002 
     27.56000000 -0.233081776877389E+005  0.234155878783003E+002 
     27.58000000 -0.233081776875980E+005  0.234155880192189E+002 
     27.60000000 -0.233081776874586E+005  0.234155881585845E+002 
     27.62000000 -0.233081776873207E+005  0.234155882964528E+002 
     27.64000000 -0.233081776871842E+005  0.234155884329785E+002 
     27.66000000 -0.233081776870487E+005  0.234155885684555E+002 
     27.68000000 -0.233081776869141E+005  0.234155887030539E+002 
     27.70000000 -0.233081776867801E+005  0.234155888370862E+002 
     27.72000000 -0.233081776866463E+005  0.234155889709112E+002 
     27.74000000 -0.233081776865123E+005  0.234155891048384E+002 
     27.76000000 -0.233081776863781E+005  0.234155892390903E+002 
     27.78000000 -0.233081776862432E+005  0.234155893739486E+002 
     27.80000000 -0.233081776861076E+005  0.234155895095957E+002 
     27.82000000 -0.233081776859710E+005  0.234155896461833E+002 
     27.84000000 -0.233081776858334E+005  0.234155897837886E+002 
     27.86000000 -0.233081776856947E+005  0.234155899224551E+002 
     27.88000000 -0.233081776855550E+005  0.234155900621796E+002 
     27.90000000 -0.233081776854143E+005  0.234155902028754E+002 
     27.92000000 -0.233081776852728E+005  0.234155903444096E+002 
     27.94000000 -0.233081776851305E+005  0.234155904866708E+002 
     27.96000000 -0.233081776849877E+005  0.234155906294672E+002 
     27.98000000 -0.233081776848446E+005  0.234155907726194E+002 
     28.00000000 -0.233081776847012E+005  0.234155909159788E+002 
     28.02000000 -0.233081776845579E+005  0.234155910593135E+002 
     28.04000000 -0.233081776844146E+005  0.234155912025646E+002 
     28.06000000 -0.233081776842717E+005  0.234155913455342E+002 
     28.08000000 -0.233081776841290E+005  0.234155914881945E+002 
     28.10000000 -0.233081776839867E+005  0.234155916305238E+002 
     28.12000000 -0.233081776838446E+005  0.234155917725684E+002 
     28.14000000 -0.233081776837028E+005  0.234155919143532E+002 
     28.16000000 -0.233081776835612E+005  0.234155920560019E+002 
     28.18000000 -0.233081776834195E+005  0.234155921976567E+002 
     28.20000000 -0.233081776832777E+005  0.234155923394941E+002 
     28.22000000 -0.233081776831355E+005  0.234155924817120E+002 
     28.24000000 -0.233081776829927E+005  0.234155926244682E+002 
     28.26000000 -0.233081776828493E+005  0.234155927678647E+002 
     28.28000000 -0.233081776827052E+005  0.234155929120316E+002 
     28.30000000 -0.233081776825602E+005  0.234155930569532E+002 
     28.32000000 -0.233081776824146E+005  0.234155932025988E+002 
     28.34000000 -0.233081776822684E+005  0.234155933488260E+002 
     28.36000000 -0.233081776821218E+005  0.234155934953996E+002 
     28.38000000 -0.233081776819751E+005  0.234155936421187E+002 
     28.40000000 -0.233081776818285E+005  0.234155937886645E+002 
     28.42000000 -0.233081776816823E+005  0.234155939348669E+002 
     28.44000000 -0.233081776815367E+005  0.234155940804939E+002 
     28.46000000 -0.233081776813916E+005  0.234155942255641E+002 
     28.48000000 -0.233081776812471E+005  0.234155943700712E+002 
     28.50000000 -0.233081776811030E+005  0.234155945141669E+002 
     28.52000000 -0.233081776809591E+005  0.234155946580986E+002 
     28.54000000 -0.233081776808151E+005  0.234155948021015E+002 
     28.56000000 -0.233081776806707E+005  0.234155949465313E+002 
     28.58000000 -0.233081776805256E+005  0.234155950915767E+002 
     28.60000000 -0.233081776803798E+005  0.234155952373925E+002 
     28.62000000 -0.233081776802331E+005  0.234155953841115E+002 
     28.64000000 -0.233081776800856E+005  0.234155955316163E+002 
     28.66000000 -0.233081776799374E+005  0.234155956797553E+002 
     28.68000000 -0.233081776797888E+005  0.234155958283738E+002 
     28.70000000 -0.233081776796400E+005  0.234155959771965E+002 
     28.72000000 -0.233081776794912E+005  0.234155961259666E+002 
     28.74000000 -0.233081776793427E+005  0.234155962744768E+002 
     28.76000000 -0.233081776791946E+005  0.234155964225477E+002 
     28.78000000 -0.233081776790471E+005  0.234155965700773E+002 
     28.80000000 -0.233081776789002E+005  0.234155967170067E+002 
     28.82000000 -0.233081776787538E+005  0.234155968634009E+002 
     28.84000000 -0.233081776786079E+005  0.234155970092816E+002 
     28.86000000 -0.233081776784625E+005  0.234155971546982E+002 
     28.88000000 -0.233081776783174E+005  0.234155972998241E+002 
     28.90000000 -0.233081776781724E+005  0.234155974447674E+002 
     28.92000000 -0.233081776780276E+005  0.234155975895870E+002 
     28.94000000 -0.233081776778826E+005  0.234155977345644E+002 
     28.96000000 -0.233081776777374E+005  0.234155978797861E+002 
     28.98000000 -0.233081776775917E+005  0.234155980254379E+002 
     29.00000000 -0.233081776774455E+005  0.234155981717269E+002 
     29.02000000 -0.233081776772983E+005  0.234155983188853E+002 
     29.04000000 -0.233081776771501E+005  0.234155984670614E+002 
     29.06000000 -0.233081776770008E+005  0.234155986163945E+002 
     29.08000000 -0.233081776768502E+005  0.234155987669403E+002 
     29.10000000 -0.233081776766986E+005  0.234155989186307E+002 
     29.12000000 -0.233081776765458E+005  0.234155990713699E+002 
     29.14000000 -0.233081776763923E+005  0.234155992248731E+002 
     29.16000000 -0.233081776762383E+005  0.234155993788683E+002 
     29.18000000 -0.233081776760842E+005  0.234155995330150E+002 
     29.20000000 -0.233081776759303E+005  0.234155996868554E+002 
     29.22000000 -0.233081776757771E+005  0.234155998401329E+002 
     29.24000000 -0.233081776756246E+005  0.234155999925441E+002 
     29.26000000 -0.233081776754733E+005  0.234156001438478E+002 
     29.28000000 -0.233081776753232E+005  0.234156002939574E+002 
     29.30000000 -0.233081776751744E+005  0.234156004427430E+002 
     29.32000000 -0.233081776750270E+005  0.234156005901735E+002 
     29.34000000 -0.233081776748808E+005  0.234156007363790E+002 
     29.36000000 -0.233081776747359E+005  0.234156008813193E+002 
     29.38000000 -0.233081776745920E+005  0.234156010251427E+002 
     29.40000000 -0.233081776744493E+005  0.234156011679020E+002 
     29.42000000 -0.233081776743075E+005  0.234156013097115E+002 
     29.44000000 -0.233081776741666E+005  0.234156014505621E+002 
     29.46000000 -0.233081776740266E+005  0.234156015906052E+002 
     29.48000000 -0.233081776738873E+005  0.234156017298749E+002 
     29.50000000 -0.233081776737487E+005  0.234156018684609E+002 
     29.52000000 -0.233081776736107E+005  0.234156020064901E+002 
     29.54000000 -0.233081776734731E+005  0.234156021441109E+002 
     29.56000000 -0.233081776733357E+005  0.234156022814564E+002 
     29.58000000 -0.233081776731984E+005  0.234156024187463E+002 
     29.60000000 -0.233081776730610E+005  0.234156025561753E+002 
     29.62000000 -0.233081776729233E+005  0.234156026939075E+002 
     29.64000000 -0.233081776727851E+005  0.234156028321347E+002 
     29.66000000 -0.233081776726462E+005  0.234156029709558E+002 
     29.68000000 -0.233081776725067E+005  0.234156031105009E+002 
     29.70000000 -0.233081776723664E+005  0.234156032507512E+002 
     29.72000000 -0.233081776722255E+005  0.234156033916946E+002 
     29.74000000 -0.233081776720840E+005  0.234156035332071E+002 
     29.76000000 -0.233081776719420E+005  0.234156036751806E+002 
     29.78000000 -0.233081776717998E+005  0.234156038174016E+002 
     29.80000000 -0.233081776716575E+005  0.234156039597123E+002 
     29.82000000 -0.233081776715152E+005  0.234156041019488E+002 
     29.84000000 -0.233081776713732E+005  0.234156042439749E+002 
     29.86000000 -0.233081776712314E+005  0.234156043857689E+002 
     29.88000000 -0.233081776710899E+005  0.234156045272846E+002 
     29.90000000 -0.233081776709485E+005  0.234156046686889E+002 
     29.92000000 -0.233081776708071E+005  0.234156048101303E+002 
     29.94000000 -0.233081776706653E+005  0.234156049518841E+002 
     29.96000000 -0.233081776705229E+005  0.234156050943186E+002 
     29.98000000 -0.233081776703794E+005  0.234156052377739E+002 
     30.00000000 -0.233081776702346E+005  0.234156053825749E+002 
