# Real time calculation: 
# Eall: Total energy
# Eall0: Initial total energy
# 1:Time[fs] 2:Eall[eV] 3:Eall-Eall0[eV] 
      0.00000000 -0.233343928304694E+005  0.000000000000000E+000 
      0.02000000 -0.233343928307446E+005 -0.275210736255997E-006 
      0.04000000 -0.233343928307517E+005 -0.282332148936257E-006 
      0.06000000 -0.233343928307175E+005 -0.248154317793114E-006 
      0.08000000 -0.233343928305663E+005 -0.969186524152349E-007 
      0.10000000 -0.233343928301432E+005  0.326211435407504E-006 
      0.12000000 -0.233343928291812E+005  0.128818992674273E-005 
      0.14000000 -0.233343928272655E+005  0.320390562210641E-005 
      0.16000000 -0.233343928237965E+005  0.667290907949064E-005 
      0.18000000 -0.233343928179539E+005  0.125154837142124E-004 
      0.20000000 -0.233343928086613E+005  0.218080889027702E-004 
      0.22000000 -0.233343927945531E+005  0.359163251320710E-004 
      0.24000000 -0.233343927739445E+005  0.565248612567148E-004 
      0.26000000 -0.233343927448068E+005  0.856626378652441E-004 
      0.28000000 -0.233343927047460E+005  0.125723349848934E-003 
      0.30000000 -0.233343926509895E+005  0.179479868654581E-003 
      0.32000000 -0.233343925803770E+005  0.250092378390211E-003 
      0.34000000 -0.233343924893586E+005  0.341110748598119E-003 
      0.36000000 -0.233343923739991E+005  0.456470326991074E-003 
      0.38000000 -0.233343922299878E+005  0.600481625468885E-003 
      0.40000000 -0.233343920526555E+005  0.777813908696039E-003 
      0.42000000 -0.233343918369948E+005  0.993474612538468E-003 
      0.44000000 -0.233343915776853E+005  0.125278405098359E-002 
      0.46000000 -0.233343912691234E+005  0.156134599004239E-002 
      0.48000000 -0.233343909054552E+005  0.192501423712519E-002 
      0.50000000 -0.233343904806125E+005  0.234985685455083E-002 
      0.52000000 -0.233343899883511E+005  0.284211825704966E-002 
      0.54000000 -0.233343894222900E+005  0.340817934484550E-002 
      0.56000000 -0.233343887759540E+005  0.405451541245634E-002 
      0.58000000 -0.233343880428167E+005  0.478765265301128E-002 
      0.60000000 -0.233343872163457E+005  0.561412365096811E-002 
      0.62000000 -0.233343862900455E+005  0.654042385858809E-002 
      0.64000000 -0.233343852574990E+005  0.757297034309576E-002 
      0.66000000 -0.233343841124072E+005  0.871806218580854E-002 
      0.68000000 -0.233343828486253E+005  0.998184406455634E-002 
      0.70000000 -0.233343814601951E+005  0.113702742877574E-001 
      0.72000000 -0.233343799413730E+005  0.128890964232301E-001 
      0.74000000 -0.233343782866532E+005  0.145438161613355E-001 
      0.76000000 -0.233343764907864E+005  0.163396829855375E-001 
      0.78000000 -0.233343745487928E+005  0.182816766039776E-001 
      0.80000000 -0.233343724559737E+005  0.203744957043247E-001 
      0.82000000 -0.233343702079189E+005  0.226225505168175E-001 
      0.84000000 -0.233343678005080E+005  0.250299613510031E-001 
      0.86000000 -0.233343652299073E+005  0.276005620945720E-001 
      0.88000000 -0.233343624925624E+005  0.303379069759154E-001 
      0.90000000 -0.233343595851869E+005  0.332452824651138E-001 
      0.92000000 -0.233343565047457E+005  0.363257237348561E-001 
      0.94000000 -0.233343532484341E+005  0.395820353069686E-001 
      0.96000000 -0.233343498136539E+005  0.430168155040415E-001 
      0.98000000 -0.233343461979857E+005  0.466324836852752E-001 
      1.00000000 -0.233343423991592E+005  0.504313102294218E-001 
      1.02000000 -0.233343384150225E+005  0.544154468858625E-001 
      1.04000000 -0.233343342435113E+005  0.585869580785063E-001 
      1.06000000 -0.233343298826172E+005  0.629478522344370E-001 
      1.08000000 -0.233343253303581E+005  0.675001112966319E-001 
      1.10000000 -0.233343205847495E+005  0.722457198468886E-001 
      1.12000000 -0.233343156437771E+005  0.771866923385779E-001 
      1.14000000 -0.233343105053719E+005  0.823250974740246E-001 
      1.16000000 -0.233343051673885E+005  0.876630809051710E-001 
      1.18000000 -0.233342996275819E+005  0.932028875351683E-001 
      1.20000000 -0.233342938835882E+005  0.989468812089898E-001 
      1.22000000 -0.233342879329096E+005  0.104897559772961E+000 
      1.24000000 -0.233342817729024E+005  0.111057566944810E+000 
      1.26000000 -0.233342754007686E+005  0.117429700786977E+000 
      1.28000000 -0.233342688135507E+005  0.124016918665612E+000 
      1.30000000 -0.233342620081307E+005  0.130822338682906E+000 
      1.32000000 -0.233342549812312E+005  0.137849238201448E+000 
      1.34000000 -0.233342477294205E+005  0.145101048922355E+000 
      1.36000000 -0.233342402491215E+005  0.152581347913890E+000 
      1.38000000 -0.233342325366240E+005  0.160293845422780E+000 
      1.40000000 -0.233342245880994E+005  0.168242370012671E+000 
      1.42000000 -0.233342163996191E+005  0.176430850315120E+000 
      1.44000000 -0.233342079671762E+005  0.184863293182763E+000 
      1.46000000 -0.233341992867114E+005  0.193543757990976E+000 
      1.48000000 -0.233341903541402E+005  0.202476329191662E+000 
      1.50000000 -0.233341811653828E+005  0.211665086624202E+000 
      1.52000000 -0.233341717163947E+005  0.221114074712717E+000 
      1.54000000 -0.233341620031974E+005  0.230827271963403E+000 
      1.56000000 -0.233341520219086E+005  0.240808560755760E+000 
      1.58000000 -0.233341417687746E+005  0.251061694779604E+000 
      1.60000000 -0.233341312402050E+005  0.261590264352988E+000 
      1.62000000 -0.233341204328080E+005  0.272397661424572E+000 
      1.64000000 -0.233341093434238E+005  0.283487045637086E+000 
      1.66000000 -0.233340979691578E+005  0.294861311560178E+000 
      1.68000000 -0.233340863074134E+005  0.306523055978928E+000 
      1.70000000 -0.233340743559244E+005  0.318474544947271E+000 
      1.72000000 -0.233340621127867E+005  0.330717682651142E+000 
      1.74000000 -0.233340495764869E+005  0.343253982520667E+000 
      1.76000000 -0.233340367459292E+005  0.356084540183020E+000 
      1.78000000 -0.233340236204609E+005  0.369210008512734E+000 
      1.80000000 -0.233340101998930E+005  0.382630576419048E+000 
      1.82000000 -0.233339964845164E+005  0.396345953031541E+000 
      1.84000000 -0.233339824751148E+005  0.410355354570999E+000 
      1.86000000 -0.233339681729746E+005  0.424657494827385E+000 
      1.88000000 -0.233339535798909E+005  0.439250578462243E+000 
      1.90000000 -0.233339386981712E+005  0.454132298205925E+000 
      1.92000000 -0.233339235306356E+005  0.469299833740804E+000 
      1.94000000 -0.233339080806143E+005  0.484749855054712E+000 
      1.96000000 -0.233338923519386E+005  0.500478530812161E+000 
      1.98000000 -0.233338763489297E+005  0.516481539732510E+000 
      2.00000000 -0.233338600763843E+005  0.532754085064816E+000 
      2.02000000 -0.233338435395562E+005  0.549290913223531E+000 
      2.04000000 -0.233338267441330E+005  0.566086336346868E+000 
      2.06000000 -0.233338096962129E+005  0.583134256466903E+000 
      2.08000000 -0.233337924022768E+005  0.600428192562911E+000 
      2.10000000 -0.233337748691607E+005  0.617961308663403E+000 
      2.12000000 -0.233337571040253E+005  0.635726444064186E+000 
      2.14000000 -0.233337391143247E+005  0.653716144703414E+000 
      2.16000000 -0.233337209077731E+005  0.671922696256661E+000 
      2.18000000 -0.233337024923131E+005  0.690338156273000E+000 
      2.20000000 -0.233336838760833E+005  0.708954386082144E+000 
      2.22000000 -0.233336650673876E+005  0.727763081782802E+000 
      2.24000000 -0.233336460746652E+005  0.746755804225619E+000 
      2.26000000 -0.233336269064620E+005  0.765924007362712E+000 
      2.28000000 -0.233336075714045E+005  0.785259064858609E+000 
      2.30000000 -0.233335880781740E+005  0.804752295408084E+000 
      2.32000000 -0.233335684354836E+005  0.824394985829698E+000 
      2.34000000 -0.233335486520578E+005  0.844178411557653E+000 
      2.36000000 -0.233335287366148E+005  0.864093854572156E+000 
      2.38000000 -0.233335086978506E+005  0.884132618789967E+000 
      2.40000000 -0.233334885444272E+005  0.904286042172650E+000 
      2.42000000 -0.233334682849649E+005  0.924545504469801E+000 
      2.44000000 -0.233334479280380E+005  0.944902431355154E+000 
      2.46000000 -0.233334274821742E+005  0.965348295153574E+000 
      2.48000000 -0.233334069558566E+005  0.985874612786924E+000 
      2.50000000 -0.233333863575299E+005  0.100647293949101E+001 
      2.52000000 -0.233333656956094E+005  0.102713486003910E+001 
      2.54000000 -0.233333449784932E+005  0.104785197618511E+001 
      2.56000000 -0.233333242145778E+005  0.106861589161024E+001 
      2.58000000 -0.233333034122738E+005  0.108941819558893E+001 
      2.60000000 -0.233332825800240E+005  0.111025044539564E+001 
      2.62000000 -0.233332617263232E+005  0.113110414615024E+001 
      2.64000000 -0.233332408597386E+005  0.115197073081493E+001 
      2.66000000 -0.233332199889279E+005  0.117284154146574E+001 
      2.68000000 -0.233331991226582E+005  0.119370781119817E+001 
      2.70000000 -0.233331782698229E+005  0.121456064651861E+001 
      2.72000000 -0.233331574394584E+005  0.123539101096379E+001 
      2.74000000 -0.233331366407603E+005  0.125618970912252E+001 
      2.76000000 -0.233331158830974E+005  0.127694737203084E+001 
      2.78000000 -0.233330951760241E+005  0.129765444524638E+001 
      2.80000000 -0.233330745292897E+005  0.131830117966345E+001 
      2.82000000 -0.233330539528452E+005  0.133887762419676E+001 
      2.84000000 -0.233330334568476E+005  0.135937362181237E+001 
      2.86000000 -0.233330130516611E+005  0.137977880833049E+001 
      2.88000000 -0.233329927478547E+005  0.140008261472086E+001 
      2.90000000 -0.233329725561966E+005  0.142027427274858E+001 
      2.92000000 -0.233329524876456E+005  0.144034282377531E+001 
      2.94000000 -0.233329325533371E+005  0.146027713225346E+001 
      2.96000000 -0.233329127645683E+005  0.148006590113527E+001 
      2.98000000 -0.233328931327790E+005  0.149969769041885E+001 
      3.00000000 -0.233328736695302E+005  0.151916093920532E+001 
      3.02000000 -0.233328543864780E+005  0.153844399134460E+001 
      3.04000000 -0.233328352953457E+005  0.155753512365498E+001 
      3.06000000 -0.233328164078930E+005  0.157642257641036E+001 
      3.08000000 -0.233327977358838E+005  0.159509458557218E+001 
      3.10000000 -0.233327792910530E+005  0.161353941641042E+001 
      3.12000000 -0.233327610850714E+005  0.163174539799079E+001 
      3.14000000 -0.233327431295115E+005  0.164970095789704E+001 
      3.16000000 -0.233327254358124E+005  0.166739465694397E+001 
      3.18000000 -0.233327080152453E+005  0.168481522409152E+001 
      3.20000000 -0.233326908788799E+005  0.170195158951513E+001 
      3.22000000 -0.233326740375516E+005  0.171879291777504E+001 
      3.24000000 -0.233326575018317E+005  0.173532863771264E+001 
      3.26000000 -0.233326412819981E+005  0.175154847125779E+001 
      3.28000000 -0.233326253880102E+005  0.176744245920769E+001 
      3.30000000 -0.233326098294841E+005  0.178300098532266E+001 
      3.32000000 -0.233325946156679E+005  0.179821480144909E+001 
      3.34000000 -0.233325797554140E+005  0.181307505534313E+001 
      3.36000000 -0.233325652571451E+005  0.182757332433488E+001 
      3.38000000 -0.233325511288120E+005  0.184170165741969E+001 
      3.40000000 -0.233325373778375E+005  0.185545263184579E+001 
      3.42000000 -0.233325240110414E+005  0.186881942795413E+001 
      3.44000000 -0.233325110345406E+005  0.188179592877603E+001 
      3.46000000 -0.233324984536218E+005  0.189437684759684E+001 
      3.48000000 -0.233324862725833E+005  0.190655788606861E+001 
      3.50000000 -0.233324744945449E+005  0.191833592450832E+001 
      3.52000000 -0.233324631212291E+005  0.192970924027038E+001 
      3.54000000 -0.233324521527178E+005  0.194067775156682E+001 
      3.56000000 -0.233324415871910E+005  0.195124327838571E+001 
      3.58000000 -0.233324314206634E+005  0.196140980601436E+001 
      3.60000000 -0.233324216467321E+005  0.197118373730811E+001 
      3.62000000 -0.233324122563548E+005  0.198057411454923E+001 
      3.64000000 -0.233324032376826E+005  0.198959278682180E+001 
      3.66000000 -0.233323945759703E+005  0.199825449905715E+001 
      3.68000000 -0.233323862535932E+005  0.200657687616391E+001 
      3.70000000 -0.233323782501940E+005  0.201458027542102E+001 
      3.72000000 -0.233323705429873E+005  0.202228748206367E+001 
      3.74000000 -0.233323631072409E+005  0.202972322853538E+001 
      3.76000000 -0.233323559169479E+005  0.203691352145566E+001 
      3.78000000 -0.233323489457021E+005  0.204388476730735E+001 
      3.80000000 -0.233323421677681E+005  0.205066270131051E+001 
      3.82000000 -0.233323355593379E+005  0.205727113149547E+001 
      3.84000000 -0.233323290999457E+005  0.206373052371951E+001 
      3.86000000 -0.233323227740029E+005  0.207005646651058E+001 
      3.88000000 -0.233323165723992E+005  0.207625807016635E+001 
      3.90000000 -0.233323104941052E+005  0.208233636420116E+001 
      3.92000000 -0.233323045476970E+005  0.208828277241094E+001 
      3.94000000 -0.233322987527132E+005  0.209407775623482E+001 
      3.96000000 -0.233322931407442E+005  0.209968972515420E+001 
      3.98000000 -0.233322877561500E+005  0.210507431941309E+001 
      4.00000000 -0.233322826562931E+005  0.211017417631385E+001 
      4.02000000 -0.233322779111833E+005  0.211491928613011E+001 
      4.04000000 -0.233322736024295E+005  0.211922803988244E+001 
      4.06000000 -0.233322698214091E+005  0.212300906030866E+001 
      4.08000000 -0.233322666665801E+005  0.212616388928140E+001 
      4.10000000 -0.233322642398890E+005  0.212859058036285E+001 
      4.12000000 -0.233322626422493E+005  0.213018822012218E+001 
      4.14000000 -0.233322619681023E+005  0.213086236704489E+001 
      4.16000000 -0.233322622991082E+005  0.213053136118491E+001 
      4.18000000 -0.233322636970500E+005  0.212913341941175E+001 
      4.20000000 -0.233322661960793E+005  0.212663439009377E+001 
      4.22000000 -0.233322697944713E+005  0.212303599811940E+001 
      4.24000000 -0.233322744460956E+005  0.211838437380047E+001 
      4.26000000 -0.233322800518515E+005  0.211277861793314E+001 
      4.28000000 -0.233322864513455E+005  0.210637912385238E+001 
      4.30000000 -0.233322934151224E+005  0.209941534697667E+001 
      4.32000000 -0.233323006377781E+005  0.209219269124813E+001 
      4.34000000 -0.233323077323006E+005  0.208509816874373E+001 
      4.36000000 -0.233323142259807E+005  0.207860448868716E+001 
      4.38000000 -0.233323195582309E+005  0.207327223848819E+001 
      4.40000000 -0.233323230806279E+005  0.206974984153081E+001 
      4.42000000 -0.233323240594582E+005  0.206877101117228E+001 
      4.44000000 -0.233323216810055E+005  0.207114946386456E+001 
      4.46000000 -0.233323150597552E+005  0.207777071419790E+001 
      4.48000000 -0.233323032496254E+005  0.208958084402787E+001 
      4.50000000 -0.233322852582518E+005  0.210757221754014E+001 
      4.52000000 -0.233322600642671E+005  0.213276620233064E+001 
      4.54000000 -0.233322266374178E+005  0.216619305161574E+001 
      4.56000000 -0.233321839612653E+005  0.220886920406117E+001 
      4.58000000 -0.233321310581137E+005  0.226177235564815E+001 
      4.60000000 -0.233320670157063E+005  0.232581476308116E+001 
      4.62000000 -0.233319910151387E+005  0.240181533070250E+001 
      4.64000000 -0.233319023593469E+005  0.249047112248118E+001 
      4.66000000 -0.233318005014521E+005  0.259232901731174E+001 
      4.68000000 -0.233316850721789E+005  0.270775829048954E+001 
      4.70000000 -0.233315559055227E+005  0.283692494671339E+001 
      4.72000000 -0.233314130618118E+005  0.297976865761017E+001 
      4.74000000 -0.233312568473128E+005  0.313598315664040E+001 
      4.76000000 -0.233310878295463E+005  0.330500092312058E+001 
      4.78000000 -0.233309068475344E+005  0.348598293500220E+001 
      4.80000000 -0.233307150162728E+005  0.367781419662456E+001 
      4.82000000 -0.233305137248271E+005  0.387910564224799E+001 
      4.84000000 -0.233303046275841E+005  0.408820288526614E+001 
      4.86000000 -0.233300896283359E+005  0.430320213345585E+001 
      4.88000000 -0.233298708570572E+005  0.452197341218850E+001 
      4.90000000 -0.233296506394180E+005  0.474219105139568E+001 
      4.92000000 -0.233294314592834E+005  0.496137118600027E+001 
      4.94000000 -0.233292159146571E+005  0.517691581225143E+001 
      4.96000000 -0.233290066677316E+005  0.538616273779878E+001 
      4.98000000 -0.233288063899096E+005  0.558644055982740E+001 
      5.00000000 -0.233286177028488E+005  0.577512762060694E+001 
      5.02000000 -0.233284431167431E+005  0.594971372628503E+001 
      5.04000000 -0.233282849671909E+005  0.610786327847048E+001 
      5.06000000 -0.233281453521064E+005  0.624747836302939E+001 
      5.08000000 -0.233280260701939E+005  0.636676027552375E+001 
      5.10000000 -0.233279285625282E+005  0.646426794114495E+001 
      5.12000000 -0.233278538587699E+005  0.653897169953268E+001 
      5.14000000 -0.233278025294825E+005  0.659030098685241E+001 
      5.16000000 -0.233277746459193E+005  0.661818455009107E+001 
      5.18000000 -0.233277697485075E+005  0.662308196192228E+001 
      5.20000000 -0.233277868250955E+005  0.660600537386563E+001 
      5.22000000 -0.233278242998246E+005  0.656853064480884E+001 
      5.24000000 -0.233278800332749E+005  0.651279719453615E+001 
      5.26000000 -0.233279513343067E+005  0.644149616268760E+001 
      5.28000000 -0.233280349837801E+005  0.635784668927299E+001 
      5.30000000 -0.233281272700965E+005  0.626556037286757E+001 
      5.32000000 -0.233282240362765E+005  0.616879419287075E+001 
      5.34000000 -0.233283207380591E+005  0.607209241028366E+001 
      5.36000000 -0.233284125122943E+005  0.598031817504153E+001 
      5.38000000 -0.233284942547010E+005  0.589857576841918E+001 
      5.40000000 -0.233285607058716E+005  0.583212459774251E+001 
      5.42000000 -0.233286065442349E+005  0.578628623447274E+001 
      5.44000000 -0.233286264845226E+005  0.576634594674266E+001 
      5.46000000 -0.233286153801442E+005  0.577745032515764E+001 
      5.48000000 -0.233285683277334E+005  0.582450273601196E+001 
      5.50000000 -0.233284807720108E+005  0.591205845860474E+001 
      5.52000000 -0.233283486090004E+005  0.604422146901579E+001 
      5.54000000 -0.233281682855441E+005  0.622454492531163E+001 
      5.56000000 -0.233279368929938E+005  0.645593747562924E+001 
      5.58000000 -0.233276522529156E+005  0.674057755379663E+001 
      5.60000000 -0.233273129926379E+005  0.707983783151082E+001 
      5.62000000 -0.233269186085030E+005  0.747422196637119E+001 
      5.64000000 -0.233264695147751E+005  0.792331569425071E+001 
      5.66000000 -0.233259670762935E+005  0.842575417592353E+001 
      5.68000000 -0.233254136231748E+005  0.897920729462704E+001 
      5.70000000 -0.233248124461453E+005  0.958038432413851E+001 
      5.72000000 -0.233241677714413E+005  0.102250590280488E+002 
      5.74000000 -0.233234847146459E+005  0.109081158234753E+002 
      5.76000000 -0.233227692133282E+005  0.116236171412085E+002 
      5.78000000 -0.233220279389122E+005  0.123648915572064E+002 
      5.80000000 -0.233212681888109E+005  0.131246416584600E+002 
      5.82000000 -0.233204977604954E+005  0.138950699740034E+002 
      5.84000000 -0.233197248098124E+005  0.146680206569716E+002 
      5.86000000 -0.233189576964874E+005  0.154351339819843E+002 
      5.88000000 -0.233182048203178E+005  0.161880101515586E+002 
      5.90000000 -0.233174744520615E+005  0.169183784078938E+002 
      5.92000000 -0.233167745634029E+005  0.176182670664958E+002 
      5.94000000 -0.233161126606355E+005  0.182801698339390E+002 
      5.96000000 -0.233154956267803E+005  0.188972036890415E+002 
      5.98000000 -0.233149295767827E+005  0.194632536867066E+002 
      6.00000000 -0.233144197301484E+005  0.199731003210227E+002 
      6.02000000 -0.233139703049283E+005  0.204225255410477E+002 
      6.04000000 -0.233135844363248E+005  0.208083941446138E+002 
      6.06000000 -0.233132641223988E+005  0.211287080705555E+002 
      6.08000000 -0.233130101984474E+005  0.213826320219975E+002 
      6.10000000 -0.233128223406063E+005  0.215704898630808E+002 
      6.12000000 -0.233126990981910E+005  0.216937322783697E+002 
      6.14000000 -0.233126379532513E+005  0.217548772181041E+002 
      6.16000000 -0.233126354048313E+005  0.217574256381344E+002 
      6.18000000 -0.233126870745660E+005  0.217057559033969E+002 
      6.20000000 -0.233127878295374E+005  0.216050009320126E+002 
      6.22000000 -0.233129319177993E+005  0.214609126700923E+002 
      6.24000000 -0.233131131116994E+005  0.212797187700304E+002 
      6.26000000 -0.233133248540739E+005  0.210679763954630E+002 
      6.28000000 -0.233135604025861E+005  0.208324278833006E+002 
      6.30000000 -0.233138129678924E+005  0.205798625770269E+002 
      6.32000000 -0.233140758419303E+005  0.203169885391182E+002 
      6.34000000 -0.233143425133816E+005  0.200503170878110E+002 
      6.36000000 -0.233146067682281E+005  0.197860622412487E+002 
      6.38000000 -0.233148627742220E+005  0.195300562473435E+002 
      6.40000000 -0.233151051489828E+005  0.192876814865630E+002 
      6.42000000 -0.233153290122470E+005  0.190638182224386E+002 
      6.44000000 -0.233155300234921E+005  0.188628069773075E+002 
      6.46000000 -0.233157044066858E+005  0.186884237835846E+002 
      6.48000000 -0.233158489642512E+005  0.185438662182330E+002 
      6.50000000 -0.233159610824818E+005  0.184317479875453E+002 
      6.52000000 -0.233160387305856E+005  0.183540998838042E+002 
      6.54000000 -0.233160804553022E+005  0.183123751671555E+002 
      6.56000000 -0.233160853726683E+005  0.183074578010548E+002 
      6.58000000 -0.233160531580220E+005  0.183396724473837E+002 
      6.60000000 -0.233159840348102E+005  0.184087956591977E+002 
      6.62000000 -0.233158787622240E+005  0.185140682454317E+002 
      6.64000000 -0.233157386211944E+005  0.186542092749666E+002 
      6.66000000 -0.233155653978748E+005  0.188274325945605E+002 
      6.68000000 -0.233153613634459E+005  0.190314670234701E+002 
      6.70000000 -0.233151292489330E+005  0.192635815363562E+002 
      6.72000000 -0.233148722137281E+005  0.195206167412458E+002 
      6.74000000 -0.233145938066616E+005  0.197990238078031E+002 
      6.76000000 -0.233142979187565E+005  0.200949117129037E+002 
      6.78000000 -0.233139887271997E+005  0.204041032697373E+002 
      6.80000000 -0.233136706305479E+005  0.207221999214683E+002 
      6.82000000 -0.233133481757178E+005  0.210446547515911E+002 
      6.84000000 -0.233130259778474E+005  0.213668526219952E+002 
      6.86000000 -0.233127086346349E+005  0.216841958344425E+002 
      6.88000000 -0.233124006372080E+005  0.219921932613610E+002 
      6.90000000 -0.233121062799406E+005  0.222865505287794E+002 
      6.92000000 -0.233118295718830E+005  0.225632585863576E+002 
      6.94000000 -0.233115741525877E+005  0.228186778816738E+002 
      6.96000000 -0.233113432150956E+005  0.230496153738387E+002 
      6.98000000 -0.233111394386951E+005  0.232533917743041E+002 
      7.00000000 -0.233109649337826E+005  0.234278966867794E+002 
      7.02000000 -0.233108212007586E+005  0.235716297107853E+002 
      7.04000000 -0.233107091044099E+005  0.236837260594662E+002 
      7.06000000 -0.233106288646755E+005  0.237639657938785E+002 
      7.08000000 -0.233105800641030E+005  0.238127663663983E+002 
      7.10000000 -0.233105616717052E+005  0.238311587642116E+002 
      7.12000000 -0.233105720823433E+005  0.238207481260582E+002 
      7.14000000 -0.233106091702296E+005  0.237836602398164E+002 
      7.16000000 -0.233106703546730E+005  0.237224757963653E+002 
      7.18000000 -0.233107526758139E+005  0.236401546555351E+002 
      7.20000000 -0.233108528778062E+005  0.235399526631881E+002 
      7.22000000 -0.233109674967387E+005  0.234253337306527E+002 
      7.24000000 -0.233110929505186E+005  0.232998799508398E+002 
      7.26000000 -0.233112256279850E+005  0.231672024843734E+002 
      7.28000000 -0.233113619746687E+005  0.230308558007178E+002 
      7.30000000 -0.233114985728378E+005  0.228942576316000E+002 
      7.32000000 -0.233116322137841E+005  0.227606166852646E+002 
      7.34000000 -0.233117599606616E+005  0.226328698078339E+002 
      7.36000000 -0.233118792005923E+005  0.225136298770851E+002 
      7.38000000 -0.233119876851758E+005  0.224051452935502E+002 
      7.40000000 -0.233120835589631E+005  0.223092715062527E+002 
      7.42000000 -0.233121653758670E+005  0.222274546023776E+002 
      7.44000000 -0.233122321038612E+005  0.221607266081906E+002 
      7.46000000 -0.233122831186633E+005  0.221097118061083E+002 
      7.48000000 -0.233123181873881E+005  0.220746430813263E+002 
      7.50000000 -0.233123374433897E+005  0.220553870796658E+002 
      7.52000000 -0.233123413536870E+005  0.220514767823481E+002 
      7.54000000 -0.233123306804746E+005  0.220621499947890E+002 
      7.56000000 -0.233123064382729E+005  0.220863921965041E+002 
      7.58000000 -0.233122698482639E+005  0.221229822054567E+002 
      7.60000000 -0.233122222912987E+005  0.221705391706763E+002 
      7.62000000 -0.233121652609613E+005  0.222275695080974E+002 
      7.64000000 -0.233121003179340E+005  0.222925125353980E+002 
      7.66000000 -0.233120290467466E+005  0.223637837227425E+002 
      7.68000000 -0.233119530158090E+005  0.224398146603583E+002 
      7.70000000 -0.233118737414377E+005  0.225190890317119E+002 
      7.72000000 -0.233117926564011E+005  0.226001740683090E+002 
      7.74000000 -0.233117110833268E+005  0.226817471426395E+002 
      7.76000000 -0.233116302131436E+005  0.227626173257489E+002 
      7.78000000 -0.233115510885883E+005  0.228417418810700E+002 
      7.80000000 -0.233114745926699E+005  0.229182377994506E+002 
      7.82000000 -0.233114014418804E+005  0.229913885890054E+002 
      7.84000000 -0.233113321838488E+005  0.230606466205643E+002 
      7.86000000 -0.233112671990686E+005  0.231256314008096E+002 
      7.88000000 -0.233112067062766E+005  0.231861241928252E+002 
      7.90000000 -0.233111507710268E+005  0.232420594425968E+002 
      7.92000000 -0.233110993169813E+005  0.232935134880613E+002 
      7.94000000 -0.233110521394310E+005  0.233406910383592E+002 
      7.96000000 -0.233110089205594E+005  0.233839099100145E+002 
      7.98000000 -0.233109692459730E+005  0.234235844964288E+002 
      8.00000000 -0.233109326220386E+005  0.234602084308077E+002 
      8.02000000 -0.233108984935904E+005  0.234943368789446E+002 
      8.04000000 -0.233108662615997E+005  0.235265688697093E+002 
      8.06000000 -0.233108353004327E+005  0.235575300367369E+002 
      8.08000000 -0.233108049743627E+005  0.235878561067061E+002 
      8.10000000 -0.233107746530409E+005  0.236181774284965E+002 
      8.12000000 -0.233107437256767E+005  0.236491047926499E+002 
      8.14000000 -0.233107116137248E+005  0.236812167446040E+002 
      8.16000000 -0.233106777819202E+005  0.237150485492130E+002 
      8.18000000 -0.233106417475542E+005  0.237510829151786E+002 
      8.20000000 -0.233106030879256E+005  0.237897425438160E+002 
      8.22000000 -0.233105614459498E+005  0.238313845195767E+002 
      8.24000000 -0.233105165339481E+005  0.238762965212684E+002 
      8.26000000 -0.233104681356790E+005  0.239246947904110E+002 
      8.28000000 -0.233104161067094E+005  0.239767237599450E+002 
      8.30000000 -0.233103603732526E+005  0.240324572167823E+002 
      8.32000000 -0.233103009296242E+005  0.240919008452053E+002 
      8.34000000 -0.233102378344905E+005  0.241549959788526E+002 
      8.36000000 -0.233101712060924E+005  0.242216243770083E+002 
      8.38000000 -0.233101012166379E+005  0.242916138315055E+002 
      8.40000000 -0.233100280860587E+005  0.243647444106428E+002 
      8.42000000 -0.233099520753192E+005  0.244407551502400E+002 
      8.44000000 -0.233098734794575E+005  0.245193510118869E+002 
      8.46000000 -0.233097926205283E+005  0.246002099411194E+002 
      8.48000000 -0.233097098405947E+005  0.246829898747140E+002 
      8.50000000 -0.233096254949040E+005  0.247673355653672E+002 
      8.52000000 -0.233095399453586E+005  0.248528851108247E+002 
      8.54000000 -0.233094535543732E+005  0.249392760961587E+002 
      8.56000000 -0.233093666791931E+005  0.250261512762897E+002 
      8.58000000 -0.233092796667237E+005  0.251131637456749E+002 
      8.60000000 -0.233091928489081E+005  0.251999815613357E+002 
      8.62000000 -0.233091065386709E+005  0.252862917984871E+002 
      8.64000000 -0.233090210264317E+005  0.253718040376479E+002 
      8.66000000 -0.233089365771823E+005  0.254562532871202E+002 
      8.68000000 -0.233088534281093E+005  0.255394023600598E+002 
      8.70000000 -0.233087717867432E+005  0.256210437262353E+002 
      8.72000000 -0.233086918296062E+005  0.257010008631719E+002 
      8.74000000 -0.233086137013391E+005  0.257791291302883E+002 
      8.76000000 -0.233085375142838E+005  0.258553161855423E+002 
      8.78000000 -0.233084633485084E+005  0.259294819609514E+002 
      8.80000000 -0.233083912522638E+005  0.260015782056346E+002 
      8.82000000 -0.233083212428657E+005  0.260715876036573E+002 
      8.84000000 -0.233082533079996E+005  0.261395224698261E+002 
      8.86000000 -0.233081874074423E+005  0.262054230271048E+002 
      8.88000000 -0.233081234751934E+005  0.262693552759943E+002 
      8.90000000 -0.233080614219966E+005  0.263314084728289E+002 
      8.92000000 -0.233080011382325E+005  0.263916922368488E+002 
      8.94000000 -0.233079424972437E+005  0.264503332256947E+002 
      8.96000000 -0.233078853589775E+005  0.265074714918899E+002 
      8.98000000 -0.233078295736925E+005  0.265632567768930E+002 
      9.00000000 -0.233077749856840E+005  0.266178447853961E+002 
      9.02000000 -0.233077214369467E+005  0.266713935226883E+002 
      9.04000000 -0.233076687706885E+005  0.267240597809373E+002 
      9.06000000 -0.233076168346167E+005  0.267759958526977E+002 
      9.08000000 -0.233075654839328E+005  0.268273465365462E+002 
      9.10000000 -0.233075145839858E+005  0.268782464836155E+002 
      9.12000000 -0.233074640125498E+005  0.269288179195899E+002 
      9.14000000 -0.233074136617087E+005  0.269791687606557E+002 
      9.16000000 -0.233073634393420E+005  0.270293911273594E+002 
      9.18000000 -0.233073132702189E+005  0.270795602504469E+002 
      9.20000000 -0.233072630967171E+005  0.271297337522845E+002 
      9.22000000 -0.233072128791841E+005  0.271799512852721E+002 
      9.24000000 -0.233071625959648E+005  0.272302345045709E+002 
      9.26000000 -0.233071122431155E+005  0.272805873538566E+002 
      9.28000000 -0.233070618338242E+005  0.273309966451575E+002 
      9.30000000 -0.233070113975526E+005  0.273814329168027E+002 
      9.32000000 -0.233069609789136E+005  0.274318515558147E+002 
      9.34000000 -0.233069106362967E+005  0.274821941727193E+002 
      9.36000000 -0.233068604402537E+005  0.275323902157088E+002 
      9.38000000 -0.233068104716619E+005  0.275823588075306E+002 
      9.40000000 -0.233067608196857E+005  0.276320107837020E+002 
      9.42000000 -0.233067115795685E+005  0.276812509008534E+002 
      9.44000000 -0.233066628502953E+005  0.277299801740586E+002 
      9.46000000 -0.233066147321775E+005  0.277780982919153E+002 
      9.48000000 -0.233065673244242E+005  0.278255060451851E+002 
      9.50000000 -0.233065207227714E+005  0.278721076979794E+002 
      9.52000000 -0.233064750172451E+005  0.279178132242546E+002 
      9.54000000 -0.233064302901365E+005  0.279625403329379E+002 
      9.56000000 -0.233063866142577E+005  0.280062162117207E+002 
      9.58000000 -0.233063440515357E+005  0.280487789336863E+002 
      9.60000000 -0.233063026519806E+005  0.280901784888068E+002 
      9.62000000 -0.233062624530417E+005  0.281303774277293E+002 
      9.64000000 -0.233062234793398E+005  0.281693511296357E+002 
      9.66000000 -0.233061857427387E+005  0.282070877307072E+002 
      9.68000000 -0.233061492427033E+005  0.282435877661110E+002 
      9.70000000 -0.233061139668805E+005  0.282788635889334E+002 
      9.72000000 -0.233060798918354E+005  0.283129386339585E+002 
      9.74000000 -0.233060469838906E+005  0.283458465788389E+002 
      9.76000000 -0.233060152000268E+005  0.283776304425405E+002 
      9.78000000 -0.233059844888313E+005  0.284083416381115E+002 
      9.80000000 -0.233059547914968E+005  0.284380389725938E+002 
      9.82000000 -0.233059260429027E+005  0.284667875666876E+002 
      9.84000000 -0.233058981728128E+005  0.284946576566002E+002 
      9.86000000 -0.233058711072323E+005  0.285217232370822E+002 
      9.88000000 -0.233058447699533E+005  0.285480605161063E+002 
      9.90000000 -0.233058190842994E+005  0.285737461699413E+002 
      9.92000000 -0.233057939750493E+005  0.285988554201081E+002 
      9.94000000 -0.233057693704868E+005  0.286234599826012E+002 
      9.96000000 -0.233057452044937E+005  0.286476259757219E+002 
      9.98000000 -0.233057214185718E+005  0.286714118975753E+002 
     10.00000000 -0.233056979636668E+005  0.286948668026143E+002 
     10.02000000 -0.233056748016595E+005  0.287180288098648E+002 
     10.04000000 -0.233056519064029E+005  0.287409240664935E+002 
     10.06000000 -0.233056292642006E+005  0.287635662688023E+002 
     10.08000000 -0.233056068736630E+005  0.287859568064040E+002 
     10.10000000 -0.233055847449159E+005  0.288080855534509E+002 
     10.12000000 -0.233055628981843E+005  0.288299322851188E+002 
     10.14000000 -0.233055413618224E+005  0.288514686470389E+002 
     10.16000000 -0.233055201699061E+005  0.288726605632486E+002 
     10.18000000 -0.233054993595398E+005  0.288934709296254E+002 
     10.20000000 -0.233054789680544E+005  0.289138624150158E+002 
     10.22000000 -0.233054590302932E+005  0.289338001762159E+002 
     10.24000000 -0.233054395761725E+005  0.289532542968734E+002 
     10.26000000 -0.233054206286935E+005  0.289722017758677E+002 
     10.28000000 -0.233054022025457E+005  0.289906279237138E+002 
     10.30000000 -0.233053843033993E+005  0.290085270700502E+002 
     10.32000000 -0.233053669279288E+005  0.290259025406076E+002 
     10.34000000 -0.233053500645473E+005  0.290427659221347E+002 
     10.36000000 -0.233053336947775E+005  0.290591356918885E+002 
     10.38000000 -0.233053177951269E+005  0.290750353424721E+002 
     10.40000000 -0.233053023392951E+005  0.290904911742988E+002 
     10.42000000 -0.233052873005171E+005  0.291055299522949E+002 
     10.44000000 -0.233052726538369E+005  0.291201766325261E+002 
     10.46000000 -0.233052583781167E+005  0.291344523526941E+002 
     10.48000000 -0.233052444576165E+005  0.291483728529400E+002 
     10.50000000 -0.233052308830186E+005  0.291619474507535E+002 
     10.52000000 -0.233052176518249E+005  0.291751786445009E+002 
     10.54000000 -0.233052047681065E+005  0.291880623628871E+002 
     10.56000000 -0.233051922416443E+005  0.292005888251313E+002 
     10.58000000 -0.233051800865424E+005  0.292127439270129E+002 
     10.60000000 -0.233051683194410E+005  0.292245110284136E+002 
     10.62000000 -0.233051569574815E+005  0.292358729879107E+002 
     10.64000000 -0.233051460161941E+005  0.292468142752962E+002 
     10.66000000 -0.233051355074809E+005  0.292573229884561E+002 
     10.68000000 -0.233051254378584E+005  0.292673926109760E+002 
     10.70000000 -0.233051158071006E+005  0.292770233688015E+002 
     10.72000000 -0.233051066073934E+005  0.292862230759938E+002 
     10.74000000 -0.233050978230704E+005  0.292950073989463E+002 
     10.76000000 -0.233050894309547E+005  0.293033995147357E+002 
     10.78000000 -0.233050814012820E+005  0.293114291873931E+002 
     10.80000000 -0.233050736991402E+005  0.293191313292110E+002 
     10.82000000 -0.233050662863109E+005  0.293265441584817E+002 
     10.84000000 -0.233050591233756E+005  0.293337070937929E+002 
     10.86000000 -0.233050521719229E+005  0.293406585464422E+002 
     10.88000000 -0.233050453966899E+005  0.293474337794500E+002 
     10.90000000 -0.233050387674753E+005  0.293540629941337E+002 
     10.92000000 -0.233050322606850E+005  0.293605697843770E+002 
     10.94000000 -0.233050258604011E+005  0.293669700682972E+002 
     10.96000000 -0.233050195589040E+005  0.293732715653791E+002 
     10.98000000 -0.233050133566252E+005  0.293794738441925E+002 
     11.00000000 -0.233050072615500E+005  0.293855689194248E+002 
     11.02000000 -0.233050012881336E+005  0.293915423358056E+002 
     11.04000000 -0.233049954558279E+005  0.293973746414808E+002 
     11.06000000 -0.233049897873416E+005  0.294030431277905E+002 
     11.08000000 -0.233049843067710E+005  0.294085236984139E+002 
     11.10000000 -0.233049790377412E+005  0.294137927281542E+002 
     11.12000000 -0.233049740016882E+005  0.294188287811479E+002 
     11.14000000 -0.233049692163934E+005  0.294236140759760E+002 
     11.16000000 -0.233049646948575E+005  0.294281356119120E+002 
     11.18000000 -0.233049604445685E+005  0.294323859008492E+002 
     11.20000000 -0.233049564671870E+005  0.294363632823508E+002 
     11.22000000 -0.233049527586390E+005  0.294400718304185E+002 
     11.24000000 -0.233049493095798E+005  0.294435208896141E+002 
     11.26000000 -0.233049461061682E+005  0.294467243011859E+002 
     11.28000000 -0.233049431310726E+005  0.294496993967899E+002 
     11.30000000 -0.233049403646217E+005  0.294524658476428E+002 
     11.32000000 -0.233049377860093E+005  0.294550444600994E+002 
     11.34000000 -0.233049353744644E+005  0.294574560050250E+002 
     11.36000000 -0.233049331103103E+005  0.294597201591366E+002 
     11.38000000 -0.233049309758472E+005  0.294618546221887E+002 
     11.40000000 -0.233049289560130E+005  0.294638744564270E+002 
     11.42000000 -0.233049270387942E+005  0.294657916752168E+002 
     11.44000000 -0.233049252153818E+005  0.294676150875787E+002 
     11.46000000 -0.233049234800836E+005  0.294693503857857E+002 
     11.48000000 -0.233049218300228E+005  0.294710004465855E+002 
     11.50000000 -0.233049202646667E+005  0.294725658027290E+002 
     11.52000000 -0.233049187852376E+005  0.294740452318236E+002 
     11.54000000 -0.233049173940637E+005  0.294754364057397E+002 
     11.56000000 -0.233049160939263E+005  0.294767365431138E+002 
     11.58000000 -0.233049148874567E+005  0.294779430127388E+002 
     11.60000000 -0.233049137766244E+005  0.294790538450150E+002 
     11.62000000 -0.233049127623500E+005  0.294800681193683E+002 
     11.64000000 -0.233049118442590E+005  0.294809862103752E+002 
     11.66000000 -0.233049110205808E+005  0.294818098886410E+002 
     11.68000000 -0.233049102881831E+005  0.294825422862724E+002 
     11.70000000 -0.233049096427218E+005  0.294831877475973E+002 
     11.72000000 -0.233049090788748E+005  0.294837515945754E+002 
     11.74000000 -0.233049085906291E+005  0.294842398403178E+002 
     11.76000000 -0.233049081715832E+005  0.294846588861579E+002 
     11.78000000 -0.233049078152356E+005  0.294850152337598E+002 
     11.80000000 -0.233049075152300E+005  0.294853152393958E+002 
     11.82000000 -0.233049072655401E+005  0.294855649293401E+002 
     11.84000000 -0.233049070605830E+005  0.294857698864369E+002 
     11.86000000 -0.233049068952604E+005  0.294859352089619E+002 
     11.88000000 -0.233049067649336E+005  0.294860655358194E+002 
     11.90000000 -0.233049066653451E+005  0.294861651242715E+002 
     11.92000000 -0.233049065925056E+005  0.294862379637447E+002 
     11.94000000 -0.233049065425632E+005  0.294862879062304E+002 
     11.96000000 -0.233049065116744E+005  0.294863187950176E+002 
     11.98000000 -0.233049064958937E+005  0.294863345757402E+002 
     12.00000000 -0.233049064910918E+005  0.294863393775429E+002 
     12.02000000 -0.233049064906698E+005  0.294863397996181E+002 
     12.04000000 -0.233049064902797E+005  0.294863401897243E+002 
     12.06000000 -0.233049064899040E+005  0.294863405654206E+002 
     12.08000000 -0.233049064895398E+005  0.294863409295778E+002 
     12.10000000 -0.233049064891834E+005  0.294863412859733E+002 
     12.12000000 -0.233049064888308E+005  0.294863416386038E+002 
     12.14000000 -0.233049064884788E+005  0.294863419905910E+002 
     12.16000000 -0.233049064881255E+005  0.294863423438743E+002 
     12.18000000 -0.233049064877703E+005  0.294863426991313E+002 
     12.20000000 -0.233049064874136E+005  0.294863430558052E+002 
     12.22000000 -0.233049064870564E+005  0.294863434130266E+002 
     12.24000000 -0.233049064866995E+005  0.294863437698583E+002 
     12.26000000 -0.233049064863434E+005  0.294863441259908E+002 
     12.28000000 -0.233049064859878E+005  0.294863444816067E+002 
     12.30000000 -0.233049064856319E+005  0.294863448375257E+002 
     12.32000000 -0.233049064852749E+005  0.294863451944749E+002 
     12.34000000 -0.233049064849166E+005  0.294863455528070E+002 
     12.36000000 -0.233049064845572E+005  0.294863459122403E+002 
     12.38000000 -0.233049064841978E+005  0.294863462716335E+002 
     12.40000000 -0.233049064838401E+005  0.294863466293282E+002 
     12.42000000 -0.233049064834860E+005  0.294863469834190E+002 
     12.44000000 -0.233049064831372E+005  0.294863473321609E+002 
     12.46000000 -0.233049064827949E+005  0.294863476744589E+002 
     12.48000000 -0.233049064824594E+005  0.294863480100130E+002 
     12.50000000 -0.233049064821299E+005  0.294863483394603E+002 
     12.52000000 -0.233049064818053E+005  0.294863486641126E+002 
     12.54000000 -0.233049064814836E+005  0.294863489857455E+002 
     12.56000000 -0.233049064811632E+005  0.294863493062276E+002 
     12.58000000 -0.233049064808424E+005  0.294863496269975E+002 
     12.60000000 -0.233049064805204E+005  0.294863499490171E+002 
     12.62000000 -0.233049064801970E+005  0.294863502723948E+002 
     12.64000000 -0.233049064798728E+005  0.294863505965769E+002 
     12.66000000 -0.233049064795488E+005  0.294863509205671E+002 
     12.68000000 -0.233049064792261E+005  0.294863512433014E+002 
     12.70000000 -0.233049064789054E+005  0.294863515639475E+002 
     12.72000000 -0.233049064785871E+005  0.294863518822425E+002 
     12.74000000 -0.233049064782709E+005  0.294863521985235E+002 
     12.76000000 -0.233049064779558E+005  0.294863525135826E+002 
     12.78000000 -0.233049064776409E+005  0.294863528284592E+002 
     12.80000000 -0.233049064773252E+005  0.294863531441741E+002 
     12.82000000 -0.233049064770081E+005  0.294863534613214E+002 
     12.84000000 -0.233049064766893E+005  0.294863537800618E+002 
     12.86000000 -0.233049064763694E+005  0.294863541000180E+002 
     12.88000000 -0.233049064760489E+005  0.294863544204878E+002 
     12.90000000 -0.233049064757289E+005  0.294863547404471E+002 
     12.92000000 -0.233049064754105E+005  0.294863550588751E+002 
     12.94000000 -0.233049064750945E+005  0.294863553748468E+002 
     12.96000000 -0.233049064747817E+005  0.294863556877311E+002 
     12.98000000 -0.233049064744722E+005  0.294863559971754E+002 
     13.00000000 -0.233049064741661E+005  0.294863563033219E+002 
     13.02000000 -0.233049064738625E+005  0.294863566068512E+002 
     13.04000000 -0.233049064735605E+005  0.294863569088771E+002 
     13.06000000 -0.233049064732584E+005  0.294863572110205E+002 
     13.08000000 -0.233049064729544E+005  0.294863575150138E+002 
     13.10000000 -0.233049064726469E+005  0.294863578224968E+002 
     13.12000000 -0.233049064723347E+005  0.294863581346850E+002 
     13.14000000 -0.233049064720174E+005  0.294863584519467E+002 
     13.16000000 -0.233049064716956E+005  0.294863587737653E+002 
     13.18000000 -0.233049064713706E+005  0.294863590987455E+002 
     13.20000000 -0.233049064710445E+005  0.294863594248517E+002 
     13.22000000 -0.233049064707195E+005  0.294863597498567E+002 
     13.24000000 -0.233049064703976E+005  0.294863600717619E+002 
     13.26000000 -0.233049064700801E+005  0.294863603892711E+002 
     13.28000000 -0.233049064697676E+005  0.294863607018058E+002 
     13.30000000 -0.233049064694597E+005  0.294863610097218E+002 
     13.32000000 -0.233049064691553E+005  0.294863613140493E+002 
     13.34000000 -0.233049064688532E+005  0.294863616161834E+002 
     13.36000000 -0.233049064685518E+005  0.294863619176184E+002 
     13.38000000 -0.233049064682497E+005  0.294863622197216E+002 
     13.40000000 -0.233049064679458E+005  0.294863625235943E+002 
     13.42000000 -0.233049064676395E+005  0.294863628299079E+002 
     13.44000000 -0.233049064673304E+005  0.294863631389562E+002 
     13.46000000 -0.233049064670190E+005  0.294863634504143E+002 
     13.48000000 -0.233049064667058E+005  0.294863637636296E+002 
     13.50000000 -0.233049064663919E+005  0.294863640775101E+002 
     13.52000000 -0.233049064660785E+005  0.294863643908770E+002 
     13.54000000 -0.233049064657668E+005  0.294863647025919E+002 
     13.56000000 -0.233049064654574E+005  0.294863650119619E+002 
     13.58000000 -0.233049064651506E+005  0.294863653187766E+002 
     13.60000000 -0.233049064648457E+005  0.294863656236672E+002 
     13.62000000 -0.233049064645417E+005  0.294863659277100E+002 
     13.64000000 -0.233049064642370E+005  0.294863662323840E+002 
     13.66000000 -0.233049064639303E+005  0.294863665391090E+002 
     13.68000000 -0.233049064636205E+005  0.294863668488780E+002 
     13.70000000 -0.233049064633074E+005  0.294863671619480E+002 
     13.72000000 -0.233049064629917E+005  0.294863674777341E+002 
     13.74000000 -0.233049064626745E+005  0.294863677948535E+002 
     13.76000000 -0.233049064623578E+005  0.294863681116078E+002 
     13.78000000 -0.233049064620433E+005  0.294863684261379E+002 
     13.80000000 -0.233049064617324E+005  0.294863687370393E+002 
     13.82000000 -0.233049064614259E+005  0.294863690434611E+002 
     13.84000000 -0.233049064611240E+005  0.294863693453570E+002 
     13.86000000 -0.233049064608261E+005  0.294863696432591E+002 
     13.88000000 -0.233049064605313E+005  0.294863699380553E+002 
     13.90000000 -0.233049064602388E+005  0.294863702305777E+002 
     13.92000000 -0.233049064599477E+005  0.294863705217080E+002 
     13.94000000 -0.233049064596576E+005  0.294863708117802E+002 
     13.96000000 -0.233049064593684E+005  0.294863711009925E+002 
     13.98000000 -0.233049064590801E+005  0.294863713892767E+002 
     14.00000000 -0.233049064587929E+005  0.294863716765338E+002 
     14.02000000 -0.233049064585066E+005  0.294863719628257E+002 
     14.04000000 -0.233049064582209E+005  0.294863722485361E+002 
     14.06000000 -0.233049064579351E+005  0.294863725342557E+002 
     14.08000000 -0.233049064576483E+005  0.294863728210457E+002 
     14.10000000 -0.233049064573595E+005  0.294863731098929E+002 
     14.12000000 -0.233049064570675E+005  0.294863734018523E+002 
     14.14000000 -0.233049064567718E+005  0.294863736976415E+002 
     14.16000000 -0.233049064564719E+005  0.294863739975266E+002 
     14.18000000 -0.233049064561682E+005  0.294863743011920E+002 
     14.20000000 -0.233049064558616E+005  0.294863746077593E+002 
     14.22000000 -0.233049064555536E+005  0.294863749158300E+002 
     14.24000000 -0.233049064552455E+005  0.294863752238419E+002 
     14.26000000 -0.233049064549392E+005  0.294863755301585E+002 
     14.28000000 -0.233049064546360E+005  0.294863758334373E+002 
     14.30000000 -0.233049064543367E+005  0.294863761327130E+002 
     14.32000000 -0.233049064540418E+005  0.294863764276298E+002 
     14.34000000 -0.233049064537509E+005  0.294863767184631E+002 
     14.36000000 -0.233049064534634E+005  0.294863770060419E+002 
     14.38000000 -0.233049064531777E+005  0.294863772917213E+002 
     14.40000000 -0.233049064528923E+005  0.294863775771099E+002 
     14.42000000 -0.233049064526053E+005  0.294863778640546E+002 
     14.44000000 -0.233049064523152E+005  0.294863781541980E+002 
     14.46000000 -0.233049064520204E+005  0.294863784489416E+002 
     14.48000000 -0.233049064517202E+005  0.294863787491484E+002 
     14.50000000 -0.233049064514144E+005  0.294863790549732E+002 
     14.52000000 -0.233049064511036E+005  0.294863793658219E+002 
     14.54000000 -0.233049064507890E+005  0.294863796804139E+002 
     14.56000000 -0.233049064504726E+005  0.294863799968187E+002 
     14.58000000 -0.233049064501565E+005  0.294863803129141E+002 
     14.60000000 -0.233049064498429E+005  0.294863806264852E+002 
     14.62000000 -0.233049064495337E+005  0.294863809356665E+002 
     14.64000000 -0.233049064492301E+005  0.294863812392856E+002 
     14.66000000 -0.233049064489325E+005  0.294863815368907E+002 
     14.68000000 -0.233049064486405E+005  0.294863818289367E+002 
     14.70000000 -0.233049064483529E+005  0.294863821164908E+002 
     14.72000000 -0.233049064480683E+005  0.294863824010472E+002 
     14.74000000 -0.233049064477852E+005  0.294863826841589E+002 
     14.76000000 -0.233049064475024E+005  0.294863829670325E+002 
     14.78000000 -0.233049064472190E+005  0.294863832503886E+002 
     14.80000000 -0.233049064469350E+005  0.294863835343789E+002 
     14.82000000 -0.233049064466506E+005  0.294863838187590E+002 
     14.84000000 -0.233049064463664E+005  0.294863841029720E+002 
     14.86000000 -0.233049064460829E+005  0.294863843864828E+002 
     14.88000000 -0.233049064458005E+005  0.294863846689171E+002 
     14.90000000 -0.233049064455193E+005  0.294863849501108E+002 
     14.92000000 -0.233049064452392E+005  0.294863852302032E+002 
     14.94000000 -0.233049064449598E+005  0.294863855095748E+002 
     14.96000000 -0.233049064446806E+005  0.294863857887608E+002 
     14.98000000 -0.233049064444009E+005  0.294863860684757E+002 
     15.00000000 -0.233049064441200E+005  0.294863863494158E+002 
     15.02000000 -0.233049064438371E+005  0.294863866323233E+002 
     15.04000000 -0.233049064435517E+005  0.294863869176655E+002 
     15.06000000 -0.233049064432637E+005  0.294863872057239E+002 
     15.08000000 -0.233049064429731E+005  0.294863874962726E+002 
     15.10000000 -0.233049064426808E+005  0.294863877886279E+002 
     15.12000000 -0.233049064423875E+005  0.294863880818742E+002 
     15.14000000 -0.233049064420945E+005  0.294863883748668E+002 
     15.16000000 -0.233049064418029E+005  0.294863886665292E+002 
     15.18000000 -0.233049064415133E+005  0.294863889561096E+002 
     15.20000000 -0.233049064412263E+005  0.294863892431161E+002 
     15.22000000 -0.233049064409419E+005  0.294863895275086E+002 
     15.24000000 -0.233049064406601E+005  0.294863898093303E+002 
     15.26000000 -0.233049064403806E+005  0.294863900887823E+002 
     15.28000000 -0.233049064401034E+005  0.294863903659544E+002 
     15.30000000 -0.233049064398285E+005  0.294863906408496E+002 
     15.32000000 -0.233049064395561E+005  0.294863909132947E+002 
     15.34000000 -0.233049064392863E+005  0.294863911830978E+002 
     15.36000000 -0.233049064390192E+005  0.294863914501849E+002 
     15.38000000 -0.233049064387548E+005  0.294863917146176E+002 
     15.40000000 -0.233049064384928E+005  0.294863919766187E+002 
     15.42000000 -0.233049064382326E+005  0.294863922367576E+002 
     15.44000000 -0.233049064379736E+005  0.294863924957982E+002 
     15.46000000 -0.233049064377147E+005  0.294863927547212E+002 
     15.48000000 -0.233049064374548E+005  0.294863930145445E+002 
     15.50000000 -0.233049064371932E+005  0.294863932762301E+002 
     15.52000000 -0.233049064369289E+005  0.294863935405267E+002 
     15.54000000 -0.233049064366616E+005  0.294863938077994E+002 
     15.56000000 -0.233049064363912E+005  0.294863940781656E+002 
     15.58000000 -0.233049064361181E+005  0.294863943513160E+002 
     15.60000000 -0.233049064358425E+005  0.294863946268423E+002 
     15.62000000 -0.233049064355653E+005  0.294863949041257E+002 
     15.64000000 -0.233049064352869E+005  0.294863951825197E+002 
     15.66000000 -0.233049064350081E+005  0.294863954612726E+002 
     15.68000000 -0.233049064347297E+005  0.294863957396821E+002 
     15.70000000 -0.233049064344523E+005  0.294863960171016E+002 
     15.72000000 -0.233049064341762E+005  0.294863962931476E+002 
     15.74000000 -0.233049064339016E+005  0.294863965678232E+002 
     15.76000000 -0.233049064336278E+005  0.294863968415830E+002 
     15.78000000 -0.233049064333540E+005  0.294863971153893E+002 
     15.80000000 -0.233049064330789E+005  0.294863973905351E+002 
     15.82000000 -0.233049064328011E+005  0.294863976682763E+002 
     15.84000000 -0.233049064325198E+005  0.294863979495474E+002 
     15.86000000 -0.233049064322347E+005  0.294863982347133E+002 
     15.88000000 -0.233049064319462E+005  0.294863985232387E+002 
     15.90000000 -0.233049064316554E+005  0.294863988139978E+002 
     15.92000000 -0.233049064313640E+005  0.294863991053694E+002 
     15.94000000 -0.233049064310736E+005  0.294863993957696E+002 
     15.96000000 -0.233049064307855E+005  0.294863996839269E+002 
     15.98000000 -0.233049064305002E+005  0.294863999692382E+002 
     16.00000000 -0.233049064302175E+005  0.294864002519044E+002 
     16.02000000 -0.233049064299365E+005  0.294864005328476E+002 
     16.04000000 -0.233049064296561E+005  0.294864008132648E+002 
     16.06000000 -0.233049064293748E+005  0.294864010946070E+002 
     16.08000000 -0.233049064290915E+005  0.294864013778858E+002 
     16.10000000 -0.233049064288058E+005  0.294864016635652E+002 
     16.12000000 -0.233049064285181E+005  0.294864019513358E+002 
     16.14000000 -0.233049064282290E+005  0.294864022403749E+002 
     16.16000000 -0.233049064279400E+005  0.294864025293489E+002 
     16.18000000 -0.233049064276526E+005  0.294864028167638E+002 
     16.20000000 -0.233049064273681E+005  0.294864031013110E+002 
     16.22000000 -0.233049064270872E+005  0.294864033821582E+002 
     16.24000000 -0.233049064268106E+005  0.294864036588013E+002 
     16.26000000 -0.233049064265379E+005  0.294864039315155E+002 
     16.28000000 -0.233049064262686E+005  0.294864042007804E+002 
     16.30000000 -0.233049064260020E+005  0.294864044673693E+002 
     16.32000000 -0.233049064257371E+005  0.294864047322568E+002 
     16.34000000 -0.233049064254731E+005  0.294864049963245E+002 
     16.36000000 -0.233049064252088E+005  0.294864052605870E+002 
     16.38000000 -0.233049064249434E+005  0.294864055260375E+002 
     16.40000000 -0.233049064246757E+005  0.294864057937185E+002 
     16.42000000 -0.233049064244049E+005  0.294864060645240E+002 
     16.44000000 -0.233049064241302E+005  0.294864063391964E+002 
     16.46000000 -0.233049064238514E+005  0.294864066179524E+002 
     16.48000000 -0.233049064235690E+005  0.294864069004300E+002 
     16.50000000 -0.233049064232838E+005  0.294864071856113E+002 
     16.52000000 -0.233049064229974E+005  0.294864074720115E+002 
     16.54000000 -0.233049064227116E+005  0.294864077577868E+002 
     16.56000000 -0.233049064224280E+005  0.294864080413502E+002 
     16.58000000 -0.233049064221480E+005  0.294864083213683E+002 
     16.60000000 -0.233049064218721E+005  0.294864085972658E+002 
     16.62000000 -0.233049064216001E+005  0.294864088692469E+002 
     16.64000000 -0.233049064213312E+005  0.294864091381962E+002 
     16.66000000 -0.233049064210639E+005  0.294864094054874E+002 
     16.68000000 -0.233049064207966E+005  0.294864096727755E+002 
     16.70000000 -0.233049064205279E+005  0.294864099414619E+002 
     16.72000000 -0.233049064202567E+005  0.294864102126664E+002 
     16.74000000 -0.233049064199825E+005  0.294864104868965E+002 
     16.76000000 -0.233049064197054E+005  0.294864107640284E+002 
     16.78000000 -0.233049064194260E+005  0.294864110434247E+002 
     16.80000000 -0.233049064191453E+005  0.294864113241049E+002 
     16.82000000 -0.233049064188644E+005  0.294864116049676E+002 
     16.84000000 -0.233049064185844E+005  0.294864118850198E+002 
     16.86000000 -0.233049064183060E+005  0.294864121634293E+002 
     16.88000000 -0.233049064180296E+005  0.294864124397599E+002 
     16.90000000 -0.233049064177555E+005  0.294864127138662E+002 
     16.92000000 -0.233049064174835E+005  0.294864129858565E+002 
     16.94000000 -0.233049064172132E+005  0.294864132562258E+002 
     16.96000000 -0.233049064169437E+005  0.294864135256608E+002 
     16.98000000 -0.233049064166745E+005  0.294864137949381E+002 
     17.00000000 -0.233049064164043E+005  0.294864140651001E+002 
     17.02000000 -0.233049064161324E+005  0.294864143370193E+002 
     17.04000000 -0.233049064158578E+005  0.294864146115463E+002 
     17.06000000 -0.233049064155802E+005  0.294864148891855E+002 
     17.08000000 -0.233049064152992E+005  0.294864151701441E+002 
     17.10000000 -0.233049064150152E+005  0.294864154541747E+002 
     17.12000000 -0.233049064147288E+005  0.294864157406058E+002 
     17.14000000 -0.233049064144410E+005  0.294864160283950E+002 
     17.16000000 -0.233049064141532E+005  0.294864163162090E+002 
     17.18000000 -0.233049064138668E+005  0.294864166026154E+002 
     17.20000000 -0.233049064135831E+005  0.294864168863180E+002 
     17.22000000 -0.233049064133033E+005  0.294864171661319E+002 
     17.24000000 -0.233049064130280E+005  0.294864174414355E+002 
     17.26000000 -0.233049064127574E+005  0.294864177120090E+002 
     17.28000000 -0.233049064124911E+005  0.294864179782452E+002 
     17.30000000 -0.233049064122284E+005  0.294864182409641E+002 
     17.32000000 -0.233049064119681E+005  0.294864185012886E+002 
     17.34000000 -0.233049064117090E+005  0.294864187604251E+002 
     17.36000000 -0.233049064114501E+005  0.294864190192522E+002 
     17.38000000 -0.233049064111910E+005  0.294864192784011E+002 
     17.40000000 -0.233049064109315E+005  0.294864195379027E+002 
     17.42000000 -0.233049064106719E+005  0.294864197975094E+002 
     17.44000000 -0.233049064104126E+005  0.294864200568099E+002 
     17.46000000 -0.233049064101538E+005  0.294864203155473E+002 
     17.48000000 -0.233049064098955E+005  0.294864205738578E+002 
     17.50000000 -0.233049064096371E+005  0.294864208322550E+002 
     17.52000000 -0.233049064093777E+005  0.294864210917132E+002 
     17.54000000 -0.233049064091161E+005  0.294864213533370E+002 
     17.56000000 -0.233049064088514E+005  0.294864216179894E+002 
     17.58000000 -0.233049064085832E+005  0.294864218861653E+002 
     17.60000000 -0.233049064083117E+005  0.294864221576699E+002 
     17.62000000 -0.233049064080376E+005  0.294864224318010E+002 
     17.64000000 -0.233049064077620E+005  0.294864227074108E+002 
     17.66000000 -0.233049064074862E+005  0.294864229831753E+002 
     17.68000000 -0.233049064072115E+005  0.294864232579034E+002 
     17.70000000 -0.233049064069387E+005  0.294864235306857E+002 
     17.72000000 -0.233049064066683E+005  0.294864238010952E+002 
     17.74000000 -0.233049064064003E+005  0.294864240690856E+002 
     17.76000000 -0.233049064061343E+005  0.294864243350527E+002 
     17.78000000 -0.233049064058698E+005  0.294864245995813E+002 
     17.80000000 -0.233049064056060E+005  0.294864248634200E+002 
     17.82000000 -0.233049064053422E+005  0.294864251272155E+002 
     17.84000000 -0.233049064050779E+005  0.294864253915306E+002 
     17.86000000 -0.233049064048126E+005  0.294864256567739E+002 
     17.88000000 -0.233049064045462E+005  0.294864259231989E+002 
     17.90000000 -0.233049064042785E+005  0.294864261909108E+002 
     17.92000000 -0.233049064040095E+005  0.294864264598787E+002 
     17.94000000 -0.233049064037393E+005  0.294864267301242E+002 
     17.96000000 -0.233049064034677E+005  0.294864270016691E+002 
     17.98000000 -0.233049064031947E+005  0.294864272746834E+002 
     18.00000000 -0.233049064029200E+005  0.294864275493991E+002 
     18.02000000 -0.233049064026432E+005  0.294864278261474E+002 
     18.04000000 -0.233049064023641E+005  0.294864281052498E+002 
     18.06000000 -0.233049064020824E+005  0.294864283870344E+002 
     18.08000000 -0.233049064017978E+005  0.294864286716218E+002 
     18.10000000 -0.233049064015104E+005  0.294864289589872E+002 
     18.12000000 -0.233049064012206E+005  0.294864292487841E+002 
     18.14000000 -0.233049064009289E+005  0.294864295405115E+002 
     18.16000000 -0.233049064006361E+005  0.294864298332813E+002 
     18.18000000 -0.233049064003433E+005  0.294864301260883E+002 
     18.20000000 -0.233049064000518E+005  0.294864304176146E+002 
     18.22000000 -0.233049063997628E+005  0.294864307065917E+002 
     18.24000000 -0.233049063994776E+005  0.294864309917947E+002 
     18.26000000 -0.233049063991972E+005  0.294864312722058E+002 
     18.28000000 -0.233049063989221E+005  0.294864315473144E+002 
     18.30000000 -0.233049063986522E+005  0.294864318171547E+002 
     18.32000000 -0.233049063983870E+005  0.294864320823794E+002 
     18.34000000 -0.233049063981251E+005  0.294864323442444E+002 
     18.36000000 -0.233049063978650E+005  0.294864326043956E+002 
     18.38000000 -0.233049063976045E+005  0.294864328648871E+002 
     18.40000000 -0.233049063973418E+005  0.294864331276029E+002 
     18.42000000 -0.233049063970751E+005  0.294864333943032E+002 
     18.44000000 -0.233049063968031E+005  0.294864336662595E+002 
     18.46000000 -0.233049063965254E+005  0.294864339439513E+002 
     18.48000000 -0.233049063962423E+005  0.294864342270878E+002 
     18.50000000 -0.233049063959549E+005  0.294864345144996E+002 
     18.52000000 -0.233049063956652E+005  0.294864348042316E+002 
     18.54000000 -0.233049063953754E+005  0.294864350939635E+002 
     18.56000000 -0.233049063950880E+005  0.294864353813692E+002 
     18.58000000 -0.233049063948048E+005  0.294864356645428E+002 
     18.60000000 -0.233049063945269E+005  0.294864359425161E+002 
     18.62000000 -0.233049063942540E+005  0.294864362154221E+002 
     18.64000000 -0.233049063939849E+005  0.294864364844642E+002 
     18.66000000 -0.233049063937178E+005  0.294864367516007E+002 
     18.68000000 -0.233049063934503E+005  0.294864370190528E+002 
     18.70000000 -0.233049063931807E+005  0.294864372887260E+002 
     18.72000000 -0.233049063929075E+005  0.294864375618455E+002 
     18.74000000 -0.233049063926308E+005  0.294864378386154E+002 
     18.76000000 -0.233049063923510E+005  0.294864381183922E+002 
     18.78000000 -0.233049063920694E+005  0.294864383999541E+002 
     18.80000000 -0.233049063917875E+005  0.294864386818686E+002 
     18.82000000 -0.233049063915063E+005  0.294864389630561E+002 
     18.84000000 -0.233049063912264E+005  0.294864392429567E+002 
     18.86000000 -0.233049063909478E+005  0.294864395215673E+002 
     18.88000000 -0.233049063906699E+005  0.294864397994478E+002 
     18.90000000 -0.233049063903920E+005  0.294864400774366E+002 
     18.92000000 -0.233049063901132E+005  0.294864403561430E+002 
     18.94000000 -0.233049063898334E+005  0.294864406360065E+002 
     18.96000000 -0.233049063895524E+005  0.294864409169466E+002 
     18.98000000 -0.233049063892710E+005  0.294864411984249E+002 
     19.00000000 -0.233049063889897E+005  0.294864414796774E+002 
     19.02000000 -0.233049063887096E+005  0.294864417597791E+002 
     19.04000000 -0.233049063884313E+005  0.294864420380926E+002 
     19.06000000 -0.233049063881551E+005  0.294864423142531E+002 
     19.08000000 -0.233049063878810E+005  0.294864425883811E+002 
     19.10000000 -0.233049063876083E+005  0.294864428611263E+002 
     19.12000000 -0.233049063873360E+005  0.294864431333764E+002 
     19.14000000 -0.233049063870630E+005  0.294864434063969E+002 
     19.16000000 -0.233049063867880E+005  0.294864436813664E+002 
     19.18000000 -0.233049063865101E+005  0.294864439592654E+002 
     19.20000000 -0.233049063862287E+005  0.294864442407097E+002 
     19.22000000 -0.233049063859437E+005  0.294864445256683E+002 
     19.24000000 -0.233049063856559E+005  0.294864448134854E+002 
     19.26000000 -0.233049063853664E+005  0.294864451029853E+002 
     19.28000000 -0.233049063850769E+005  0.294864453925100E+002 
     19.30000000 -0.233049063847890E+005  0.294864456804292E+002 
     19.32000000 -0.233049063845042E+005  0.294864459652331E+002 
     19.34000000 -0.233049063842235E+005  0.294864462459411E+002 
     19.36000000 -0.233049063839472E+005  0.294864465221542E+002 
     19.38000000 -0.233049063836753E+005  0.294864467940548E+002 
     19.40000000 -0.233049063834071E+005  0.294864470623235E+002 
     19.42000000 -0.233049063831415E+005  0.294864473278916E+002 
     19.44000000 -0.233049063828774E+005  0.294864475919531E+002 
     19.46000000 -0.233049063826138E+005  0.294864478556093E+002 
     19.48000000 -0.233049063823497E+005  0.294864481197048E+002 
     19.50000000 -0.233049063820844E+005  0.294864483850161E+002 
     19.52000000 -0.233049063818174E+005  0.294864486520134E+002 
     19.54000000 -0.233049063815484E+005  0.294864489209937E+002 
     19.56000000 -0.233049063812775E+005  0.294864491919291E+002 
     19.58000000 -0.233049063810047E+005  0.294864494646897E+002 
     19.60000000 -0.233049063807305E+005  0.294864497389198E+002 
     19.62000000 -0.233049063804551E+005  0.294864500142512E+002 
     19.64000000 -0.233049063801792E+005  0.294864502902013E+002 
     19.66000000 -0.233049063799029E+005  0.294864505664731E+002 
     19.68000000 -0.233049063796267E+005  0.294864508426614E+002 
     19.70000000 -0.233049063793508E+005  0.294864511185899E+002 
     19.72000000 -0.233049063790754E+005  0.294864513940048E+002 
     19.74000000 -0.233049063788008E+005  0.294864516686216E+002 
     19.76000000 -0.233049063785273E+005  0.294864519421370E+002 
     19.78000000 -0.233049063782553E+005  0.294864522141057E+002 
     19.80000000 -0.233049063779853E+005  0.294864524840511E+002 
     19.82000000 -0.233049063777176E+005  0.294864527517569E+002 
     19.84000000 -0.233049063774523E+005  0.294864530170991E+002 
     19.86000000 -0.233049063771889E+005  0.294864532805419E+002 
     19.88000000 -0.233049063769265E+005  0.294864535429112E+002 
     19.90000000 -0.233049063766639E+005  0.294864538054785E+002 
     19.92000000 -0.233049063763996E+005  0.294864540697410E+002 
     19.94000000 -0.233049063761323E+005  0.294864543370600E+002 
     19.96000000 -0.233049063758610E+005  0.294864546084224E+002 
     19.98000000 -0.233049063755851E+005  0.294864548842766E+002 
     20.00000000 -0.233049063753052E+005  0.294864551641493E+002 
     20.02000000 -0.233049063750225E+005  0.294864554469022E+002 
     20.04000000 -0.233049063747387E+005  0.294864557307100E+002 
     20.06000000 -0.233049063744559E+005  0.294864560134660E+002 
     20.08000000 -0.233049063741763E+005  0.294864562931160E+002 
     20.10000000 -0.233049063739013E+005  0.294864565681040E+002 
     20.12000000 -0.233049063736318E+005  0.294864568375854E+002 
     20.14000000 -0.233049063733676E+005  0.294864571018418E+002 
     20.16000000 -0.233049063731074E+005  0.294864573619744E+002 
     20.18000000 -0.233049063728496E+005  0.294864576198333E+002 
     20.20000000 -0.233049063725918E+005  0.294864578775715E+002 
     20.22000000 -0.233049063723323E+005  0.294864581371411E+002 
     20.24000000 -0.233049063720696E+005  0.294864583998322E+002 
     20.26000000 -0.233049063718033E+005  0.294864586661303E+002 
     20.28000000 -0.233049063715337E+005  0.294864589356984E+002 
     20.30000000 -0.233049063712619E+005  0.294864592074629E+002 
     20.32000000 -0.233049063709894E+005  0.294864594800007E+002 
     20.34000000 -0.233049063707173E+005  0.294864597521055E+002 
     20.36000000 -0.233049063704467E+005  0.294864600226945E+002 
     20.38000000 -0.233049063701779E+005  0.294864602915139E+002 
     20.40000000 -0.233049063699108E+005  0.294864605586287E+002 
     20.42000000 -0.233049063696449E+005  0.294864608245123E+002 
     20.44000000 -0.233049063693796E+005  0.294864610898298E+002 
     20.46000000 -0.233049063691143E+005  0.294864613550978E+002 
     20.48000000 -0.233049063688488E+005  0.294864616206040E+002 
     20.50000000 -0.233049063685829E+005  0.294864618865340E+002 
     20.52000000 -0.233049063683166E+005  0.294864621527579E+002 
     20.54000000 -0.233049063680503E+005  0.294864624191179E+002 
     20.56000000 -0.233049063677839E+005  0.294864626855212E+002 
     20.58000000 -0.233049063675174E+005  0.294864629519709E+002 
     20.60000000 -0.233049063672510E+005  0.294864632184114E+002 
     20.62000000 -0.233049063669846E+005  0.294864634847869E+002 
     20.64000000 -0.233049063667185E+005  0.294864637509211E+002 
     20.66000000 -0.233049063664529E+005  0.294864640164706E+002 
     20.68000000 -0.233049063661885E+005  0.294864642808661E+002 
     20.70000000 -0.233049063659257E+005  0.294864645436655E+002 
     20.72000000 -0.233049063656647E+005  0.294864648046674E+002 
     20.74000000 -0.233049063654053E+005  0.294864650641287E+002 
     20.76000000 -0.233049063651467E+005  0.294864653226837E+002 
     20.78000000 -0.233049063648879E+005  0.294864655815108E+002 
     20.80000000 -0.233049063646275E+005  0.294864658419188E+002 
     20.82000000 -0.233049063643642E+005  0.294864661051667E+002 
     20.84000000 -0.233049063640972E+005  0.294864663721485E+002 
     20.86000000 -0.233049063638261E+005  0.294864666432633E+002 
     20.88000000 -0.233049063635510E+005  0.294864669183441E+002 
     20.90000000 -0.233049063632724E+005  0.294864671969640E+002 
     20.92000000 -0.233049063629909E+005  0.294864674784671E+002 
     20.94000000 -0.233049063627070E+005  0.294864677624202E+002 
     20.96000000 -0.233049063624209E+005  0.294864680484771E+002 
     20.98000000 -0.233049063621330E+005  0.294864683364333E+002 
     21.00000000 -0.233049063618434E+005  0.294864686260292E+002 
     21.02000000 -0.233049063615527E+005  0.294864689166521E+002 
     21.04000000 -0.233049063612622E+005  0.294864692072317E+002 
     21.06000000 -0.233049063609732E+005  0.294864694962213E+002 
     21.08000000 -0.233049063606874E+005  0.294864697819440E+002 
     21.10000000 -0.233049063604066E+005  0.294864700627912E+002 
     21.12000000 -0.233049063601316E+005  0.294864703377978E+002 
     21.14000000 -0.233049063598625E+005  0.294864706069142E+002 
     21.16000000 -0.233049063595983E+005  0.294864708711180E+002 
     21.18000000 -0.233049063593370E+005  0.294864711324323E+002 
     21.20000000 -0.233049063590760E+005  0.294864713933508E+002 
     21.22000000 -0.233049063588127E+005  0.294864716567162E+002 
     21.24000000 -0.233049063585445E+005  0.294864719248829E+002 
     21.26000000 -0.233049063582699E+005  0.294864721994873E+002 
     21.28000000 -0.233049063579883E+005  0.294864724811017E+002 
     21.30000000 -0.233049063577004E+005  0.294864727690116E+002 
     21.32000000 -0.233049063574077E+005  0.294864730616793E+002 
     21.34000000 -0.233049063571127E+005  0.294864733566766E+002 
     21.36000000 -0.233049063568178E+005  0.294864736515532E+002 
     21.38000000 -0.233049063565254E+005  0.294864739440230E+002 
     21.40000000 -0.233049063562367E+005  0.294864742326660E+002 
     21.42000000 -0.233049063559525E+005  0.294864745168482E+002 
     21.44000000 -0.233049063556725E+005  0.294864747968880E+002 
     21.46000000 -0.233049063553955E+005  0.294864750738837E+002 
     21.48000000 -0.233049063551201E+005  0.294864753492862E+002 
     21.50000000 -0.233049063548449E+005  0.294864756244629E+002 
     21.52000000 -0.233049063545687E+005  0.294864759006729E+002 
     21.54000000 -0.233049063542909E+005  0.294864761785039E+002 
     21.56000000 -0.233049063540113E+005  0.294864764580425E+002 
     21.58000000 -0.233049063537305E+005  0.294864767389021E+002 
     21.60000000 -0.233049063534490E+005  0.294864770204145E+002 
     21.62000000 -0.233049063531675E+005  0.294864773019083E+002 
     21.64000000 -0.233049063528865E+005  0.294864775829349E+002 
     21.66000000 -0.233049063526059E+005  0.294864778635038E+002 
     21.68000000 -0.233049063523251E+005  0.294864781442582E+002 
     21.70000000 -0.233049063520432E+005  0.294864784262377E+002 
     21.72000000 -0.233049063517586E+005  0.294864787107786E+002 
     21.74000000 -0.233049063514702E+005  0.294864789991463E+002 
     21.76000000 -0.233049063511772E+005  0.294864792921451E+002 
     21.78000000 -0.233049063508795E+005  0.294864795898740E+002 
     21.80000000 -0.233049063505780E+005  0.294864798914049E+002 
     21.82000000 -0.233049063502742E+005  0.294864801951446E+002 
     21.84000000 -0.233049063499706E+005  0.294864804988224E+002 
     21.86000000 -0.233049063496693E+005  0.294864808001027E+002 
     21.88000000 -0.233049063493725E+005  0.294864810968602E+002 
     21.90000000 -0.233049063490818E+005  0.294864813876193E+002 
     21.92000000 -0.233049063487977E+005  0.294864816716838E+002 
     21.94000000 -0.233049063485201E+005  0.294864819493076E+002 
     21.96000000 -0.233049063482479E+005  0.294864822214618E+002 
     21.98000000 -0.233049063479798E+005  0.294864824896378E+002 
     22.00000000 -0.233049063477136E+005  0.294864827557843E+002 
     22.02000000 -0.233049063474474E+005  0.294864830219618E+002 
     22.04000000 -0.233049063471793E+005  0.294864832900419E+002 
     22.06000000 -0.233049063469075E+005  0.294864835618497E+002 
     22.08000000 -0.233049063466308E+005  0.294864838386165E+002 
     22.10000000 -0.233049063463483E+005  0.294864841210786E+002 
     22.12000000 -0.233049063460601E+005  0.294864844092885E+002 
     22.14000000 -0.233049063457668E+005  0.294864847026090E+002 
     22.16000000 -0.233049063454695E+005  0.294864849998553E+002 
     22.18000000 -0.233049063451700E+005  0.294864852993537E+002 
     22.20000000 -0.233049063448702E+005  0.294864855992079E+002 
     22.22000000 -0.233049063445719E+005  0.294864858975215E+002 
     22.24000000 -0.233049063442767E+005  0.294864861926827E+002 
     22.26000000 -0.233049063439858E+005  0.294864864835624E+002 
     22.28000000 -0.233049063436997E+005  0.294864867696470E+002 
     22.30000000 -0.233049063434184E+005  0.294864870510325E+002 
     22.32000000 -0.233049063431409E+005  0.294864873284861E+002 
     22.34000000 -0.233049063428662E+005  0.294864876032390E+002 
     22.36000000 -0.233049063425927E+005  0.294864878767390E+002 
     22.38000000 -0.233049063423189E+005  0.294864881504988E+002 
     22.40000000 -0.233049063420434E+005  0.294864884259880E+002 
     22.42000000 -0.233049063417651E+005  0.294864887043232E+002 
     22.44000000 -0.233049063414831E+005  0.294864889863213E+002 
     22.46000000 -0.233049063411970E+005  0.294864892723472E+002 
     22.48000000 -0.233049063409070E+005  0.294864895624040E+002 
     22.50000000 -0.233049063406133E+005  0.294864898561298E+002 
     22.52000000 -0.233049063403167E+005  0.294864901527388E+002 
     22.54000000 -0.233049063400183E+005  0.294864904511111E+002 
     22.56000000 -0.233049063397194E+005  0.294864907499444E+002 
     22.58000000 -0.233049063394215E+005  0.294864910478558E+002 
     22.60000000 -0.233049063391258E+005  0.294864913435708E+002 
     22.62000000 -0.233049063388331E+005  0.294864916363128E+002 
     22.64000000 -0.233049063385437E+005  0.294864919256426E+002 
     22.66000000 -0.233049063382575E+005  0.294864922118572E+002 
     22.68000000 -0.233049063379738E+005  0.294864924955753E+002 
     22.70000000 -0.233049063376917E+005  0.294864927777280E+002 
     22.72000000 -0.233049063374102E+005  0.294864930592187E+002 
     22.74000000 -0.233049063371287E+005  0.294864933407032E+002 
     22.76000000 -0.233049063368469E+005  0.294864936225187E+002 
     22.78000000 -0.233049063365648E+005  0.294864939045693E+002 
     22.80000000 -0.233049063362828E+005  0.294864941865581E+002 
     22.82000000 -0.233049063360014E+005  0.294864944680241E+002 
     22.84000000 -0.233049063357209E+005  0.294864947485341E+002 
     22.86000000 -0.233049063354416E+005  0.294864950277850E+002 
     22.88000000 -0.233049063351635E+005  0.294864953058759E+002 
     22.90000000 -0.233049063348863E+005  0.294864955831253E+002 
     22.92000000 -0.233049063346093E+005  0.294864958601241E+002 
     22.94000000 -0.233049063343316E+005  0.294864961378252E+002 
     22.96000000 -0.233049063340523E+005  0.294864964171411E+002 
     22.98000000 -0.233049063337705E+005  0.294864966989288E+002 
     23.00000000 -0.233049063334857E+005  0.294864969837358E+002 
     23.02000000 -0.233049063331977E+005  0.294864972717044E+002 
     23.04000000 -0.233049063329070E+005  0.294864975624325E+002 
     23.06000000 -0.233049063326144E+005  0.294864978550354E+002 
     23.08000000 -0.233049063323211E+005  0.294864981482755E+002 
     23.10000000 -0.233049063320285E+005  0.294864984408474E+002 
     23.12000000 -0.233049063317379E+005  0.294864987315322E+002 
     23.14000000 -0.233049063314499E+005  0.294864990194451E+002 
     23.16000000 -0.233049063311652E+005  0.294864993041408E+002 
     23.18000000 -0.233049063308837E+005  0.294864995856995E+002 
     23.20000000 -0.233049063306048E+005  0.294864998646225E+002 
     23.22000000 -0.233049063303276E+005  0.294865001418317E+002 
     23.24000000 -0.233049063300509E+005  0.294865004184841E+002 
     23.26000000 -0.233049063297735E+005  0.294865006959377E+002 
     23.28000000 -0.233049063294939E+005  0.294865009754670E+002 
     23.30000000 -0.233049063292111E+005  0.294865012582415E+002 
     23.32000000 -0.233049063289242E+005  0.294865015451584E+002 
     23.34000000 -0.233049063286330E+005  0.294865018363722E+002 
     23.36000000 -0.233049063283377E+005  0.294865021317314E+002 
     23.38000000 -0.233049063280391E+005  0.294865024303419E+002 
     23.40000000 -0.233049063277386E+005  0.294865027308024E+002 
     23.42000000 -0.233049063274379E+005  0.294865030314826E+002 
     23.44000000 -0.233049063271387E+005  0.294865033306840E+002 
     23.46000000 -0.233049063268423E+005  0.294865036270455E+002 
     23.48000000 -0.233049063265497E+005  0.294865039196731E+002 
     23.50000000 -0.233049063262611E+005  0.294865042082790E+002 
     23.52000000 -0.233049063259762E+005  0.294865044931788E+002 
     23.54000000 -0.233049063256943E+005  0.294865047751243E+002 
     23.56000000 -0.233049063254142E+005  0.294865050552291E+002 
     23.58000000 -0.233049063251348E+005  0.294865053345945E+002 
     23.60000000 -0.233049063248552E+005  0.294865056142136E+002 
     23.62000000 -0.233049063245746E+005  0.294865058947576E+002 
     23.64000000 -0.233049063242930E+005  0.294865061763968E+002 
     23.66000000 -0.233049063240104E+005  0.294865064589826E+002 
     23.68000000 -0.233049063237274E+005  0.294865067420108E+002 
     23.70000000 -0.233049063234446E+005  0.294865070248039E+002 
     23.72000000 -0.233049063231626E+005  0.294865073067617E+002 
     23.74000000 -0.233049063228818E+005  0.294865075875502E+002 
     23.76000000 -0.233049063226023E+005  0.294865078671012E+002 
     23.78000000 -0.233049063223235E+005  0.294865081458819E+002 
     23.80000000 -0.233049063220451E+005  0.294865084243224E+002 
     23.82000000 -0.233049063217662E+005  0.294865087031495E+002 
     23.84000000 -0.233049063214865E+005  0.294865089829078E+002 
     23.86000000 -0.233049063212054E+005  0.294865092639499E+002 
     23.88000000 -0.233049063209230E+005  0.294865095463873E+002 
     23.90000000 -0.233049063206394E+005  0.294865098300187E+002 
     23.92000000 -0.233049063203548E+005  0.294865101145473E+002 
     23.94000000 -0.233049063200699E+005  0.294865103994440E+002 
     23.96000000 -0.233049063197852E+005  0.294865106841644E+002 
     23.98000000 -0.233049063195012E+005  0.294865109681887E+002 
     24.00000000 -0.233049063192184E+005  0.294865112509509E+002 
     24.02000000 -0.233049063189375E+005  0.294865115319404E+002 
     24.04000000 -0.233049063186585E+005  0.294865118108480E+002 
     24.06000000 -0.233049063183820E+005  0.294865120874044E+002 
     24.08000000 -0.233049063181079E+005  0.294865123614736E+002 
     24.10000000 -0.233049063178363E+005  0.294865126331391E+002 
     24.12000000 -0.233049063175667E+005  0.294865129026948E+002 
     24.14000000 -0.233049063172989E+005  0.294865131705150E+002 
     24.16000000 -0.233049063170321E+005  0.294865134373112E+002 
     24.18000000 -0.233049063167656E+005  0.294865137037950E+002 
     24.20000000 -0.233049063164986E+005  0.294865139707490E+002 
     24.22000000 -0.233049063162306E+005  0.294865142387733E+002 
     24.24000000 -0.233049063159610E+005  0.294865145083445E+002 
     24.26000000 -0.233049063156897E+005  0.294865147796573E+002 
     24.28000000 -0.233049063154167E+005  0.294865150527335E+002 
     24.30000000 -0.233049063151421E+005  0.294865153272605E+002 
     24.32000000 -0.233049063148666E+005  0.294865156027899E+002 
     24.34000000 -0.233049063145906E+005  0.294865158787647E+002 
     24.36000000 -0.233049063143149E+005  0.294865161544766E+002 
     24.38000000 -0.233049063140400E+005  0.294865164293873E+002 
     24.40000000 -0.233049063137665E+005  0.294865167028997E+002 
     24.42000000 -0.233049063134947E+005  0.294865169747260E+002 
     24.44000000 -0.233049063132246E+005  0.294865172447860E+002 
     24.46000000 -0.233049063129560E+005  0.294865175134012E+002 
     24.48000000 -0.233049063126881E+005  0.294865177812492E+002 
     24.50000000 -0.233049063124201E+005  0.294865180492519E+002 
     24.52000000 -0.233049063121510E+005  0.294865183184054E+002 
     24.54000000 -0.233049063118798E+005  0.294865185895883E+002 
     24.56000000 -0.233049063116060E+005  0.294865188633667E+002 
     24.58000000 -0.233049063113295E+005  0.294865191398675E+002 
     24.60000000 -0.233049063110507E+005  0.294865194186637E+002 
     24.62000000 -0.233049063107705E+005  0.294865196988922E+002 
     24.64000000 -0.233049063104900E+005  0.294865199793837E+002 
     24.66000000 -0.233049063102104E+005  0.294865202589656E+002 
     24.68000000 -0.233049063099327E+005  0.294865205366450E+002 
     24.70000000 -0.233049063096577E+005  0.294865208116733E+002 
     24.72000000 -0.233049063093855E+005  0.294865210839389E+002 
     24.74000000 -0.233049063091158E+005  0.294865213535688E+002 
     24.76000000 -0.233049063088482E+005  0.294865216211941E+002 
     24.78000000 -0.233049063085817E+005  0.294865218877057E+002 
     24.80000000 -0.233049063083154E+005  0.294865221539946E+002 
     24.82000000 -0.233049063080483E+005  0.294865224210630E+002 
     24.84000000 -0.233049063077797E+005  0.294865226896566E+002 
     24.86000000 -0.233049063075092E+005  0.294865229601868E+002 
     24.88000000 -0.233049063072366E+005  0.294865232327680E+002 
     24.90000000 -0.233049063069624E+005  0.294865235069826E+002 
     24.92000000 -0.233049063066871E+005  0.294865237822459E+002 
     24.94000000 -0.233049063064117E+005  0.294865240577258E+002 
     24.96000000 -0.233049063061367E+005  0.294865243326952E+002 
     24.98000000 -0.233049063058628E+005  0.294865246065417E+002 
     25.00000000 -0.233049063055905E+005  0.294865248789342E+002 
     25.02000000 -0.233049063053195E+005  0.294865251499067E+002 
     25.04000000 -0.233049063050496E+005  0.294865254198150E+002 
     25.06000000 -0.233049063047802E+005  0.294865256891758E+002 
     25.08000000 -0.233049063045107E+005  0.294865259586480E+002 
     25.10000000 -0.233049063042405E+005  0.294865262288564E+002 
     25.12000000 -0.233049063039691E+005  0.294865265003177E+002 
     25.14000000 -0.233049063036960E+005  0.294865267733506E+002 
     25.16000000 -0.233049063034213E+005  0.294865270480632E+002 
     25.18000000 -0.233049063031451E+005  0.294865273243382E+002 
     25.20000000 -0.233049063028674E+005  0.294865276020300E+002 
     25.22000000 -0.233049063025885E+005  0.294865278808726E+002 
     25.24000000 -0.233049063023088E+005  0.294865281605690E+002 
     25.26000000 -0.233049063020285E+005  0.294865284408470E+002 
     25.28000000 -0.233049063017482E+005  0.294865287212209E+002 
     25.30000000 -0.233049063014683E+005  0.294865290011308E+002 
     25.32000000 -0.233049063011897E+005  0.294865292797321E+002 
     25.34000000 -0.233049063009133E+005  0.294865295561308E+002 
     25.36000000 -0.233049063006400E+005  0.294865298294049E+002 
     25.38000000 -0.233049063003703E+005  0.294865300990781E+002 
     25.40000000 -0.233049063001042E+005  0.294865303652123E+002 
     25.42000000 -0.233049062998408E+005  0.294865306285932E+002 
     25.44000000 -0.233049062995788E+005  0.294865308906068E+002 
     25.46000000 -0.233049062993163E+005  0.294865311531091E+002 
     25.48000000 -0.233049062990515E+005  0.294865314178697E+002 
     25.50000000 -0.233049062987831E+005  0.294865316863210E+002 
     25.52000000 -0.233049062985101E+005  0.294865319592456E+002 
     25.54000000 -0.233049062982329E+005  0.294865322365290E+002 
     25.56000000 -0.233049062979520E+005  0.294865325173762E+002 
     25.58000000 -0.233049062976689E+005  0.294865328004942E+002 
     25.60000000 -0.233049062973849E+005  0.294865330845123E+002 
     25.62000000 -0.233049062971012E+005  0.294865333681530E+002 
     25.64000000 -0.233049062968189E+005  0.294865336505038E+002 
     25.66000000 -0.233049062965383E+005  0.294865339311097E+002 
     25.68000000 -0.233049062962595E+005  0.294865342098811E+002 
     25.70000000 -0.233049062959825E+005  0.294865344868645E+002 
     25.72000000 -0.233049062957071E+005  0.294865347622670E+002 
     25.74000000 -0.233049062954331E+005  0.294865350362713E+002 
     25.76000000 -0.233049062951605E+005  0.294865353089329E+002 
     25.78000000 -0.233049062948891E+005  0.294865355802643E+002 
     25.80000000 -0.233049062946192E+005  0.294865358501572E+002 
     25.82000000 -0.233049062943509E+005  0.294865361185156E+002 
     25.84000000 -0.233049062940841E+005  0.294865363852995E+002 
     25.86000000 -0.233049062938188E+005  0.294865366506293E+002 
     25.88000000 -0.233049062935545E+005  0.294865369148424E+002 
     25.90000000 -0.233049062932909E+005  0.294865371784862E+002 
     25.92000000 -0.233049062930270E+005  0.294865374423776E+002 
     25.94000000 -0.233049062927619E+005  0.294865377074507E+002 
     25.96000000 -0.233049062924947E+005  0.294865379747264E+002 
     25.98000000 -0.233049062922242E+005  0.294865382452380E+002 
     26.00000000 -0.233049062919495E+005  0.294865385198733E+002 
     26.02000000 -0.233049062916701E+005  0.294865387993315E+002 
     26.04000000 -0.233049062913855E+005  0.294865390838416E+002 
     26.06000000 -0.233049062910962E+005  0.294865393732271E+002 
     26.08000000 -0.233049062908027E+005  0.294865396666868E+002 
     26.10000000 -0.233049062905066E+005  0.294865399628070E+002 
     26.12000000 -0.233049062902096E+005  0.294865402597996E+002 
     26.14000000 -0.233049062899137E+005  0.294865405556445E+002 
     26.16000000 -0.233049062896208E+005  0.294865408485629E+002 
     26.18000000 -0.233049062893321E+005  0.294865411372925E+002 
     26.20000000 -0.233049062890479E+005  0.294865414214994E+002 
     26.22000000 -0.233049062887677E+005  0.294865417017094E+002 
     26.24000000 -0.233049062884900E+005  0.294865419793764E+002 
     26.26000000 -0.233049062882130E+005  0.294865422563474E+002 
     26.28000000 -0.233049062879348E+005  0.294865425345867E+002 
     26.30000000 -0.233049062876537E+005  0.294865428157124E+002 
     26.32000000 -0.233049062873688E+005  0.294865431006153E+002 
     26.34000000 -0.233049062870802E+005  0.294865433892336E+002 
     26.36000000 -0.233049062867887E+005  0.294865436806547E+002 
     26.38000000 -0.233049062864960E+005  0.294865439733781E+002 
     26.40000000 -0.233049062862038E+005  0.294865442656004E+002 
     26.42000000 -0.233049062859138E+005  0.294865445556139E+002 
     26.44000000 -0.233049062856273E+005  0.294865448420853E+002 
     26.46000000 -0.233049062853450E+005  0.294865451243618E+002 
     26.48000000 -0.233049062850672E+005  0.294865454022392E+002 
     26.50000000 -0.233049062847933E+005  0.294865456761135E+002 
     26.52000000 -0.233049062845228E+005  0.294865459466220E+002 
     26.54000000 -0.233049062842547E+005  0.294865462146649E+002 
     26.56000000 -0.233049062839882E+005  0.294865464811548E+002 
     26.58000000 -0.233049062837221E+005  0.294865467472736E+002 
     26.60000000 -0.233049062834552E+005  0.294865470142028E+002 
     26.62000000 -0.233049062831860E+005  0.294865472833470E+002 
     26.64000000 -0.233049062829134E+005  0.294865475560365E+002 
     26.66000000 -0.233049062826360E+005  0.294865478333756E+002 
     26.68000000 -0.233049062823535E+005  0.294865481158872E+002 
     26.70000000 -0.233049062820661E+005  0.294865484032990E+002 
     26.72000000 -0.233049062817751E+005  0.294865486943334E+002 
     26.74000000 -0.233049062814825E+005  0.294865489869176E+002 
     26.76000000 -0.233049062811911E+005  0.294865492782985E+002 
     26.78000000 -0.233049062809037E+005  0.294865495657350E+002 
     26.80000000 -0.233049062806226E+005  0.294865498467988E+002 
     26.82000000 -0.233049062803493E+005  0.294865501201379E+002 
     26.84000000 -0.233049062800839E+005  0.294865503855266E+002 
     26.86000000 -0.233049062798251E+005  0.294865506442919E+002 
     26.88000000 -0.233049062795705E+005  0.294865508988715E+002 
     26.90000000 -0.233049062793168E+005  0.294865511526190E+002 
     26.92000000 -0.233049062790604E+005  0.294865514090054E+002 
     26.94000000 -0.233049062787982E+005  0.294865516711859E+002 
     26.96000000 -0.233049062785281E+005  0.294865519412521E+002 
     26.98000000 -0.233049062782495E+005  0.294865522198565E+002 
     27.00000000 -0.233049062779633E+005  0.294865525061020E+002 
     27.02000000 -0.233049062776716E+005  0.294865527977860E+002 
     27.04000000 -0.233049062773775E+005  0.294865530918428E+002 
     27.06000000 -0.233049062770844E+005  0.294865533849715E+002 
     27.08000000 -0.233049062767951E+005  0.294865536742642E+002 
     27.10000000 -0.233049062765115E+005  0.294865539578833E+002 
     27.12000000 -0.233049062762344E+005  0.294865542349935E+002 
     27.14000000 -0.233049062759634E+005  0.294865545059537E+002 
     27.16000000 -0.233049062756975E+005  0.294865547719394E+002 
     27.18000000 -0.233049062754348E+005  0.294865550345778E+002 
     27.20000000 -0.233049062751740E+005  0.294865552954282E+002 
     27.22000000 -0.233049062749135E+005  0.294865555558640E+002 
     27.24000000 -0.233049062746526E+005  0.294865558167515E+002 
     27.26000000 -0.233049062743908E+005  0.294865560785732E+002 
     27.28000000 -0.233049062741280E+005  0.294865563414096E+002 
     27.30000000 -0.233049062738641E+005  0.294865566053288E+002 
     27.32000000 -0.233049062735991E+005  0.294865568703307E+002 
     27.34000000 -0.233049062733329E+005  0.294865571365392E+002 
     27.36000000 -0.233049062730651E+005  0.294865574043006E+002 
     27.38000000 -0.233049062727954E+005  0.294865576740171E+002 
     27.40000000 -0.233049062725232E+005  0.294865579461436E+002 
     27.42000000 -0.233049062722484E+005  0.294865582210357E+002 
     27.44000000 -0.233049062719705E+005  0.294865584989007E+002 
     27.46000000 -0.233049062716899E+005  0.294865587795376E+002 
     27.48000000 -0.233049062714070E+005  0.294865590624265E+002 
     27.50000000 -0.233049062711227E+005  0.294865593466860E+002 
     27.52000000 -0.233049062708382E+005  0.294865596312115E+002 
     27.54000000 -0.233049062705545E+005  0.294865599148770E+002 
     27.56000000 -0.233049062702727E+005  0.294865601966708E+002 
     27.58000000 -0.233049062699936E+005  0.294865604758259E+002 
     27.60000000 -0.233049062697174E+005  0.294865607519956E+002 
     27.62000000 -0.233049062694442E+005  0.294865610251677E+002 
     27.64000000 -0.233049062691737E+005  0.294865612957288E+002 
     27.66000000 -0.233049062689052E+005  0.294865615642141E+002 
     27.68000000 -0.233049062686380E+005  0.294865618313753E+002 
     27.70000000 -0.233049062683714E+005  0.294865620979952E+002 
     27.72000000 -0.233049062681046E+005  0.294865623648316E+002 
     27.74000000 -0.233049062678367E+005  0.294865626326456E+002 
     27.76000000 -0.233049062675673E+005  0.294865629021178E+002 
     27.78000000 -0.233049062672955E+005  0.294865631739194E+002 
     27.80000000 -0.233049062670209E+005  0.294865634485393E+002 
     27.82000000 -0.233049062667430E+005  0.294865637263764E+002 
     27.84000000 -0.233049062664615E+005  0.294865640078671E+002 
     27.86000000 -0.233049062661762E+005  0.294865642931970E+002 
     27.88000000 -0.233049062658869E+005  0.294865645825237E+002 
     27.90000000 -0.233049062655935E+005  0.294865648758442E+002 
     27.92000000 -0.233049062652965E+005  0.294865651729204E+002 
     27.94000000 -0.233049062649961E+005  0.294865654732695E+002 
     27.96000000 -0.233049062646934E+005  0.294865657759574E+002 
     27.98000000 -0.233049062643895E+005  0.294865660798920E+002 
     28.00000000 -0.233049062640857E+005  0.294865663836904E+002 
     28.02000000 -0.233049062637834E+005  0.294865666859885E+002 
     28.04000000 -0.233049062634839E+005  0.294865669855210E+002 
     28.06000000 -0.233049062631881E+005  0.294865672813164E+002 
     28.08000000 -0.233049062628967E+005  0.294865675726539E+002 
     28.10000000 -0.233049062626102E+005  0.294865678592119E+002 
     28.12000000 -0.233049062623284E+005  0.294865681409532E+002 
     28.14000000 -0.233049062620514E+005  0.294865684180262E+002 
     28.16000000 -0.233049062617784E+005  0.294865686909446E+002 
     28.18000000 -0.233049062615090E+005  0.294865689603982E+002 
     28.20000000 -0.233049062612421E+005  0.294865692272903E+002 
     28.22000000 -0.233049062609765E+005  0.294865694928584E+002 
     28.24000000 -0.233049062607110E+005  0.294865697583924E+002 
     28.26000000 -0.233049062604442E+005  0.294865700252196E+002 
     28.28000000 -0.233049062601750E+005  0.294865702944040E+002 
     28.30000000 -0.233049062599027E+005  0.294865705666882E+002 
     28.32000000 -0.233049062596272E+005  0.294865708422331E+002 
     28.34000000 -0.233049062593488E+005  0.294865711205869E+002 
     28.36000000 -0.233049062590686E+005  0.294865714008030E+002 
     28.38000000 -0.233049062587880E+005  0.294865716814028E+002 
     28.40000000 -0.233049062585085E+005  0.294865719609259E+002 
     28.42000000 -0.233049062582313E+005  0.294865722380547E+002 
     28.44000000 -0.233049062579575E+005  0.294865725118733E+002 
     28.46000000 -0.233049062576873E+005  0.294865727820972E+002 
     28.48000000 -0.233049062574202E+005  0.294865730491966E+002 
     28.50000000 -0.233049062571553E+005  0.294865733140469E+002 
     28.52000000 -0.233049062568916E+005  0.294865735778053E+002 
     28.54000000 -0.233049062566278E+005  0.294865738415419E+002 
     28.56000000 -0.233049062563635E+005  0.294865741059282E+002 
     28.58000000 -0.233049062560984E+005  0.294865743709673E+002 
     28.60000000 -0.233049062558332E+005  0.294865746361517E+002 
     28.62000000 -0.233049062555689E+005  0.294865749005381E+002 
     28.64000000 -0.233049062553062E+005  0.294865751632043E+002 
     28.66000000 -0.233049062550460E+005  0.294865754233865E+002 
     28.68000000 -0.233049062547884E+005  0.294865756810010E+002 
     28.70000000 -0.233049062545327E+005  0.294865759366541E+002 
     28.72000000 -0.233049062542779E+005  0.294865761915091E+002 
     28.74000000 -0.233049062540221E+005  0.294865764472489E+002 
     28.76000000 -0.233049062537638E+005  0.294865767055996E+002 
     28.78000000 -0.233049062535013E+005  0.294865769681081E+002 
     28.80000000 -0.233049062532335E+005  0.294865772358695E+002 
     28.82000000 -0.233049062529600E+005  0.294865775093602E+002 
     28.84000000 -0.233049062526809E+005  0.294865777884875E+002 
     28.86000000 -0.233049062523968E+005  0.294865780725829E+002 
     28.88000000 -0.233049062521089E+005  0.294865783604495E+002 
     28.90000000 -0.233049062518189E+005  0.294865786505125E+002 
     28.92000000 -0.233049062515287E+005  0.294865789407209E+002 
     28.94000000 -0.233049062512405E+005  0.294865792288659E+002 
     28.96000000 -0.233049062509567E+005  0.294865795127108E+002 
     28.98000000 -0.233049062506793E+005  0.294865797901179E+002 
     29.00000000 -0.233049062504098E+005  0.294865800596179E+002 
     29.02000000 -0.233049062501488E+005  0.294865803205642E+002 
     29.04000000 -0.233049062498959E+005  0.294865805734919E+002 
     29.06000000 -0.233049062496493E+005  0.294865808200902E+002 
     29.08000000 -0.233049062494063E+005  0.294865810631122E+002 
     29.10000000 -0.233049062491636E+005  0.294865813058157E+002 
     29.12000000 -0.233049062489177E+005  0.294865815516436E+002 
     29.14000000 -0.233049062486660E+005  0.294865818033432E+002 
     29.16000000 -0.233049062484066E+005  0.294865820627550E+002 
     29.18000000 -0.233049062481390E+005  0.294865823303679E+002 
     29.20000000 -0.233049062478641E+005  0.294865826053343E+002 
     29.22000000 -0.233049062475836E+005  0.294865828858226E+002 
     29.24000000 -0.233049062473000E+005  0.294865831693489E+002 
     29.26000000 -0.233049062470162E+005  0.294865834532124E+002 
     29.28000000 -0.233049062467343E+005  0.294865837351176E+002 
     29.30000000 -0.233049062464561E+005  0.294865840133291E+002 
     29.32000000 -0.233049062461826E+005  0.294865842867982E+002 
     29.34000000 -0.233049062459140E+005  0.294865845554010E+002 
     29.36000000 -0.233049062456498E+005  0.294865848196358E+002 
     29.38000000 -0.233049062453889E+005  0.294865850805232E+002 
     29.40000000 -0.233049062451299E+005  0.294865853394710E+002 
     29.42000000 -0.233049062448713E+005  0.294865855981157E+002 
     29.44000000 -0.233049062446114E+005  0.294865858579885E+002 
     29.46000000 -0.233049062443490E+005  0.294865861204289E+002 
     29.48000000 -0.233049062440830E+005  0.294865863864022E+002 
     29.50000000 -0.233049062438131E+005  0.294865866563261E+002 
     29.52000000 -0.233049062435393E+005  0.294865869300797E+002 
     29.54000000 -0.233049062432621E+005  0.294865872072642E+002 
     29.56000000 -0.233049062429824E+005  0.294865874869760E+002 
     29.58000000 -0.233049062427012E+005  0.294865877681543E+002 
     29.60000000 -0.233049062424195E+005  0.294865880499110E+002 
     29.62000000 -0.233049062421380E+005  0.294865883313832E+002 
     29.64000000 -0.233049062418575E+005  0.294865886118468E+002 
     29.66000000 -0.233049062415784E+005  0.294865888909802E+002 
     29.68000000 -0.233049062413009E+005  0.294865891685173E+002 
     29.70000000 -0.233049062410249E+005  0.294865894444643E+002 
     29.72000000 -0.233049062407504E+005  0.294865897189635E+002 
     29.74000000 -0.233049062404771E+005  0.294865899922686E+002 
     29.76000000 -0.233049062402046E+005  0.294865902648065E+002 
     29.78000000 -0.233049062399322E+005  0.294865905371464E+002 
     29.80000000 -0.233049062396594E+005  0.294865908100246E+002 
     29.82000000 -0.233049062393852E+005  0.294865910841464E+002 
     29.84000000 -0.233049062391093E+005  0.294865913601367E+002 
     29.86000000 -0.233049062388310E+005  0.294865916383915E+002 
     29.88000000 -0.233049062385505E+005  0.294865919189015E+002 
     29.90000000 -0.233049062382680E+005  0.294865922013574E+002 
     29.92000000 -0.233049062379843E+005  0.294865924850446E+002 
     29.94000000 -0.233049062377002E+005  0.294865927691741E+002 
     29.96000000 -0.233049062374164E+005  0.294865930529478E+002 
     29.98000000 -0.233049062371337E+005  0.294865933357316E+002 
     30.00000000 -0.233049062368522E+005  0.294865936172285E+002 
