# Real time calculation: 
# Eall: Total energy
# Eall0: Initial total energy
# 1:Time[fs] 2:Eall[eV] 3:Eall-Eall0[eV] 
      0.00000000 -0.233343928304694E+005  0.000000000000000E+000 
      0.02000000 -0.233343928307446E+005 -0.275210736255997E-006 
      0.04000000 -0.233343928307517E+005 -0.282332148936257E-006 
      0.06000000 -0.233343928307175E+005 -0.248154317793114E-006 
      0.08000000 -0.233343928305663E+005 -0.969186524152349E-007 
      0.10000000 -0.233343928301432E+005  0.326211435407504E-006 
      0.12000000 -0.233343928291812E+005  0.128818992674273E-005 
      0.14000000 -0.233343928272655E+005  0.320390562210641E-005 
      0.16000000 -0.233343928237965E+005  0.667290907949064E-005 
      0.18000000 -0.233343928179539E+005  0.125154837142124E-004 
      0.20000000 -0.233343928086613E+005  0.218080889027702E-004 
      0.22000000 -0.233343927945531E+005  0.359163251320710E-004 
      0.24000000 -0.233343927739445E+005  0.565248612567148E-004 
      0.26000000 -0.233343927448068E+005  0.856626378652441E-004 
      0.28000000 -0.233343927047460E+005  0.125723349848934E-003 
      0.30000000 -0.233343926509895E+005  0.179479868654581E-003 
      0.32000000 -0.233343925803770E+005  0.250092378390211E-003 
      0.34000000 -0.233343924893586E+005  0.341110748598119E-003 
      0.36000000 -0.233343923739991E+005  0.456470326991074E-003 
      0.38000000 -0.233343922299878E+005  0.600481625468885E-003 
      0.40000000 -0.233343920526555E+005  0.777813908696039E-003 
      0.42000000 -0.233343918369948E+005  0.993474612538468E-003 
      0.44000000 -0.233343915776853E+005  0.125278405098359E-002 
      0.46000000 -0.233343912691234E+005  0.156134599004239E-002 
      0.48000000 -0.233343909054552E+005  0.192501423712519E-002 
      0.50000000 -0.233343904806125E+005  0.234985685455083E-002 
      0.52000000 -0.233343899883511E+005  0.284211825704966E-002 
      0.54000000 -0.233343894222900E+005  0.340817934484550E-002 
      0.56000000 -0.233343887759540E+005  0.405451541245634E-002 
      0.58000000 -0.233343880428167E+005  0.478765265301128E-002 
      0.60000000 -0.233343872163457E+005  0.561412365096811E-002 
      0.62000000 -0.233343862900455E+005  0.654042385858809E-002 
      0.64000000 -0.233343852574990E+005  0.757297034309576E-002 
      0.66000000 -0.233343841124072E+005  0.871806218580854E-002 
      0.68000000 -0.233343828486253E+005  0.998184406455634E-002 
      0.70000000 -0.233343814601951E+005  0.113702742877574E-001 
      0.72000000 -0.233343799413730E+005  0.128890964232301E-001 
      0.74000000 -0.233343782866532E+005  0.145438161613355E-001 
      0.76000000 -0.233343764907864E+005  0.163396829855375E-001 
      0.78000000 -0.233343745487928E+005  0.182816766039776E-001 
      0.80000000 -0.233343724559737E+005  0.203744957043247E-001 
      0.82000000 -0.233343702079189E+005  0.226225505168175E-001 
      0.84000000 -0.233343678005080E+005  0.250299613510031E-001 
      0.86000000 -0.233343652299073E+005  0.276005620945720E-001 
      0.88000000 -0.233343624925624E+005  0.303379069759154E-001 
      0.90000000 -0.233343595851869E+005  0.332452824651138E-001 
      0.92000000 -0.233343565047457E+005  0.363257237348561E-001 
      0.94000000 -0.233343532484341E+005  0.395820353069686E-001 
      0.96000000 -0.233343498136539E+005  0.430168155040415E-001 
      0.98000000 -0.233343461979857E+005  0.466324836852752E-001 
      1.00000000 -0.233343423991592E+005  0.504313102294218E-001 
      1.02000000 -0.233343384150225E+005  0.544154468858625E-001 
      1.04000000 -0.233343342435113E+005  0.585869580785063E-001 
      1.06000000 -0.233343298826172E+005  0.629478522344370E-001 
      1.08000000 -0.233343253303581E+005  0.675001112966319E-001 
      1.10000000 -0.233343205847495E+005  0.722457198468886E-001 
      1.12000000 -0.233343156437771E+005  0.771866923385779E-001 
      1.14000000 -0.233343105053719E+005  0.823250974740246E-001 
      1.16000000 -0.233343051673885E+005  0.876630809051710E-001 
      1.18000000 -0.233342996275819E+005  0.932028875351683E-001 
      1.20000000 -0.233342938835882E+005  0.989468812089898E-001 
      1.22000000 -0.233342879329096E+005  0.104897559772961E+000 
      1.24000000 -0.233342817729024E+005  0.111057566944810E+000 
      1.26000000 -0.233342754007686E+005  0.117429700786977E+000 
      1.28000000 -0.233342688135507E+005  0.124016918665612E+000 
      1.30000000 -0.233342620081307E+005  0.130822338682906E+000 
      1.32000000 -0.233342549812312E+005  0.137849238201448E+000 
      1.34000000 -0.233342477294205E+005  0.145101048922355E+000 
      1.36000000 -0.233342402491215E+005  0.152581347913890E+000 
      1.38000000 -0.233342325366240E+005  0.160293845422780E+000 
      1.40000000 -0.233342245880994E+005  0.168242370012671E+000 
      1.42000000 -0.233342163996191E+005  0.176430850315120E+000 
      1.44000000 -0.233342079671762E+005  0.184863293182763E+000 
      1.46000000 -0.233341992867114E+005  0.193543757990976E+000 
      1.48000000 -0.233341903541402E+005  0.202476329191662E+000 
      1.50000000 -0.233341811653828E+005  0.211665086624202E+000 
      1.52000000 -0.233341717163947E+005  0.221114074712717E+000 
      1.54000000 -0.233341620031974E+005  0.230827271963403E+000 
      1.56000000 -0.233341520219086E+005  0.240808560755760E+000 
      1.58000000 -0.233341417687746E+005  0.251061694779604E+000 
      1.60000000 -0.233341312402050E+005  0.261590264352988E+000 
      1.62000000 -0.233341204328080E+005  0.272397661424572E+000 
      1.64000000 -0.233341093434238E+005  0.283487045637086E+000 
      1.66000000 -0.233340979691578E+005  0.294861311560178E+000 
      1.68000000 -0.233340863074134E+005  0.306523055978928E+000 
      1.70000000 -0.233340743559244E+005  0.318474544947271E+000 
      1.72000000 -0.233340621127867E+005  0.330717682651142E+000 
      1.74000000 -0.233340495764869E+005  0.343253982520667E+000 
      1.76000000 -0.233340367459292E+005  0.356084540183020E+000 
      1.78000000 -0.233340236204609E+005  0.369210008512734E+000 
      1.80000000 -0.233340101998930E+005  0.382630576419048E+000 
      1.82000000 -0.233339964845164E+005  0.396345953031541E+000 
      1.84000000 -0.233339824751148E+005  0.410355354570999E+000 
      1.86000000 -0.233339681729746E+005  0.424657494827385E+000 
      1.88000000 -0.233339535798909E+005  0.439250578462243E+000 
      1.90000000 -0.233339386981712E+005  0.454132298205925E+000 
      1.92000000 -0.233339235306356E+005  0.469299833740804E+000 
      1.94000000 -0.233339080806143E+005  0.484749855054712E+000 
      1.96000000 -0.233338923519386E+005  0.500478530812161E+000 
      1.98000000 -0.233338763489297E+005  0.516481539732510E+000 
      2.00000000 -0.233338600763843E+005  0.532754085064816E+000 
      2.02000000 -0.233338435395562E+005  0.549290913223531E+000 
      2.04000000 -0.233338267441330E+005  0.566086336346868E+000 
      2.06000000 -0.233338096962129E+005  0.583134256466903E+000 
      2.08000000 -0.233337924022768E+005  0.600428192562911E+000 
      2.10000000 -0.233337748691607E+005  0.617961308663403E+000 
      2.12000000 -0.233337571040253E+005  0.635726444064186E+000 
      2.14000000 -0.233337391143247E+005  0.653716144703414E+000 
      2.16000000 -0.233337209077731E+005  0.671922696256661E+000 
      2.18000000 -0.233337024923131E+005  0.690338156273000E+000 
      2.20000000 -0.233336838760833E+005  0.708954386082144E+000 
      2.22000000 -0.233336650673876E+005  0.727763081782802E+000 
      2.24000000 -0.233336460746652E+005  0.746755804225619E+000 
      2.26000000 -0.233336269064620E+005  0.765924007362712E+000 
      2.28000000 -0.233336075714045E+005  0.785259064858609E+000 
      2.30000000 -0.233335880781740E+005  0.804752295408084E+000 
      2.32000000 -0.233335684354836E+005  0.824394985829698E+000 
      2.34000000 -0.233335486520578E+005  0.844178411557653E+000 
      2.36000000 -0.233335287366148E+005  0.864093854572156E+000 
      2.38000000 -0.233335086978506E+005  0.884132618789967E+000 
      2.40000000 -0.233334885444272E+005  0.904286042172650E+000 
      2.42000000 -0.233334682849649E+005  0.924545504469801E+000 
      2.44000000 -0.233334479280380E+005  0.944902431355154E+000 
      2.46000000 -0.233334274821742E+005  0.965348295153574E+000 
      2.48000000 -0.233334069558566E+005  0.985874612786924E+000 
      2.50000000 -0.233333863575299E+005  0.100647293949101E+001 
      2.52000000 -0.233333656956094E+005  0.102713486003910E+001 
      2.54000000 -0.233333449784932E+005  0.104785197618511E+001 
      2.56000000 -0.233333242145778E+005  0.106861589161024E+001 
      2.58000000 -0.233333034122738E+005  0.108941819558893E+001 
      2.60000000 -0.233332825800240E+005  0.111025044539564E+001 
      2.62000000 -0.233332617263232E+005  0.113110414615024E+001 
      2.64000000 -0.233332408597386E+005  0.115197073081493E+001 
      2.66000000 -0.233332199889279E+005  0.117284154146574E+001 
      2.68000000 -0.233331991226582E+005  0.119370781119817E+001 
      2.70000000 -0.233331782698229E+005  0.121456064651861E+001 
      2.72000000 -0.233331574394584E+005  0.123539101096379E+001 
      2.74000000 -0.233331366407603E+005  0.125618970912252E+001 
      2.76000000 -0.233331158830974E+005  0.127694737203084E+001 
      2.78000000 -0.233330951760241E+005  0.129765444524638E+001 
      2.80000000 -0.233330745292897E+005  0.131830117966345E+001 
      2.82000000 -0.233330539528452E+005  0.133887762419676E+001 
      2.84000000 -0.233330334568476E+005  0.135937362181237E+001 
      2.86000000 -0.233330130516611E+005  0.137977880833049E+001 
      2.88000000 -0.233329927478547E+005  0.140008261472086E+001 
      2.90000000 -0.233329725561966E+005  0.142027427274858E+001 
      2.92000000 -0.233329524876456E+005  0.144034282377531E+001 
      2.94000000 -0.233329325533371E+005  0.146027713225346E+001 
      2.96000000 -0.233329127645683E+005  0.148006590113527E+001 
      2.98000000 -0.233328931327790E+005  0.149969769041885E+001 
      3.00000000 -0.233328736695302E+005  0.151916093920532E+001 
      3.02000000 -0.233328543864780E+005  0.153844399134460E+001 
      3.04000000 -0.233328352953457E+005  0.155753512365498E+001 
      3.06000000 -0.233328164078930E+005  0.157642257641036E+001 
      3.08000000 -0.233327977358838E+005  0.159509458557218E+001 
      3.10000000 -0.233327792910530E+005  0.161353941641042E+001 
      3.12000000 -0.233327610850713E+005  0.163174539804338E+001 
      3.14000000 -0.233327431295109E+005  0.164970095847864E+001 
      3.16000000 -0.233327254358100E+005  0.166739465936005E+001 
      3.18000000 -0.233327080152396E+005  0.168481522982082E+001 
      3.20000000 -0.233326908788706E+005  0.170195159878658E+001 
      3.22000000 -0.233326740375420E+005  0.171879292741153E+001 
      3.24000000 -0.233326575018311E+005  0.173532863829423E+001 
      3.26000000 -0.233326412820257E+005  0.175154844366309E+001 
      3.28000000 -0.233326253880994E+005  0.176744237001989E+001 
      3.30000000 -0.233326098296899E+005  0.178300077947609E+001 
      3.32000000 -0.233325946160808E+005  0.179821438859277E+001 
      3.34000000 -0.233325797561858E+005  0.181307428356390E+001 
      3.36000000 -0.233325652585374E+005  0.182757193197805E+001 
      3.38000000 -0.233325511312805E+005  0.184169918891903E+001 
      3.40000000 -0.233325373821703E+005  0.185544829911892E+001 
      3.42000000 -0.233325240185753E+005  0.186881189408420E+001 
      3.44000000 -0.233325110474833E+005  0.188178298607561E+001 
      3.46000000 -0.233324984755115E+005  0.189435495785299E+001 
      3.48000000 -0.233324863089199E+005  0.190652154944710E+001 
      3.50000000 -0.233324745536278E+005  0.191827684158737E+001 
      3.52000000 -0.233324632152337E+005  0.192961523568333E+001 
      3.54000000 -0.233324522990379E+005  0.194053143152615E+001 
      3.56000000 -0.233324418100651E+005  0.195102040427860E+001 
      3.58000000 -0.233324317530903E+005  0.196107737913247E+001 
      3.60000000 -0.233324221326637E+005  0.197069780566593E+001 
      3.62000000 -0.233324129531355E+005  0.197987733392087E+001 
      3.64000000 -0.233324042186783E+005  0.198861179107121E+001 
      3.66000000 -0.233323959333089E+005  0.199689716049789E+001 
      3.68000000 -0.233323881009056E+005  0.200472956375025E+001 
      3.70000000 -0.233323807252250E+005  0.201210524435116E+001 
      3.72000000 -0.233323738099149E+005  0.201902055446370E+001 
      3.74000000 -0.233323673585247E+005  0.202547194468856E+001 
      3.76000000 -0.233323613745119E+005  0.203145595747160E+001 
      3.78000000 -0.233323558612469E+005  0.203696922244805E+001 
      3.80000000 -0.233323508220118E+005  0.204200845762422E+001 
      3.82000000 -0.233323462599945E+005  0.204657047486866E+001 
      3.84000000 -0.233323421782778E+005  0.205065219160888E+001 
      3.86000000 -0.233323385798216E+005  0.205425064779660E+001 
      3.88000000 -0.233323354674387E+005  0.205736303071204E+001 
      3.90000000 -0.233323328437647E+005  0.205998670464671E+001 
      3.92000000 -0.233323307112240E+005  0.206211924543711E+001 
      3.94000000 -0.233323290719913E+005  0.206375847806396E+001 
      3.96000000 -0.233323279279530E+005  0.206490251636451E+001 
      3.98000000 -0.233323272806670E+005  0.206554980237351E+001 
      4.00000000 -0.233323271313229E+005  0.206569914650877E+001 
      4.02000000 -0.233323274807026E+005  0.206534976682557E+001 
      4.04000000 -0.233323283291420E+005  0.206450132738319E+001 
      4.06000000 -0.233323296764921E+005  0.206315397724558E+001 
      4.08000000 -0.233323315220798E+005  0.206130838959972E+001 
      4.10000000 -0.233323338646701E+005  0.205896579929298E+001 
      4.12000000 -0.233323367024303E+005  0.205612803904350E+001 
      4.14000000 -0.233323400328979E+005  0.205279757153603E+001 
      4.16000000 -0.233323438529536E+005  0.204897751581320E+001 
      4.18000000 -0.233323481588027E+005  0.204467166666608E+001 
      4.20000000 -0.233323529459628E+005  0.203988450663725E+001 
      4.22000000 -0.233323582092615E+005  0.203462120787388E+001 
      4.24000000 -0.233323639428433E+005  0.202888762604569E+001 
      4.26000000 -0.233323701401842E+005  0.202269028514319E+001 
      4.28000000 -0.233323767941147E+005  0.201603635465633E+001 
      4.30000000 -0.233323838968494E+005  0.200893361997208E+001 
      4.32000000 -0.233323914400233E+005  0.200139044605893E+001 
      4.34000000 -0.233323994147345E+005  0.199341573485287E+001 
      4.36000000 -0.233324078115908E+005  0.198501887857843E+001 
      4.38000000 -0.233324166207602E+005  0.197620970920275E+001 
      4.40000000 -0.233324258320238E+005  0.196699844562509E+001 
      4.42000000 -0.233324354348280E+005  0.195739564140782E+001 
      4.44000000 -0.233324454183357E+005  0.194741213374166E+001 
      4.46000000 -0.233324557714731E+005  0.193705899628413E+001 
      4.48000000 -0.233324664829715E+005  0.192634749790975E+001 
      4.50000000 -0.233324775414004E+005  0.191528906898396E+001 
      4.52000000 -0.233324889351927E+005  0.190389527669177E+001 
      4.54000000 -0.233325006526599E+005  0.189217780945545E+001 
      4.56000000 -0.233325126819977E+005  0.188014847165071E+001 
      4.58000000 -0.233325250112829E+005  0.186781918648369E+001 
      4.60000000 -0.233325376284620E+005  0.185520200741868E+001 
      4.62000000 -0.233325505213335E+005  0.184230913589190E+001 
      4.64000000 -0.233325636775269E+005  0.182915294245301E+001 
      4.66000000 -0.233325770844795E+005  0.181574598992053E+001 
      4.68000000 -0.233325907294140E+005  0.180210105537409E+001 
      4.70000000 -0.233326045993205E+005  0.178823114892623E+001 
      4.72000000 -0.233326186809425E+005  0.177414952685153E+001 
      4.74000000 -0.233326329607707E+005  0.175986969871116E+001 
      4.76000000 -0.233326474250424E+005  0.174540542695994E+001 
      4.78000000 -0.233326620597502E+005  0.173077071921862E+001 
      4.80000000 -0.233326768506546E+005  0.171597981474877E+001 
      4.82000000 -0.233326917833032E+005  0.170104716617280E+001 
      4.84000000 -0.233327068430517E+005  0.168598741772309E+001 
      4.86000000 -0.233327220150875E+005  0.167081538189468E+001 
      4.88000000 -0.233327372844524E+005  0.165554601702003E+001 
      4.90000000 -0.233327526360639E+005  0.164019440552419E+001 
      4.92000000 -0.233327680547345E+005  0.162477573492412E+001 
      4.94000000 -0.233327835251887E+005  0.160930528065929E+001 
      4.96000000 -0.233327990320780E+005  0.159379839142507E+001 
      4.98000000 -0.233328145599930E+005  0.157827047636841E+001 
      5.00000000 -0.233328300934767E+005  0.156273699270113E+001 
      5.02000000 -0.233328456170372E+005  0.154721343219652E+001 
      5.04000000 -0.233328611151635E+005  0.153171530592557E+001 
      5.06000000 -0.233328765723440E+005  0.151625812540786E+001 
      5.08000000 -0.233328919730900E+005  0.150085737935710E+001 
      5.10000000 -0.233329073019628E+005  0.148552850661857E+001 
      5.12000000 -0.233329225436047E+005  0.147028686465174E+001 
      5.14000000 -0.233329376827743E+005  0.145514769511733E+001 
      5.16000000 -0.233329527043814E+005  0.144012608796708E+001 
      5.18000000 -0.233329675935245E+005  0.142523694489004E+001 
      5.20000000 -0.233329823355238E+005  0.141049494561118E+001 
      5.22000000 -0.233329969159516E+005  0.139591451775681E+001 
      5.24000000 -0.233330113206567E+005  0.138150981270928E+001 
      5.26000000 -0.233330255357810E+005  0.136729468836026E+001 
      5.28000000 -0.233330395477696E+005  0.135328269977120E+001 
      5.30000000 -0.233330533433718E+005  0.133948709759877E+001 
      5.32000000 -0.233330669096359E+005  0.132592083347455E+001 
      5.34000000 -0.233330802338982E+005  0.131259657117591E+001 
      5.36000000 -0.233330933037670E+005  0.129952670241878E+001 
      5.38000000 -0.233331061071052E+005  0.128672336418780E+001 
      5.40000000 -0.233331186320136E+005  0.127419845579434E+001 
      5.42000000 -0.233331308668158E+005  0.126196365363286E+001 
      5.44000000 -0.233331428000487E+005  0.125003042065650E+001 
      5.46000000 -0.233331544204600E+005  0.123841000936552E+001 
      5.48000000 -0.233331657170126E+005  0.122711345681422E+001 
      5.50000000 -0.233331766788986E+005  0.121615157083528E+001 
      5.52000000 -0.233331872955620E+005  0.120553490738240E+001 
      5.54000000 -0.233331975567293E+005  0.119527374012972E+001 
      5.56000000 -0.233332074524457E+005  0.118537802366137E+001 
      5.58000000 -0.233332169731170E+005  0.117585735235779E+001 
      5.60000000 -0.233332261095521E+005  0.116672091724351E+001 
      5.62000000 -0.233332348530054E+005  0.115797746398562E+001 
      5.64000000 -0.233332431952149E+005  0.114963525448082E+001 
      5.66000000 -0.233332511284343E+005  0.114170203510608E+001 
      5.68000000 -0.233332586454560E+005  0.113418501336213E+001 
      5.70000000 -0.233332657396241E+005  0.112709084529805E+001 
      5.72000000 -0.233332724048351E+005  0.112042563430789E+001 
      5.74000000 -0.233332786355278E+005  0.111419494161172E+001 
      5.76000000 -0.233332844266617E+005  0.110840380766313E+001 
      5.78000000 -0.233332897736855E+005  0.110305678389557E+001 
      5.80000000 -0.233332946724977E+005  0.109815797168899E+001 
      5.82000000 -0.233332991194023E+005  0.109371106708441E+001 
      5.84000000 -0.233333031110617E+005  0.108971940771347E+001 
      5.86000000 -0.233333066444500E+005  0.108618601939390E+001 
      5.88000000 -0.233333097168101E+005  0.108311365934054E+001 
      5.90000000 -0.233333123256159E+005  0.108050485344610E+001 
      5.92000000 -0.233333144685441E+005  0.107836192526788E+001 
      5.94000000 -0.233333161434540E+005  0.107668701536582E+001 
      5.96000000 -0.233333173483796E+005  0.107548208976644E+001 
      5.98000000 -0.233333180815320E+005  0.107474893741067E+001 
      6.00000000 -0.233333183413123E+005  0.107448915712372E+001 
      6.02000000 -0.233333181263345E+005  0.107470413493915E+001 
      6.04000000 -0.233333174354553E+005  0.107539501410665E+001 
      6.06000000 -0.233333162678100E+005  0.107656265936123E+001 
      6.08000000 -0.233333146228507E+005  0.107820761872376E+001 
      6.10000000 -0.233333125003836E+005  0.108033008582735E+001 
      6.12000000 -0.233333099006047E+005  0.108292986471251E+001 
      6.14000000 -0.233333068241279E+005  0.108600634153945E+001 
      6.16000000 -0.233333032720052E+005  0.108955846422619E+001 
      6.18000000 -0.233332992457364E+005  0.109358473295741E+001 
      6.20000000 -0.233332947472666E+005  0.109808320277076E+001 
      6.22000000 -0.233332897789705E+005  0.110305149892879E+001 
      6.24000000 -0.233332843436243E+005  0.110848684506429E+001 
      6.26000000 -0.233332784443656E+005  0.111438610378664E+001 
      6.28000000 -0.233332720846416E+005  0.112074582777835E+001 
      6.30000000 -0.233332652681498E+005  0.112756231961557E+001 
      6.32000000 -0.233332579987715E+005  0.113483169789636E+001 
      6.34000000 -0.233332502805031E+005  0.114254996628935E+001 
      6.36000000 -0.233332421173872E+005  0.115071308221109E+001 
      6.38000000 -0.233332335134472E+005  0.115931702220881E+001 
      6.40000000 -0.233332244726289E+005  0.116835784051565E+001 
      6.42000000 -0.233332149987518E+005  0.117783171757953E+001 
      6.44000000 -0.233332050954729E+005  0.118773499649937E+001 
      6.46000000 -0.233331947662645E+005  0.119806420492137E+001 
      6.48000000 -0.233331840144081E+005  0.120881606126638E+001 
      6.50000000 -0.233331728430049E+005  0.121998746448710E+001 
      6.52000000 -0.233331612550013E+005  0.123157546804800E+001 
      6.54000000 -0.233331492532315E+005  0.124357723793000E+001 
      6.56000000 -0.233331368404720E+005  0.125598999734209E+001 
      6.58000000 -0.233331240195101E+005  0.126881095929374E+001 
      6.60000000 -0.233331107932199E+005  0.128203724945967E+001 
      6.62000000 -0.233330971646461E+005  0.129566582325653E+001 
      6.64000000 -0.233330831370906E+005  0.130969337883608E+001 
      6.66000000 -0.233330687141994E+005  0.132411626996386E+001 
      6.68000000 -0.233330539000480E+005  0.133893042142848E+001 
      6.70000000 -0.233330386992187E+005  0.135413125070299E+001 
      6.72000000 -0.233330231168723E+005  0.136971359708026E+001 
      6.74000000 -0.233330071588072E+005  0.138567166214337E+001 
      6.76000000 -0.233329908315072E+005  0.140199896221422E+001 
      6.78000000 -0.233329741421746E+005  0.141868829480986E+001 
      6.80000000 -0.233329570987501E+005  0.143573171930458E+001 
      6.82000000 -0.233329397099168E+005  0.145312055256793E+001 
      6.84000000 -0.233329219850905E+005  0.147084537885183E+001 
      6.86000000 -0.233329039343961E+005  0.148889607331410E+001 
      6.88000000 -0.233328855686307E+005  0.150726183865878E+001 
      6.90000000 -0.233328668992166E+005  0.152593125275245E+001 
      6.92000000 -0.233328479381441E+005  0.154489232532951E+001 
      6.94000000 -0.233328286979065E+005  0.156413256293869E+001 
      6.96000000 -0.233328091914299E+005  0.158363903946424E+001 
      6.98000000 -0.233327894320000E+005  0.160339846935706E+001 
      7.00000000 -0.233327694331865E+005  0.162339728291068E+001 
      7.02000000 -0.233327492087684E+005  0.164362170103301E+001 
      7.04000000 -0.233327287726619E+005  0.166405780746280E+001 
      7.06000000 -0.233327081388528E+005  0.168469161659629E+001 
      7.08000000 -0.233326873213337E+005  0.170550913564950E+001 
      7.10000000 -0.233326663340495E+005  0.172649641991884E+001 
      7.12000000 -0.233326451908502E+005  0.174763961922184E+001 
      7.14000000 -0.233326239054544E+005  0.176892501500153E+001 
      7.16000000 -0.233326024914210E+005  0.179033904835420E+001 
      7.18000000 -0.233325809621321E+005  0.181186833729160E+001 
      7.20000000 -0.233325593307859E+005  0.183349968345398E+001 
      7.22000000 -0.233325376103996E+005  0.185522006977135E+001 
      7.24000000 -0.233325158138210E+005  0.187701664842328E+001 
      7.26000000 -0.233324939537492E+005  0.189887672015525E+001 
      7.28000000 -0.233324720427630E+005  0.192078770640862E+001 
      7.30000000 -0.233324500933532E+005  0.194273711621316E+001 
      7.32000000 -0.233324281179619E+005  0.196471250744934E+001 
      7.34000000 -0.233324061290239E+005  0.198670144553354E+001 
      7.36000000 -0.233323841390084E+005  0.200869146102685E+001 
      7.38000000 -0.233323621604616E+005  0.203067000784079E+001 
      7.40000000 -0.233323402060462E+005  0.205262442319413E+001 
      7.42000000 -0.233323182885765E+005  0.207454189285646E+001 
      7.44000000 -0.233322964210476E+005  0.209640942183357E+001 
      7.46000000 -0.233322746166560E+005  0.211821381343004E+001 
      7.48000000 -0.233322528888117E+005  0.213994165765458E+001 
      7.50000000 -0.233322312511396E+005  0.216157932982167E+001 
      7.52000000 -0.233322097174683E+005  0.218311300112237E+001 
      7.54000000 -0.233321883018086E+005  0.220452866077430E+001 
      7.56000000 -0.233321670183191E+005  0.222581215026751E+001 
      7.58000000 -0.233321458812602E+005  0.224694920915872E+001 
      7.60000000 -0.233321249049376E+005  0.226792553178277E+001 
      7.62000000 -0.233321041036358E+005  0.228872683355410E+001 
      7.64000000 -0.233320834915438E+005  0.230933892557457E+001 
      7.66000000 -0.233320630826739E+005  0.232974779552120E+001 
      7.68000000 -0.233320428907761E+005  0.234993969325159E+001 
      7.70000000 -0.233320229292508E+005  0.236990121857797E+001 
      7.72000000 -0.233320032110600E+005  0.238961940935062E+001 
      7.74000000 -0.233319837486429E+005  0.240908182650334E+001 
      7.76000000 -0.233319645538329E+005  0.242827663650348E+001 
      7.78000000 -0.233319456377834E+005  0.244719268596588E+001 
      7.80000000 -0.233319270109007E+005  0.246581956871543E+001 
      7.82000000 -0.233319086827869E+005  0.248414768249543E+001 
      7.84000000 -0.233318906621949E+005  0.250216827449572E+001 
      7.86000000 -0.233318729569956E+005  0.251987347376720E+001 
      7.88000000 -0.233318555741590E+005  0.253725631035870E+001 
      7.90000000 -0.233318385197498E+005  0.255431071958297E+001 
      7.92000000 -0.233318217989379E+005  0.257103153151407E+001 
      7.94000000 -0.233318054160234E+005  0.258741444601595E+001 
      7.96000000 -0.233317893744761E+005  0.260345599330557E+001 
      7.98000000 -0.233317736769890E+005  0.261915348034430E+001 
      8.00000000 -0.233317583255442E+005  0.263450492520465E+001 
      8.02000000 -0.233317433214905E+005  0.264950897893575E+001 
      8.04000000 -0.233317286656310E+005  0.266416483838642E+001 
      8.06000000 -0.233317143583193E+005  0.267847215004750E+001 
      8.08000000 -0.233317003995610E+005  0.269243090843407E+001 
      8.10000000 -0.233316867891196E+005  0.270604134979020E+001 
      8.12000000 -0.233316735266253E+005  0.271930384410141E+001 
      8.14000000 -0.233316606116833E+005  0.273221878610496E+001 
      8.16000000 -0.233316480439804E+005  0.274478648897286E+001 
      8.18000000 -0.233316358233876E+005  0.275700708179385E+001 
      8.20000000 -0.233316239500565E+005  0.276888041285895E+001 
      8.22000000 -0.233316124245087E+005  0.278040596064998E+001 
      8.24000000 -0.233316012477144E+005  0.279158275495026E+001 
      8.26000000 -0.233315904211605E+005  0.280240930892512E+001 
      8.28000000 -0.233315799469049E+005  0.281288356451106E+001 
      8.30000000 -0.233315698276172E+005  0.282300285221776E+001 
      8.32000000 -0.233315600666026E+005  0.283276386676929E+001 
      8.34000000 -0.233315506678097E+005  0.284216265964859E+001 
      8.36000000 -0.233315416358197E+005  0.285119464973316E+001 
      8.38000000 -0.233315329758172E+005  0.285985465216436E+001 
      8.40000000 -0.233315246935443E+005  0.286813692512841E+001 
      8.42000000 -0.233315167952350E+005  0.287603523441631E+001 
      8.44000000 -0.233315092875332E+005  0.288354293619239E+001 
      8.46000000 -0.233315021773943E+005  0.289065307507622E+001 
      8.48000000 -0.233314954719721E+005  0.289735849732726E+001 
      8.50000000 -0.233314891784926E+005  0.290365197681525E+001 
      8.52000000 -0.233314833041184E+005  0.290952635099532E+001 
      8.54000000 -0.233314778558049E+005  0.291497466453036E+001 
      8.56000000 -0.233314728401518E+005  0.291999031755989E+001 
      8.58000000 -0.233314682632543E+005  0.292456721508274E+001 
      8.60000000 -0.233314641305559E+005  0.292869991353065E+001 
      8.62000000 -0.233314604467082E+005  0.293238376117334E+001 
      8.64000000 -0.233314572154404E+005  0.293561502900155E+001 
      8.66000000 -0.233314544394417E+005  0.293839102766421E+001 
      8.68000000 -0.233314521202618E+005  0.294071020762607E+001 
      8.70000000 -0.233314502582295E+005  0.294257223987908E+001 
      8.72000000 -0.233314488523947E+005  0.294397807471423E+001 
      8.74000000 -0.233314479004945E+005  0.294492997485364E+001 
      8.76000000 -0.233314473989458E+005  0.294543152357132E+001 
      8.78000000 -0.233314473428627E+005  0.294548760666059E+001 
      8.80000000 -0.233314477261018E+005  0.294510436762994E+001 
      8.82000000 -0.233314485413309E+005  0.294428913847795E+001 
      8.84000000 -0.233314497801226E+005  0.294305034683970E+001 
      8.86000000 -0.233314514330679E+005  0.294139740153056E+001 
      8.88000000 -0.233314534899088E+005  0.293934056055882E+001 
      8.90000000 -0.233314559396845E+005  0.293689078491391E+001 
      8.92000000 -0.233314587708885E+005  0.293405958092095E+001 
      8.94000000 -0.233314619716324E+005  0.293085883697714E+001 
      8.96000000 -0.233314655298115E+005  0.292730065791562E+001 
      8.98000000 -0.233314694332677E+005  0.292339720165217E+001 
      9.00000000 -0.233314736699475E+005  0.291916052187072E+001 
      9.02000000 -0.233314782280468E+005  0.291460242254170E+001 
      9.04000000 -0.233314830961441E+005  0.290973432533758E+001 
      9.06000000 -0.233314882633140E+005  0.290456715537471E+001 
      9.08000000 -0.233314937192229E+005  0.289911124650657E+001 
      9.10000000 -0.233314994541999E+005  0.289337626952805E+001 
      9.12000000 -0.233315054592861E+005  0.288737118328458E+001 
      9.14000000 -0.233315117262586E+005  0.288110421075878E+001 
      9.16000000 -0.233315182476292E+005  0.287458284023672E+001 
      9.18000000 -0.233315250166185E+005  0.286781385092587E+001 
      9.20000000 -0.233315320271072E+005  0.286080336214291E+001 
      9.22000000 -0.233315392735640E+005  0.285355690543741E+001 
      9.24000000 -0.233315467509535E+005  0.284607951594203E+001 
      9.26000000 -0.233315544546277E+005  0.283837584173352E+001 
      9.28000000 -0.233315623802023E+005  0.283045026710558E+001 
      9.30000000 -0.233315705234231E+005  0.282230704624846E+001 
      9.32000000 -0.233315788800263E+005  0.281395044307242E+001 
      9.34000000 -0.233315874455960E+005  0.280538487335759E+001 
      9.36000000 -0.233315962154251E+005  0.279661504430514E+001 
      9.38000000 -0.233316051843822E+005  0.278764608714351E+001 
      9.40000000 -0.233316143467916E+005  0.277848367777470E+001 
      9.42000000 -0.233316236963265E+005  0.276913414284690E+001 
      9.44000000 -0.233316332259230E+005  0.275960454634363E+001 
      9.46000000 -0.233316429277151E+005  0.274990275430449E+001 
      9.48000000 -0.233316527929942E+005  0.274003747517775E+001 
      9.50000000 -0.233316628121939E+005  0.273001827544600E+001 
      9.52000000 -0.233316729749003E+005  0.271985556904612E+001 
      9.54000000 -0.233316832698885E+005  0.270956058088986E+001 
      9.56000000 -0.233316936851826E+005  0.269914528677415E+001 
      9.58000000 -0.233317042081383E+005  0.268862233111680E+001 
      9.60000000 -0.233317148255455E+005  0.267800492389703E+001 
      9.62000000 -0.233317255237475E+005  0.266730672189928E+001 
      9.64000000 -0.233317362887721E+005  0.265654169727336E+001 
      9.66000000 -0.233317471064725E+005  0.264572399686333E+001 
      9.68000000 -0.233317579626726E+005  0.263486779675993E+001 
      9.70000000 -0.233317688433123E+005  0.262398715711284E+001 
      9.72000000 -0.233317797345889E+005  0.261309588045725E+001 
      9.74000000 -0.233317906230914E+005  0.260220737797241E+001 
      9.76000000 -0.233318014959217E+005  0.259133454768131E+001 
      9.78000000 -0.233318123408021E+005  0.258048966732323E+001 
      9.80000000 -0.233318231461643E+005  0.256968430505765E+001 
      9.82000000 -0.233318339012194E+005  0.255892924994235E+001 
      9.84000000 -0.233318445960057E+005  0.254823446369214E+001 
      9.86000000 -0.233318552214155E+005  0.253760905387613E+001 
      9.88000000 -0.233318657692003E+005  0.252706126910721E+001 
      9.90000000 -0.233318762319548E+005  0.251659851460584E+001 
      9.92000000 -0.233318866030822E+005  0.250622738719150E+001 
      9.94000000 -0.233318968767422E+005  0.249595372717434E+001 
      9.96000000 -0.233319070477850E+005  0.248578268440609E+001 
      9.98000000 -0.233319171116735E+005  0.247571879593815E+001 
     10.00000000 -0.233319270643976E+005  0.246576607180336E+001 
     10.02000000 -0.233319369023838E+005  0.245592808560827E+001 
     10.04000000 -0.233319466224022E+005  0.244620806721052E+001 
     10.06000000 -0.233319562214754E+005  0.243660899399478E+001 
     10.08000000 -0.233319656967910E+005  0.242713367843647E+001 
     10.10000000 -0.233319750456203E+005  0.241778484910702E+001 
     10.12000000 -0.233319842652457E+005  0.240856522373179E+001 
     10.14000000 -0.233319933528974E+005  0.239947757200203E+001 
     10.16000000 -0.233320023057030E+005  0.239052476640852E+001 
     10.18000000 -0.233320111206488E+005  0.238170982058340E+001 
     10.20000000 -0.233320197945555E+005  0.237303591393733E+001 
     10.22000000 -0.233320283240683E+005  0.236450640111974E+001 
     10.24000000 -0.233320367056621E+005  0.235612480733816E+001 
     10.26000000 -0.233320449356611E+005  0.234789480827171E+001 
     10.28000000 -0.233320530102735E+005  0.233982019592415E+001 
     10.30000000 -0.233320609256386E+005  0.233190483081577E+001 
     10.32000000 -0.233320686778871E+005  0.232415258225879E+001 
     10.34000000 -0.233320762632109E+005  0.231656725850754E+001 
     10.36000000 -0.233320836779390E+005  0.230915253038420E+001 
     10.38000000 -0.233320909186186E+005  0.230191185080563E+001 
     10.40000000 -0.233320979820947E+005  0.229484837464737E+001 
     10.42000000 -0.233321048655871E+005  0.228796488230754E+001 
     10.44000000 -0.233321115667581E+005  0.228126371133570E+001 
     10.46000000 -0.233321180837694E+005  0.227474670002153E+001 
     10.48000000 -0.233321244153238E+005  0.226841514563769E+001 
     10.50000000 -0.233321305606892E+005  0.226226978017384E+001 
     10.52000000 -0.233321365197047E+005  0.225631076466918E+001 
     10.54000000 -0.233321422927670E+005  0.225053770244062E+001 
     10.56000000 -0.233321478807990E+005  0.224494967037115E+001 
     10.58000000 -0.233321532852033E+005  0.223954526608078E+001 
     10.60000000 -0.233321585078010E+005  0.223432266843062E+001 
     10.62000000 -0.233321635507625E+005  0.222927970688400E+001 
     10.64000000 -0.233321684165329E+005  0.222441393654115E+001 
     10.66000000 -0.233321731077565E+005  0.221972271291713E+001 
     10.68000000 -0.233321776272055E+005  0.221520326391081E+001 
     10.70000000 -0.233321819777158E+005  0.221085275356034E+001 
     10.72000000 -0.233321861621340E+005  0.220666833540427E+001 
     10.74000000 -0.233321901832768E+005  0.220264719258979E+001 
     10.76000000 -0.233321940439059E+005  0.219878656353391E+001 
     10.78000000 -0.233321977467163E+005  0.219508375306654E+001 
     10.80000000 -0.233322012943398E+005  0.219153612957202E+001 
     10.82000000 -0.233322046893596E+005  0.218814110983988E+001 
     10.84000000 -0.233322079343352E+005  0.218489613420486E+001 
     10.86000000 -0.233322110318349E+005  0.218179863450056E+001 
     10.88000000 -0.233322139844712E+005  0.217884599822342E+001 
     10.90000000 -0.233322167949376E+005  0.217603553183058E+001 
     10.92000000 -0.233322194660428E+005  0.217336442657748E+001 
     10.94000000 -0.233322220007405E+005  0.217082972887832E+001 
     10.96000000 -0.233322244021514E+005  0.216842831795187E+001 
     10.98000000 -0.233322266735780E+005  0.216615689138995E+001 
     11.00000000 -0.233322288185093E+005  0.216401196013036E+001 
     11.02000000 -0.233322308406169E+005  0.216198985247541E+001 
     11.04000000 -0.233322327437422E+005  0.216008672718708E+001 
     11.06000000 -0.233322345318754E+005  0.215829859396957E+001 
     11.08000000 -0.233322362091288E+005  0.215662134060920E+001 
     11.10000000 -0.233322377797047E+005  0.215505076466817E+001 
     11.12000000 -0.233322392478615E+005  0.215358260791602E+001 
     11.14000000 -0.233322406178778E+005  0.215221259162425E+001 
     11.16000000 -0.233322418940186E+005  0.215093645080912E+001 
     11.18000000 -0.233322430805034E+005  0.214974996603672E+001 
     11.20000000 -0.233322441814784E+005  0.214864899094649E+001 
     11.22000000 -0.233322452009947E+005  0.214762947470133E+001 
     11.24000000 -0.233322461429905E+005  0.214668747886613E+001 
     11.26000000 -0.233322470112813E+005  0.214581918808373E+001 
     11.28000000 -0.233322478095545E+005  0.214502091490087E+001 
     11.30000000 -0.233322485413702E+005  0.214428909917425E+001 
     11.32000000 -0.233322492101666E+005  0.214362030277120E+001 
     11.34000000 -0.233322498192688E+005  0.214301120055194E+001 
     11.36000000 -0.233322503719003E+005  0.214245856906254E+001 
     11.38000000 -0.233322508711956E+005  0.214195927379247E+001 
     11.40000000 -0.233322513202131E+005  0.214151025632393E+001 
     11.42000000 -0.233322517219469E+005  0.214110852245244E+001 
     11.44000000 -0.233322520793370E+005  0.214075113236173E+001 
     11.46000000 -0.233322523952763E+005  0.214043519310008E+001 
     11.48000000 -0.233322526726152E+005  0.214015785419368E+001 
     11.50000000 -0.233322529141632E+005  0.213991630621739E+001 
     11.52000000 -0.233322531226870E+005  0.213970778239411E+001 
     11.54000000 -0.233322533009064E+005  0.213952956295981E+001 
     11.56000000 -0.233322534514874E+005  0.213937898200655E+001 
     11.58000000 -0.233322535770336E+005  0.213925343579488E+001 
     11.60000000 -0.233322536800768E+005  0.213915039259145E+001 
     11.62000000 -0.233322537630664E+005  0.213906740302007E+001 
     11.64000000 -0.233322538283585E+005  0.213900211092022E+001 
     11.66000000 -0.233322538782059E+005  0.213895226353416E+001 
     11.68000000 -0.233322539147479E+005  0.213891572152085E+001 
     11.70000000 -0.233322539400014E+005  0.213889046796442E+001 
     11.72000000 -0.233322539558530E+005  0.213887461634325E+001 
     11.74000000 -0.233322539640519E+005  0.213886641747506E+001 
     11.76000000 -0.233322539662043E+005  0.213886426507913E+001 
     11.78000000 -0.233322539637689E+005  0.213886670049708E+001 
     11.80000000 -0.233322539580535E+005  0.213887241590098E+001 
     11.82000000 -0.233322539502128E+005  0.213888025660109E+001 
     11.84000000 -0.233322539412468E+005  0.213888922258959E+001 
     11.86000000 -0.233322539320004E+005  0.213889846897365E+001 
     11.88000000 -0.233322539231631E+005  0.213890730630031E+001 
     11.90000000 -0.233322539152692E+005  0.213891520019137E+001 
     11.92000000 -0.233322539086983E+005  0.213892177111452E+001 
     11.94000000 -0.233322539036752E+005  0.213892679422244E+001 
     11.96000000 -0.233322539002698E+005  0.213893019963125E+001 
     11.98000000 -0.233322538983962E+005  0.213893207318150E+001 
     12.00000000 -0.233322538978114E+005  0.213893265802210E+001 
     12.02000000 -0.233322538977933E+005  0.213893267613808E+001 
     12.04000000 -0.233322538977778E+005  0.213893269161215E+001 
     12.06000000 -0.233322538977624E+005  0.213893270696248E+001 
     12.08000000 -0.233322538977470E+005  0.213893272237468E+001 
     12.10000000 -0.233322538977314E+005  0.213893273802198E+001 
     12.12000000 -0.233322538977154E+005  0.213893275396318E+001 
     12.14000000 -0.233322538976991E+005  0.213893277029108E+001 
     12.16000000 -0.233322538976825E+005  0.213893278693143E+001 
     12.18000000 -0.233322538976654E+005  0.213893280397084E+001 
     12.20000000 -0.233322538976481E+005  0.213893282127012E+001 
     12.22000000 -0.233322538976305E+005  0.213893283891588E+001 
     12.24000000 -0.233322538976126E+005  0.213893285683388E+001 
     12.26000000 -0.233322538975944E+005  0.213893287501792E+001 
     12.28000000 -0.233322538975760E+005  0.213893289343088E+001 
     12.30000000 -0.233322538975573E+005  0.213893291209752E+001 
     12.32000000 -0.233322538975385E+005  0.213893293093122E+001 
     12.34000000 -0.233322538975194E+005  0.213893294995052E+001 
     12.36000000 -0.233322538975003E+005  0.213893296909667E+001 
     12.38000000 -0.233322538974811E+005  0.213893298828612E+001 
     12.40000000 -0.233322538974619E+005  0.213893300746011E+001 
     12.42000000 -0.233322538974429E+005  0.213893302651963E+001 
     12.44000000 -0.233322538974240E+005  0.213893304539973E+001 
     12.46000000 -0.233322538974054E+005  0.213893306399831E+001 
     12.48000000 -0.233322538973871E+005  0.213893308225041E+001 
     12.50000000 -0.233322538973693E+005  0.213893310006941E+001 
     12.52000000 -0.233322538973520E+005  0.213893311738415E+001 
     12.54000000 -0.233322538973352E+005  0.213893313421630E+001 
     12.56000000 -0.233322538973188E+005  0.213893315055657E+001 
     12.58000000 -0.233322538973029E+005  0.213893316648230E+001 
     12.60000000 -0.233322538972873E+005  0.213893318205227E+001 
     12.62000000 -0.233322538972720E+005  0.213893319742735E+001 
     12.64000000 -0.233322538972567E+005  0.213893321267868E+001 
     12.66000000 -0.233322538972414E+005  0.213893322798879E+001 
     12.68000000 -0.233322538972260E+005  0.213893324343811E+001 
     12.70000000 -0.233322538972103E+005  0.213893325909160E+001 
     12.72000000 -0.233322538971944E+005  0.213893327501734E+001 
     12.74000000 -0.233322538971782E+005  0.213893329122768E+001 
     12.76000000 -0.233322538971617E+005  0.213893330769788E+001 
     12.78000000 -0.233322538971450E+005  0.213893332439700E+001 
     12.80000000 -0.233322538971281E+005  0.213893334126318E+001 
     12.82000000 -0.233322538971112E+005  0.213893335818504E+001 
     12.84000000 -0.233322538970942E+005  0.213893337517496E+001 
     12.86000000 -0.233322538970773E+005  0.213893339210301E+001 
     12.88000000 -0.233322538970605E+005  0.213893340893825E+001 
     12.90000000 -0.233322538970438E+005  0.213893342563738E+001 
     12.92000000 -0.233322538970273E+005  0.213893344213233E+001 
     12.94000000 -0.233322538970109E+005  0.213893345844166E+001 
     12.96000000 -0.233322538969949E+005  0.213893347453135E+001 
     12.98000000 -0.233322538969790E+005  0.213893349037974E+001 
     13.00000000 -0.233322538969634E+005  0.213893350597756E+001 
     13.02000000 -0.233322538969480E+005  0.213893352135572E+001 
     13.04000000 -0.233322538969328E+005  0.213893353654828E+001 
     13.06000000 -0.233322538969178E+005  0.213893355155522E+001 
     13.08000000 -0.233322538969030E+005  0.213893356640748E+001 
     13.10000000 -0.233322538968882E+005  0.213893358117312E+001 
     13.12000000 -0.233322538968736E+005  0.213893359578408E+001 
     13.14000000 -0.233322538968590E+005  0.213893361035173E+001 
     13.16000000 -0.233322538968445E+005  0.213893362488226E+001 
     13.18000000 -0.233322538968300E+005  0.213893363937257E+001 
     13.20000000 -0.233322538968155E+005  0.213893365386288E+001 
     13.22000000 -0.233322538968009E+005  0.213893366847693E+001 
     13.24000000 -0.233322538967862E+005  0.213893368316523E+001 
     13.26000000 -0.233322538967713E+005  0.213893369806390E+001 
     13.28000000 -0.233322538967562E+005  0.213893371318530E+001 
     13.30000000 -0.233322538967408E+005  0.213893372863462E+001 
     13.32000000 -0.233322538967250E+005  0.213893374441804E+001 
     13.34000000 -0.233322538967089E+005  0.213893376048608E+001 
     13.36000000 -0.233322538966925E+005  0.213893377687585E+001 
     13.38000000 -0.233322538966759E+005  0.213893379344504E+001 
     13.40000000 -0.233322538966592E+005  0.213893381017201E+001 
     13.42000000 -0.233322538966425E+005  0.213893382686185E+001 
     13.44000000 -0.233322538966259E+005  0.213893384344652E+001 
     13.46000000 -0.233322538966096E+005  0.213893385979297E+001 
     13.48000000 -0.233322538965936E+005  0.213893387581461E+001 
     13.50000000 -0.233322538965779E+005  0.213893389148048E+001 
     13.52000000 -0.233322538965626E+005  0.213893390678130E+001 
     13.54000000 -0.233322538965476E+005  0.213893392175112E+001 
     13.56000000 -0.233322538965329E+005  0.213893393647964E+001 
     13.58000000 -0.233322538965184E+005  0.213893395100707E+001 
     13.60000000 -0.233322538965039E+005  0.213893396545717E+001 
     13.62000000 -0.233322538964895E+005  0.213893397988870E+001 
     13.64000000 -0.233322538964750E+005  0.213893399437282E+001 
     13.66000000 -0.233322538964604E+005  0.213893400902400E+001 
     13.68000000 -0.233322538964456E+005  0.213893402381130E+001 
     13.70000000 -0.233322538964307E+005  0.213893403873161E+001 
     13.72000000 -0.233322538964156E+005  0.213893405381899E+001 
     13.74000000 -0.233322538964003E+005  0.213893406907650E+001 
     13.76000000 -0.233322538963850E+005  0.213893408442992E+001 
     13.78000000 -0.233322538963695E+005  0.213893409991327E+001 
     13.80000000 -0.233322538963539E+005  0.213893411547396E+001 
     13.82000000 -0.233322538963382E+005  0.213893413117696E+001 
     13.84000000 -0.233322538963225E+005  0.213893414694182E+001 
     13.86000000 -0.233322538963066E+005  0.213893416278093E+001 
     13.88000000 -0.233322538962907E+005  0.213893417871285E+001 
     13.90000000 -0.233322538962747E+005  0.213893419465714E+001 
     13.92000000 -0.233322538962588E+005  0.213893421063856E+001 
     13.94000000 -0.233322538962428E+005  0.213893422658594E+001 
     13.96000000 -0.233322538962268E+005  0.213893424254570E+001 
     13.98000000 -0.233322538962110E+005  0.213893425841575E+001 
     14.00000000 -0.233322538961952E+005  0.213893427418061E+001 
     14.02000000 -0.233322538961796E+005  0.213893428981555E+001 
     14.04000000 -0.233322538961641E+005  0.213893430524940E+001 
     14.06000000 -0.233322538961488E+005  0.213893432054714E+001 
     14.08000000 -0.233322538961338E+005  0.213893433559738E+001 
     14.10000000 -0.233322538961189E+005  0.213893435048677E+001 
     14.12000000 -0.233322538961042E+005  0.213893436516269E+001 
     14.14000000 -0.233322538960897E+005  0.213893437973344E+001 
     14.16000000 -0.233322538960752E+005  0.213893439418663E+001 
     14.18000000 -0.233322538960608E+005  0.213893440858104E+001 
     14.20000000 -0.233322538960464E+005  0.213893442300638E+001 
     14.22000000 -0.233322538960319E+005  0.213893443750288E+001 
     14.24000000 -0.233322538960173E+005  0.213893445208909E+001 
     14.26000000 -0.233322538960026E+005  0.213893446679905E+001 
     14.28000000 -0.233322538959878E+005  0.213893448162347E+001 
     14.30000000 -0.233322538959728E+005  0.213893449659019E+001 
     14.32000000 -0.233322538959578E+005  0.213893451161569E+001 
     14.34000000 -0.233322538959427E+005  0.213893452669378E+001 
     14.36000000 -0.233322538959277E+005  0.213893454173475E+001 
     14.38000000 -0.233322538959127E+005  0.213893455673550E+001 
     14.40000000 -0.233322538958977E+005  0.213893457164035E+001 
     14.42000000 -0.233322538958830E+005  0.213893458640290E+001 
     14.44000000 -0.233322538958683E+005  0.213893460107573E+001 
     14.46000000 -0.233322538958538E+005  0.213893461561554E+001 
     14.48000000 -0.233322538958393E+005  0.213893463008420E+001 
     14.50000000 -0.233322538958249E+005  0.213893464447551E+001 
     14.52000000 -0.233322538958105E+005  0.213893465886064E+001 
     14.54000000 -0.233322538957961E+005  0.213893467327052E+001 
     14.56000000 -0.233322538957817E+005  0.213893468772371E+001 
     14.58000000 -0.233322538957671E+005  0.213893470228827E+001 
     14.60000000 -0.233322538957524E+005  0.213893471700132E+001 
     14.62000000 -0.233322538957375E+005  0.213893473187523E+001 
     14.64000000 -0.233322538957224E+005  0.213893474694095E+001 
     14.66000000 -0.233322538957072E+005  0.213893476222012E+001 
     14.68000000 -0.233322538956917E+005  0.213893477770347E+001 
     14.70000000 -0.233322538956760E+005  0.213893479336315E+001 
     14.72000000 -0.233322538956602E+005  0.213893480922701E+001 
     14.74000000 -0.233322538956442E+005  0.213893482519605E+001 
     14.76000000 -0.233322538956281E+005  0.213893484124243E+001 
     14.78000000 -0.233322538956121E+005  0.213893485728572E+001 
     14.80000000 -0.233322538955961E+005  0.213893487327023E+001 
     14.82000000 -0.233322538955802E+005  0.213893488914646E+001 
     14.84000000 -0.233322538955646E+005  0.213893490483708E+001 
     14.86000000 -0.233322538955491E+005  0.213893492026475E+001 
     14.88000000 -0.233322538955339E+005  0.213893493546967E+001 
     14.90000000 -0.233322538955190E+005  0.213893495043330E+001 
     14.92000000 -0.233322538955043E+005  0.213893496511232E+001 
     14.94000000 -0.233322538954898E+005  0.213893497960573E+001 
     14.96000000 -0.233322538954754E+005  0.213893499395683E+001 
     14.98000000 -0.233322538954612E+005  0.213893500823059E+001 
     15.00000000 -0.233322538954469E+005  0.213893502249198E+001 
     15.02000000 -0.233322538954326E+005  0.213893503678739E+001 
     15.04000000 -0.233322538954182E+005  0.213893505118799E+001 
     15.06000000 -0.233322538954037E+005  0.213893506566593E+001 
     15.08000000 -0.233322538953891E+005  0.213893508033567E+001 
     15.10000000 -0.233322538953742E+005  0.213893509515390E+001 
     15.12000000 -0.233322538953592E+005  0.213893511014227E+001 
     15.14000000 -0.233322538953441E+005  0.213893512532864E+001 
     15.16000000 -0.233322538953288E+005  0.213893514061709E+001 
     15.18000000 -0.233322538953133E+005  0.213893515609735E+001 
     15.20000000 -0.233322538952977E+005  0.213893517167660E+001 
     15.22000000 -0.233322538952820E+005  0.213893518740125E+001 
     15.24000000 -0.233322538952662E+005  0.213893520315993E+001 
     15.26000000 -0.233322538952504E+005  0.213893521897738E+001 
     15.28000000 -0.233322538952346E+005  0.213893523481340E+001 
     15.30000000 -0.233322538952188E+005  0.213893525061848E+001 
     15.32000000 -0.233322538952031E+005  0.213893526633694E+001 
     15.34000000 -0.233322538951874E+005  0.213893528196260E+001 
     15.36000000 -0.233322538951720E+005  0.213893529743976E+001 
     15.38000000 -0.233322538951566E+005  0.213893531280555E+001 
     15.40000000 -0.233322538951414E+005  0.213893532802904E+001 
     15.42000000 -0.233322538951263E+005  0.213893534305145E+001 
     15.44000000 -0.233322538951114E+005  0.213893535796558E+001 
     15.46000000 -0.233322538950966E+005  0.213893537275287E+001 
     15.48000000 -0.233322538950820E+005  0.213893538743189E+001 
     15.50000000 -0.233322538950673E+005  0.213893540204904E+001 
     15.52000000 -0.233322538950528E+005  0.213893541663216E+001 
     15.54000000 -0.233322538950382E+005  0.213893543119362E+001 
     15.56000000 -0.233322538950236E+005  0.213893544584171E+001 
     15.58000000 -0.233322538950088E+005  0.213893546054857E+001 
     15.60000000 -0.233322538949940E+005  0.213893547539155E+001 
     15.62000000 -0.233322538949790E+005  0.213893549035827E+001 
     15.64000000 -0.233322538949640E+005  0.213893550543327E+001 
     15.66000000 -0.233322538949487E+005  0.213893552065676E+001 
     15.68000000 -0.233322538949334E+005  0.213893553600708E+001 
     15.70000000 -0.233322538949180E+005  0.213893555142547E+001 
     15.72000000 -0.233322538949025E+005  0.213893556690572E+001 
     15.74000000 -0.233322538948871E+005  0.213893558232411E+001 
     15.76000000 -0.233322538948716E+005  0.213893559777343E+001 
     15.78000000 -0.233322538948563E+005  0.213893561312685E+001 
     15.80000000 -0.233322538948410E+005  0.213893562838746E+001 
     15.82000000 -0.233322538948259E+005  0.213893564350267E+001 
     15.84000000 -0.233322538948109E+005  0.213893565851889E+001 
     15.86000000 -0.233322538947959E+005  0.213893567344849E+001 
     15.88000000 -0.233322538947812E+005  0.213893568821723E+001 
     15.90000000 -0.233322538947665E+005  0.213893570291481E+001 
     15.92000000 -0.233322538947519E+005  0.213893571752577E+001 
     15.94000000 -0.233322538947373E+005  0.213893573205939E+001 
     15.96000000 -0.233322538947229E+005  0.213893574653733E+001 
     15.98000000 -0.233322538947084E+005  0.213893576099361E+001 
     16.00000000 -0.233322538946940E+005  0.213893577541277E+001 
     16.02000000 -0.233322538946795E+005  0.213893578987214E+001 
     16.04000000 -0.233322538946650E+005  0.213893580437174E+001 
     16.06000000 -0.233322538946505E+005  0.213893581891464E+001 
     16.08000000 -0.233322538946358E+005  0.213893583359675E+001 
     16.10000000 -0.233322538946210E+005  0.213893584837786E+001 
     16.12000000 -0.233322538946061E+005  0.213893586333221E+001 
     16.14000000 -0.233322538945909E+005  0.213893587846598E+001 
     16.16000000 -0.233322538945756E+005  0.213893589377300E+001 
     16.18000000 -0.233322538945602E+005  0.213893590921613E+001 
     16.20000000 -0.233322538945446E+005  0.213893592479538E+001 
     16.22000000 -0.233322538945289E+005  0.213893594044888E+001 
     16.24000000 -0.233322538945133E+005  0.213893595612403E+001 
     16.26000000 -0.233322538944976E+005  0.213893597176824E+001 
     16.28000000 -0.233322538944821E+005  0.213893598733512E+001 
     16.30000000 -0.233322538944666E+005  0.213893600275660E+001 
     16.32000000 -0.233322538944514E+005  0.213893601802958E+001 
     16.34000000 -0.233322538944362E+005  0.213893603314480E+001 
     16.36000000 -0.233322538944213E+005  0.213893604814246E+001 
     16.38000000 -0.233322538944064E+005  0.213893606299781E+001 
     16.40000000 -0.233322538943916E+005  0.213893607782841E+001 
     16.42000000 -0.233322538943767E+005  0.213893609266211E+001 
     16.44000000 -0.233322538943618E+005  0.213893610755150E+001 
     16.46000000 -0.233322538943468E+005  0.213893612256771E+001 
     16.48000000 -0.233322538943317E+005  0.213893613771077E+001 
     16.50000000 -0.233322538943164E+005  0.213893615299304E+001 
     16.52000000 -0.233322538943009E+005  0.213893616845164E+001 
     16.54000000 -0.233322538942854E+005  0.213893618402470E+001 
     16.56000000 -0.233322538942697E+005  0.213893619969676E+001 
     16.58000000 -0.233322538942541E+005  0.213893621532551E+001 
     16.60000000 -0.233322538942385E+005  0.213893623092332E+001 
     16.62000000 -0.233322538942230E+005  0.213893624634789E+001 
     16.64000000 -0.233322538942078E+005  0.213893626160850E+001 
     16.66000000 -0.233322538941927E+005  0.213893627664947E+001 
     16.68000000 -0.233322538941779E+005  0.213893629146461E+001 
     16.70000000 -0.233322538941633E+005  0.213893630610341E+001 
     16.72000000 -0.233322538941488E+005  0.213893632055660E+001 
     16.74000000 -0.233322538941344E+005  0.213893633497576E+001 
     16.76000000 -0.233322538941201E+005  0.213893634933923E+001 
     16.78000000 -0.233322538941056E+005  0.213893636374911E+001 
     16.80000000 -0.233322538940911E+005  0.213893637824870E+001 
     16.82000000 -0.233322538940765E+005  0.213893639285966E+001 
     16.84000000 -0.233322538940618E+005  0.213893640758818E+001 
     16.86000000 -0.233322538940470E+005  0.213893642239713E+001 
     16.88000000 -0.233322538940320E+005  0.213893643734529E+001 
     16.90000000 -0.233322538940170E+005  0.213893645234914E+001 
     16.92000000 -0.233322538940020E+005  0.213893646738392E+001 
     16.94000000 -0.233322538939869E+005  0.213893648247129E+001 
     16.96000000 -0.233322538939718E+005  0.213893649760816E+001 
     16.98000000 -0.233322538939567E+005  0.213893651270790E+001 
     17.00000000 -0.233322538939415E+005  0.213893652787571E+001 
     17.02000000 -0.233322538939264E+005  0.213893654300330E+001 
     17.04000000 -0.233322538939113E+005  0.213893655813707E+001 
     17.06000000 -0.233322538938961E+005  0.213893657327085E+001 
     17.08000000 -0.233322538938810E+005  0.213893658834894E+001 
     17.10000000 -0.233322538938660E+005  0.213893660342703E+001 
     17.12000000 -0.233322538938509E+005  0.213893661844944E+001 
     17.14000000 -0.233322538938360E+005  0.213893663342853E+001 
     17.16000000 -0.233322538938210E+005  0.213893664837051E+001 
     17.18000000 -0.233322538938061E+005  0.213893666327536E+001 
     17.20000000 -0.233322538937912E+005  0.213893667816783E+001 
     17.22000000 -0.233322538937764E+005  0.213893669297369E+001 
     17.24000000 -0.233322538937616E+005  0.213893670774242E+001 
     17.26000000 -0.233322538937470E+005  0.213893672241835E+001 
     17.28000000 -0.233322538937324E+005  0.213893673697053E+001 
     17.30000000 -0.233322538937180E+005  0.213893675139897E+001 
     17.32000000 -0.233322538937037E+005  0.213893676567892E+001 
     17.34000000 -0.233322538936896E+005  0.213893677983513E+001 
     17.36000000 -0.233322538936755E+005  0.213893679386759E+001 
     17.38000000 -0.233322538936616E+005  0.213893680782580E+001 
     17.40000000 -0.233322538936477E+005  0.213893682166956E+001 
     17.42000000 -0.233322538936339E+005  0.213893683549166E+001 
     17.44000000 -0.233322538936201E+005  0.213893684926117E+001 
     17.46000000 -0.233322538936064E+005  0.213893686298118E+001 
     17.48000000 -0.233322538935927E+005  0.213893687669500E+001 
     17.50000000 -0.233322538935790E+005  0.213893689036551E+001 
     17.52000000 -0.233322538935654E+005  0.213893690394941E+001 
     17.54000000 -0.233322538935519E+005  0.213893691751783E+001 
     17.56000000 -0.233322538935384E+005  0.213893693103058E+001 
     17.58000000 -0.233322538935249E+005  0.213893694450619E+001 
     17.60000000 -0.233322538935114E+005  0.213893695800037E+001 
     17.62000000 -0.233322538934979E+005  0.213893697150383E+001 
     17.64000000 -0.233322538934843E+005  0.213893698510010E+001 
     17.66000000 -0.233322538934706E+005  0.213893699881083E+001 
     17.68000000 -0.233322538934567E+005  0.213893701271027E+001 
     17.70000000 -0.233322538934426E+005  0.213893702676748E+001 
     17.72000000 -0.233322538934283E+005  0.213893704104434E+001 
     17.74000000 -0.233322538934138E+005  0.213893705555321E+001 
     17.76000000 -0.233322538933991E+005  0.213893707024151E+001 
     17.78000000 -0.233322538933844E+005  0.213893708503499E+001 
     17.80000000 -0.233322538933695E+005  0.213893709991509E+001 
     17.82000000 -0.233322538933546E+005  0.213893711478901E+001 
     17.84000000 -0.233322538933398E+005  0.213893712962580E+001 
     17.86000000 -0.233322538933250E+005  0.213893714436050E+001 
     17.88000000 -0.233322538933104E+005  0.213893715898384E+001 
     17.90000000 -0.233322538932959E+005  0.213893717351127E+001 
     17.92000000 -0.233322538932814E+005  0.213893718794281E+001 
     17.94000000 -0.233322538932670E+005  0.213893720236506E+001 
     17.96000000 -0.233322538932526E+005  0.213893721681516E+001 
     17.98000000 -0.233322538932381E+005  0.213893723127762E+001 
     18.00000000 -0.233322538932235E+005  0.213893724587002E+001 
     18.02000000 -0.233322538932088E+005  0.213893726055214E+001 
     18.04000000 -0.233322538931941E+005  0.213893727533634E+001 
     18.06000000 -0.233322538931792E+005  0.213893729020097E+001 
     18.08000000 -0.233322538931643E+005  0.213893730513367E+001 
     18.10000000 -0.233322538931494E+005  0.213893732001686E+001 
     18.12000000 -0.233322538931345E+005  0.213893733484437E+001 
     18.14000000 -0.233322538931199E+005  0.213893734951720E+001 
     18.16000000 -0.233322538931053E+005  0.213893736405701E+001 
     18.18000000 -0.233322538930910E+005  0.213893737841121E+001 
     18.20000000 -0.233322538930767E+005  0.213893739264475E+001 
     18.22000000 -0.233322538930626E+005  0.213893740676383E+001 
     18.24000000 -0.233322538930485E+005  0.213893742084579E+001 
     18.26000000 -0.233322538930345E+005  0.213893743490610E+001 
     18.28000000 -0.233322538930204E+005  0.213893744899734E+001 
     18.30000000 -0.233322538930062E+005  0.213893746318139E+001 
     18.32000000 -0.233322538929919E+005  0.213893747746133E+001 
     18.34000000 -0.233322538929775E+005  0.213893749188977E+001 
     18.36000000 -0.233322538929630E+005  0.213893750638318E+001 
     18.38000000 -0.233322538929484E+005  0.213893752096939E+001 
     18.40000000 -0.233322538929338E+005  0.213893753559582E+001 
     18.42000000 -0.233322538929191E+005  0.213893755026556E+001 
     18.44000000 -0.233322538929045E+005  0.213893756493839E+001 
     18.46000000 -0.233322538928898E+005  0.213893757962050E+001 
     18.48000000 -0.233322538928750E+005  0.213893759436140E+001 
     18.50000000 -0.233322538928603E+005  0.213893760913632E+001 
     18.52000000 -0.233322538928454E+005  0.213893762396692E+001 
     18.54000000 -0.233322538928305E+005  0.213893763888724E+001 
     18.56000000 -0.233322538928155E+005  0.213893765385706E+001 
     18.58000000 -0.233322538928005E+005  0.213893766886090E+001 
     18.60000000 -0.233322538927856E+005  0.213893768383072E+001 
     18.62000000 -0.233322538927706E+005  0.213893769878816E+001 
     18.64000000 -0.233322538927558E+005  0.213893771361258E+001 
     18.66000000 -0.233322538927410E+005  0.213893772834109E+001 
     18.68000000 -0.233322538927265E+005  0.213893774293349E+001 
     18.70000000 -0.233322538927120E+005  0.213893775739905E+001 
     18.72000000 -0.233322538926976E+005  0.213893777175944E+001 
     18.74000000 -0.233322538926834E+005  0.213893778602392E+001 
     18.76000000 -0.233322538926691E+005  0.213893780027602E+001 
     18.78000000 -0.233322538926549E+005  0.213893781450647E+001 
     18.80000000 -0.233322538926406E+005  0.213893782882973E+001 
     18.82000000 -0.233322538926262E+005  0.213893784319630E+001 
     18.84000000 -0.233322538926117E+005  0.213893785773611E+001 
     18.86000000 -0.233322538925970E+005  0.213893787238729E+001 
     18.88000000 -0.233322538925821E+005  0.213893788725501E+001 
     18.90000000 -0.233322538925671E+005  0.213893790231145E+001 
     18.92000000 -0.233322538925518E+005  0.213893791756897E+001 
     18.94000000 -0.233322538925365E+005  0.213893793293167E+001 
     18.96000000 -0.233322538925210E+005  0.213893794843977E+001 
     18.98000000 -0.233322538925054E+005  0.213893796401592E+001 
     19.00000000 -0.233322538924898E+005  0.213893797959827E+001 
     19.02000000 -0.233322538924743E+005  0.213893799509399E+001 
     19.04000000 -0.233322538924589E+005  0.213893801045978E+001 
     19.06000000 -0.233322538924437E+005  0.213893802568637E+001 
     19.08000000 -0.233322538924287E+005  0.213893804071187E+001 
     19.10000000 -0.233322538924139E+005  0.213893805553319E+001 
     19.12000000 -0.233322538923992E+005  0.213893807019056E+001 
     19.14000000 -0.233322538923846E+005  0.213893808478914E+001 
     19.16000000 -0.233322538923701E+005  0.213893809930111E+001 
     19.18000000 -0.233322538923555E+005  0.213893811389042E+001 
     19.20000000 -0.233322538923408E+005  0.213893812857253E+001 
     19.22000000 -0.233322538923260E+005  0.213893814339385E+001 
     19.24000000 -0.233322538923110E+005  0.213893815840389E+001 
     19.26000000 -0.233322538922958E+005  0.213893817361809E+001 
     19.28000000 -0.233322538922804E+005  0.213893818894986E+001 
     19.30000000 -0.233322538922650E+005  0.213893820443630E+001 
     19.32000000 -0.233322538922494E+005  0.213893821995059E+001 
     19.34000000 -0.233322538922339E+005  0.213893823546178E+001 
     19.36000000 -0.233322538922185E+005  0.213893825088635E+001 
     19.38000000 -0.233322538922032E+005  0.213893826618718E+001 
     19.40000000 -0.233322538921881E+005  0.213893828133642E+001 
     19.42000000 -0.233322538921731E+005  0.213893829630005E+001 
     19.44000000 -0.233322538921583E+005  0.213893831113684E+001 
     19.46000000 -0.233322538921436E+005  0.213893832577564E+001 
     19.48000000 -0.233322538921291E+005  0.213893834033401E+001 
     19.50000000 -0.233322538921146E+005  0.213893835481195E+001 
     19.52000000 -0.233322538921002E+005  0.213893836924039E+001 
     19.54000000 -0.233322538920857E+005  0.213893838366883E+001 
     19.56000000 -0.233322538920713E+005  0.213893839812202E+001 
     19.58000000 -0.233322538920567E+005  0.213893841264017E+001 
     19.60000000 -0.233322538920422E+005  0.213893842721401E+001 
     19.62000000 -0.233322538920275E+005  0.213893844186519E+001 
     19.64000000 -0.233322538920128E+005  0.213893845663083E+001 
     19.66000000 -0.233322538919979E+005  0.213893847153568E+001 
     19.68000000 -0.233322538919828E+005  0.213893848659830E+001 
     19.70000000 -0.233322538919676E+005  0.213893850179704E+001 
     19.72000000 -0.233322538919522E+005  0.213893851716902E+001 
     19.74000000 -0.233322538919367E+005  0.213893853269878E+001 
     19.76000000 -0.233322538919211E+005  0.213893854828421E+001 
     19.78000000 -0.233322538919054E+005  0.213893856397793E+001 
     19.80000000 -0.233322538918897E+005  0.213893857964689E+001 
     19.82000000 -0.233322538918741E+005  0.213893859527564E+001 
     19.84000000 -0.233322538918585E+005  0.213893861087964E+001 
     19.86000000 -0.233322538918430E+005  0.213893862636608E+001 
     19.88000000 -0.233322538918276E+005  0.213893864175972E+001 
     19.90000000 -0.233322538918123E+005  0.213893865711004E+001 
     19.92000000 -0.233322538917970E+005  0.213893867238612E+001 
     19.94000000 -0.233322538917817E+005  0.213893868765601E+001 
     19.96000000 -0.233322538917665E+005  0.213893870292591E+001 
     19.98000000 -0.233322538917511E+005  0.213893871826386E+001 
     20.00000000 -0.233322538917357E+005  0.213893873364821E+001 
     20.02000000 -0.233322538917203E+005  0.213893874908207E+001 
     20.04000000 -0.233322538917048E+005  0.213893876455923E+001 
     20.06000000 -0.233322538916893E+005  0.213893878005495E+001 
     20.08000000 -0.233322538916739E+005  0.213893879552593E+001 
     20.10000000 -0.233322538916585E+005  0.213893881093812E+001 
     20.12000000 -0.233322538916431E+005  0.213893882629154E+001 
     20.14000000 -0.233322538916278E+005  0.213893884154287E+001 
     20.16000000 -0.233322538916127E+005  0.213893885668284E+001 
     20.18000000 -0.233322538915977E+005  0.213893887172381E+001 
     20.20000000 -0.233322538915828E+005  0.213893888661009E+001 
     20.22000000 -0.233322538915679E+005  0.213893890145926E+001 
     20.24000000 -0.233322538915532E+005  0.213893891622490E+001 
     20.26000000 -0.233322538915384E+005  0.213893893095342E+001 
     20.28000000 -0.233322538915237E+005  0.213893894573453E+001 
     20.30000000 -0.233322538915089E+005  0.213893896053419E+001 
     20.32000000 -0.233322538914940E+005  0.213893897542048E+001 
     20.34000000 -0.233322538914789E+005  0.213893899045526E+001 
     20.36000000 -0.233322538914637E+005  0.213893900565091E+001 
     20.38000000 -0.233322538914484E+005  0.213893902101361E+001 
     20.40000000 -0.233322538914328E+005  0.213893903656502E+001 
     20.42000000 -0.233322538914172E+005  0.213893905223398E+001 
     20.44000000 -0.233322538914014E+005  0.213893906803597E+001 
     20.46000000 -0.233322538913855E+005  0.213893908388127E+001 
     20.48000000 -0.233322538913697E+005  0.213893909967088E+001 
     20.50000000 -0.233322538913540E+005  0.213893911538934E+001 
     20.52000000 -0.233322538913384E+005  0.213893913100881E+001 
     20.54000000 -0.233322538913230E+005  0.213893914640245E+001 
     20.56000000 -0.233322538913078E+005  0.213893916161047E+001 
     20.58000000 -0.233322538912928E+005  0.213893917661431E+001 
     20.60000000 -0.233322538912780E+005  0.213893919142636E+001 
     20.62000000 -0.233322538912633E+005  0.213893920609919E+001 
     20.64000000 -0.233322538912487E+005  0.213893922067921E+001 
     20.66000000 -0.233322538912342E+005  0.213893923521284E+001 
     20.68000000 -0.233322538912196E+005  0.213893924974336E+001 
     20.70000000 -0.233322538912051E+005  0.213893926427698E+001 
     20.72000000 -0.233322538911905E+005  0.213893927891269E+001 
     20.74000000 -0.233322538911758E+005  0.213893929363812E+001 
     20.76000000 -0.233322538911609E+005  0.213893930845325E+001 
     20.78000000 -0.233322538911460E+005  0.213893932336739E+001 
     20.80000000 -0.233322538911310E+005  0.213893933838361E+001 
     20.82000000 -0.233322538911159E+005  0.213893935351119E+001 
     20.84000000 -0.233322538911007E+005  0.213893936871921E+001 
     20.86000000 -0.233322538910854E+005  0.213893938400458E+001 
     20.88000000 -0.233322538910701E+005  0.213893939930231E+001 
     20.90000000 -0.233322538910547E+005  0.213893941466501E+001 
     20.92000000 -0.233322538910394E+005  0.213893942997821E+001 
     20.94000000 -0.233322538910242E+005  0.213893944522954E+001 
     20.96000000 -0.233322538910090E+005  0.213893946042828E+001 
     20.98000000 -0.233322538909939E+005  0.213893947549710E+001 
     21.00000000 -0.233322538909790E+005  0.213893949043288E+001 
     21.02000000 -0.233322538909642E+005  0.213893950523255E+001 
     21.04000000 -0.233322538909496E+005  0.213893951981567E+001 
     21.06000000 -0.233322538909352E+005  0.213893953420080E+001 
     21.08000000 -0.233322538909211E+005  0.213893954830751E+001 
     21.10000000 -0.233322538909072E+005  0.213893956221004E+001 
     21.12000000 -0.233322538908935E+005  0.213893957586509E+001 
     21.14000000 -0.233322538908801E+005  0.213893958927265E+001 
     21.16000000 -0.233322538908669E+005  0.213893960252553E+001 
     21.18000000 -0.233322538908537E+005  0.213893961566704E+001 
     21.20000000 -0.233322538908406E+005  0.213893962879927E+001 
     21.22000000 -0.233322538908274E+005  0.213893964194388E+001 
     21.24000000 -0.233322538908141E+005  0.213893965528028E+001 
     21.26000000 -0.233322538908006E+005  0.213893966877137E+001 
     21.28000000 -0.233322538907869E+005  0.213893968246354E+001 
     21.30000000 -0.233322538907731E+005  0.213893969633513E+001 
     21.32000000 -0.233322538907589E+005  0.213893971044494E+001 
     21.34000000 -0.233322538907447E+005  0.213893972469085E+001 
     21.36000000 -0.233322538907303E+005  0.213893973905742E+001 
     21.38000000 -0.233322538907159E+005  0.213893975349514E+001 
     21.40000000 -0.233322538907014E+005  0.213893976796380E+001 
     21.42000000 -0.233322538906869E+005  0.213893978247267E+001 
     21.44000000 -0.233322538906724E+005  0.213893979702486E+001 
     21.46000000 -0.233322538906578E+005  0.213893981155229E+001 
     21.48000000 -0.233322538906433E+005  0.213893982610447E+001 
     21.50000000 -0.233322538906287E+005  0.213893984066284E+001 
     21.52000000 -0.233322538906142E+005  0.213893985522431E+001 
     21.54000000 -0.233322538905996E+005  0.213893986981361E+001 
     21.56000000 -0.233322538905850E+005  0.213893988438436E+001 
     21.58000000 -0.233322538905704E+005  0.213893989896438E+001 
     21.60000000 -0.233322538905559E+005  0.213893991349182E+001 
     21.62000000 -0.233322538905414E+005  0.213893992799141E+001 
     21.64000000 -0.233322538905270E+005  0.213893994242294E+001 
     21.66000000 -0.233322538905126E+005  0.213893995677714E+001 
     21.68000000 -0.233322538904983E+005  0.213893997107874E+001 
     21.70000000 -0.233322538904841E+005  0.213893998529063E+001 
     21.72000000 -0.233322538904699E+005  0.213893999949324E+001 
     21.74000000 -0.233322538904558E+005  0.213894001358757E+001 
     21.76000000 -0.233322538904417E+005  0.213894002771284E+001 
     21.78000000 -0.233322538904275E+005  0.213894004190308E+001 
     21.80000000 -0.233322538904133E+005  0.213894005613043E+001 
     21.82000000 -0.233322538903989E+005  0.213894007047844E+001 
     21.84000000 -0.233322538903844E+005  0.213894008495638E+001 
     21.86000000 -0.233322538903698E+005  0.213894009955806E+001 
     21.88000000 -0.233322538903551E+005  0.213894011432370E+001 
     21.90000000 -0.233322538903401E+005  0.213894012924402E+001 
     21.92000000 -0.233322538903252E+005  0.213894014422930E+001 
     21.94000000 -0.233322538903101E+005  0.213894015929192E+001 
     21.96000000 -0.233322538902950E+005  0.213894017438239E+001 
     21.98000000 -0.233322538902799E+005  0.213894018946667E+001 
     22.00000000 -0.233322538902649E+005  0.213894020448598E+001 
     22.02000000 -0.233322538902500E+005  0.213894021937846E+001 
     22.04000000 -0.233322538902353E+005  0.213894023411935E+001 
     22.06000000 -0.233322538902206E+005  0.213894024874268E+001 
     22.08000000 -0.233322538902062E+005  0.213894026321134E+001 
     22.10000000 -0.233322538901919E+005  0.213894027752532E+001 
     22.12000000 -0.233322538901777E+005  0.213894029168462E+001 
     22.14000000 -0.233322538901637E+005  0.213894030574183E+001 
     22.16000000 -0.233322538901496E+005  0.213894031975263E+001 
     22.18000000 -0.233322538901357E+005  0.213894033371085E+001 
     22.20000000 -0.233322538901217E+005  0.213894034764432E+001 
     22.22000000 -0.233322538901078E+005  0.213894036162728E+001 
     22.24000000 -0.233322538900938E+005  0.213894037561025E+001 
     22.26000000 -0.233322538900798E+005  0.213894038963962E+001 
     22.28000000 -0.233322538900657E+005  0.213894040372467E+001 
     22.30000000 -0.233322538900515E+005  0.213894041784994E+001 
     22.32000000 -0.233322538900374E+005  0.213894043202780E+001 
     22.34000000 -0.233322538900231E+005  0.213894044626134E+001 
     22.36000000 -0.233322538900089E+005  0.213894046053510E+001 
     22.38000000 -0.233322538899945E+005  0.213894047489549E+001 
     22.40000000 -0.233322538899800E+005  0.213894048937342E+001 
     22.42000000 -0.233322538899654E+005  0.213894050395035E+001 
     22.44000000 -0.233322538899508E+005  0.213894051860463E+001 
     22.46000000 -0.233322538899360E+005  0.213894053342904E+001 
     22.48000000 -0.233322538899211E+005  0.213894054831843E+001 
     22.50000000 -0.233322538899061E+005  0.213894056330371E+001 
     22.52000000 -0.233322538898910E+005  0.213894057836943E+001 
     22.54000000 -0.233322538898759E+005  0.213894059345370E+001 
     22.56000000 -0.233322538898608E+005  0.213894060855036E+001 
     22.58000000 -0.233322538898458E+005  0.213894062360370E+001 
     22.60000000 -0.233322538898308E+005  0.213894063860754E+001 
     22.62000000 -0.233322538898158E+005  0.213894065354333E+001 
     22.64000000 -0.233322538898010E+005  0.213894066842962E+001 
     22.66000000 -0.233322538897861E+005  0.213894068324476E+001 
     22.68000000 -0.233322538897714E+005  0.213894069797946E+001 
     22.70000000 -0.233322538897567E+005  0.213894071269251E+001 
     22.72000000 -0.233322538897420E+005  0.213894072735297E+001 
     22.74000000 -0.233322538897274E+005  0.213894074204127E+001 
     22.76000000 -0.233322538897127E+005  0.213894075673576E+001 
     22.78000000 -0.233322538896979E+005  0.213894077145809E+001 
     22.80000000 -0.233322538896832E+005  0.213894078620207E+001 
     22.82000000 -0.233322538896684E+005  0.213894080096462E+001 
     22.84000000 -0.233322538896536E+005  0.213894081576738E+001 
     22.86000000 -0.233322538896388E+005  0.213894083055777E+001 
     22.88000000 -0.233322538896240E+005  0.213894084543787E+001 
     22.90000000 -0.233322538896091E+005  0.213894086032416E+001 
     22.92000000 -0.233322538895941E+005  0.213894087525376E+001 
     22.94000000 -0.233322538895791E+005  0.213894089025760E+001 
     22.96000000 -0.233322538895640E+005  0.213894090536354E+001 
     22.98000000 -0.233322538895488E+005  0.213894092054990E+001 
     23.00000000 -0.233322538895335E+005  0.213894093589713E+001 
     23.02000000 -0.233322538895180E+005  0.213894095136192E+001 
     23.04000000 -0.233322538895024E+005  0.213894096694427E+001 
     23.06000000 -0.233322538894868E+005  0.213894098263179E+001 
     23.08000000 -0.233322538894710E+005  0.213894099841522E+001 
     23.10000000 -0.233322538894552E+005  0.213894101420483E+001 
     23.12000000 -0.233322538894394E+005  0.213894102999754E+001 
     23.14000000 -0.233322538894237E+005  0.213894104571291E+001 
     23.16000000 -0.233322538894081E+005  0.213894106125813E+001 
     23.18000000 -0.233322538893928E+005  0.213894107660845E+001 
     23.20000000 -0.233322538893777E+005  0.213894109171129E+001 
     23.22000000 -0.233322538893629E+005  0.213894110651715E+001 
     23.24000000 -0.233322538893483E+005  0.213894112109408E+001 
     23.26000000 -0.233322538893341E+005  0.213894113531834E+001 
     23.28000000 -0.233322538893200E+005  0.213894114939102E+001 
     23.30000000 -0.233322538893061E+005  0.213894116326881E+001 
     23.32000000 -0.233322538892923E+005  0.213894117705378E+001 
     23.34000000 -0.233322538892785E+005  0.213894119084804E+001 
     23.36000000 -0.233322538892647E+005  0.213894120467014E+001 
     23.38000000 -0.233322538892508E+005  0.213894121863145E+001 
     23.40000000 -0.233322538892366E+005  0.213894123278765E+001 
     23.42000000 -0.233322538892222E+005  0.213894124716969E+001 
     23.44000000 -0.233322538892076E+005  0.213894126178993E+001 
     23.46000000 -0.233322538891927E+005  0.213894127666694E+001 
     23.48000000 -0.233322538891776E+005  0.213894129175741E+001 
     23.50000000 -0.233322538891623E+005  0.213894130704277E+001 
     23.52000000 -0.233322538891469E+005  0.213894132245187E+001 
     23.54000000 -0.233322538891315E+005  0.213894133791047E+001 
     23.56000000 -0.233322538891160E+005  0.213894135343404E+001 
     23.58000000 -0.233322538891005E+005  0.213894136890192E+001 
     23.60000000 -0.233322538890851E+005  0.213894138430174E+001 
     23.62000000 -0.233322538890698E+005  0.213894139961494E+001 
     23.64000000 -0.233322538890546E+005  0.213894141483225E+001 
     23.66000000 -0.233322538890394E+005  0.213894142994127E+001 
     23.68000000 -0.233322538890244E+005  0.213894144497605E+001 
     23.70000000 -0.233322538890095E+005  0.213894145991493E+001 
     23.72000000 -0.233322538889946E+005  0.213894147480741E+001 
     23.74000000 -0.233322538889798E+005  0.213894148963183E+001 
     23.76000000 -0.233322538889650E+005  0.213894150440675E+001 
     23.78000000 -0.233322538889502E+005  0.213894151915073E+001 
     23.80000000 -0.233322538889355E+005  0.213894153393184E+001 
     23.82000000 -0.233322538889207E+005  0.213894154864489E+001 
     23.84000000 -0.233322538889060E+005  0.213894156336413E+001 
     23.86000000 -0.233322538888913E+005  0.213894157804624E+001 
     23.88000000 -0.233322538888766E+005  0.213894159275929E+001 
     23.90000000 -0.233322538888619E+005  0.213894160750327E+001 
     23.92000000 -0.233322538888472E+005  0.213894162221013E+001 
     23.94000000 -0.233322538888324E+005  0.213894163694793E+001 
     23.96000000 -0.233322538888177E+005  0.213894165172285E+001 
     23.98000000 -0.233322538888029E+005  0.213894166652561E+001 
     24.00000000 -0.233322538887880E+005  0.213894168135931E+001 
     24.02000000 -0.233322538887732E+005  0.213894169623942E+001 
     24.04000000 -0.233322538887582E+005  0.213894171122470E+001 
     24.06000000 -0.233322538887431E+005  0.213894172630898E+001 
     24.08000000 -0.233322538887278E+005  0.213894174154484E+001 
     24.10000000 -0.233322538887125E+005  0.213894175692301E+001 
     24.12000000 -0.233322538886969E+005  0.213894177248370E+001 
     24.14000000 -0.233322538886812E+005  0.213894178816194E+001 
     24.16000000 -0.233322538886654E+005  0.213894180395774E+001 
     24.18000000 -0.233322538886495E+005  0.213894181984016E+001 
     24.20000000 -0.233322538886337E+005  0.213894183574115E+001 
     24.22000000 -0.233322538886178E+005  0.213894185156479E+001 
     24.24000000 -0.233322538886021E+005  0.213894186731109E+001 
     24.26000000 -0.233322538885865E+005  0.213894188289962E+001 
     24.28000000 -0.233322538885711E+005  0.213894189833038E+001 
     24.30000000 -0.233322538885558E+005  0.213894191356934E+001 
     24.32000000 -0.233322538885408E+005  0.213894192859793E+001 
     24.34000000 -0.233322538885259E+005  0.213894194347185E+001 
     24.36000000 -0.233322538885112E+005  0.213894195816633E+001 
     24.38000000 -0.233322538884967E+005  0.213894197273708E+001 
     24.40000000 -0.233322538884822E+005  0.213894198719336E+001 
     24.42000000 -0.233322538884679E+005  0.213894200152590E+001 
     24.44000000 -0.233322538884536E+005  0.213894201581204E+001 
     24.46000000 -0.233322538884393E+005  0.213894203012292E+001 
     24.48000000 -0.233322538884249E+005  0.213894204449877E+001 
     24.50000000 -0.233322538884104E+005  0.213894205899217E+001 
     24.52000000 -0.233322538883957E+005  0.213894207368666E+001 
     24.54000000 -0.233322538883807E+005  0.213894208869360E+001 
     24.56000000 -0.233322538883655E+005  0.213894210392637E+001 
     24.58000000 -0.233322538883499E+005  0.213894211947159E+001 
     24.60000000 -0.233322538883341E+005  0.213894213529214E+001 
     24.62000000 -0.233322538883181E+005  0.213894215132305E+001 
     24.64000000 -0.233322538883019E+005  0.213894216749008E+001 
     24.66000000 -0.233322538882857E+005  0.213894218371280E+001 
     24.68000000 -0.233322538882695E+005  0.213894219993242E+001 
     24.70000000 -0.233322538882533E+005  0.213894221607161E+001 
     24.72000000 -0.233322538882374E+005  0.213894223203755E+001 
     24.74000000 -0.233322538882216E+005  0.213894224780242E+001 
     24.76000000 -0.233322538882061E+005  0.213894226331670E+001 
     24.78000000 -0.233322538881908E+005  0.213894227859897E+001 
     24.80000000 -0.233322538881758E+005  0.213894229359972E+001 
     24.82000000 -0.233322538881610E+005  0.213894230834371E+001 
     24.84000000 -0.233322538881465E+005  0.213894232289589E+001 
     24.86000000 -0.233322538881321E+005  0.213894233728721E+001 
     24.88000000 -0.233322538881179E+005  0.213894235153312E+001 
     24.90000000 -0.233322538881036E+005  0.213894236575739E+001 
     24.92000000 -0.233322538880894E+005  0.213894237997856E+001 
     24.94000000 -0.233322538880752E+005  0.213894239421829E+001 
     24.96000000 -0.233322538880608E+005  0.213894240856630E+001 
     24.98000000 -0.233322538880464E+005  0.213894242300711E+001 
     25.00000000 -0.233322538880319E+005  0.213894243752836E+001 
     25.02000000 -0.233322538880172E+005  0.213894245216098E+001 
     25.04000000 -0.233322538880026E+005  0.213894246683690E+001 
     25.06000000 -0.233322538879878E+005  0.213894248157470E+001 
     25.08000000 -0.233322538879730E+005  0.213894249635581E+001 
     25.10000000 -0.233322538879583E+005  0.213894251113691E+001 
     25.12000000 -0.233322538879434E+005  0.213894252600464E+001 
     25.14000000 -0.233322538879285E+005  0.213894254090331E+001 
     25.16000000 -0.233322538879135E+005  0.213894255591334E+001 
     25.18000000 -0.233322538878984E+005  0.213894257098834E+001 
     25.20000000 -0.233322538878832E+005  0.213894258617470E+001 
     25.22000000 -0.233322538878680E+005  0.213894260140747E+001 
     25.24000000 -0.233322538878527E+005  0.213894261671139E+001 
     25.26000000 -0.233322538878374E+005  0.213894263200294E+001 
     25.28000000 -0.233322538878220E+005  0.213894264736873E+001 
     25.30000000 -0.233322538878067E+005  0.213894266269122E+001 
     25.32000000 -0.233322538877913E+005  0.213894267805392E+001 
     25.34000000 -0.233322538877760E+005  0.213894269341662E+001 
     25.36000000 -0.233322538877606E+005  0.213894270877932E+001 
     25.38000000 -0.233322538877452E+005  0.213894272419152E+001 
     25.40000000 -0.233322538877298E+005  0.213894273960990E+001 
     25.42000000 -0.233322538877143E+005  0.213894275507778E+001 
     25.44000000 -0.233322538876989E+005  0.213894277052710E+001 
     25.46000000 -0.233322538876834E+005  0.213894278603829E+001 
     25.48000000 -0.233322538876679E+005  0.213894280151546E+001 
     25.50000000 -0.233322538876525E+005  0.213894281690600E+001 
     25.52000000 -0.233322538876372E+005  0.213894283220683E+001 
     25.54000000 -0.233322538876220E+005  0.213894284734060E+001 
     25.56000000 -0.233322538876070E+005  0.213894286240322E+001 
     25.58000000 -0.233322538875921E+005  0.213894287728642E+001 
     25.60000000 -0.233322538875773E+005  0.213894289207371E+001 
     25.62000000 -0.233322538875627E+005  0.213894290673727E+001 
     25.64000000 -0.233322538875480E+005  0.213894292135751E+001 
     25.66000000 -0.233322538875334E+005  0.213894293596538E+001 
     25.68000000 -0.233322538875188E+005  0.213894295058252E+001 
     25.70000000 -0.233322538875041E+005  0.213894296528010E+001 
     25.72000000 -0.233322538874893E+005  0.213894298007977E+001 
     25.74000000 -0.233322538874744E+005  0.213894299499700E+001 
     25.76000000 -0.233322538874593E+005  0.213894301011840E+001 
     25.78000000 -0.233322538874440E+005  0.213894302542542E+001 
     25.80000000 -0.233322538874284E+005  0.213894304102323E+001 
     25.82000000 -0.233322538874125E+005  0.213894305684068E+001 
     25.84000000 -0.233322538873965E+005  0.213894307291491E+001 
     25.86000000 -0.233322538873802E+005  0.213894308918712E+001 
     25.88000000 -0.233322538873637E+005  0.213894310564804E+001 
     25.90000000 -0.233322538873472E+005  0.213894312219867E+001 
     25.92000000 -0.233322538873306E+005  0.213894313877405E+001 
     25.94000000 -0.233322538873142E+005  0.213894315523497E+001 
     25.96000000 -0.233322538872978E+005  0.213894317155049E+001 
     25.98000000 -0.233322538872818E+005  0.213894318759069E+001 
     26.00000000 -0.233322538872660E+005  0.213894320336174E+001 
     26.02000000 -0.233322538872505E+005  0.213894321885437E+001 
     26.04000000 -0.233322538872353E+005  0.213894323408095E+001 
     26.06000000 -0.233322538872203E+005  0.213894324913739E+001 
     26.08000000 -0.233322538872053E+005  0.213894326411648E+001 
     26.10000000 -0.233322538871902E+005  0.213894327915436E+001 
     26.12000000 -0.233322538871751E+005  0.213894329429432E+001 
     26.14000000 -0.233322538871597E+005  0.213894330966321E+001 
     26.16000000 -0.233322538871441E+005  0.213894332529195E+001 
     26.18000000 -0.233322538871282E+005  0.213894334122387E+001 
     26.20000000 -0.233322538871120E+005  0.213894335740946E+001 
     26.22000000 -0.233322538870956E+005  0.213894337378067E+001 
     26.24000000 -0.233322538870791E+005  0.213894339025706E+001 
     26.26000000 -0.233322538870626E+005  0.213894340676129E+001 
     26.28000000 -0.233322538870462E+005  0.213894342321602E+001 
     26.30000000 -0.233322538870298E+005  0.213894343958104E+001 
     26.32000000 -0.233322538870136E+005  0.213894345576044E+001 
     26.34000000 -0.233322538869976E+005  0.213894347180373E+001 
     26.36000000 -0.233322538869816E+005  0.213894348775421E+001 
     26.38000000 -0.233322538869658E+005  0.213894350363354E+001 
     26.40000000 -0.233322538869499E+005  0.213894351944790E+001 
     26.42000000 -0.233322538869341E+005  0.213894353530866E+001 
     26.44000000 -0.233322538869182E+005  0.213894355119727E+001 
     26.46000000 -0.233322538869022E+005  0.213894356717869E+001 
     26.48000000 -0.233322538868862E+005  0.213894358320341E+001 
     26.50000000 -0.233322538868701E+005  0.213894359929620E+001 
     26.52000000 -0.233322538868540E+005  0.213894361538898E+001 
     26.54000000 -0.233322538868379E+005  0.213894363147248E+001 
     26.56000000 -0.233322538868219E+005  0.213894364744771E+001 
     26.58000000 -0.233322538868061E+005  0.213894366332395E+001 
     26.60000000 -0.233322538867903E+005  0.213894367908572E+001 
     26.62000000 -0.233322538867747E+005  0.213894369467425E+001 
     26.64000000 -0.233322538867592E+005  0.213894371019472E+001 
     26.66000000 -0.233322538867438E+005  0.213894372562857E+001 
     26.68000000 -0.233322538867284E+005  0.213894374103149E+001 
     26.70000000 -0.233322538867130E+005  0.213894375640038E+001 
     26.72000000 -0.233322538866976E+005  0.213894377183423E+001 
     26.74000000 -0.233322538866821E+005  0.213894378732377E+001 
     26.76000000 -0.233322538866665E+005  0.213894380285971E+001 
     26.78000000 -0.233322538866509E+005  0.213894381846989E+001 
     26.80000000 -0.233322538866353E+005  0.213894383411720E+001 
     26.82000000 -0.233322538866196E+005  0.213894384975523E+001 
     26.84000000 -0.233322538866040E+005  0.213894386540563E+001 
     26.86000000 -0.233322538865883E+005  0.213894388107150E+001 
     26.88000000 -0.233322538865727E+005  0.213894389667550E+001 
     26.90000000 -0.233322538865571E+005  0.213894391224856E+001 
     26.92000000 -0.233322538865417E+005  0.213894392772882E+001 
     26.94000000 -0.233322538865262E+005  0.213894394318123E+001 
     26.96000000 -0.233322538865109E+005  0.213894395852228E+001 
     26.98000000 -0.233322538864956E+005  0.213894397374577E+001 
     27.00000000 -0.233322538864805E+005  0.213894398887026E+001 
     27.02000000 -0.233322538864656E+005  0.213894400381224E+001 
     27.04000000 -0.233322538864508E+005  0.213894401861809E+001 
     27.06000000 -0.233322538864361E+005  0.213894403329402E+001 
     27.08000000 -0.233322538864216E+005  0.213894404779052E+001 
     27.10000000 -0.233322538864072E+005  0.213894406222514E+001 
     27.12000000 -0.233322538863928E+005  0.213894407659171E+001 
     27.14000000 -0.233322538863784E+005  0.213894409097065E+001 
     27.16000000 -0.233322538863640E+005  0.213894410542694E+001 
     27.18000000 -0.233322538863495E+005  0.213894411993272E+001 
     27.20000000 -0.233322538863348E+005  0.213894413459317E+001 
     27.22000000 -0.233322538863200E+005  0.213894414937738E+001 
     27.24000000 -0.233322538863051E+005  0.213894416427295E+001 
     27.26000000 -0.233322538862901E+005  0.213894417930773E+001 
     27.28000000 -0.233322538862750E+005  0.213894419438272E+001 
     27.30000000 -0.233322538862599E+005  0.213894420948556E+001 
     27.32000000 -0.233322538862448E+005  0.213894422454819E+001 
     27.34000000 -0.233322538862298E+005  0.213894423956441E+001 
     27.36000000 -0.233322538862149E+005  0.213894425451566E+001 
     27.38000000 -0.233322538862000E+005  0.213894426940814E+001 
     27.40000000 -0.233322538861851E+005  0.213894428430061E+001 
     27.42000000 -0.233322538861702E+005  0.213894429920856E+001 
     27.44000000 -0.233322538861552E+005  0.213894431417837E+001 
     27.46000000 -0.233322538861401E+005  0.213894432928431E+001 
     27.48000000 -0.233322538861248E+005  0.213894434458204E+001 
     27.50000000 -0.233322538861094E+005  0.213894435997877E+001 
     27.52000000 -0.233322538860938E+005  0.213894437556111E+001 
     27.54000000 -0.233322538860782E+005  0.213894439123317E+001 
     27.56000000 -0.233322538860624E+005  0.213894440694854E+001 
     27.58000000 -0.233322538860468E+005  0.213894442260513E+001 
     27.60000000 -0.233322538860312E+005  0.213894443819985E+001 
     27.62000000 -0.233322538860157E+005  0.213894445367392E+001 
     27.64000000 -0.233322538860004E+005  0.213894446897474E+001 
     27.66000000 -0.233322538859853E+005  0.213894448413946E+001 
     27.68000000 -0.233322538859703E+005  0.213894449910618E+001 
     27.70000000 -0.233322538859555E+005  0.213894451390585E+001 
     27.72000000 -0.233322538859408E+005  0.213894452863746E+001 
     27.74000000 -0.233322538859262E+005  0.213894454322058E+001 
     27.76000000 -0.233322538859116E+005  0.213894455779441E+001 
     27.78000000 -0.233322538858971E+005  0.213894457229091E+001 
     27.80000000 -0.233322538858826E+005  0.213894458680907E+001 
     27.82000000 -0.233322538858681E+005  0.213894460131175E+001 
     27.84000000 -0.233322538858535E+005  0.213894461585156E+001 
     27.86000000 -0.233322538858389E+005  0.213894463047490E+001 
     27.88000000 -0.233322538858243E+005  0.213894464513845E+001 
     27.90000000 -0.233322538858095E+005  0.213894465987934E+001 
     27.92000000 -0.233322538857947E+005  0.213894467469757E+001 
     27.94000000 -0.233322538857798E+005  0.213894468956530E+001 
     27.96000000 -0.233322538857649E+005  0.213894470452274E+001 
     27.98000000 -0.233322538857499E+005  0.213894471953587E+001 
     28.00000000 -0.233322538857348E+005  0.213894473457065E+001 
     28.02000000 -0.233322538857197E+005  0.213894474964874E+001 
     28.04000000 -0.233322538857047E+005  0.213894476473920E+001 
     28.06000000 -0.233322538856896E+005  0.213894477977708E+001 
     28.08000000 -0.233322538856747E+005  0.213894479473452E+001 
     28.10000000 -0.233322538856598E+005  0.213894480956512E+001 
     28.12000000 -0.233322538856451E+005  0.213894482425961E+001 
     28.14000000 -0.233322538856306E+005  0.213894483876848E+001 
     28.16000000 -0.233322538856163E+005  0.213894485310412E+001 
     28.18000000 -0.233322538856021E+005  0.213894486727888E+001 
     28.20000000 -0.233322538855880E+005  0.213894488134847E+001 
     28.22000000 -0.233322538855740E+005  0.213894489534999E+001 
     28.24000000 -0.233322538855600E+005  0.213894490937008E+001 
     28.26000000 -0.233322538855459E+005  0.213894492345204E+001 
     28.28000000 -0.233322538855318E+005  0.213894493762681E+001 
     28.30000000 -0.233322538855174E+005  0.213894495195007E+001 
     28.32000000 -0.233322538855030E+005  0.213894496643728E+001 
     28.34000000 -0.233322538854883E+005  0.213894498104825E+001 
     28.36000000 -0.233322538854736E+005  0.213894499579842E+001 
     28.38000000 -0.233322538854588E+005  0.213894501057952E+001 
     28.40000000 -0.233322538854440E+005  0.213894502539157E+001 
     28.42000000 -0.233322538854292E+005  0.213894504017268E+001 
     28.44000000 -0.233322538854145E+005  0.213894505490429E+001 
     28.46000000 -0.233322538853999E+005  0.213894506952453E+001 
     28.48000000 -0.233322538853853E+005  0.213894508405506E+001 
     28.50000000 -0.233322538853709E+005  0.213894509848968E+001 
     28.52000000 -0.233322538853565E+005  0.213894511287791E+001 
     28.54000000 -0.233322538853422E+005  0.213894512721354E+001 
     28.56000000 -0.233322538853278E+005  0.213894514157083E+001 
     28.58000000 -0.233322538853134E+005  0.213894515600855E+001 
     28.60000000 -0.233322538852988E+005  0.213894517055454E+001 
     28.62000000 -0.233322538852841E+005  0.213894518524284E+001 
     28.64000000 -0.233322538852693E+005  0.213894520009820E+001 
     28.66000000 -0.233322538852543E+005  0.213894521509895E+001 
     28.68000000 -0.233322538852392E+005  0.213894523021416E+001 
     28.70000000 -0.233322538852240E+005  0.213894524542528E+001 
     28.72000000 -0.233322538852087E+005  0.213894526065805E+001 
     28.74000000 -0.233322538851935E+005  0.213894527585988E+001 
     28.76000000 -0.233322538851784E+005  0.213894529097509E+001 
     28.78000000 -0.233322538851634E+005  0.213894530594800E+001 
     28.80000000 -0.233322538851486E+005  0.213894532076624E+001 
     28.82000000 -0.233322538851339E+005  0.213894533544835E+001 
     28.84000000 -0.233322538851195E+005  0.213894534992629E+001 
     28.86000000 -0.233322538851051E+005  0.213894536427120E+001 
     28.88000000 -0.233322538850909E+005  0.213894537852330E+001 
     28.90000000 -0.233322538850767E+005  0.213894539265476E+001 
     28.92000000 -0.233322538850626E+005  0.213894540674909E+001 
     28.94000000 -0.233322538850486E+005  0.213894542081559E+001 
     28.96000000 -0.233322538850345E+005  0.213894543486970E+001 
     28.98000000 -0.233322538850204E+005  0.213894544897022E+001 
     29.00000000 -0.233322538850063E+005  0.213894546311406E+001 
     29.02000000 -0.233322538849921E+005  0.213894547731357E+001 
     29.04000000 -0.233322538849779E+005  0.213894549153783E+001 
     29.06000000 -0.233322538849635E+005  0.213894550587965E+001 
     29.08000000 -0.233322538849491E+005  0.213894552027716E+001 
     29.10000000 -0.233322538849347E+005  0.213894553470869E+001 
     29.12000000 -0.233322538849202E+005  0.213894554917735E+001 
     29.14000000 -0.233322538849057E+005  0.213894556367385E+001 
     29.16000000 -0.233322538848912E+005  0.213894557817035E+001 
     29.18000000 -0.233322538848768E+005  0.213894559264210E+001 
     29.20000000 -0.233322538848623E+005  0.213894560708910E+001 
     29.22000000 -0.233322538848479E+005  0.213894562148660E+001 
     29.24000000 -0.233322538848336E+005  0.213894563582223E+001 
     29.26000000 -0.233322538848192E+005  0.213894565014549E+001 
     29.28000000 -0.233322538848050E+005  0.213894566441925E+001 
     29.30000000 -0.233322538847907E+005  0.213894567869611E+001 
     29.32000000 -0.233322538847764E+005  0.213894569294821E+001 
     29.34000000 -0.233322538847621E+005  0.213894570724672E+001 
     29.36000000 -0.233322538847478E+005  0.213894572161948E+001 
     29.38000000 -0.233322538847333E+005  0.213894573607886E+001 
     29.40000000 -0.233322538847187E+005  0.213894575067435E+001 
     29.42000000 -0.233322538847040E+005  0.213894576539358E+001 
     29.44000000 -0.233322538846891E+005  0.213894578029844E+001 
     29.46000000 -0.233322538846741E+005  0.213894579531465E+001 
     29.48000000 -0.233322538846589E+005  0.213894581047937E+001 
     29.50000000 -0.233322538846437E+005  0.213894582569667E+001 
     29.52000000 -0.233322538846283E+005  0.213894584105627E+001 
     29.54000000 -0.233322538846130E+005  0.213894585641897E+001 
     29.56000000 -0.233322538845976E+005  0.213894587180642E+001 
     29.58000000 -0.233322538845822E+005  0.213894588719387E+001 
     29.60000000 -0.233322538845668E+005  0.213894590257513E+001 
     29.62000000 -0.233322538845515E+005  0.213894591790690E+001 
     29.64000000 -0.233322538845361E+005  0.213894593326341E+001 
     29.66000000 -0.233322538845208E+005  0.213894594860136E+001 
     29.68000000 -0.233322538845054E+005  0.213894596395169E+001 
     29.70000000 -0.233322538844901E+005  0.213894597933914E+001 
     29.72000000 -0.233322538844746E+005  0.213894599480702E+001 
     29.74000000 -0.233322538844590E+005  0.213894601034296E+001 
     29.76000000 -0.233322538844435E+005  0.213894602593458E+001 
     29.78000000 -0.233322538844278E+005  0.213894604163139E+001 
     29.80000000 -0.233322538844121E+005  0.213894605732201E+001 
     29.82000000 -0.233322538843964E+005  0.213894607298169E+001 
     29.84000000 -0.233322538843807E+005  0.213894608867231E+001 
     29.86000000 -0.233322538843651E+005  0.213894610426703E+001 
     29.88000000 -0.233322538843496E+005  0.213894611976894E+001 
     29.90000000 -0.233322538843342E+005  0.213894613519351E+001 
     29.92000000 -0.233322538843189E+005  0.213894615050362E+001 
     29.94000000 -0.233322538843036E+005  0.213894616575804E+001 
     29.96000000 -0.233322538842885E+005  0.213894618089491E+001 
     29.98000000 -0.233322538842734E+005  0.213894619598847E+001 
     30.00000000 -0.233322538842584E+005  0.213894621098613E+001 
