# Real time calculation: 
# Eall: Total energy
# Eall0: Initial total energy
# 1:Time[fs] 2:Eall[eV] 3:Eall-Eall0[eV] 
      0.00000000 -0.233343928304694E+005  0.000000000000000E+000 
      0.02000000 -0.233343928307449E+005 -0.275501532429735E-006 
      0.04000000 -0.233343928307591E+005 -0.289710328450775E-006 
      0.06000000 -0.233343928307687E+005 -0.299325163642021E-006 
      0.08000000 -0.233343928307758E+005 -0.306424921288067E-006 
      0.10000000 -0.233343928307814E+005 -0.311974797199616E-006 
      0.12000000 -0.233343928307859E+005 -0.316472857163603E-006 
      0.14000000 -0.233343928307896E+005 -0.320234645964297E-006 
      0.16000000 -0.233343928307928E+005 -0.323442684604362E-006 
      0.18000000 -0.233343928307956E+005 -0.326220716136453E-006 
      0.20000000 -0.233343928307981E+005 -0.328680109307959E-006 
      0.22000000 -0.233343928308003E+005 -0.330867267763625E-006 
      0.24000000 -0.233343928308022E+005 -0.332831688724514E-006 
      0.26000000 -0.233343928308040E+005 -0.334613588682737E-006 
      0.28000000 -0.233343928308056E+005 -0.336246996977775E-006 
      0.30000000 -0.233343928308072E+005 -0.337784504407006E-006 
      0.32000000 -0.233343928308086E+005 -0.339179707325684E-006 
      0.34000000 -0.233343928308099E+005 -0.340479009378555E-006 
      0.36000000 -0.233343928308111E+005 -0.341707159176150E-006 
      0.38000000 -0.233343928308123E+005 -0.342879624600050E-006 
      0.40000000 -0.233343928308134E+005 -0.343974750616042E-006 
      0.42000000 -0.233343928308144E+005 -0.345042034445186E-006 
      0.44000000 -0.233343928308154E+005 -0.346044353171686E-006 
      0.46000000 -0.233343928308164E+005 -0.347006455406074E-006 
      0.48000000 -0.233343928308173E+005 -0.347953089758880E-006 
      0.50000000 -0.233343928308182E+005 -0.348837852585359E-006 
      0.52000000 -0.233343928308191E+005 -0.349722615411838E-006 
      0.54000000 -0.233343928308200E+005 -0.350560974593571E-006 
      0.56000000 -0.233343928308208E+005 -0.351399333775305E-006 
      0.58000000 -0.233343928308216E+005 -0.352169634278079E-006 
      0.60000000 -0.233343928308223E+005 -0.352946121933485E-006 
      0.62000000 -0.233343928308231E+005 -0.353707141707309E-006 
      0.64000000 -0.233343928308239E+005 -0.354461974328501E-006 
      0.66000000 -0.233343928308246E+005 -0.355210619797060E-006 
      0.68000000 -0.233343928308253E+005 -0.355915955197190E-006 
      0.70000000 -0.233343928308260E+005 -0.356633664902586E-006 
      0.72000000 -0.233343928308267E+005 -0.357332813150083E-006 
      0.74000000 -0.233343928308274E+005 -0.358025774244948E-006 
      0.76000000 -0.233343928308281E+005 -0.358700173881914E-006 
      0.78000000 -0.233343928308288E+005 -0.359368386366248E-006 
      0.80000000 -0.233343928308294E+005 -0.360036598850581E-006 
      0.82000000 -0.233343928308301E+005 -0.360710998487548E-006 
      0.84000000 -0.233343928308307E+005 -0.361354462361351E-006 
      0.86000000 -0.233343928308314E+005 -0.361982458353572E-006 
      0.88000000 -0.233343928308320E+005 -0.362622828651058E-006 
      0.90000000 -0.233343928308326E+005 -0.363241543914330E-006 
      0.92000000 -0.233343928308333E+005 -0.363878820635500E-006 
      0.94000000 -0.233343928308339E+005 -0.364516097356670E-006 
      0.96000000 -0.233343928308345E+005 -0.365134812619942E-006 
      0.98000000 -0.233343928308351E+005 -0.365734966425316E-006 
      1.00000000 -0.233343928308358E+005 -0.366362962417537E-006 
      1.02000000 -0.233343928308363E+005 -0.366950741917646E-006 
      1.04000000 -0.233343928308370E+005 -0.367594205791448E-006 
      1.06000000 -0.233343928308376E+005 -0.368166517409975E-006 
      1.08000000 -0.233343928308382E+005 -0.368772858367981E-006 
      1.10000000 -0.233343928308387E+005 -0.369354450715457E-006 
      1.12000000 -0.233343928308393E+005 -0.369954604520831E-006 
      1.14000000 -0.233343928308400E+005 -0.370564039055154E-006 
      1.16000000 -0.233343928308405E+005 -0.371130163521048E-006 
      1.18000000 -0.233343928308411E+005 -0.371748878784319E-006 
      1.20000000 -0.233343928308417E+005 -0.372321190402846E-006 
      1.22000000 -0.233343928308423E+005 -0.372887314868740E-006 
      1.24000000 -0.233343928308429E+005 -0.373487468674114E-006 
      1.26000000 -0.233343928308434E+005 -0.374053593140008E-006 
      1.28000000 -0.233343928308440E+005 -0.374653746945381E-006 
      1.30000000 -0.233343928308446E+005 -0.375229152140224E-006 
      1.32000000 -0.233343928308452E+005 -0.375795276606118E-006 
      1.34000000 -0.233343928308458E+005 -0.376364494648328E-006 
      1.36000000 -0.233343928308463E+005 -0.376939899843171E-006 
      1.38000000 -0.233343928308469E+005 -0.377484369274850E-006 
      1.40000000 -0.233343928308475E+005 -0.378078335927592E-006 
      1.42000000 -0.233343928308480E+005 -0.378647553969802E-006 
      1.44000000 -0.233343928308486E+005 -0.379232239893594E-006 
      1.46000000 -0.233343928308492E+005 -0.379792177206855E-006 
      1.48000000 -0.233343928308497E+005 -0.380352114520116E-006 
      1.50000000 -0.233343928308503E+005 -0.380921332562326E-006 
      1.52000000 -0.233343928308509E+005 -0.381493644180853E-006 
      1.54000000 -0.233343928308514E+005 -0.382056675070430E-006 
      1.56000000 -0.233343928308520E+005 -0.382625893112640E-006 
      1.58000000 -0.233343928308526E+005 -0.383182736849585E-006 
      1.60000000 -0.233343928308531E+005 -0.383721019128632E-006 
      1.62000000 -0.233343928308537E+005 -0.384302611476107E-006 
      1.64000000 -0.233343928308542E+005 -0.384853268060419E-006 
      1.66000000 -0.233343928308548E+005 -0.385410111797364E-006 
      1.68000000 -0.233343928308554E+005 -0.385982423415891E-006 
      1.70000000 -0.233343928308559E+005 -0.386548547881785E-006 
      1.72000000 -0.233343928308565E+005 -0.387105391618729E-006 
      1.74000000 -0.233343928308570E+005 -0.387656048203041E-006 
      1.76000000 -0.233343928308576E+005 -0.388200517634721E-006 
      1.78000000 -0.233343928308582E+005 -0.388769735676931E-006 
      1.80000000 -0.233343928308587E+005 -0.389338953719141E-006 
      1.82000000 -0.233343928308593E+005 -0.389901984608719E-006 
      1.84000000 -0.233343928308598E+005 -0.390446454040398E-006 
      1.86000000 -0.233343928308604E+005 -0.391015672082608E-006 
      1.88000000 -0.233343928308610E+005 -0.391560141514287E-006 
      1.90000000 -0.233343928308615E+005 -0.392123172403865E-006 
      1.92000000 -0.233343928308621E+005 -0.392661454682911E-006 
      1.94000000 -0.233343928308626E+005 -0.393227579148805E-006 
      1.96000000 -0.233343928308632E+005 -0.393799890767332E-006 
      1.98000000 -0.233343928308637E+005 -0.394338173046378E-006 
      2.00000000 -0.233343928308643E+005 -0.394901203935956E-006 
      2.02000000 -0.233343928308648E+005 -0.395448766943952E-006 
      2.04000000 -0.233343928308654E+005 -0.395990142799315E-006 
      2.06000000 -0.233343928308659E+005 -0.396553173688892E-006 
      2.08000000 -0.233343928308665E+005 -0.397097643120571E-006 
      2.10000000 -0.233343928308670E+005 -0.397639018975934E-006 
      2.12000000 -0.233343928308676E+005 -0.398205143441828E-006 
      2.14000000 -0.233343928308682E+005 -0.398768174331406E-006 
      2.16000000 -0.233343928308687E+005 -0.399306456610452E-006 
      2.18000000 -0.233343928308693E+005 -0.399869487500030E-006 
      2.20000000 -0.233343928308698E+005 -0.400426331236974E-006 
      2.22000000 -0.233343928308704E+005 -0.400976987821286E-006 
      2.24000000 -0.233343928308709E+005 -0.401530737981915E-006 
      2.26000000 -0.233343928308715E+005 -0.402065926684645E-006 
      2.28000000 -0.233343928308720E+005 -0.402616583268957E-006 
      2.30000000 -0.233343928308726E+005 -0.403188894887484E-006 
      2.32000000 -0.233343928308731E+005 -0.403733364319163E-006 
      2.34000000 -0.233343928308737E+005 -0.404287114479791E-006 
      2.36000000 -0.233343928308742E+005 -0.404840864640420E-006 
      2.38000000 -0.233343928308748E+005 -0.405388427648415E-006 
      2.40000000 -0.233343928308753E+005 -0.405926709927462E-006 
      2.42000000 -0.233343928308759E+005 -0.406477366511774E-006 
      2.44000000 -0.233343928308764E+005 -0.407037303825035E-006 
      2.46000000 -0.233343928308770E+005 -0.407575586104082E-006 
      2.48000000 -0.233343928308775E+005 -0.408138616993659E-006 
      2.50000000 -0.233343928308781E+005 -0.408686180001655E-006 
      2.52000000 -0.233343928308786E+005 -0.409236836585967E-006 
      2.54000000 -0.233343928308792E+005 -0.409775118865014E-006 
      2.56000000 -0.233343928308797E+005 -0.410325775449326E-006 
      2.58000000 -0.233343928308803E+005 -0.410888806338903E-006 
      2.60000000 -0.233343928308808E+005 -0.411427088617950E-006 
      2.62000000 -0.233343928308814E+005 -0.411971558049629E-006 
      2.64000000 -0.233343928308819E+005 -0.412540776091839E-006 
      2.66000000 -0.233343928308825E+005 -0.413088339099835E-006 
      2.68000000 -0.233343928308830E+005 -0.413617340649932E-006 
      2.70000000 -0.233343928308836E+005 -0.414192745844775E-006 
      2.72000000 -0.233343928308841E+005 -0.414737215276455E-006 
      2.74000000 -0.233343928308847E+005 -0.415269310402869E-006 
      2.76000000 -0.233343928308852E+005 -0.415832341292446E-006 
      2.78000000 -0.233343928308858E+005 -0.416358249266227E-006 
      2.80000000 -0.233343928308863E+005 -0.416921280155805E-006 
      2.82000000 -0.233343928308869E+005 -0.417471936740117E-006 
      2.84000000 -0.233343928308874E+005 -0.418028780477061E-006 
      2.86000000 -0.233343928308880E+005 -0.418576343485057E-006 
      2.88000000 -0.233343928308885E+005 -0.419114625764104E-006 
      2.90000000 -0.233343928308891E+005 -0.419668375924732E-006 
      2.92000000 -0.233343928308896E+005 -0.420206658203779E-006 
      2.94000000 -0.233343928308901E+005 -0.420748034059142E-006 
      2.96000000 -0.233343928308907E+005 -0.421304877796086E-006 
      2.98000000 -0.233343928308913E+005 -0.421877189414613E-006 
      3.00000000 -0.233343928308918E+005 -0.422396910235761E-006 
      3.02000000 -0.233343928308924E+005 -0.422966128277972E-006 
      3.04000000 -0.233343928308929E+005 -0.423510597709651E-006 
      3.06000000 -0.233343928308934E+005 -0.424033412107116E-006 
      3.08000000 -0.233343928308940E+005 -0.424599536573010E-006 
      3.10000000 -0.233343928308945E+005 -0.425144006004689E-006 
      3.12000000 -0.233343928308951E+005 -0.425688475436368E-006 
      3.14000000 -0.233343928308956E+005 -0.426245319173313E-006 
      3.16000000 -0.233343928308962E+005 -0.426780507876043E-006 
      3.18000000 -0.233343928308967E+005 -0.427340445189304E-006 
      3.20000000 -0.233343928308972E+005 -0.427860166010453E-006 
      3.22000000 -0.233343928308978E+005 -0.428398448289499E-006 
      3.24000000 -0.233343928308984E+005 -0.428970759908026E-006 
      3.26000000 -0.233343928308986E+005 -0.429246088200182E-006 
      3.28000000 -0.233343928308967E+005 -0.427290947968243E-006 
      3.30000000 -0.233343928308855E+005 -0.416086014550388E-006 
      3.32000000 -0.233343928308457E+005 -0.376296435969368E-006 
      3.34000000 -0.233343928307317E+005 -0.262319803745726E-006 
      3.36000000 -0.233343928304482E+005  0.211971849196971E-007 
      3.38000000 -0.233343928298122E+005  0.657196259071151E-006 
      3.40000000 -0.233343928284975E+005  0.197189194769246E-005 
      3.42000000 -0.233343928259555E+005  0.451389288757422E-005 
      3.44000000 -0.233343928213087E+005  0.916064869078346E-005 
      3.46000000 -0.233343928132135E+005  0.172559191954337E-004 
      3.48000000 -0.233343927996886E+005  0.307807657094190E-004 
      3.50000000 -0.233343927779115E+005  0.525578755389572E-004 
      3.52000000 -0.233343927439819E+005  0.864875028670856E-004 
      3.54000000 -0.233343926926606E+005  0.137808817174444E-003 
      3.56000000 -0.233343926170911E+005  0.213378312733440E-003 
      3.58000000 -0.233343925085176E+005  0.321951744779421E-003 
      3.60000000 -0.233343923560157E+005  0.474453682095842E-003 
      3.62000000 -0.233343921462559E+005  0.684213454079918E-003 
      3.64000000 -0.233343918633241E+005  0.967145286597949E-003 
      3.66000000 -0.233343914886234E+005  0.134184599403181E-002 
      3.68000000 -0.233343910008852E+005  0.182958423219484E-002 
      3.70000000 -0.233343903763147E+005  0.245415473210938E-002 
      3.72000000 -0.233343895888966E+005  0.324157280625195E-002 
      3.74000000 -0.233343886108805E+005  0.421958884577975E-002 
      3.76000000 -0.233343874134622E+005  0.541700714905515E-002 
      3.78000000 -0.233343859676674E+005  0.686280200645907E-002 
      3.80000000 -0.233343842454369E+005  0.858503252022292E-002 
      3.82000000 -0.233343822208994E+005  0.106095700401557E-001 
      3.84000000 -0.233343798718060E+005  0.129586634186332E-001 
      3.86000000 -0.233343771810876E+005  0.156493818342098E-001 
      3.88000000 -0.233343741384807E+005  0.186919886656031E-001 
      3.90000000 -0.233343707421553E+005  0.220883141282461E-001 
      3.92000000 -0.233343670002622E+005  0.258302072115762E-001 
      3.94000000 -0.233343629323098E+005  0.298981596377277E-001 
      3.96000000 -0.233343585702664E+005  0.342602029644527E-001 
      3.98000000 -0.233343539592818E+005  0.388711876024114E-001 
      4.00000000 -0.233343491579160E+005  0.436725534326756E-001 
      4.02000000 -0.233343442377686E+005  0.485927008193366E-001 
      4.04000000 -0.233343392824048E+005  0.535480646187689E-001 
      4.06000000 -0.233343343854894E+005  0.584449799557230E-001 
      4.08000000 -0.233343296480559E+005  0.631824134583290E-001 
      4.10000000 -0.233343251748602E+005  0.676556092295869E-001 
      4.12000000 -0.233343210697981E+005  0.717606713124667E-001 
      4.14000000 -0.233343174303971E+005  0.754000722820441E-001 
      4.16000000 -0.233343143414296E+005  0.784890397698463E-001 
      4.18000000 -0.233343118677354E+005  0.809627340249420E-001 
      4.20000000 -0.233343100463827E+005  0.827840866774726E-001 
      4.22000000 -0.233343088783394E+005  0.839521300412983E-001 
      4.24000000 -0.233343083198660E+005  0.845106033628778E-001 
      4.26000000 -0.233343082738854E+005  0.845565840322142E-001 
      4.28000000 -0.233343085816114E+005  0.842488579836632E-001 
      4.30000000 -0.233343090147561E+005  0.838157132901561E-001 
      4.32000000 -0.233343092686483E+005  0.835618211183802E-001 
      4.34000000 -0.233343089566145E+005  0.838738548420215E-001 
      4.36000000 -0.233343076059721E+005  0.852244972687236E-001 
      4.38000000 -0.233343046559742E+005  0.881744952047689E-001 
      4.40000000 -0.233342994580274E+005  0.933724419550080E-001 
      4.42000000 -0.233342912784650E+005  0.101552004395729E+000 
      4.44000000 -0.233342793041125E+005  0.113526356937904E+000 
      4.46000000 -0.233342626508228E+005  0.130179646554306E+000 
      4.48000000 -0.233342403750867E+005  0.152455382736087E+000 
      4.50000000 -0.233342114887389E+005  0.181341730507228E+000 
      4.52000000 -0.233341749766960E+005  0.217853773407820E+000 
      4.54000000 -0.233341298175560E+005  0.263012913357002E+000 
      4.56000000 -0.233340750067945E+005  0.317823674897088E+000 
      4.58000000 -0.233340095821833E+005  0.383248286050373E+000 
      4.60000000 -0.233339326509594E+005  0.460179509981264E+000 
      4.62000000 -0.233338434181705E+005  0.549412298841102E+000 
      4.64000000 -0.233337412155372E+005  0.651614932192238E+000 
      4.66000000 -0.233336255300909E+005  0.767300378485138E+000 
      4.68000000 -0.233334960317881E+005  0.896798681279562E+000 
      4.70000000 -0.233333525992525E+005  0.104023121691235E+001 
      4.72000000 -0.233331953427770E+005  0.119748769238088E+001 
      4.74000000 -0.233330246237165E+005  0.136820675287940E+001 
      4.76000000 -0.233328410694294E+005  0.155176104002651E+001 
      4.78000000 -0.233326455829782E+005  0.174724749119252E+001 
      4.80000000 -0.233324393468831E+005  0.195348358632317E+001 
      4.82000000 -0.233322238203287E+005  0.216901014067798E+001 
      4.84000000 -0.233320007293624E+005  0.239210110700319E+001 
      4.86000000 -0.233317720497775E+005  0.262078069189353E+001 
      4.88000000 -0.233315399825584E+005  0.285284791096759E+001 
      4.90000000 -0.233313069219598E+005  0.308590850957313E+001 
      4.92000000 -0.233310754164990E+005  0.331741397041469E+001 
      4.94000000 -0.233308481233539E+005  0.354470711548265E+001 
      4.96000000 -0.233306277568740E+005  0.376507359541669E+001 
      4.98000000 -0.233304170321104E+005  0.397579835899212E+001 
      5.00000000 -0.233302186044638E+005  0.417422600560739E+001 
      5.02000000 -0.233300350067117E+005  0.435782375767189E+001 
      5.04000000 -0.233298685848159E+005  0.452424565352418E+001 
      5.06000000 -0.233297214340099E+005  0.467139645953377E+001 
      5.08000000 -0.233295953367302E+005  0.479749373919567E+001 
      5.10000000 -0.233294917039746E+005  0.490112649477119E+001 
      5.12000000 -0.233294115216486E+005  0.498130882076283E+001 
      5.14000000 -0.233293553033862E+005  0.503752708322689E+001 
      5.16000000 -0.233293230512281E+005  0.506977924128468E+001 
      5.18000000 -0.233293142253863E+005  0.507860508312179E+001 
      5.20000000 -0.233293277241400E+005  0.506510632943911E+001 
      5.22000000 -0.233293618747001E+005  0.503095576932820E+001 
      5.24000000 -0.233294144356461E+005  0.497839482325697E+001 
      5.26000000 -0.233294826112958E+005  0.491021917359649E+001 
      5.28000000 -0.233295630781161E+005  0.482975235329047E+001 
      5.30000000 -0.233296520230416E+005  0.474080742775481E+001 
      5.32000000 -0.233297451933197E+005  0.464763714973442E+001 
      5.34000000 -0.233298379572769E+005  0.455487319247135E+001 
      5.36000000 -0.233299253751907E+005  0.446745527866171E+001 
      5.38000000 -0.233300022792490E+005  0.439055122037418E+001 
      5.40000000 -0.233300633614124E+005  0.432946905702163E+001 
      5.42000000 -0.233301032678270E+005  0.428956264236630E+001 
      5.44000000 -0.233301166982986E+005  0.427613217076210E+001 
      5.46000000 -0.233300985092048E+005  0.429432126456505E+001 
      5.48000000 -0.233300438181109E+005  0.434901235847733E+001 
      5.50000000 -0.233299481082466E+005  0.444472222275588E+001 
      5.52000000 -0.233298073309118E+005  0.458549955756408E+001 
      5.54000000 -0.233296180037993E+005  0.477482667012340E+001 
      5.56000000 -0.233293773031637E+005  0.501552730569365E+001 
      5.58000000 -0.233290831477295E+005  0.530968273990554E+001 
      5.60000000 -0.233287342722224E+005  0.565855824699138E+001 
      5.62000000 -0.233283302884442E+005  0.606254202523835E+001 
      5.64000000 -0.233278717318893E+005  0.652109858012513E+001 
      5.66000000 -0.233273600920422E+005  0.703273842718430E+001 
      5.68000000 -0.233267978246951E+005  0.759500577428784E+001 
      5.70000000 -0.233261883449036E+005  0.820448556575132E+001 
      5.72000000 -0.233255359995486E+005  0.885683092083076E+001 
      5.74000000 -0.233248460188967E+005  0.954681157269612E+001 
      5.76000000 -0.233241244470547E+005  0.102683834146689E+002 
      5.78000000 -0.233233780517691E+005  0.110147787002979E+002 
      5.80000000 -0.233226142146368E+005  0.117786158325856E+002 
      5.82000000 -0.233218408034306E+005  0.125520270387906E+002 
      5.84000000 -0.233210660288890E+005  0.133268015804092E+002 
      5.86000000 -0.233202982889488E+005  0.140945415206118E+002 
      5.88000000 -0.233195460039748E+005  0.148468264945703E+002 
      5.90000000 -0.233188174470364E+005  0.155753834329639E+002 
      5.92000000 -0.233181205736648E+005  0.162722568045833E+002 
      5.94000000 -0.233174628557729E+005  0.169299746965409E+002 
      5.96000000 -0.233168511244959E+005  0.175417059735002E+002 
      5.98000000 -0.233162914266201E+005  0.181014038492970E+002 
      6.00000000 -0.233157888989733E+005  0.186039314961394E+002 
      6.02000000 -0.233153476646726E+005  0.190451657967966E+002 
      6.04000000 -0.233149707544696E+005  0.194220759998044E+002 
      6.06000000 -0.233146600556159E+005  0.197327748535312E+002 
      6.08000000 -0.233144162897261E+005  0.199765407433276E+002 
      6.10000000 -0.233142390200861E+005  0.201538103833234E+002 
      6.12000000 -0.233141266877856E+005  0.202661426838248E+002 
      6.14000000 -0.233140766749975E+005  0.203161554718545E+002 
      6.16000000 -0.233140853927374E+005  0.203074377320410E+002 
      6.18000000 -0.233141483895740E+005  0.202444408953612E+002 
      6.20000000 -0.233142604770589E+005  0.201323534105221E+002 
      6.22000000 -0.233144158671530E+005  0.199769633164077E+002 
      6.24000000 -0.233146083166734E+005  0.197845137960288E+002 
      6.26000000 -0.233148312737655E+005  0.195615567038567E+002 
      6.28000000 -0.233150780216460E+005  0.193148088233542E+002 
      6.30000000 -0.233153418153176E+005  0.190510151517803E+002 
      6.32000000 -0.233156160076138E+005  0.187768228555730E+002 
      6.34000000 -0.233158941617332E+005  0.184986687362144E+002 
      6.36000000 -0.233161701483211E+005  0.182226821482587E+002 
      6.38000000 -0.233164382260923E+005  0.179546043770683E+002 
      6.40000000 -0.233166931058916E+005  0.176997245777990E+002 
      6.42000000 -0.233169299989145E+005  0.174628315548884E+002 
      6.44000000 -0.233171446504979E+005  0.172481799714455E+002 
      6.46000000 -0.233173333614051E+005  0.170594690643063E+002 
      6.48000000 -0.233174929988477E+005  0.168998316217330E+002 
      6.50000000 -0.233176209995969E+005  0.167718308725296E+002 
      6.52000000 -0.233177153674441E+005  0.166774630252580E+002 
      6.54000000 -0.233177746670040E+005  0.166181634654048E+002 
      6.56000000 -0.233177980154358E+005  0.165948150336214E+002 
      6.58000000 -0.233177850731480E+005  0.166077573214289E+002 
      6.60000000 -0.233177360339840E+005  0.166567964853941E+002 
      6.62000000 -0.233176516148242E+005  0.167412156452119E+002 
      6.64000000 -0.233175330440251E+005  0.168597864443191E+002 
      6.66000000 -0.233173820476973E+005  0.170107827720841E+002 
      6.68000000 -0.233172008325262E+005  0.171919979432241E+002 
      6.70000000 -0.233169920636934E+005  0.174007667760228E+002 
      6.72000000 -0.233167588364691E+005  0.176339940003038E+002 
      6.74000000 -0.233165046402074E+005  0.178881902619696E+002 
      6.76000000 -0.233162333137838E+005  0.181595166856033E+002 
      6.78000000 -0.233159489919348E+005  0.184438385345881E+002 
      6.80000000 -0.233156560424642E+005  0.187367880052377E+002 
      6.82000000 -0.233153589948319E+005  0.190338356374574E+002 
      6.84000000 -0.233150624612017E+005  0.193303692677154E+002 
      6.86000000 -0.233147710515537E+005  0.196217789156908E+002 
      6.88000000 -0.233144892849357E+005  0.199035455337381E+002 
      6.90000000 -0.233142214992925E+005  0.201713311769144E+002 
      6.92000000 -0.233139717625717E+005  0.204210678976445E+002 
      6.94000000 -0.233137437879186E+005  0.206490425507784E+002 
      6.96000000 -0.233135408557580E+005  0.208519747114209E+002 
      6.98000000 -0.233133657454001E+005  0.210270850693165E+002 
      7.00000000 -0.233132206785243E+005  0.211721519451285E+002 
      7.02000000 -0.233131072764947E+005  0.212855539746743E+002 
      7.04000000 -0.233130265329747E+005  0.213662974947044E+002 
      7.06000000 -0.233129788027525E+005  0.214140277168968E+002 
      7.08000000 -0.233129638071026E+005  0.214290233667577E+002 
      7.10000000 -0.233129806554117E+005  0.214121750576912E+002 
      7.12000000 -0.233130278822178E+005  0.213649482515826E+002 
      7.14000000 -0.233131034982856E+005  0.212893321837604E+002 
      7.16000000 -0.233132050538760E+005  0.211877765934024E+002 
      7.18000000 -0.233133297119933E+005  0.210631184760971E+002 
      7.20000000 -0.233134743291168E+005  0.209185013525461E+002 
      7.22000000 -0.233136355407502E+005  0.207572897191508E+002 
      7.24000000 -0.233138098490630E+005  0.205829814064357E+002 
      7.26000000 -0.233139937099369E+005  0.203991205324773E+002 
      7.28000000 -0.233141836168755E+005  0.202092135938758E+002 
      7.30000000 -0.233143761794574E+005  0.200166510120064E+002 
      7.32000000 -0.233145681943180E+005  0.198246361514154E+002 
      7.34000000 -0.233147567069979E+005  0.196361234714524E+002 
      7.36000000 -0.233149390633915E+005  0.194537670778468E+002 
      7.38000000 -0.233151129499413E+005  0.192798805281094E+002 
      7.40000000 -0.233152764221453E+005  0.191164083240776E+002 
      7.42000000 -0.233154279213467E+005  0.189649091226440E+002 
      7.44000000 -0.233155662801516E+005  0.188265503178093E+002 
      7.46000000 -0.233156907171596E+005  0.187021133098403E+002 
      7.48000000 -0.233158008219811E+005  0.185920084883144E+002 
      7.50000000 -0.233158965317445E+005  0.184962987249236E+002 
      7.52000000 -0.233159781004714E+005  0.184147299979711E+002 
      7.54000000 -0.233160460628075E+005  0.183467676619273E+002 
      7.56000000 -0.233161011936457E+005  0.182916368237364E+002 
      7.58000000 -0.233161444651721E+005  0.182483652973085E+002 
      7.60000000 -0.233161770028047E+005  0.182158276647181E+002 
      7.62000000 -0.233162000413908E+005  0.181927890785873E+002 
      7.64000000 -0.233162148828886E+005  0.181779475808175E+002 
      7.66000000 -0.233162228565885E+005  0.181699738808892E+002 
      7.68000000 -0.233162252827451E+005  0.181675477243097E+002 
      7.70000000 -0.233162234402908E+005  0.181693901786330E+002 
      7.72000000 -0.233162185391098E+005  0.181742913595600E+002 
      7.74000000 -0.233162116971581E+005  0.181811333113138E+002 
      7.76000000 -0.233162039225387E+005  0.181889079307183E+002 
      7.78000000 -0.233161961004858E+005  0.181967299836191E+002 
      7.80000000 -0.233161889850700E+005  0.182038453994295E+002 
      7.82000000 -0.233161831953254E+005  0.182096351440066E+002 
      7.84000000 -0.233161792154096E+005  0.182136150597473E+002 
      7.86000000 -0.233161773983377E+005  0.182154321316822E+002 
      7.88000000 -0.233161779727890E+005  0.182148576804411E+002 
      7.90000000 -0.233161810524588E+005  0.182117780105577E+002 
      7.92000000 -0.233161866474201E+005  0.182061830492516E+002 
      7.94000000 -0.233161946769657E+005  0.181981535036876E+002 
      7.96000000 -0.233162049834244E+005  0.181878470449989E+002 
      7.98000000 -0.233162173464731E+005  0.181754839963080E+002 
      8.00000000 -0.233162314975054E+005  0.181613329639739E+002 
      8.02000000 -0.233162471336637E+005  0.181456968056719E+002 
      8.04000000 -0.233162639311902E+005  0.181288992792198E+002 
      8.06000000 -0.233162815578057E+005  0.181112726636545E+002 
      8.08000000 -0.233162996838811E+005  0.180931465883059E+002 
      8.10000000 -0.233163179922188E+005  0.180748382506332E+002 
      8.12000000 -0.233163361863208E+005  0.180566441485870E+002 
      8.14000000 -0.233163539970703E+005  0.180388333990902E+002 
      8.16000000 -0.233163711878050E+005  0.180216426643876E+002 
      8.18000000 -0.233163875578101E+005  0.180052726592591E+002 
      8.20000000 -0.233164029442992E+005  0.179898861701558E+002 
      8.22000000 -0.233164172229896E+005  0.179756074798390E+002 
      8.24000000 -0.233164303074109E+005  0.179625230584720E+002 
      8.26000000 -0.233164421471103E+005  0.179506833590424E+002 
      8.28000000 -0.233164527249341E+005  0.179401055352917E+002 
      8.30000000 -0.233164620535786E+005  0.179307768908114E+002 
      8.32000000 -0.233164701716061E+005  0.179226588632881E+002 
      8.34000000 -0.233164771391187E+005  0.179156913506684E+002 
      8.36000000 -0.233164830332744E+005  0.179097971950291E+002 
      8.38000000 -0.233164879438163E+005  0.179048866531381E+002 
      8.40000000 -0.233164919687666E+005  0.179008617027808E+002 
      8.42000000 -0.233164952104164E+005  0.178976200530157E+002 
      8.44000000 -0.233164977717144E+005  0.178950587549902E+002 
      8.46000000 -0.233164997531373E+005  0.178930773320896E+002 
      8.48000000 -0.233165012500921E+005  0.178915803773315E+002 
      8.50000000 -0.233165023508786E+005  0.178904795907947E+002 
      8.52000000 -0.233165031352151E+005  0.178896952542845E+002 
      8.54000000 -0.233165036733060E+005  0.178891571633772E+002 
      8.56000000 -0.233165040254137E+005  0.178888050557227E+002 
      8.58000000 -0.233165042418788E+005  0.178885885906148E+002 
      8.60000000 -0.233165043635227E+005  0.178884669466619E+002 
      8.62000000 -0.233165044223564E+005  0.178884081129533E+002 
      8.64000000 -0.233165044425173E+005  0.178883879521257E+002 
      8.66000000 -0.233165044413548E+005  0.178883891145742E+002 
      8.68000000 -0.233165044305898E+005  0.178883998795453E+002 
      8.70000000 -0.233165044174782E+005  0.178884129912386E+002 
      8.72000000 -0.233165044059190E+005  0.178884245504267E+002 
      8.74000000 -0.233165043974598E+005  0.178884330095636E+002 
      8.76000000 -0.233165043921615E+005  0.178884383078823E+002 
      8.78000000 -0.233165043892992E+005  0.178884411701643E+002 
      8.80000000 -0.233165043878901E+005  0.178884425792945E+002 
      8.82000000 -0.233165043870471E+005  0.178884434223064E+002 
      8.84000000 -0.233165043861717E+005  0.178884442976524E+002 
      8.86000000 -0.233165043850059E+005  0.178884454635161E+002 
      8.88000000 -0.233165043835698E+005  0.178884468996285E+002 
      8.90000000 -0.233165043820180E+005  0.178884484514097E+002 
      8.92000000 -0.233165043804585E+005  0.178884500108444E+002 
      8.94000000 -0.233165043789061E+005  0.178884515632938E+002 
      8.96000000 -0.233165043773634E+005  0.178884531059922E+002 
      8.98000000 -0.233165043758333E+005  0.178884546360998E+002 
      9.00000000 -0.233165043743187E+005  0.178884561506869E+002 
      9.02000000 -0.233165043728227E+005  0.178884576466755E+002 
      9.04000000 -0.233165043713485E+005  0.178884591208698E+002 
      9.06000000 -0.233165043698994E+005  0.178884605699690E+002 
      9.08000000 -0.233165043684789E+005  0.178884619905330E+002 
      9.10000000 -0.233165043670903E+005  0.178884633791405E+002 
      9.12000000 -0.233165043657369E+005  0.178884647324533E+002 
      9.14000000 -0.233165043644223E+005  0.178884660471335E+002 
      9.16000000 -0.233165043631493E+005  0.178884673201185E+002 
      9.18000000 -0.233165043619209E+005  0.178884685485312E+002 
      9.20000000 -0.233165043607395E+005  0.178884697298628E+002 
      9.22000000 -0.233165043596075E+005  0.178884708619231E+002 
      9.24000000 -0.233165043585264E+005  0.178884719429733E+002 
      9.26000000 -0.233165043574976E+005  0.178884729718133E+002 
      9.28000000 -0.233165043565217E+005  0.178884739477376E+002 
      9.30000000 -0.233165043555987E+005  0.178884748706597E+002 
      9.32000000 -0.233165043547281E+005  0.178884757412508E+002 
      9.34000000 -0.233165043539086E+005  0.178884765607701E+002 
      9.36000000 -0.233165043531382E+005  0.178884773312253E+002 
      9.38000000 -0.233165043524140E+005  0.178884780554006E+002 
      9.40000000 -0.233165043517326E+005  0.178884787367855E+002 
      9.42000000 -0.233165043510899E+005  0.178884793794822E+002 
      9.44000000 -0.233165043504812E+005  0.178884799882176E+002 
      9.46000000 -0.233165043499012E+005  0.178884805681394E+002 
      9.48000000 -0.233165043493447E+005  0.178884811246676E+002 
      9.50000000 -0.233165043488060E+005  0.178884816634139E+002 
      9.52000000 -0.233165043482796E+005  0.178884821898045E+002 
      9.54000000 -0.233165043477603E+005  0.178884827090427E+002 
      9.56000000 -0.233165043472436E+005  0.178884832257473E+002 
      9.58000000 -0.233165043467255E+005  0.178884837439059E+002 
      9.60000000 -0.233165043462026E+005  0.178884842667759E+002 
      9.62000000 -0.233165043456727E+005  0.178884847966437E+002 
      9.64000000 -0.233165043451345E+005  0.178884853349322E+002 
      9.66000000 -0.233165043445871E+005  0.178884858822415E+002 
      9.68000000 -0.233165043440311E+005  0.178884864382654E+002 
      9.70000000 -0.233165043434672E+005  0.178884870021594E+002 
      9.72000000 -0.233165043428970E+005  0.178884875723860E+002 
      9.74000000 -0.233165043423223E+005  0.178884881471291E+002 
      9.76000000 -0.233165043417451E+005  0.178884887242482E+002 
      9.78000000 -0.233165043411679E+005  0.178884893014848E+002 
      9.80000000 -0.233165043405929E+005  0.178884898764754E+002 
      9.82000000 -0.233165043400224E+005  0.178884904469835E+002 
      9.84000000 -0.233165043394586E+005  0.178884910108373E+002 
      9.86000000 -0.233165043389034E+005  0.178884915660383E+002 
      9.88000000 -0.233165043383587E+005  0.178884921106872E+002 
      9.90000000 -0.233165043378263E+005  0.178884926431226E+002 
      9.92000000 -0.233165043373075E+005  0.178884931618597E+002 
      9.94000000 -0.233165043368037E+005  0.178884936656733E+002 
      9.96000000 -0.233165043363159E+005  0.178884941535303E+002 
      9.98000000 -0.233165043358446E+005  0.178884946247933E+002 
     10.00000000 -0.233165043353903E+005  0.178884950790510E+002 
     10.02000000 -0.233165043349531E+005  0.178884955163373E+002 
     10.04000000 -0.233165043345323E+005  0.178884959371194E+002 
     10.06000000 -0.233165043341272E+005  0.178884963422325E+002 
     10.08000000 -0.233165043337364E+005  0.178884967329975E+002 
     10.10000000 -0.233165043333582E+005  0.178884971112058E+002 
     10.12000000 -0.233165043329905E+005  0.178884974789114E+002 
     10.14000000 -0.233165043326310E+005  0.178884978383942E+002 
     10.16000000 -0.233165043322773E+005  0.178884981921292E+002 
     10.18000000 -0.233165043319270E+005  0.178884985423437E+002 
     10.20000000 -0.233165043315782E+005  0.178884988911413E+002 
     10.22000000 -0.233165043312293E+005  0.178884992400473E+002 
     10.24000000 -0.233165043308793E+005  0.178884995901133E+002 
     10.26000000 -0.233165043305277E+005  0.178884999416796E+002 
     10.28000000 -0.233165043301750E+005  0.178885002944092E+002 
     10.30000000 -0.233165043298221E+005  0.178885006472997E+002 
     10.32000000 -0.233165043294705E+005  0.178885009989217E+002 
     10.34000000 -0.233165043291220E+005  0.178885013474286E+002 
     10.36000000 -0.233165043287786E+005  0.178885016908124E+002 
     10.38000000 -0.233165043284421E+005  0.178885020272420E+002 
     10.40000000 -0.233165043281142E+005  0.178885023551518E+002 
     10.42000000 -0.233165043277959E+005  0.178885026734839E+002 
     10.44000000 -0.233165043274876E+005  0.178885029817990E+002 
     10.46000000 -0.233165043271891E+005  0.178885032803074E+002 
     10.48000000 -0.233165043268996E+005  0.178885035697641E+002 
     10.50000000 -0.233165043266178E+005  0.178885038515703E+002 
     10.52000000 -0.233165043263421E+005  0.178885041273255E+002 
     10.54000000 -0.233165043260705E+005  0.178885043989199E+002 
     10.56000000 -0.233165043258013E+005  0.178885046681167E+002 
     10.58000000 -0.233165043255328E+005  0.178885049365494E+002 
     10.60000000 -0.233165043252638E+005  0.178885052056101E+002 
     10.62000000 -0.233165043249930E+005  0.178885054764125E+002 
     10.64000000 -0.233165043247197E+005  0.178885057496588E+002 
     10.66000000 -0.233165043244435E+005  0.178885060259028E+002 
     10.68000000 -0.233165043241639E+005  0.178885063055064E+002 
     10.70000000 -0.233165043238807E+005  0.178885065887419E+002 
     10.72000000 -0.233165043235936E+005  0.178885068758010E+002 
     10.74000000 -0.233165043233025E+005  0.178885071668942E+002 
     10.76000000 -0.233165043230073E+005  0.178885074621049E+002 
     10.78000000 -0.233165043227080E+005  0.178885077614177E+002 
     10.80000000 -0.233165043224048E+005  0.178885080645541E+002 
     10.82000000 -0.233165043220985E+005  0.178885083709234E+002 
     10.84000000 -0.233165043217898E+005  0.178885086795540E+002 
     10.86000000 -0.233165043214804E+005  0.178885089889704E+002 
     10.88000000 -0.233165043211720E+005  0.178885092974371E+002 
     10.90000000 -0.233165043208665E+005  0.178885096028628E+002 
     10.92000000 -0.233165043205664E+005  0.178885099029954E+002 
     10.94000000 -0.233165043202737E+005  0.178885101957034E+002 
     10.96000000 -0.233165043199904E+005  0.178885104790255E+002 
     10.98000000 -0.233165043197179E+005  0.178885107514891E+002 
     11.00000000 -0.233165043194572E+005  0.178885110122219E+002 
     11.02000000 -0.233165043192084E+005  0.178885112610321E+002 
     11.04000000 -0.233165043189710E+005  0.178885114984146E+002 
     11.06000000 -0.233165043187438E+005  0.178885117255944E+002 
     11.08000000 -0.233165043185251E+005  0.178885119442701E+002 
     11.10000000 -0.233165043183129E+005  0.178885121564956E+002 
     11.12000000 -0.233165043181049E+005  0.178885123644984E+002 
     11.14000000 -0.233165043178991E+005  0.178885125703078E+002 
     11.16000000 -0.233165043176936E+005  0.178885127757832E+002 
     11.18000000 -0.233165043174872E+005  0.178885129822392E+002 
     11.20000000 -0.233165043172789E+005  0.178885131904585E+002 
     11.22000000 -0.233165043170687E+005  0.178885134006485E+002 
     11.24000000 -0.233165043168569E+005  0.178885136124656E+002 
     11.26000000 -0.233165043166442E+005  0.178885138252418E+002 
     11.28000000 -0.233165043164314E+005  0.178885140379901E+002 
     11.30000000 -0.233165043162197E+005  0.178885142496959E+002 
     11.32000000 -0.233165043160099E+005  0.178885144594559E+002 
     11.34000000 -0.233165043158028E+005  0.178885146665770E+002 
     11.36000000 -0.233165043155986E+005  0.178885148708335E+002 
     11.38000000 -0.233165043153971E+005  0.178885150723181E+002 
     11.40000000 -0.233165043151978E+005  0.178885152715815E+002 
     11.42000000 -0.233165043149998E+005  0.178885154695704E+002 
     11.44000000 -0.233165043148020E+005  0.178885156673675E+002 
     11.46000000 -0.233165043146032E+005  0.178885158661978E+002 
     11.48000000 -0.233165043144021E+005  0.178885160672803E+002 
     11.50000000 -0.233165043141979E+005  0.178885162714656E+002 
     11.52000000 -0.233165043139900E+005  0.178885164793509E+002 
     11.54000000 -0.233165043137784E+005  0.178885166909793E+002 
     11.56000000 -0.233165043135634E+005  0.178885169059550E+002 
     11.58000000 -0.233165043133460E+005  0.178885171233901E+002 
     11.60000000 -0.233165043131276E+005  0.178885173418368E+002 
     11.62000000 -0.233165043129097E+005  0.178885175596896E+002 
     11.64000000 -0.233165043126942E+005  0.178885177751695E+002 
     11.66000000 -0.233165043124829E+005  0.178885179864484E+002 
     11.68000000 -0.233165043122773E+005  0.178885181921001E+002 
     11.70000000 -0.233165043120783E+005  0.178885183910635E+002 
     11.72000000 -0.233165043118866E+005  0.178885185827445E+002 
     11.74000000 -0.233165043117021E+005  0.178885187672578E+002 
     11.76000000 -0.233165043115240E+005  0.178885189453457E+002 
     11.78000000 -0.233165043113512E+005  0.178885191182210E+002 
     11.80000000 -0.233165043111818E+005  0.178885192876066E+002 
     11.82000000 -0.233165043110140E+005  0.178885194553806E+002 
     11.84000000 -0.233165043108459E+005  0.178885196235319E+002 
     11.86000000 -0.233165043106756E+005  0.178885197938395E+002 
     11.88000000 -0.233165043105016E+005  0.178885199677603E+002 
     11.90000000 -0.233165043103232E+005  0.178885201462287E+002 
     11.92000000 -0.233165043101398E+005  0.178885203296283E+002 
     11.94000000 -0.233165043099517E+005  0.178885205177054E+002 
     11.96000000 -0.233165043097597E+005  0.178885207096989E+002 
     11.98000000 -0.233165043095650E+005  0.178885209043870E+002 
     12.00000000 -0.233165043093693E+005  0.178885211000959E+002 
     12.02000000 -0.233165043091742E+005  0.178885212952077E+002 
     12.04000000 -0.233165043089814E+005  0.178885214879592E+002 
     12.06000000 -0.233165043087925E+005  0.178885216768437E+002 
     12.08000000 -0.233165043086087E+005  0.178885218606856E+002 
     12.10000000 -0.233165043084307E+005  0.178885220387302E+002 
     12.12000000 -0.233165043082586E+005  0.178885222107949E+002 
     12.14000000 -0.233165043080924E+005  0.178885223770159E+002 
     12.16000000 -0.233165043079313E+005  0.178885225381386E+002 
     12.18000000 -0.233165043077742E+005  0.178885226952150E+002 
     12.20000000 -0.233165043076198E+005  0.178885228495566E+002 
     12.22000000 -0.233165043074668E+005  0.178885230026051E+002 
     12.24000000 -0.233165043073135E+005  0.178885231558732E+002 
     12.26000000 -0.233165043071587E+005  0.178885233106913E+002 
     12.28000000 -0.233165043070011E+005  0.178885234682471E+002 
     12.30000000 -0.233165043068399E+005  0.178885236294967E+002 
     12.32000000 -0.233165043066744E+005  0.178885237950030E+002 
     12.34000000 -0.233165043065043E+005  0.178885239651373E+002 
     12.36000000 -0.233165043063296E+005  0.178885241398378E+002 
     12.38000000 -0.233165043061505E+005  0.178885243189187E+002 
     12.40000000 -0.233165043059675E+005  0.178885245018728E+002 
     12.42000000 -0.233165043057813E+005  0.178885246880783E+002 
     12.44000000 -0.233165043055926E+005  0.178885248767833E+002 
     12.46000000 -0.233165043054022E+005  0.178885250671496E+002 
     12.48000000 -0.233165043052110E+005  0.178885252583883E+002 
     12.50000000 -0.233165043050198E+005  0.178885254496085E+002 
     12.52000000 -0.233165043048293E+005  0.178885256400552E+002 
     12.54000000 -0.233165043046404E+005  0.178885258289892E+002 
     12.56000000 -0.233165043044536E+005  0.178885260157453E+002 
     12.58000000 -0.233165043042696E+005  0.178885261997698E+002 
     12.60000000 -0.233165043040888E+005  0.178885263806327E+002 
     12.62000000 -0.233165043039114E+005  0.178885265579688E+002 
     12.64000000 -0.233165043037378E+005  0.178885267315865E+002 
     12.66000000 -0.233165043035680E+005  0.178885269013589E+002 
     12.68000000 -0.233165043034021E+005  0.178885270672952E+002 
     12.70000000 -0.233165043032399E+005  0.178885272294976E+002 
     12.72000000 -0.233165043030812E+005  0.178885273881919E+002 
     12.74000000 -0.233165043029257E+005  0.178885275436596E+002 
     12.76000000 -0.233165043027732E+005  0.178885276961976E+002 
     12.78000000 -0.233165043026233E+005  0.178885278461340E+002 
     12.80000000 -0.233165043024754E+005  0.178885279939605E+002 
     12.82000000 -0.233165043023294E+005  0.178885281399835E+002 
     12.84000000 -0.233165043021847E+005  0.178885282846794E+002 
     12.86000000 -0.233165043020409E+005  0.178885284284936E+002 
     12.88000000 -0.233165043018975E+005  0.178885285718499E+002 
     12.90000000 -0.233165043017541E+005  0.178885287152557E+002 
     12.92000000 -0.233165043016103E+005  0.178885288590792E+002 
     12.94000000 -0.233165043014656E+005  0.178885290037688E+002 
     12.96000000 -0.233165043013197E+005  0.178885291496712E+002 
     12.98000000 -0.233165043011724E+005  0.178885292970213E+002 
     13.00000000 -0.233165043010234E+005  0.178885294460265E+002 
     13.02000000 -0.233165043008726E+005  0.178885295967950E+002 
     13.04000000 -0.233165043007202E+005  0.178885297491815E+002 
     13.06000000 -0.233165043005663E+005  0.178885299030715E+002 
     13.08000000 -0.233165043004112E+005  0.178885300581648E+002 
     13.10000000 -0.233165043002552E+005  0.178885302141491E+002 
     13.12000000 -0.233165043000988E+005  0.178885303705975E+002 
     13.14000000 -0.233165042999424E+005  0.178885305270334E+002 
     13.16000000 -0.233165042997864E+005  0.178885306829992E+002 
     13.18000000 -0.233165042996314E+005  0.178885308380306E+002 
     13.20000000 -0.233165042994776E+005  0.178885309918185E+002 
     13.22000000 -0.233165042993255E+005  0.178885311438802E+002 
     13.24000000 -0.233165042991753E+005  0.178885312941104E+002 
     13.26000000 -0.233165042990271E+005  0.178885314423113E+002 
     13.28000000 -0.233165042988809E+005  0.178885315885261E+002 
     13.30000000 -0.233165042987366E+005  0.178885317327919E+002 
     13.32000000 -0.233165042985941E+005  0.178885318753192E+002 
     13.34000000 -0.233165042984530E+005  0.178885320163739E+002 
     13.36000000 -0.233165042983130E+005  0.178885321563427E+002 
     13.38000000 -0.233165042981738E+005  0.178885322955629E+002 
     13.40000000 -0.233165042980349E+005  0.178885324344893E+002 
     13.42000000 -0.233165042978960E+005  0.178885325734280E+002 
     13.44000000 -0.233165042977566E+005  0.178885327127626E+002 
     13.46000000 -0.233165042976167E+005  0.178885328526604E+002 
     13.48000000 -0.233165042974760E+005  0.178885329933933E+002 
     13.50000000 -0.233165042973344E+005  0.178885331349956E+002 
     13.52000000 -0.233165042971919E+005  0.178885332774950E+002 
     13.54000000 -0.233165042970485E+005  0.178885334208513E+002 
     13.56000000 -0.233165042969045E+005  0.178885335649408E+002 
     13.58000000 -0.233165042967598E+005  0.178885337095501E+002 
     13.60000000 -0.233165042966149E+005  0.178885338544594E+002 
     13.62000000 -0.233165042964700E+005  0.178885339993501E+002 
     13.64000000 -0.233165042963255E+005  0.178885341438696E+002 
     13.66000000 -0.233165042961817E+005  0.178885342876838E+002 
     13.68000000 -0.233165042960390E+005  0.178885344303626E+002 
     13.70000000 -0.233165042958979E+005  0.178885345714854E+002 
     13.72000000 -0.233165042957587E+005  0.178885347106747E+002 
     13.74000000 -0.233165042956218E+005  0.178885348475994E+002 
     13.76000000 -0.233165042954874E+005  0.178885349820091E+002 
     13.78000000 -0.233165042953556E+005  0.178885351137831E+002 
     13.80000000 -0.233165042952265E+005  0.178885352428873E+002 
     13.82000000 -0.233165042950999E+005  0.178885353694889E+002 
     13.84000000 -0.233165042949754E+005  0.178885354939465E+002 
     13.86000000 -0.233165042948527E+005  0.178885356167275E+002 
     13.88000000 -0.233165042947310E+005  0.178885357384381E+002 
     13.90000000 -0.233165042946096E+005  0.178885358597650E+002 
     13.92000000 -0.233165042944879E+005  0.178885359814787E+002 
     13.94000000 -0.233165042943651E+005  0.178885361042565E+002 
     13.96000000 -0.233165042942407E+005  0.178885362287266E+002 
     13.98000000 -0.233165042941140E+005  0.178885363553621E+002 
     14.00000000 -0.233165042939849E+005  0.178885364844633E+002 
     14.02000000 -0.233165042938533E+005  0.178885366161166E+002 
     14.04000000 -0.233165042937193E+005  0.178885367501148E+002 
     14.06000000 -0.233165042935833E+005  0.178885368861301E+002 
     14.08000000 -0.233165042934458E+005  0.178885370235994E+002 
     14.10000000 -0.233165042933075E+005  0.178885371618884E+002 
     14.12000000 -0.233165042931692E+005  0.178885373002362E+002 
     14.14000000 -0.233165042930314E+005  0.178885374379777E+002 
     14.16000000 -0.233165042928950E+005  0.178885375743673E+002 
     14.18000000 -0.233165042927605E+005  0.178885377088575E+002 
     14.20000000 -0.233165042926283E+005  0.178885378410645E+002 
     14.22000000 -0.233165042924987E+005  0.178885379707287E+002 
     14.24000000 -0.233165042923716E+005  0.178885380977819E+002 
     14.26000000 -0.233165042922470E+005  0.178885382224097E+002 
     14.28000000 -0.233165042921247E+005  0.178885383447359E+002 
     14.30000000 -0.233165042920042E+005  0.178885384651874E+002 
     14.32000000 -0.233165042918852E+005  0.178885385842034E+002 
     14.34000000 -0.233165042917671E+005  0.178885387022667E+002 
     14.36000000 -0.233165042916495E+005  0.178885388198937E+002 
     14.38000000 -0.233165042915318E+005  0.178885389375455E+002 
     14.40000000 -0.233165042914137E+005  0.178885390556892E+002 
     14.42000000 -0.233165042912947E+005  0.178885391746651E+002 
     14.44000000 -0.233165042911746E+005  0.178885392947948E+002 
     14.46000000 -0.233165042910532E+005  0.178885394161837E+002 
     14.48000000 -0.233165042909304E+005  0.178885395389894E+002 
     14.50000000 -0.233165042908063E+005  0.178885396630944E+002 
     14.52000000 -0.233165042906810E+005  0.178885397884213E+002 
     14.54000000 -0.233165042905547E+005  0.178885399147259E+002 
     14.56000000 -0.233165042904277E+005  0.178885400417203E+002 
     14.58000000 -0.233165042903003E+005  0.178885401690704E+002 
     14.60000000 -0.233165042901730E+005  0.178885402963742E+002 
     14.62000000 -0.233165042900461E+005  0.178885404233346E+002 
     14.64000000 -0.233165042899198E+005  0.178885405495525E+002 
     14.66000000 -0.233165042897946E+005  0.178885406748238E+002 
     14.68000000 -0.233165042896705E+005  0.178885407988762E+002 
     14.70000000 -0.233165042895479E+005  0.178885409214870E+002 
     14.72000000 -0.233165042894268E+005  0.178885410426129E+002 
     14.74000000 -0.233165042893072E+005  0.178885411621981E+002 
     14.76000000 -0.233165042891892E+005  0.178885412801871E+002 
     14.78000000 -0.233165042890728E+005  0.178885413966355E+002 
     14.80000000 -0.233165042889578E+005  0.178885415115743E+002 
     14.82000000 -0.233165042888443E+005  0.178885416251395E+002 
     14.84000000 -0.233165042887319E+005  0.178885417374487E+002 
     14.86000000 -0.233165042886207E+005  0.178885418486442E+002 
     14.88000000 -0.233165042885104E+005  0.178885419589858E+002 
     14.90000000 -0.233165042884007E+005  0.178885420687150E+002 
     14.92000000 -0.233165042882911E+005  0.178885421783080E+002 
     14.94000000 -0.233165042881814E+005  0.178885422880279E+002 
     14.96000000 -0.233165042880709E+005  0.178885423984593E+002 
     14.98000000 -0.233165042879593E+005  0.178885425101003E+002 
     15.00000000 -0.233165042878460E+005  0.178885426234118E+002 
     15.02000000 -0.233165042877305E+005  0.178885427389012E+002 
     15.04000000 -0.233165042876125E+005  0.178885428568531E+002 
     15.06000000 -0.233165042874919E+005  0.178885429775149E+002 
     15.08000000 -0.233165042873685E+005  0.178885431008929E+002 
     15.10000000 -0.233165042872426E+005  0.178885432267860E+002 
     15.12000000 -0.233165042871146E+005  0.178885433547673E+002 
     15.14000000 -0.233165042869851E+005  0.178885434842551E+002 
     15.16000000 -0.233165042868549E+005  0.178885436144792E+002 
     15.18000000 -0.233165042867247E+005  0.178885437447033E+002 
     15.20000000 -0.233165042865953E+005  0.178885438740457E+002 
     15.22000000 -0.233165042864676E+005  0.178885440017980E+002 
     15.24000000 -0.233165042863420E+005  0.178885441274220E+002 
     15.26000000 -0.233165042862189E+005  0.178885442504844E+002 
     15.28000000 -0.233165042860984E+005  0.178885443709483E+002 
     15.30000000 -0.233165042859805E+005  0.178885444889095E+002 
     15.32000000 -0.233165042858647E+005  0.178885446047175E+002 
     15.34000000 -0.233165042857505E+005  0.178885447188983E+002 
     15.36000000 -0.233165042856373E+005  0.178885448320675E+002 
     15.38000000 -0.233165042855245E+005  0.178885449449119E+002 
     15.40000000 -0.233165042854113E+005  0.178885450580533E+002 
     15.42000000 -0.233165042852974E+005  0.178885451720361E+002 
     15.44000000 -0.233165042851821E+005  0.178885452872842E+002 
     15.46000000 -0.233165042850653E+005  0.178885454040419E+002 
     15.48000000 -0.233165042849470E+005  0.178885455224393E+002 
     15.50000000 -0.233165042848269E+005  0.178885456424948E+002 
     15.52000000 -0.233165042847055E+005  0.178885457639362E+002 
     15.54000000 -0.233165042845827E+005  0.178885458866708E+002 
     15.56000000 -0.233165042844591E+005  0.178885460103117E+002 
     15.58000000 -0.233165042843347E+005  0.178885461346766E+002 
     15.60000000 -0.233165042842099E+005  0.178885462594436E+002 
     15.62000000 -0.233165042840849E+005  0.178885463844643E+002 
     15.64000000 -0.233165042839598E+005  0.178885465095407E+002 
     15.66000000 -0.233165042838348E+005  0.178885466346356E+002 
     15.68000000 -0.233165042837097E+005  0.178885467597399E+002 
     15.70000000 -0.233165042835845E+005  0.178885468848812E+002 
     15.72000000 -0.233165042834592E+005  0.178885470101649E+002 
     15.74000000 -0.233165042833338E+005  0.178885471355723E+002 
     15.76000000 -0.233165042832082E+005  0.178885472612333E+002 
     15.78000000 -0.233165042830823E+005  0.178885473871357E+002 
     15.80000000 -0.233165042829562E+005  0.178885475132237E+002 
     15.82000000 -0.233165042828300E+005  0.178885476394076E+002 
     15.84000000 -0.233165042827038E+005  0.178885477655853E+002 
     15.86000000 -0.233165042825779E+005  0.178885478915217E+002 
     15.88000000 -0.233165042824523E+005  0.178885480170590E+002 
     15.90000000 -0.233165042823274E+005  0.178885481419745E+002 
     15.92000000 -0.233165042822033E+005  0.178885482660455E+002 
     15.94000000 -0.233165042820802E+005  0.178885483892255E+002 
     15.96000000 -0.233165042819581E+005  0.178885485113290E+002 
     15.98000000 -0.233165042818371E+005  0.178885486323311E+002 
     16.00000000 -0.233165042817172E+005  0.178885487522041E+002 
     16.02000000 -0.233165042815984E+005  0.178885488709572E+002 
     16.04000000 -0.233165042814807E+005  0.178885489887297E+002 
     16.06000000 -0.233165042813638E+005  0.178885491055617E+002 
     16.08000000 -0.233165042812478E+005  0.178885492216079E+002 
     16.10000000 -0.233165042811323E+005  0.178885493370540E+002 
     16.12000000 -0.233165042810174E+005  0.178885494520360E+002 
     16.14000000 -0.233165042809026E+005  0.178885495668015E+002 
     16.16000000 -0.233165042807878E+005  0.178885496815516E+002 
     16.18000000 -0.233165042806730E+005  0.178885497964408E+002 
     16.20000000 -0.233165042805576E+005  0.178885499117724E+002 
     16.22000000 -0.233165042804416E+005  0.178885500277444E+002 
     16.24000000 -0.233165042803249E+005  0.178885501444898E+002 
     16.26000000 -0.233165042802072E+005  0.178885502621694E+002 
     16.28000000 -0.233165042800885E+005  0.178885503809071E+002 
     16.30000000 -0.233165042799687E+005  0.178885505007182E+002 
     16.32000000 -0.233165042798478E+005  0.178885506215502E+002 
     16.34000000 -0.233165042797261E+005  0.178885507433319E+002 
     16.36000000 -0.233165042796035E+005  0.178885508658747E+002 
     16.38000000 -0.233165042794804E+005  0.178885509889650E+002 
     16.40000000 -0.233165042793571E+005  0.178885511122935E+002 
     16.42000000 -0.233165042792339E+005  0.178885512354828E+002 
     16.44000000 -0.233165042791111E+005  0.178885513582668E+002 
     16.46000000 -0.233165042789891E+005  0.178885514803022E+002 
     16.48000000 -0.233165042788681E+005  0.178885516012858E+002 
     16.50000000 -0.233165042787484E+005  0.178885517210103E+002 
     16.52000000 -0.233165042786300E+005  0.178885518393520E+002 
     16.54000000 -0.233165042785131E+005  0.178885519562613E+002 
     16.56000000 -0.233165042783976E+005  0.178885520718311E+002 
     16.58000000 -0.233165042782832E+005  0.178885521861821E+002 
     16.60000000 -0.233165042781697E+005  0.178885522996421E+002 
     16.62000000 -0.233165042780569E+005  0.178885524125143E+002 
     16.64000000 -0.233165042779442E+005  0.178885525251607E+002 
     16.66000000 -0.233165042778314E+005  0.178885526379649E+002 
     16.68000000 -0.233165042777181E+005  0.178885527512609E+002 
     16.70000000 -0.233165042776040E+005  0.178885528653644E+002 
     16.72000000 -0.233165042774889E+005  0.178885529805197E+002 
     16.74000000 -0.233165042773726E+005  0.178885530967484E+002 
     16.76000000 -0.233165042772553E+005  0.178885532141342E+002 
     16.78000000 -0.233165042771368E+005  0.178885533325687E+002 
     16.80000000 -0.233165042770175E+005  0.178885534518477E+002 
     16.82000000 -0.233165042768977E+005  0.178885535717021E+002 
     16.84000000 -0.233165042767776E+005  0.178885536918257E+002 
     16.86000000 -0.233165042766575E+005  0.178885538118967E+002 
     16.88000000 -0.233165042765378E+005  0.178885539316273E+002 
     16.90000000 -0.233165042764187E+005  0.178885540507238E+002 
     16.92000000 -0.233165042763004E+005  0.178885541689789E+002 
     16.94000000 -0.233165042761831E+005  0.178885542862471E+002 
     16.96000000 -0.233165042760669E+005  0.178885544024697E+002 
     16.98000000 -0.233165042759517E+005  0.178885545176435E+002 
     17.00000000 -0.233165042758376E+005  0.178885546317872E+002 
     17.02000000 -0.233165042757244E+005  0.178885547449842E+002 
     17.04000000 -0.233165042756121E+005  0.178885548573337E+002 
     17.06000000 -0.233165042755005E+005  0.178885549689220E+002 
     17.08000000 -0.233165042753896E+005  0.178885550798329E+002 
     17.10000000 -0.233165042752792E+005  0.178885551902303E+002 
     17.12000000 -0.233165042751692E+005  0.178885553001482E+002 
     17.14000000 -0.233165042750597E+005  0.178885554097226E+002 
     17.16000000 -0.233165042749504E+005  0.178885555190156E+002 
     17.18000000 -0.233165042748412E+005  0.178885556281724E+002 
     17.20000000 -0.233165042747321E+005  0.178885557372983E+002 
     17.22000000 -0.233165042746229E+005  0.178885558465356E+002 
     17.24000000 -0.233165042745134E+005  0.178885559560204E+002 
     17.26000000 -0.233165042744036E+005  0.178885560657990E+002 
     17.28000000 -0.233165042742933E+005  0.178885561760757E+002 
     17.30000000 -0.233165042741826E+005  0.178885562868103E+002 
     17.32000000 -0.233165042740713E+005  0.178885563980986E+002 
     17.34000000 -0.233165042739595E+005  0.178885565099067E+002 
     17.36000000 -0.233165042738472E+005  0.178885566221849E+002 
     17.38000000 -0.233165042737345E+005  0.178885567348530E+002 
     17.40000000 -0.233165042736216E+005  0.178885568478180E+002 
     17.42000000 -0.233165042735085E+005  0.178885569609222E+002 
     17.44000000 -0.233165042733953E+005  0.178885570740729E+002 
     17.46000000 -0.233165042732823E+005  0.178885571871029E+002 
     17.48000000 -0.233165042731695E+005  0.178885572999318E+002 
     17.50000000 -0.233165042730569E+005  0.178885574124761E+002 
     17.52000000 -0.233165042729447E+005  0.178885575246987E+002 
     17.54000000 -0.233165042728328E+005  0.178885576365872E+002 
     17.56000000 -0.233165042727212E+005  0.178885577481539E+002 
     17.58000000 -0.233165042726099E+005  0.178885578594793E+002 
     17.60000000 -0.233165042724988E+005  0.178885579706408E+002 
     17.62000000 -0.233165042723877E+005  0.178885580816631E+002 
     17.64000000 -0.233165042722767E+005  0.178885581926451E+002 
     17.66000000 -0.233165042721657E+005  0.178885583036550E+002 
     17.68000000 -0.233165042720547E+005  0.178885584146804E+002 
     17.70000000 -0.233165042719436E+005  0.178885585257645E+002 
     17.72000000 -0.233165042718326E+005  0.178885586367682E+002 
     17.74000000 -0.233165042717217E+005  0.178885587476513E+002 
     17.76000000 -0.233165042716111E+005  0.178885588583023E+002 
     17.78000000 -0.233165042715008E+005  0.178885589685790E+002 
     17.80000000 -0.233165042713911E+005  0.178885590782772E+002 
     17.82000000 -0.233165042712820E+005  0.178885591873598E+002 
     17.84000000 -0.233165042711738E+005  0.178885592956412E+002 
     17.86000000 -0.233165042710663E+005  0.178885594030997E+002 
     17.88000000 -0.233165042709598E+005  0.178885595096301E+002 
     17.90000000 -0.233165042708541E+005  0.178885596152942E+002 
     17.92000000 -0.233165042707492E+005  0.178885597201479E+002 
     17.94000000 -0.233165042706451E+005  0.178885598242839E+002 
     17.96000000 -0.233165042705415E+005  0.178885599278568E+002 
     17.98000000 -0.233165042704383E+005  0.178885600310462E+002 
     18.00000000 -0.233165042703354E+005  0.178885601339849E+002 
     18.02000000 -0.233165042702325E+005  0.178885602368989E+002 
     18.04000000 -0.233165042701295E+005  0.178885603398779E+002 
     18.06000000 -0.233165042700262E+005  0.178885604431600E+002 
     18.08000000 -0.233165042699226E+005  0.178885605467825E+002 
     18.10000000 -0.233165042698185E+005  0.178885606508627E+002 
     18.12000000 -0.233165042697139E+005  0.178885607554999E+002 
     18.14000000 -0.233165042696088E+005  0.178885608606258E+002 
     18.16000000 -0.233165042695030E+005  0.178885609663580E+002 
     18.18000000 -0.233165042693967E+005  0.178885610726471E+002 
     18.20000000 -0.233165042692900E+005  0.178885611794374E+002 
     18.22000000 -0.233165042691826E+005  0.178885612867659E+002 
     18.24000000 -0.233165042690749E+005  0.178885613945275E+002 
     18.26000000 -0.233165042689667E+005  0.178885615026542E+002 
     18.28000000 -0.233165042688583E+005  0.178885616110655E+002 
     18.30000000 -0.233165042687497E+005  0.178885617196933E+002 
     18.32000000 -0.233165042686411E+005  0.178885618282810E+002 
     18.34000000 -0.233165042685325E+005  0.178885619368500E+002 
     18.36000000 -0.233165042684242E+005  0.178885620451809E+002 
     18.38000000 -0.233165042683163E+005  0.178885621531405E+002 
     18.40000000 -0.233165042682088E+005  0.178885622606114E+002 
     18.42000000 -0.233165042681019E+005  0.178885623675130E+002 
     18.44000000 -0.233165042679956E+005  0.178885624737588E+002 
     18.46000000 -0.233165042678899E+005  0.178885625794725E+002 
     18.48000000 -0.233165042677848E+005  0.178885626846231E+002 
     18.50000000 -0.233165042676800E+005  0.178885627894211E+002 
     18.52000000 -0.233165042675754E+005  0.178885628940335E+002 
     18.54000000 -0.233165042674706E+005  0.178885629987449E+002 
     18.56000000 -0.233165042673656E+005  0.178885631037439E+002 
     18.58000000 -0.233165042672601E+005  0.178885632093122E+002 
     18.60000000 -0.233165042671538E+005  0.178885633156168E+002 
     18.62000000 -0.233165042670467E+005  0.178885634227319E+002 
     18.64000000 -0.233165042669386E+005  0.178885635307843E+002 
     18.66000000 -0.233165042668297E+005  0.178885636396472E+002 
     18.68000000 -0.233165042667202E+005  0.178885637491506E+002 
     18.70000000 -0.233165042666103E+005  0.178885638591086E+002 
     18.72000000 -0.233165042665002E+005  0.178885639691966E+002 
     18.74000000 -0.233165042663903E+005  0.178885640791083E+002 
     18.76000000 -0.233165042662808E+005  0.178885641885776E+002 
     18.78000000 -0.233165042661721E+005  0.178885642972642E+002 
     18.80000000 -0.233165042660643E+005  0.178885644050599E+002 
     18.82000000 -0.233165042659576E+005  0.178885645117697E+002 
     18.84000000 -0.233165042658519E+005  0.178885646174463E+002 
     18.86000000 -0.233165042657472E+005  0.178885647221824E+002 
     18.88000000 -0.233165042656433E+005  0.178885648261389E+002 
     18.90000000 -0.233165042655398E+005  0.178885649296191E+002 
     18.92000000 -0.233165042654364E+005  0.178885650329600E+002 
     18.94000000 -0.233165042653329E+005  0.178885651365267E+002 
     18.96000000 -0.233165042652287E+005  0.178885652406410E+002 
     18.98000000 -0.233165042651237E+005  0.178885653456494E+002 
     19.00000000 -0.233165042650176E+005  0.178885654517838E+002 
     19.02000000 -0.233165042649102E+005  0.178885655591866E+002 
     19.04000000 -0.233165042648015E+005  0.178885656679227E+002 
     19.06000000 -0.233165042646914E+005  0.178885657779705E+002 
     19.08000000 -0.233165042645803E+005  0.178885658890763E+002 
     19.10000000 -0.233165042644683E+005  0.178885660010854E+002 
     19.12000000 -0.233165042643557E+005  0.178885661136854E+002 
     19.14000000 -0.233165042642429E+005  0.178885662264834E+002 
     19.16000000 -0.233165042641302E+005  0.178885663391731E+002 
     19.18000000 -0.233165042640180E+005  0.178885664513926E+002 
     19.20000000 -0.233165042639066E+005  0.178885665628232E+002 
     19.22000000 -0.233165042637962E+005  0.178885666732144E+002 
     19.24000000 -0.233165042636869E+005  0.178885667824609E+002 
     19.26000000 -0.233165042635789E+005  0.178885668905134E+002 
     19.28000000 -0.233165042634720E+005  0.178885669973964E+002 
     19.30000000 -0.233165042633661E+005  0.178885671032431E+002 
     19.32000000 -0.233165042632610E+005  0.178885672083412E+002 
     19.34000000 -0.233165042631564E+005  0.178885673130000E+002 
     19.36000000 -0.233165042630518E+005  0.178885674176093E+002 
     19.38000000 -0.233165042629469E+005  0.178885675225310E+002 
     19.40000000 -0.233165042628412E+005  0.178885676282323E+002 
     19.42000000 -0.233165042627343E+005  0.178885677350473E+002 
     19.44000000 -0.233165042626262E+005  0.178885678432297E+002 
     19.46000000 -0.233165042625164E+005  0.178885679530393E+002 
     19.48000000 -0.233165042624049E+005  0.178885680645287E+002 
     19.50000000 -0.233165042622917E+005  0.178885681776515E+002 
     19.52000000 -0.233165042621772E+005  0.178885682922375E+002 
     19.54000000 -0.233165042620614E+005  0.178885684079775E+002 
     19.56000000 -0.233165042619449E+005  0.178885685244661E+002 
     19.58000000 -0.233165042618281E+005  0.178885686412486E+002 
     19.60000000 -0.233165042617116E+005  0.178885687578084E+002 
     19.62000000 -0.233165042615957E+005  0.178885688736535E+002 
     19.64000000 -0.233165042614811E+005  0.178885689883355E+002 
     19.66000000 -0.233165042613679E+005  0.178885691015047E+002 
     19.68000000 -0.233165042612565E+005  0.178885692128580E+002 
     19.70000000 -0.233165042611471E+005  0.178885693222995E+002 
     19.72000000 -0.233165042610396E+005  0.178885694298291E+002 
     19.74000000 -0.233165042609338E+005  0.178885695355459E+002 
     19.76000000 -0.233165042608298E+005  0.178885696396230E+002 
     19.78000000 -0.233165042607270E+005  0.178885697423947E+002 
     19.80000000 -0.233165042606252E+005  0.178885698442136E+002 
     19.82000000 -0.233165042605240E+005  0.178885699453581E+002 
     19.84000000 -0.233165042604232E+005  0.178885700462025E+002 
     19.86000000 -0.233165042603223E+005  0.178885701471057E+002 
     19.88000000 -0.233165042602211E+005  0.178885702483368E+002 
     19.90000000 -0.233165042601192E+005  0.178885703501495E+002 
     19.92000000 -0.233165042600166E+005  0.178885704527727E+002 
     19.94000000 -0.233165042599130E+005  0.178885705564199E+002 
     19.96000000 -0.233165042598082E+005  0.178885706611622E+002 
     19.98000000 -0.233165042597022E+005  0.178885707671574E+002 
     20.00000000 -0.233165042595950E+005  0.178885708744209E+002 
     20.02000000 -0.233165042594865E+005  0.178885709829250E+002 
     20.04000000 -0.233165042593767E+005  0.178885710926542E+002 
     20.06000000 -0.233165042592659E+005  0.178885712034785E+002 
     20.08000000 -0.233165042591541E+005  0.178885713152803E+002 
     20.10000000 -0.233165042590416E+005  0.178885714278370E+002 
     20.12000000 -0.233165042589285E+005  0.178885715409381E+002 
     20.14000000 -0.233165042588150E+005  0.178885716543425E+002 
     20.16000000 -0.233165042587016E+005  0.178885717678025E+002 
     20.18000000 -0.233165042585883E+005  0.178885718810676E+002 
     20.20000000 -0.233165042584754E+005  0.178885719939738E+002 
     20.22000000 -0.233165042583631E+005  0.178885721062799E+002 
     20.24000000 -0.233165042582515E+005  0.178885722178436E+002 
     20.26000000 -0.233165042581408E+005  0.178885723285689E+002 
     20.28000000 -0.233165042580310E+005  0.178885724383537E+002 
     20.30000000 -0.233165042579222E+005  0.178885725472012E+002 
     20.32000000 -0.233165042578142E+005  0.178885726551639E+002 
     20.34000000 -0.233165042577071E+005  0.178885727622944E+002 
     20.36000000 -0.233165042576006E+005  0.178885728687815E+002 
     20.38000000 -0.233165042574946E+005  0.178885729747551E+002 
     20.40000000 -0.233165042573890E+005  0.178885730803945E+002 
     20.42000000 -0.233165042572834E+005  0.178885731859968E+002 
     20.44000000 -0.233165042571777E+005  0.178885732917229E+002 
     20.46000000 -0.233165042570716E+005  0.178885733978109E+002 
     20.48000000 -0.233165042569650E+005  0.178885735044310E+002 
     20.50000000 -0.233165042568576E+005  0.178885736117781E+002 
     20.52000000 -0.233165042567495E+005  0.178885737199357E+002 
     20.54000000 -0.233165042566404E+005  0.178885738289441E+002 
     20.56000000 -0.233165042565305E+005  0.178885739388681E+002 
     20.58000000 -0.233165042564198E+005  0.178885740495687E+002 
     20.60000000 -0.233165042563084E+005  0.178885741609745E+002 
     20.62000000 -0.233165042561965E+005  0.178885742729311E+002 
     20.64000000 -0.233165042560841E+005  0.178885743852836E+002 
     20.66000000 -0.233165042559715E+005  0.178885744978464E+002 
     20.68000000 -0.233165042558590E+005  0.178885746104279E+002 
     20.70000000 -0.233165042557465E+005  0.178885747228794E+002 
     20.72000000 -0.233165042556343E+005  0.178885748350432E+002 
     20.74000000 -0.233165042555226E+005  0.178885749467739E+002 
     20.76000000 -0.233165042554113E+005  0.178885750580900E+002 
     20.78000000 -0.233165042553004E+005  0.178885751689483E+002 
     20.80000000 -0.233165042551900E+005  0.178885752794107E+002 
     20.82000000 -0.233165042550798E+005  0.178885753895574E+002 
     20.84000000 -0.233165042549699E+005  0.178885754995372E+002 
     20.86000000 -0.233165042548599E+005  0.178885756095107E+002 
     20.88000000 -0.233165042547498E+005  0.178885757195740E+002 
     20.90000000 -0.233165042546395E+005  0.178885758299404E+002 
     20.92000000 -0.233165042545288E+005  0.178885759406007E+002 
     20.94000000 -0.233165042544177E+005  0.178885760516539E+002 
     20.96000000 -0.233165042543063E+005  0.178885761630722E+002 
     20.98000000 -0.233165042541946E+005  0.178885762748029E+002 
     21.00000000 -0.233165042540827E+005  0.178885763867346E+002 
     21.02000000 -0.233165042539706E+005  0.178885764987654E+002 
     21.04000000 -0.233165042538586E+005  0.178885766107714E+002 
     21.06000000 -0.233165042537468E+005  0.178885767226352E+002 
     21.08000000 -0.233165042536351E+005  0.178885768343133E+002 
     21.10000000 -0.233165042535237E+005  0.178885769457191E+002 
     21.12000000 -0.233165042534125E+005  0.178885770568899E+002 
     21.14000000 -0.233165042533015E+005  0.178885771678658E+002 
     21.16000000 -0.233165042531907E+005  0.178885772786993E+002 
     21.18000000 -0.233165042530800E+005  0.178885773894060E+002 
     21.20000000 -0.233165042529693E+005  0.178885775000694E+002 
     21.22000000 -0.233165042528587E+005  0.178885776106896E+002 
     21.24000000 -0.233165042527482E+005  0.178885777212138E+002 
     21.26000000 -0.233165042526378E+005  0.178885778316204E+002 
     21.28000000 -0.233165042525276E+005  0.178885779417981E+002 
     21.30000000 -0.233165042524177E+005  0.178885780516912E+002 
     21.32000000 -0.233165042523082E+005  0.178885781611420E+002 
     21.34000000 -0.233165042521993E+005  0.178885782701101E+002 
     21.36000000 -0.233165042520908E+005  0.178885783785709E+002 
     21.38000000 -0.233165042519828E+005  0.178885784865553E+002 
     21.40000000 -0.233165042518753E+005  0.178885785941251E+002 
     21.42000000 -0.233165042517679E+005  0.178885787014536E+002 
     21.44000000 -0.233165042516607E+005  0.178885788087265E+002 
     21.46000000 -0.233165042515532E+005  0.178885789161788E+002 
     21.48000000 -0.233165042514454E+005  0.178885790239961E+002 
     21.50000000 -0.233165042513369E+005  0.178885791324414E+002 
     21.52000000 -0.233165042512277E+005  0.178885792416849E+002 
     21.54000000 -0.233165042511176E+005  0.178885793518100E+002 
     21.56000000 -0.233165042510065E+005  0.178885794628570E+002 
     21.58000000 -0.233165042508946E+005  0.178885795747455E+002 
     21.60000000 -0.233165042507820E+005  0.178885796874042E+002 
     21.62000000 -0.233165042506688E+005  0.178885798005920E+002 
     21.64000000 -0.233165042505553E+005  0.178885799140860E+002 
     21.66000000 -0.233165042504418E+005  0.178885800276203E+002 
     21.68000000 -0.233165042503285E+005  0.178885801409132E+002 
     21.70000000 -0.233165042502157E+005  0.178885802536803E+002 
     21.72000000 -0.233165042501036E+005  0.178885803657482E+002 
     21.74000000 -0.233165042499925E+005  0.178885804768571E+002 
     21.76000000 -0.233165042498825E+005  0.178885805869327E+002 
     21.78000000 -0.233165042497735E+005  0.178885806958513E+002 
     21.80000000 -0.233165042496658E+005  0.178885808036006E+002 
     21.82000000 -0.233165042495592E+005  0.178885809101898E+002 
     21.84000000 -0.233165042494537E+005  0.178885810157209E+002 
     21.86000000 -0.233165042493491E+005  0.178885811202931E+002 
     21.88000000 -0.233165042492454E+005  0.178885812239743E+002 
     21.90000000 -0.233165042491424E+005  0.178885813269749E+002 
     21.92000000 -0.233165042490400E+005  0.178885814294156E+002 
     21.94000000 -0.233165042489379E+005  0.178885815314572E+002 
     21.96000000 -0.233165042488361E+005  0.178885816332483E+002 
     21.98000000 -0.233165042487344E+005  0.178885817349434E+002 
     22.00000000 -0.233165042486327E+005  0.178885818366695E+002 
     22.02000000 -0.233165042485308E+005  0.178885819385471E+002 
     22.04000000 -0.233165042484287E+005  0.178885820407280E+002 
     22.06000000 -0.233165042483261E+005  0.178885821432955E+002 
     22.08000000 -0.233165042482231E+005  0.178885822463270E+002 
     22.10000000 -0.233165042481195E+005  0.178885823499309E+002 
     22.12000000 -0.233165042480153E+005  0.178885824541318E+002 
     22.14000000 -0.233165042479103E+005  0.178885825590752E+002 
     22.16000000 -0.233165042478046E+005  0.178885826647580E+002 
     22.18000000 -0.233165042476981E+005  0.178885827712574E+002 
     22.20000000 -0.233165042475907E+005  0.178885828786571E+002 
     22.22000000 -0.233165042474825E+005  0.178885829869416E+002 
     22.24000000 -0.233165042473732E+005  0.178885830961696E+002 
     22.26000000 -0.233165042472630E+005  0.178885832063937E+002 
     22.28000000 -0.233165042471519E+005  0.178885833174964E+002 
     22.30000000 -0.233165042470400E+005  0.178885834294251E+002 
     22.32000000 -0.233165042469273E+005  0.178885835420653E+002 
     22.34000000 -0.233165042468142E+005  0.178885836552283E+002 
     22.36000000 -0.233165042467007E+005  0.178885837686636E+002 
     22.38000000 -0.233165042465873E+005  0.178885838821081E+002 
     22.40000000 -0.233165042464742E+005  0.178885839951814E+002 
     22.42000000 -0.233165042463619E+005  0.178885841074937E+002 
     22.44000000 -0.233165042462506E+005  0.178885842187666E+002 
     22.46000000 -0.233165042461408E+005  0.178885843286380E+002 
     22.48000000 -0.233165042460326E+005  0.178885844367647E+002 
     22.50000000 -0.233165042459264E+005  0.178885845429919E+002 
     22.52000000 -0.233165042458222E+005  0.178885846471681E+002 
     22.54000000 -0.233165042457201E+005  0.178885847492530E+002 
     22.56000000 -0.233165042456201E+005  0.178885848493364E+002 
     22.58000000 -0.233165042455218E+005  0.178885849476193E+002 
     22.60000000 -0.233165042454250E+005  0.178885850444080E+002 
     22.62000000 -0.233165042453293E+005  0.178885851400398E+002 
     22.64000000 -0.233165042452344E+005  0.178885852350064E+002 
     22.66000000 -0.233165042451396E+005  0.178885853297502E+002 
     22.68000000 -0.233165042450446E+005  0.178885854248097E+002 
     22.70000000 -0.233165042449487E+005  0.178885855207353E+002 
     22.72000000 -0.233165042448514E+005  0.178885856179602E+002 
     22.74000000 -0.233165042447524E+005  0.178885857169546E+002 
     22.76000000 -0.233165042446513E+005  0.178885858181022E+002 
     22.78000000 -0.233165042445478E+005  0.178885859215483E+002 
     22.80000000 -0.233165042444419E+005  0.178885860274507E+002 
     22.82000000 -0.233165042443336E+005  0.178885861358125E+002 
     22.84000000 -0.233165042442230E+005  0.178885862464140E+002 
     22.86000000 -0.233165042441104E+005  0.178885863590357E+002 
     22.88000000 -0.233165042439961E+005  0.178885864732722E+002 
     22.90000000 -0.233165042438807E+005  0.178885865886873E+002 
     22.92000000 -0.233165042437646E+005  0.178885867047799E+002 
     22.94000000 -0.233165042436483E+005  0.178885868210799E+002 
     22.96000000 -0.233165042435322E+005  0.178885869371725E+002 
     22.98000000 -0.233165042434168E+005  0.178885870525753E+002 
     23.00000000 -0.233165042433024E+005  0.178885871669633E+002 
     23.02000000 -0.233165042431894E+005  0.178885872800150E+002 
     23.04000000 -0.233165042430779E+005  0.178885873914796E+002 
     23.06000000 -0.233165042429682E+005  0.178885875011902E+002 
     23.08000000 -0.233165042428604E+005  0.178885876089859E+002 
     23.10000000 -0.233165042427546E+005  0.178885877148110E+002 
     23.12000000 -0.233165042426507E+005  0.178885878186407E+002 
     23.14000000 -0.233165042425488E+005  0.178885879205585E+002 
     23.16000000 -0.233165042424487E+005  0.178885880207254E+002 
     23.18000000 -0.233165042423500E+005  0.178885881193579E+002 
     23.20000000 -0.233165042422526E+005  0.178885882167437E+002 
     23.22000000 -0.233165042421561E+005  0.178885883133128E+002 
     23.24000000 -0.233165042420599E+005  0.178885884094766E+002 
     23.26000000 -0.233165042419637E+005  0.178885885056652E+002 
     23.28000000 -0.233165042418671E+005  0.178885886022776E+002 
     23.30000000 -0.233165042417697E+005  0.178885886997345E+002 
     23.32000000 -0.233165042416711E+005  0.178885887982866E+002 
     23.34000000 -0.233165042415712E+005  0.178885888981967E+002 
     23.36000000 -0.233165042414698E+005  0.178885889995608E+002 
     23.38000000 -0.233165042413670E+005  0.178885891023913E+002 
     23.40000000 -0.233165042412628E+005  0.178885892066201E+002 
     23.42000000 -0.233165042411573E+005  0.178885893121048E+002 
     23.44000000 -0.233165042410507E+005  0.178885894187126E+002 
     23.46000000 -0.233165042409432E+005  0.178885895261865E+002 
     23.48000000 -0.233165042408350E+005  0.178885896343689E+002 
     23.50000000 -0.233165042407263E+005  0.178885897430833E+002 
     23.52000000 -0.233165042406172E+005  0.178885898522000E+002 
     23.54000000 -0.233165042405078E+005  0.178885899615703E+002 
     23.56000000 -0.233165042403982E+005  0.178885900712004E+002 
     23.58000000 -0.233165042402885E+005  0.178885901809017E+002 
     23.60000000 -0.233165042401787E+005  0.178885902907144E+002 
     23.62000000 -0.233165042400688E+005  0.178885904005735E+002 
     23.64000000 -0.233165042399590E+005  0.178885905104202E+002 
     23.66000000 -0.233165042398492E+005  0.178885906202360E+002 
     23.68000000 -0.233165042397394E+005  0.178885907300146E+002 
     23.70000000 -0.233165042396297E+005  0.178885908396943E+002 
     23.72000000 -0.233165042395201E+005  0.178885909492811E+002 
     23.74000000 -0.233165042394106E+005  0.178885910587411E+002 
     23.76000000 -0.233165042393013E+005  0.178885911680588E+002 
     23.78000000 -0.233165042391921E+005  0.178885912772559E+002 
     23.80000000 -0.233165042390831E+005  0.178885913863354E+002 
     23.82000000 -0.233165042389741E+005  0.178885914952757E+002 
     23.84000000 -0.233165042388653E+005  0.178885916041046E+002 
     23.86000000 -0.233165042387566E+005  0.178885917128067E+002 
     23.88000000 -0.233165042386480E+005  0.178885918214036E+002 
     23.90000000 -0.233165042385394E+005  0.178885919299634E+002 
     23.92000000 -0.233165042384309E+005  0.178885920385293E+002 
     23.94000000 -0.233165042383222E+005  0.178885921472098E+002 
     23.96000000 -0.233165042382133E+005  0.178885922561315E+002 
     23.98000000 -0.233165042381039E+005  0.178885923654647E+002 
     24.00000000 -0.233165042379940E+005  0.178885924753918E+002 
     24.02000000 -0.233165042378833E+005  0.178885925861357E+002 
     24.04000000 -0.233165042377716E+005  0.178885926978385E+002 
     24.06000000 -0.233165042376588E+005  0.178885928106334E+002 
     24.08000000 -0.233165042375448E+005  0.178885929245791E+002 
     24.10000000 -0.233165042374297E+005  0.178885930396973E+002 
     24.12000000 -0.233165042373135E+005  0.178885931558425E+002 
     24.14000000 -0.233165042371965E+005  0.178885932728910E+002 
     24.16000000 -0.233165042370789E+005  0.178885933905057E+002 
     24.18000000 -0.233165042369610E+005  0.178885935084050E+002 
     24.20000000 -0.233165042368431E+005  0.178885936262455E+002 
     24.22000000 -0.233165042367257E+005  0.178885937436684E+002 
     24.24000000 -0.233165042366091E+005  0.178885938602993E+002 
     24.26000000 -0.233165042364935E+005  0.178885939759310E+002 
     24.28000000 -0.233165042363791E+005  0.178885940903345E+002 
     24.30000000 -0.233165042362660E+005  0.178885942034048E+002 
     24.32000000 -0.233165042361543E+005  0.178885943151355E+002 
     24.34000000 -0.233165042360438E+005  0.178885944255638E+002 
     24.36000000 -0.233165042359346E+005  0.178885945348041E+002 
     24.38000000 -0.233165042358263E+005  0.178885946430793E+002 
     24.40000000 -0.233165042357188E+005  0.178885947506058E+002 
     24.42000000 -0.233165042356117E+005  0.178885948576652E+002 
     24.44000000 -0.233165042355049E+005  0.178885949644771E+002 
     24.46000000 -0.233165042353980E+005  0.178885950713942E+002 
     24.48000000 -0.233165042352908E+005  0.178885951786392E+002 
     24.50000000 -0.233165042351829E+005  0.178885952865030E+002 
     24.52000000 -0.233165042350742E+005  0.178885953952081E+002 
     24.54000000 -0.233165042349645E+005  0.178885955049404E+002 
     24.56000000 -0.233165042348535E+005  0.178885956158729E+002 
     24.58000000 -0.233165042347413E+005  0.178885957281048E+002 
     24.60000000 -0.233165042346277E+005  0.178885958417318E+002 
     24.62000000 -0.233165042345127E+005  0.178885959566860E+002 
     24.64000000 -0.233165042343965E+005  0.178885960729024E+002 
     24.66000000 -0.233165042342791E+005  0.178885961902480E+002 
     24.68000000 -0.233165042341609E+005  0.178885963084875E+002 
     24.70000000 -0.233165042340420E+005  0.178885964273551E+002 
     24.72000000 -0.233165042339228E+005  0.178885965466063E+002 
     24.74000000 -0.233165042338035E+005  0.178885966659255E+002 
     24.76000000 -0.233165042336844E+005  0.178885967849942E+002 
     24.78000000 -0.233165042335658E+005  0.178885969035864E+002 
     24.80000000 -0.233165042334479E+005  0.178885970214486E+002 
     24.82000000 -0.233165042333310E+005  0.178885971384013E+002 
     24.84000000 -0.233165042332150E+005  0.178885972543856E+002 
     24.86000000 -0.233165042331000E+005  0.178885973693553E+002 
     24.88000000 -0.233165042329860E+005  0.178885974833474E+002 
     24.90000000 -0.233165042328729E+005  0.178885975965011E+002 
     24.92000000 -0.233165042327605E+005  0.178885977089124E+002 
     24.94000000 -0.233165042326486E+005  0.178885978207700E+002 
     24.96000000 -0.233165042325371E+005  0.178885979322810E+002 
     24.98000000 -0.233165042324258E+005  0.178885980436343E+002 
     25.00000000 -0.233165042323144E+005  0.178885981549752E+002 
     25.02000000 -0.233165042322030E+005  0.178885982663996E+002 
     25.04000000 -0.233165042320914E+005  0.178885983780189E+002 
     25.06000000 -0.233165042319795E+005  0.178885984898486E+002 
     25.08000000 -0.233165042318675E+005  0.178885986018856E+002 
     25.10000000 -0.233165042317553E+005  0.178885987141329E+002 
     25.12000000 -0.233165042316430E+005  0.178885988264112E+002 
     25.14000000 -0.233165042315306E+005  0.178885989387451E+002 
     25.16000000 -0.233165042314185E+005  0.178885990509120E+002 
     25.18000000 -0.233165042313065E+005  0.178885991628624E+002 
     25.20000000 -0.233165042311949E+005  0.178885992744724E+002 
     25.22000000 -0.233165042310837E+005  0.178885993856988E+002 
     25.24000000 -0.233165042309730E+005  0.178885994964365E+002 
     25.26000000 -0.233165042308627E+005  0.178885996067225E+002 
     25.28000000 -0.233165042307528E+005  0.178885997165692E+002 
     25.30000000 -0.233165042306433E+005  0.178885998260694E+002 
     25.32000000 -0.233165042305341E+005  0.178885999352603E+002 
     25.34000000 -0.233165042304251E+005  0.178886000442996E+002 
     25.36000000 -0.233165042303161E+005  0.178886001532646E+002 
     25.38000000 -0.233165042302071E+005  0.178886002622544E+002 
     25.40000000 -0.233165042300980E+005  0.178886003713679E+002 
     25.42000000 -0.233165042299887E+005  0.178886004806516E+002 
     25.44000000 -0.233165042298793E+005  0.178886005901271E+002 
     25.46000000 -0.233165042297696E+005  0.178886006997975E+002 
     25.48000000 -0.233165042296598E+005  0.178886008095730E+002 
     25.50000000 -0.233165042295500E+005  0.178886009193764E+002 
     25.52000000 -0.233165042294403E+005  0.178886010290685E+002 
     25.54000000 -0.233165042293308E+005  0.178886011385625E+002 
     25.56000000 -0.233165042292218E+005  0.178886012476234E+002 
     25.58000000 -0.233165042291132E+005  0.178886013562141E+002 
     25.60000000 -0.233165042290052E+005  0.178886014641459E+002 
     25.62000000 -0.233165042288980E+005  0.178886015714157E+002 
     25.64000000 -0.233165042287914E+005  0.178886016780080E+002 
     25.66000000 -0.233165042286855E+005  0.178886017839258E+002 
     25.68000000 -0.233165042285800E+005  0.178886018893611E+002 
     25.70000000 -0.233165042284750E+005  0.178886019944066E+002 
     25.72000000 -0.233165042283701E+005  0.178886020993190E+002 
     25.74000000 -0.233165042282651E+005  0.178886022042872E+002 
     25.76000000 -0.233165042281599E+005  0.178886023095275E+002 
     25.78000000 -0.233165042280541E+005  0.178886024152722E+002 
     25.80000000 -0.233165042279478E+005  0.178886025216386E+002 
     25.82000000 -0.233165042278407E+005  0.178886026287258E+002 
     25.84000000 -0.233165042277328E+005  0.178886027365865E+002 
     25.86000000 -0.233165042276242E+005  0.178886028452390E+002 
     25.88000000 -0.233165042275148E+005  0.178886029545722E+002 
     25.90000000 -0.233165042274049E+005  0.178886030645241E+002 
     25.92000000 -0.233165042272945E+005  0.178886031749339E+002 
     25.94000000 -0.233165042271837E+005  0.178886032856839E+002 
     25.96000000 -0.233165042270727E+005  0.178886033966628E+002 
     25.98000000 -0.233165042269616E+005  0.178886035077686E+002 
     26.00000000 -0.233165042268504E+005  0.178886036189425E+002 
     26.02000000 -0.233165042267393E+005  0.178886037301132E+002 
     26.04000000 -0.233165042266281E+005  0.178886038413149E+002 
     26.06000000 -0.233165042265169E+005  0.178886039525383E+002 
     26.08000000 -0.233165042264056E+005  0.178886040637678E+002 
     26.10000000 -0.233165042262943E+005  0.178886041750469E+002 
     26.12000000 -0.233165042261830E+005  0.178886042863445E+002 
     26.14000000 -0.233165042260717E+005  0.178886043976699E+002 
     26.16000000 -0.233165042259604E+005  0.178886045089520E+002 
     26.18000000 -0.233165042258493E+005  0.178886046201290E+002 
     26.20000000 -0.233165042257382E+005  0.178886047311760E+002 
     26.22000000 -0.233165042256275E+005  0.178886048419136E+002 
     26.24000000 -0.233165042255171E+005  0.178886049523265E+002 
     26.26000000 -0.233165042254071E+005  0.178886050622876E+002 
     26.28000000 -0.233165042252977E+005  0.178886051717229E+002 
     26.30000000 -0.233165042251889E+005  0.178886052805209E+002 
     26.32000000 -0.233165042250808E+005  0.178886053886104E+002 
     26.34000000 -0.233165042249734E+005  0.178886054960070E+002 
     26.36000000 -0.233165042248668E+005  0.178886056026055E+002 
     26.38000000 -0.233165042247609E+005  0.178886057084677E+002 
     26.40000000 -0.233165042246558E+005  0.178886058136121E+002 
     26.42000000 -0.233165042245513E+005  0.178886059181317E+002 
     26.44000000 -0.233165042244473E+005  0.178886060220666E+002 
     26.46000000 -0.233165042243438E+005  0.178886061255746E+002 
     26.48000000 -0.233165042242407E+005  0.178886062287392E+002 
     26.50000000 -0.233165042241377E+005  0.178886063317243E+002 
     26.52000000 -0.233165042240347E+005  0.178886064346600E+002 
     26.54000000 -0.233165042239317E+005  0.178886065376451E+002 
     26.56000000 -0.233165042238285E+005  0.178886066408406E+002 
     26.58000000 -0.233165042237251E+005  0.178886067443362E+002 
     26.60000000 -0.233165042236212E+005  0.178886068482402E+002 
     26.62000000 -0.233165042235167E+005  0.178886069526515E+002 
     26.64000000 -0.233165042234118E+005  0.178886070576165E+002 
     26.66000000 -0.233165042233062E+005  0.178886071631539E+002 
     26.68000000 -0.233165042232001E+005  0.178886072693378E+002 
     26.70000000 -0.233165042230933E+005  0.178886073761095E+002 
     26.72000000 -0.233165042229859E+005  0.178886074834937E+002 
     26.74000000 -0.233165042228780E+005  0.178886075913543E+002 
     26.76000000 -0.233165042227698E+005  0.178886076995955E+002 
     26.78000000 -0.233165042226613E+005  0.178886078081398E+002 
     26.80000000 -0.233165042225526E+005  0.178886079168140E+002 
     26.82000000 -0.233165042224439E+005  0.178886080254759E+002 
     26.84000000 -0.233165042223355E+005  0.178886081339119E+002 
     26.86000000 -0.233165042222274E+005  0.178886082420077E+002 
     26.88000000 -0.233165042221198E+005  0.178886083495806E+002 
     26.90000000 -0.233165042220129E+005  0.178886084564544E+002 
     26.92000000 -0.233165042219068E+005  0.178886085626197E+002 
     26.94000000 -0.233165042218015E+005  0.178886086679313E+002 
     26.96000000 -0.233165042216970E+005  0.178886087724137E+002 
     26.98000000 -0.233165042215933E+005  0.178886088761321E+002 
     27.00000000 -0.233165042214902E+005  0.178886089791914E+002 
     27.02000000 -0.233165042213877E+005  0.178886090817157E+002 
     27.04000000 -0.233165042212854E+005  0.178886091839893E+002 
     27.06000000 -0.233165042211831E+005  0.178886092862475E+002 
     27.08000000 -0.233165042210807E+005  0.178886093887160E+002 
     27.10000000 -0.233165042209777E+005  0.178886094917073E+002 
     27.12000000 -0.233165042208739E+005  0.178886095954783E+002 
     27.14000000 -0.233165042207691E+005  0.178886097002701E+002 
     27.16000000 -0.233165042206631E+005  0.178886098062684E+002 
     27.18000000 -0.233165042205557E+005  0.178886099136495E+002 
     27.20000000 -0.233165042204469E+005  0.178886100224475E+002 
     27.22000000 -0.233165042203367E+005  0.178886101326778E+002 
     27.24000000 -0.233165042202251E+005  0.178886102443033E+002 
     27.26000000 -0.233165042201123E+005  0.178886103571044E+002 
     27.28000000 -0.233165042199984E+005  0.178886104709418E+002 
     27.30000000 -0.233165042198839E+005  0.178886105854753E+002 
     27.32000000 -0.233165042197690E+005  0.178886107004047E+002 
     27.34000000 -0.233165042196540E+005  0.178886108153558E+002 
     27.36000000 -0.233165042195395E+005  0.178886109299141E+002 
     27.38000000 -0.233165042194258E+005  0.178886110436370E+002 
     27.40000000 -0.233165042193132E+005  0.178886111561906E+002 
     27.42000000 -0.233165042192022E+005  0.178886112672067E+002 
     27.44000000 -0.233165042190930E+005  0.178886113763945E+002 
     27.46000000 -0.233165042189859E+005  0.178886114835312E+002 
     27.48000000 -0.233165042188809E+005  0.178886115885024E+002 
     27.50000000 -0.233165042187780E+005  0.178886116913546E+002 
     27.52000000 -0.233165042186772E+005  0.178886117922082E+002 
     27.54000000 -0.233165042185781E+005  0.178886118913264E+002 
     27.56000000 -0.233165042184804E+005  0.178886119889813E+002 
     27.58000000 -0.233165042183837E+005  0.178886120856711E+002 
     27.60000000 -0.233165042182875E+005  0.178886121818689E+002 
     27.62000000 -0.233165042181914E+005  0.178886122780080E+002 
     27.64000000 -0.233165042180948E+005  0.178886123745740E+002 
     27.66000000 -0.233165042179974E+005  0.178886124720031E+002 
     27.68000000 -0.233165042178989E+005  0.178886125705335E+002 
     27.70000000 -0.233165042177989E+005  0.178886126704962E+002 
     27.72000000 -0.233165042176974E+005  0.178886127719562E+002 
     27.74000000 -0.233165042175944E+005  0.178886128749630E+002 
     27.76000000 -0.233165042174899E+005  0.178886129794981E+002 
     27.78000000 -0.233165042173840E+005  0.178886130853757E+002 
     27.80000000 -0.233165042172769E+005  0.178886131924475E+002 
     27.82000000 -0.233165042171689E+005  0.178886133004937E+002 
     27.84000000 -0.233165042170601E+005  0.178886134092763E+002 
     27.86000000 -0.233165042169509E+005  0.178886135184857E+002 
     27.88000000 -0.233165042168415E+005  0.178886136279055E+002 
     27.90000000 -0.233165042167321E+005  0.178886137373129E+002 
     27.92000000 -0.233165042166229E+005  0.178886138465316E+002 
     27.94000000 -0.233165042165140E+005  0.178886139554255E+002 
     27.96000000 -0.233165042164054E+005  0.178886140639451E+002 
     27.98000000 -0.233165042162973E+005  0.178886141721182E+002 
     28.00000000 -0.233165042161894E+005  0.178886142800190E+002 
     28.02000000 -0.233165042160816E+005  0.178886143877992E+002 
     28.04000000 -0.233165042159737E+005  0.178886144956784E+002 
     28.06000000 -0.233165042158656E+005  0.178886146037989E+002 
     28.08000000 -0.233165042157569E+005  0.178886147124824E+002 
     28.10000000 -0.233165042156476E+005  0.178886148217816E+002 
     28.12000000 -0.233165042155375E+005  0.178886149318510E+002 
     28.14000000 -0.233165042154266E+005  0.178886150427588E+002 
     28.16000000 -0.233165042153150E+005  0.178886151544122E+002 
     28.18000000 -0.233165042152027E+005  0.178886152666780E+002 
     28.20000000 -0.233165042150901E+005  0.178886153793399E+002 
     28.22000000 -0.233165042149772E+005  0.178886154921503E+002 
     28.24000000 -0.233165042148646E+005  0.178886156047936E+002 
     28.26000000 -0.233165042147524E+005  0.178886157170285E+002 
     28.28000000 -0.233165042146408E+005  0.178886158285581E+002 
     28.30000000 -0.233165042145302E+005  0.178886159391968E+002 
     28.32000000 -0.233165042144206E+005  0.178886160487774E+002 
     28.34000000 -0.233165042143121E+005  0.178886161572877E+002 
     28.36000000 -0.233165042142047E+005  0.178886162646967E+002 
     28.38000000 -0.233165042140982E+005  0.178886163711467E+002 
     28.40000000 -0.233165042139926E+005  0.178886164767861E+002 
     28.42000000 -0.233165042138875E+005  0.178886165818749E+002 
     28.44000000 -0.233165042137826E+005  0.178886166867440E+002 
     28.46000000 -0.233165042136777E+005  0.178886167917307E+002 
     28.48000000 -0.233165042135722E+005  0.178886168972000E+002 
     28.50000000 -0.233165042134659E+005  0.178886170034427E+002 
     28.52000000 -0.233165042133585E+005  0.178886171108548E+002 
     28.54000000 -0.233165042132497E+005  0.178886172196713E+002 
     28.56000000 -0.233165042131393E+005  0.178886173300501E+002 
     28.58000000 -0.233165042130273E+005  0.178886174420778E+002 
     28.60000000 -0.233165042129137E+005  0.178886175556894E+002 
     28.62000000 -0.233165042127987E+005  0.178886176706776E+002 
     28.64000000 -0.233165042126827E+005  0.178886177867362E+002 
     28.66000000 -0.233165042125659E+005  0.178886179034631E+002 
     28.68000000 -0.233165042124491E+005  0.178886180203384E+002 
     28.70000000 -0.233165042123326E+005  0.178886181368177E+002 
     28.72000000 -0.233165042122171E+005  0.178886182523288E+002 
     28.74000000 -0.233165042121030E+005  0.178886183663425E+002 
     28.76000000 -0.233165042119910E+005  0.178886184784197E+002 
     28.78000000 -0.233165042118812E+005  0.178886185881767E+002 
     28.80000000 -0.233165042117740E+005  0.178886186954310E+002 
     28.82000000 -0.233165042116692E+005  0.178886188001609E+002 
     28.84000000 -0.233165042115670E+005  0.178886189023912E+002 
     28.86000000 -0.233165042114669E+005  0.178886190024932E+002 
     28.88000000 -0.233165042113686E+005  0.178886191008008E+002 
     28.90000000 -0.233165042112715E+005  0.178886191978587E+002 
     28.92000000 -0.233165042111751E+005  0.178886192942545E+002 
     28.94000000 -0.233165042110788E+005  0.178886193905700E+002 
     28.96000000 -0.233165042109820E+005  0.178886194873618E+002 
     28.98000000 -0.233165042108842E+005  0.178886195851899E+002 
     29.00000000 -0.233165042107849E+005  0.178886196844783E+002 
     29.02000000 -0.233165042106838E+005  0.178886197856011E+002 
     29.04000000 -0.233165042105808E+005  0.178886198886234E+002 
     29.06000000 -0.233165042104757E+005  0.178886199937245E+002 
     29.08000000 -0.233165042103686E+005  0.178886201007468E+002 
     29.10000000 -0.233165042102598E+005  0.178886202095417E+002 
     29.12000000 -0.233165042101496E+005  0.178886203197534E+002 
     29.14000000 -0.233165042100384E+005  0.178886204309923E+002 
     29.16000000 -0.233165042099266E+005  0.178886205427725E+002 
     29.18000000 -0.233165042098148E+005  0.178886206546021E+002 
     29.20000000 -0.233165042097035E+005  0.178886207659245E+002 
     29.22000000 -0.233165042095930E+005  0.178886208763837E+002 
     29.24000000 -0.233165042094838E+005  0.178886209855437E+002 
     29.26000000 -0.233165042093763E+005  0.178886210931351E+002 
     29.28000000 -0.233165042092703E+005  0.178886211990561E+002 
     29.30000000 -0.233165042091661E+005  0.178886213033034E+002 
     29.32000000 -0.233165042090634E+005  0.178886214060102E+002 
     29.34000000 -0.233165042089619E+005  0.178886215074733E+002 
     29.36000000 -0.233165042088614E+005  0.178886216080145E+002 
     29.38000000 -0.233165042087613E+005  0.178886217080422E+002 
     29.40000000 -0.233165042086614E+005  0.178886218079771E+002 
     29.42000000 -0.233165042085613E+005  0.178886219081193E+002 
     29.44000000 -0.233165042084606E+005  0.178886220088245E+002 
     29.46000000 -0.233165042083591E+005  0.178886221102628E+002 
     29.48000000 -0.233165042082568E+005  0.178886222126138E+002 
     29.50000000 -0.233165042081536E+005  0.178886223157660E+002 
     29.52000000 -0.233165042080496E+005  0.178886224197504E+002 
     29.54000000 -0.233165042079450E+005  0.178886225244308E+002 
     29.56000000 -0.233165042078397E+005  0.178886226296434E+002 
     29.58000000 -0.233165042077342E+005  0.178886227352271E+002 
     29.60000000 -0.233165042076283E+005  0.178886228410645E+002 
     29.62000000 -0.233165042075224E+005  0.178886229470195E+002 
     29.64000000 -0.233165042074163E+005  0.178886230530550E+002 
     29.66000000 -0.233165042073103E+005  0.178886231591151E+002 
     29.68000000 -0.233165042072041E+005  0.178886232653300E+002 
     29.70000000 -0.233165042070977E+005  0.178886233716500E+002 
     29.72000000 -0.233165042069911E+005  0.178886234782546E+002 
     29.74000000 -0.233165042068841E+005  0.178886235852614E+002 
     29.76000000 -0.233165042067766E+005  0.178886236927818E+002 
     29.78000000 -0.233165042066685E+005  0.178886238009085E+002 
     29.80000000 -0.233165042065596E+005  0.178886239097405E+002 
     29.82000000 -0.233165042064501E+005  0.178886240192840E+002 
     29.84000000 -0.233165042063399E+005  0.178886241294710E+002 
     29.86000000 -0.233165042062292E+005  0.178886242402211E+002 
     29.88000000 -0.233165042061181E+005  0.178886243512928E+002 
     29.90000000 -0.233165042060069E+005  0.178886244625069E+002 
     29.92000000 -0.233165042058958E+005  0.178886245735694E+002 
     29.94000000 -0.233165042057852E+005  0.178886246842142E+002 
     29.96000000 -0.233165042056752E+005  0.178886247941754E+002 
     29.98000000 -0.233165042055661E+005  0.178886249032735E+002 
     30.00000000 -0.233165042054581E+005  0.178886250113259E+002 
