# Real time calculation: 
# Eall: Total energy
# Eall0: Initial total energy
# 1:Time[fs] 2:Eall[eV] 3:Eall-Eall0[eV] 
      0.00000000 -0.233319441535020E+005  0.000000000000000E+000 
      0.02000000 -0.233319441536885E+005 -0.186493154655432E-006 
      0.04000000 -0.233319441536890E+005 -0.186975752560784E-006 
      0.06000000 -0.233319441536880E+005 -0.185967246681651E-006 
      0.08000000 -0.233319441536825E+005 -0.180473055143796E-006 
      0.10000000 -0.233319441536665E+005 -0.164460704130317E-006 
      0.12000000 -0.233319441536295E+005 -0.127504841455084E-006 
      0.14000000 -0.233319441535555E+005 -0.534941216624929E-007 
      0.16000000 -0.233319441534212E+005  0.808691784859604E-007 
      0.18000000 -0.233319441531946E+005  0.307464362930364E-006 
      0.20000000 -0.233319441528339E+005  0.668175361417912E-006 
      0.22000000 -0.233319441522859E+005  0.121607866280839E-005 
      0.24000000 -0.233319441514854E+005  0.201660959334544E-005 
      0.26000000 -0.233319441503533E+005  0.314869147201202E-005 
      0.28000000 -0.233319441487966E+005  0.470539763586215E-005 
      0.30000000 -0.233319441467075E+005  0.679451137733411E-005 
      0.32000000 -0.233319441439630E+005  0.953901782288478E-005 
      0.34000000 -0.233319441404251E+005  0.130769678156317E-004 
      0.36000000 -0.233319441359405E+005  0.175615335997269E-004 
      0.38000000 -0.233319441303415E+005  0.231605726260958E-004 
      0.40000000 -0.233319441234462E+005  0.300558727198170E-004 
      0.42000000 -0.233319441150595E+005  0.384425735813499E-004 
      0.44000000 -0.233319441049739E+005  0.485280840348248E-004 
      0.46000000 -0.233319440929710E+005  0.605309869020270E-004 
      0.48000000 -0.233319440788223E+005  0.746797737296826E-004 
      0.50000000 -0.233319440622906E+005  0.912113908085907E-004 
      0.52000000 -0.233319440431321E+005  0.110369970807333E-003 
      0.54000000 -0.233319440210969E+005  0.132405146773182E-003 
      0.56000000 -0.233319439959315E+005  0.157570480595332E-003 
      0.58000000 -0.233319439673802E+005  0.186121838877332E-003 
      0.60000000 -0.233319439351864E+005  0.218315663627927E-003 
      0.62000000 -0.233319438990947E+005  0.254407307916999E-003 
      0.64000000 -0.233319438588527E+005  0.294649377718659E-003 
      0.66000000 -0.233319438142118E+005  0.339290274836807E-003 
      0.68000000 -0.233319437649292E+005  0.388572835731547E-003 
      0.70000000 -0.233319437107691E+005  0.442732954877731E-003 
      0.72000000 -0.233319436515035E+005  0.501998557697620E-003 
      0.74000000 -0.233319435869133E+005  0.566588691049445E-003 
      0.76000000 -0.233319435167893E+005  0.636712756020485E-003 
      0.78000000 -0.233319434409320E+005  0.712570037703464E-003 
      0.80000000 -0.233319433591529E+005  0.794349086481287E-003 
      0.82000000 -0.233319432712745E+005  0.882227510757429E-003 
      0.84000000 -0.233319431771302E+005  0.976371874867915E-003 
      0.86000000 -0.233319430765644E+005  0.107693762483549E-002 
      0.88000000 -0.233319429694325E+005  0.118406955859322E-002 
      0.90000000 -0.233319428556001E+005  0.129790196828899E-002 
      0.92000000 -0.233319427349427E+005  0.141855930849802E-002 
      0.94000000 -0.233319426073450E+005  0.154615698817836E-002 
      0.96000000 -0.233319424727000E+005  0.168080206363201E-002 
      0.98000000 -0.233319423309077E+005  0.182259437075386E-002 
      1.00000000 -0.233319421818746E+005  0.197162746547886E-002 
      1.02000000 -0.233319420255122E+005  0.212798981171537E-002 
      1.04000000 -0.233319418617362E+005  0.229176583934820E-002 
      1.06000000 -0.233319416904649E+005  0.246303708267474E-002 
      1.08000000 -0.233319415116188E+005  0.264188327553099E-002 
      1.10000000 -0.233319413251187E+005  0.282838331958087E-002 
      1.12000000 -0.233319411308857E+005  0.302261633922585E-002 
      1.14000000 -0.233319409288394E+005  0.322466260349060E-002 
      1.16000000 -0.233319407188979E+005  0.343460410142823E-002 
      1.18000000 -0.233319405009764E+005  0.365252561249768E-002 
      1.20000000 -0.233319402749868E+005  0.387851524484604E-002 
      1.22000000 -0.233319400408370E+005  0.411266504474301E-002 
      1.24000000 -0.233319397984306E+005  0.435507138637159E-002 
      1.26000000 -0.233319395476668E+005  0.460583525024987E-002 
      1.28000000 -0.233319392884397E+005  0.486506235006776E-002 
      1.30000000 -0.233319390206387E+005  0.513286328427213E-002 
      1.32000000 -0.233319387441487E+005  0.540935337520091E-002 
      1.34000000 -0.233319384588497E+005  0.569465237209973E-002 
      1.36000000 -0.233319381646178E+005  0.598888425313304E-002 
      1.38000000 -0.233319378613253E+005  0.629217669638257E-002 
      1.40000000 -0.233319375488416E+005  0.660466047659994E-002 
      1.42000000 -0.233319372270333E+005  0.692646873512265E-002 
      1.44000000 -0.233319368957658E+005  0.725773622504148E-002 
      1.46000000 -0.233319365549037E+005  0.759859833053675E-002 
      1.48000000 -0.233319362043121E+005  0.794918996865877E-002 
      1.50000000 -0.233319358438575E+005  0.830964453441830E-002 
      1.52000000 -0.233319354734094E+005  0.868009263242027E-002 
      1.54000000 -0.233319350928410E+005  0.906066101267351E-002 
      1.56000000 -0.233319347020306E+005  0.945147144452898E-002 
      1.58000000 -0.233319343008626E+005  0.985263943593919E-002 
      1.60000000 -0.233319338892291E+005  0.102642729032204E-001 
      1.62000000 -0.233319334670312E+005  0.106864708222531E-001 
      1.64000000 -0.233319330341800E+005  0.111193220560172E-001 
      1.66000000 -0.233319325905979E+005  0.115629041728452E-001 
      1.68000000 -0.233319321362201E+005  0.120172819645994E-001 
      1.70000000 -0.233319316709957E+005  0.124825063515460E-001 
      1.72000000 -0.233319311948887E+005  0.129586133057904E-001 
      1.74000000 -0.233319307078794E+005  0.134456226293146E-001 
      1.76000000 -0.233319302099651E+005  0.139435369578457E-001 
      1.78000000 -0.233319297011613E+005  0.144523407616304E-001 
      1.80000000 -0.233319291815023E+005  0.149719997514690E-001 
      1.82000000 -0.233319286510419E+005  0.155024601579115E-001 
      1.84000000 -0.233319281098538E+005  0.160436481867884E-001 
      1.86000000 -0.233319275580322E+005  0.165954698459706E-001 
      1.88000000 -0.233319269956915E+005  0.171578105462976E-001 
      1.90000000 -0.233319264229668E+005  0.177305351851045E-001 
      1.92000000 -0.233319258400140E+005  0.183134879977304E-001 
      1.94000000 -0.233319252470094E+005  0.189064926688865E-001 
      1.96000000 -0.233319246441491E+005  0.195093528895007E-001 
      1.98000000 -0.233319240316494E+005  0.201218525825479E-001 
      2.00000000 -0.233319234097454E+005  0.207437566547895E-001 
      2.02000000 -0.233319227786903E+005  0.213748116928281E-001 
      2.04000000 -0.233319221387554E+005  0.220147466622553E-001 
      2.06000000 -0.233319214902279E+005  0.226632741265214E-001 
      2.08000000 -0.233319208334109E+005  0.233200911595398E-001 
      2.10000000 -0.233319201686216E+005  0.239848804315327E-001 
      2.12000000 -0.233319194961907E+005  0.246573113381865E-001 
      2.14000000 -0.233319188164609E+005  0.253370411421809E-001 
      2.16000000 -0.233319181297856E+005  0.260237164519190E-001 
      2.18000000 -0.233319174365278E+005  0.267169742362203E-001 
      2.20000000 -0.233319167370589E+005  0.274164431329028E-001 
      2.22000000 -0.233319160317574E+005  0.281217446088749E-001 
      2.24000000 -0.233319153210079E+005  0.288324941047584E-001 
      2.26000000 -0.233319146051998E+005  0.295483022321022E-001 
      2.28000000 -0.233319138847262E+005  0.302687757818888E-001 
      2.30000000 -0.233319131599833E+005  0.309935187175716E-001 
      2.32000000 -0.233319124313689E+005  0.317221330814934E-001 
      2.34000000 -0.233319116992823E+005  0.324542197342506E-001 
      2.36000000 -0.233319109641225E+005  0.331893794838489E-001 
      2.38000000 -0.233319102262889E+005  0.339272131754170E-001 
      2.40000000 -0.233319094861794E+005  0.346673226564022E-001 
      2.42000000 -0.233319087441909E+005  0.354093111199576E-001 
      2.44000000 -0.233319080007188E+005  0.361527832070300E-001 
      2.46000000 -0.233319072561567E+005  0.368973452847817E-001 
      2.48000000 -0.233319065108965E+005  0.376426054899006E-001 
      2.50000000 -0.233319057653282E+005  0.383881738337822E-001 
      2.52000000 -0.233319050198404E+005  0.391336616766208E-001 
      2.54000000 -0.233319042748203E+005  0.398786817676269E-001 
      2.56000000 -0.233319035306545E+005  0.406228475613460E-001 
      2.58000000 -0.233319027877291E+005  0.413657729639861E-001 
      2.60000000 -0.233319020464302E+005  0.421070717889476E-001 
      2.62000000 -0.233319013071449E+005  0.428463571659507E-001 
      2.64000000 -0.233319005702610E+005  0.435832410429696E-001 
      2.66000000 -0.233318998361686E+005  0.443173334685223E-001 
      2.68000000 -0.233318991052599E+005  0.450482421307282E-001 
      2.70000000 -0.233318983779301E+005  0.457755719458626E-001 
      2.72000000 -0.233318976545777E+005  0.464989242911490E-001 
      2.74000000 -0.233318969356054E+005  0.472178966273437E-001 
      2.76000000 -0.233318962214200E+005  0.479320820316051E-001 
      2.78000000 -0.233318955124335E+005  0.486410685633110E-001 
      2.80000000 -0.233318948090629E+005  0.493444391619702E-001 
      2.82000000 -0.233318941117310E+005  0.500417710687242E-001 
      2.84000000 -0.233318934208661E+005  0.507326358882181E-001 
      2.86000000 -0.233318927369026E+005  0.514165993875188E-001 
      2.88000000 -0.233318920602806E+005  0.520932214033073E-001 
      2.90000000 -0.233318913914462E+005  0.527620558759080E-001 
      2.92000000 -0.233318907308508E+005  0.534226512267054E-001 
      2.94000000 -0.233318900789516E+005  0.540745503797986E-001 
      2.96000000 -0.233318894362107E+005  0.547172913157521E-001 
      2.98000000 -0.233318888030945E+005  0.553504075046958E-001 
      3.00000000 -0.233318881800734E+005  0.559734286240352E-001 
      3.02000000 -0.233318875676210E+005  0.565858810719849E-001 
      3.04000000 -0.233318869662131E+005  0.571872889698873E-001 
      3.06000000 -0.233318863763269E+005  0.577771751583441E-001 
      3.08000000 -0.233318857984398E+005  0.583550621871612E-001 
      3.10000000 -0.233318852330286E+005  0.589204734228481E-001 
      3.12000000 -0.233318846805678E+005  0.594729341870550E-001 
      3.14000000 -0.233318841415288E+005  0.600119732322080E-001 
      3.16000000 -0.233318836163782E+005  0.605371238026060E-001 
      3.18000000 -0.233318831055769E+005  0.610479250945889E-001 
      3.20000000 -0.233318826095786E+005  0.615439233825991E-001 
      3.22000000 -0.233318821288285E+005  0.620246735133789E-001 
      3.24000000 -0.233318816637621E+005  0.624897399546931E-001 
      3.26000000 -0.233318812148031E+005  0.629386988865863E-001 
      3.28000000 -0.233318807823613E+005  0.633711407381158E-001 
      3.30000000 -0.233318803668263E+005  0.637866756939169E-001 
      3.32000000 -0.233318799685584E+005  0.641849435781800E-001 
      3.34000000 -0.233318795878705E+005  0.645656314849414E-001 
      3.36000000 -0.233318792249987E+005  0.649285033650474E-001 
      3.38000000 -0.233318788800561E+005  0.652734458915168E-001 
      3.40000000 -0.233318785529655E+005  0.656005364996583E-001 
      3.42000000 -0.233318782433636E+005  0.659101384217353E-001 
      3.44000000 -0.233318779504729E+005  0.662030290982245E-001 
      3.46000000 -0.233318776729366E+005  0.664805654335699E-001 
      3.48000000 -0.233318774086129E+005  0.667448891075617E-001 
      3.50000000 -0.233318771543302E+005  0.669991717938504E-001 
      3.52000000 -0.233318769056038E+005  0.672478982685832E-001 
      3.54000000 -0.233318766563217E+005  0.674971803619968E-001 
      3.56000000 -0.233318763984111E+005  0.677550909501967E-001 
      3.58000000 -0.233318761214995E+005  0.680320025687408E-001 
      3.60000000 -0.233318758125908E+005  0.683409112543946E-001 
      3.62000000 -0.233318754557812E+005  0.686977207767365E-001 
      3.64000000 -0.233318750320423E+005  0.691214597082205E-001 
      3.66000000 -0.233318745191016E+005  0.696344003783728E-001 
      3.68000000 -0.233318738914539E+005  0.702620481700180E-001 
      3.70000000 -0.233318731205329E+005  0.710329691730484E-001 
      3.72000000 -0.233318721750748E+005  0.719784272336767E-001 
      3.74000000 -0.233318710216976E+005  0.731318044502523E-001 
      3.76000000 -0.233318696257140E+005  0.745277880638498E-001 
      3.78000000 -0.233318679521881E+005  0.762013138782133E-001 
      3.80000000 -0.233318659672339E+005  0.781862681208889E-001 
      3.82000000 -0.233318636395384E+005  0.805139636588996E-001 
      3.84000000 -0.233318609420810E+005  0.832114209819129E-001 
      3.86000000 -0.233318578540012E+005  0.862995007958333E-001 
      3.88000000 -0.233318543625499E+005  0.897909521648548E-001 
      3.90000000 -0.233318504650453E+005  0.936884566906421E-001 
      3.92000000 -0.233318461707370E+005  0.979827650131099E-001 
      3.94000000 -0.233318415024657E+005  0.102651036314774E+000 
      3.96000000 -0.233318364979999E+005  0.107655502127800E+000 
      3.98000000 -0.233318312109182E+005  0.112942583786178E+000 
      4.00000000 -0.233318257109057E+005  0.118442596345722E+000 
      4.02000000 -0.233318200833333E+005  0.124070168722665E+000 
      4.04000000 -0.233318144279990E+005  0.129725503051460E+000 
      4.06000000 -0.233318088569203E+005  0.135296581753490E+000 
      4.08000000 -0.233318034910917E+005  0.140662410362972E+000 
      4.10000000 -0.233317984561455E+005  0.145697356536885E+000 
      4.12000000 -0.233317938768885E+005  0.150276613514921E+000 
      4.14000000 -0.233317898707254E+005  0.154282776635817E+000 
      4.16000000 -0.233317865400244E+005  0.157613477612399E+000 
      4.18000000 -0.233317839635278E+005  0.160189974180332E+000 
      4.20000000 -0.233317821869597E+005  0.161966542375241E+000 
      4.22000000 -0.233317812130332E+005  0.162940468781125E+000 
      4.24000000 -0.233317809911128E+005  0.163162389246930E+000 
      4.26000000 -0.233317814068269E+005  0.162746675145218E+000 
      4.28000000 -0.233317822719767E+005  0.161881525369847E+000 
      4.30000000 -0.233317833151139E+005  0.160838388110347E+000 
      4.32000000 -0.233317841731912E+005  0.159980310859870E+000 
      4.34000000 -0.233317843847011E+005  0.159768800878523E+000 
      4.36000000 -0.233317833847261E+005  0.160768775954917E+000 
      4.38000000 -0.233317805023053E+005  0.163651196686939E+000 
      4.40000000 -0.233317749605067E+005  0.169192995295475E+000 
      4.42000000 -0.233317658795438E+005  0.178273958224457E+000 
      4.44000000 -0.233317522832279E+005  0.191870274094571E+000 
      4.46000000 -0.233317331089721E+005  0.211044529915815E+000 
      4.48000000 -0.233317072214786E+005  0.236932023407493E+000 
      4.50000000 -0.233316734301454E+005  0.270723356660066E+000 
      4.52000000 -0.233316305101173E+005  0.313643384725732E+000 
      4.54000000 -0.233315772267931E+005  0.366926708962685E+000 
      4.56000000 -0.233315123634751E+005  0.431790026897490E+000 
      4.58000000 -0.233314347517254E+005  0.509401776668340E+000 
      4.60000000 -0.233313433038673E+005  0.600849634730530E+000 
      4.62000000 -0.233312370469580E+005  0.707106544076064E+000 
      4.64000000 -0.233311151574428E+005  0.828996059258574E+000 
      4.66000000 -0.233309769956129E+005  0.967157889103965E+000 
      4.68000000 -0.233308221389089E+005  0.112201459317034E+001 
      4.70000000 -0.233306504130553E+005  0.129374044674925E+001 
      4.72000000 -0.233304619199855E+005  0.148223351657221E+001 
      4.74000000 -0.233302570615102E+005  0.168709199182432E+001 
      4.76000000 -0.233300365577167E+005  0.190759578530325E+001 
      4.78000000 -0.233298014591429E+005  0.214269435915394E+001 
      4.80000000 -0.233295531518698E+005  0.239100163226654E+001 
      4.82000000 -0.233292933548038E+005  0.265079869819670E+001 
      4.84000000 -0.233290241085822E+005  0.292004491978822E+001 
      4.86000000 -0.233287477557233E+005  0.319639777868784E+001 
      4.88000000 -0.233284669118616E+005  0.347724164043567E+001 
      4.90000000 -0.233281844281425E+005  0.375972535953953E+001 
      4.92000000 -0.233279033451045E+005  0.404080839752077E+001 
      4.94000000 -0.233276268386300E+005  0.431731487198641E+001 
      4.96000000 -0.233273581588044E+005  0.458599469765690E+001 
      4.98000000 -0.233271005627670E+005  0.484359073500154E+001 
      5.00000000 -0.233268572428658E+005  0.508691063622210E+001 
      5.02000000 -0.233266312516234E+005  0.531290187859131E+001 
      5.04000000 -0.233264254251875E+005  0.551872831457199E+001 
      5.06000000 -0.233262423070553E+005  0.570184644675619E+001 
      5.08000000 -0.233260840739351E+005  0.586007956692518E+001 
      5.10000000 -0.233259524656263E+005  0.599168787572455E+001 
      5.12000000 -0.233258487207663E+005  0.609543273571846E+001 
      5.14000000 -0.233257735202020E+005  0.617063330007748E+001 
      5.16000000 -0.233257269396069E+005  0.621721389510821E+001 
      5.18000000 -0.233257084127820E+005  0.623574072003900E+001 
      5.20000000 -0.233257167068549E+005  0.622744664711068E+001 
      5.22000000 -0.233257499103410E+005  0.619424316104566E+001 
      5.24000000 -0.233258054347531E+005  0.613871874894663E+001 
      5.26000000 -0.233258800301672E+005  0.606412333482500E+001 
      5.28000000 -0.233259698148569E+005  0.597433864510734E+001 
      5.30000000 -0.233260703188336E+005  0.587383466841101E+001 
      5.32000000 -0.233261765408568E+005  0.576761264526063E+001 
      5.34000000 -0.233262830182302E+005  0.566113527184315E+001 
      5.36000000 -0.233263839084676E+005  0.556024503445312E+001 
      5.38000000 -0.233264730817026E+005  0.547107179945864E+001 
      5.40000000 -0.233265442225304E+005  0.539993097158723E+001 
      5.42000000 -0.233265909397961E+005  0.535321370593412E+001 
      5.44000000 -0.233266068826879E+005  0.533727081414512E+001 
      5.46000000 -0.233265858613500E+005  0.535829215203542E+001 
      5.48000000 -0.233265219700854E+005  0.542218341660106E+001 
      5.50000000 -0.233264097110906E+005  0.553444241139938E+001 
      5.52000000 -0.233262441165311E+005  0.570003697089999E+001 
      5.54000000 -0.233260208666490E+005  0.592328685305263E+001 
      5.56000000 -0.233257364014842E+005  0.620775201781031E+001 
      5.58000000 -0.233253880237067E+005  0.655612979536240E+001 
      5.60000000 -0.233249739899990E+005  0.697016350305663E+001 
      5.62000000 -0.233244935884232E+005  0.745056507882336E+001 
      5.64000000 -0.233239471992532E+005  0.799695424886813E+001 
      5.66000000 -0.233233363368708E+005  0.860781663120988E+001 
      5.68000000 -0.233226636705339E+005  0.928048296815352E+001 
      5.70000000 -0.233219330221251E+005  0.100111313769348E+002 
      5.72000000 -0.233211493393925E+005  0.107948141095267E+002 
      5.74000000 -0.233203186436983E+005  0.116255098037155E+002 
      5.76000000 -0.233194479519046E+005  0.124962015974654E+002 
      5.78000000 -0.233185451727222E+005  0.133989807798116E+002 
      5.80000000 -0.233176189786164E+005  0.143251748856030E+002 
      5.82000000 -0.233166786551848E+005  0.152654983172141E+002 
      5.84000000 -0.233157339307678E+005  0.162102227342669E+002 
      5.86000000 -0.233147947898646E+005  0.171493636374247E+002 
      5.88000000 -0.233138712746972E+005  0.180728788048020E+002 
      5.90000000 -0.233129732799328E+005  0.189708735692591E+002 
      5.92000000 -0.233121103461016E+005  0.198338074004682E+002 
      5.94000000 -0.233112914575919E+005  0.206526959101777E+002 
      5.96000000 -0.233105248512382E+005  0.214193022638325E+002 
      5.98000000 -0.233098178414235E+005  0.221263120784809E+002 
      6.00000000 -0.233091766672548E+005  0.227674862472612E+002 
      6.02000000 -0.233086063667606E+005  0.233377867414424E+002 
      6.04000000 -0.233081106822193E+005  0.238334712827353E+002 
      6.06000000 -0.233076919996525E+005  0.242521538495553E+002 
      6.08000000 -0.233073513242861E+005  0.245928292159133E+002 
      6.10000000 -0.233070882924266E+005  0.248558610754577E+002 
      6.12000000 -0.233069012187997E+005  0.250429347023261E+002 
      6.14000000 -0.233067871770098E+005  0.251569764922275E+002 
      6.16000000 -0.233067421094946E+005  0.252020440074037E+002 
      6.18000000 -0.233067609622336E+005  0.251831912684446E+002 
      6.20000000 -0.233068378385883E+005  0.251063149137146E+002 
      6.22000000 -0.233069661660580E+005  0.249779874440309E+002 
      6.24000000 -0.233071388694676E+005  0.248052840344551E+002 
      6.26000000 -0.233073485441804E+005  0.245956093216388E+002 
      6.28000000 -0.233075876233313E+005  0.243565301706934E+002 
      6.30000000 -0.233078485337958E+005  0.240956197062541E+002 
      6.32000000 -0.233081238365794E+005  0.238203169226518E+002 
      6.34000000 -0.233084063484766E+005  0.235378050254483E+002 
      6.36000000 -0.233086892431171E+005  0.232549103849194E+002 
      6.38000000 -0.233089661308205E+005  0.229780226814960E+002 
      6.40000000 -0.233092311179062E+005  0.227130355958357E+002 
      6.42000000 -0.233094788471947E+005  0.224653063073450E+002 
      6.44000000 -0.233097045223080E+005  0.222396311940747E+002 
      6.46000000 -0.233099039189776E+005  0.220402345244123E+002 
      6.48000000 -0.233100733868797E+005  0.218707666223368E+002 
      6.50000000 -0.233102098455149E+005  0.217343079871504E+002 
      6.52000000 -0.233103107773701E+005  0.216333761318999E+002 
      6.54000000 -0.233103742210613E+005  0.215699324407523E+002 
      6.56000000 -0.233103987664289E+005  0.215453870731738E+002 
      6.58000000 -0.233103835527068E+005  0.215606007951813E+002 
      6.60000000 -0.233103282699817E+005  0.216158835203096E+002 
      6.62000000 -0.233102331632846E+005  0.217109902174477E+002 
      6.64000000 -0.233100990378831E+005  0.218451156189077E+002 
      6.66000000 -0.233099272637210E+005  0.220168897810783E+002 
      6.68000000 -0.233097197765350E+005  0.222243769669816E+002 
      6.70000000 -0.233094790729993E+005  0.224650805027673E+002 
      6.72000000 -0.233092081972920E+005  0.227359562100548E+002 
      6.74000000 -0.233089107167708E+005  0.230334367312158E+002 
      6.76000000 -0.233085906849255E+005  0.233534685765194E+002 
      6.78000000 -0.233082525904316E+005  0.236915630703994E+002 
      6.80000000 -0.233079012918959E+005  0.240428616061281E+002 
      6.82000000 -0.233075419387155E+005  0.244022147865025E+002 
      6.84000000 -0.233071798793116E+005  0.247642741904456E+002 
      6.86000000 -0.233068205587843E+005  0.251235947176858E+002 
      6.88000000 -0.233064694087289E+005  0.254747447730893E+002 
      6.90000000 -0.233061317325066E+005  0.258124209954111E+002 
      6.92000000 -0.233058125896560E+005  0.261315638460181E+002 
      6.94000000 -0.233055166833260E+005  0.264274701760725E+002 
      6.96000000 -0.233052482546227E+005  0.266958988793305E+002 
      6.98000000 -0.233050109875779E+005  0.269331659241126E+002 
      7.00000000 -0.233048079280853E+005  0.271362254166966E+002 
      7.02000000 -0.233046414196383E+005  0.273027338637392E+002 
      7.04000000 -0.233045130580619E+005  0.274310954401266E+002 
      7.06000000 -0.233044236667085E+005  0.275204867935785E+002 
      7.08000000 -0.233043732928032E+005  0.275708606987871E+002 
      7.10000000 -0.233043612248339E+005  0.275829286681767E+002 
      7.12000000 -0.233043860301066E+005  0.275581233954576E+002 
      7.14000000 -0.233044456108836E+005  0.274985426184763E+002 
      7.16000000 -0.233045372768815E+005  0.274068766205553E+002 
      7.18000000 -0.233046578313989E+005  0.272863221031015E+002 
      7.20000000 -0.233048036679461E+005  0.271404855559521E+002 
      7.22000000 -0.233049708740007E+005  0.269732795013001E+002 
      7.24000000 -0.233051553384014E+005  0.267888151005977E+002 
      7.26000000 -0.233053528589163E+005  0.265912945856828E+002 
      7.28000000 -0.233055592466887E+005  0.263849068133468E+002 
      7.30000000 -0.233057704245335E+005  0.261737289685160E+002 
      7.32000000 -0.233059825164372E+005  0.259616370648086E+002 
      7.34000000 -0.233061919260627E+005  0.257522274393341E+002 
      7.36000000 -0.233063954025705E+005  0.255487509315273E+002 
      7.38000000 -0.233065900926027E+005  0.253540608993752E+002 
      7.40000000 -0.233067735778161E+005  0.251705756859434E+002 
      7.42000000 -0.233069438978798E+005  0.250002556222067E+002 
      7.44000000 -0.233070995593388E+005  0.248445941632531E+002 
      7.46000000 -0.233072395311825E+005  0.247046223195290E+002 
      7.48000000 -0.233073632283287E+005  0.245809251733693E+002 
      7.50000000 -0.233074704845273E+005  0.244736689746850E+002 
      7.52000000 -0.233075615164075E+005  0.243826370945509E+002 
      7.54000000 -0.233076368805224E+005  0.243072729796210E+002 
      7.56000000 -0.233076974253084E+005  0.242467281936207E+002 
      7.58000000 -0.233077442398527E+005  0.241999136493404E+002 
      7.60000000 -0.233077786012848E+005  0.241655522172055E+002 
      7.62000000 -0.233078019224664E+005  0.241422310356531E+002 
      7.64000000 -0.233078157014706E+005  0.241284520314457E+002 
      7.66000000 -0.233078214741287E+005  0.241226793733001E+002 
      7.68000000 -0.233078207706810E+005  0.241233828209937E+002 
      7.70000000 -0.233078150773265E+005  0.241290761754961E+002 
      7.72000000 -0.233078058032217E+005  0.241383502803744E+002 
      7.74000000 -0.233077942532461E+005  0.241499002559257E+002 
      7.76000000 -0.233077816066403E+005  0.241625468617197E+002 
      7.78000000 -0.233077689014308E+005  0.241752520711964E+002 
      7.80000000 -0.233077570244002E+005  0.241871291017921E+002 
      7.82000000 -0.233077467062275E+005  0.241974472745395E+002 
      7.84000000 -0.233077385213236E+005  0.242056321784512E+002 
      7.86000000 -0.233077328918171E+005  0.242112616848825E+002 
      7.88000000 -0.233077300950975E+005  0.242140584044957E+002 
      7.90000000 -0.233077302743016E+005  0.242138792004256E+002 
      7.92000000 -0.233077334511267E+005  0.242107023753704E+002 
      7.94000000 -0.233077395403664E+005  0.242046131355974E+002 
      7.96000000 -0.233077483655937E+005  0.241957879082807E+002 
      7.98000000 -0.233077596754516E+005  0.241844780504154E+002 
      8.00000000 -0.233077731600580E+005  0.241709934439852E+002 
      8.02000000 -0.233077884670836E+005  0.241556864183858E+002 
      8.04000000 -0.233078052171149E+005  0.241389363870912E+002 
      8.06000000 -0.233078230179750E+005  0.241211355270340E+002 
      8.08000000 -0.233078414777325E+005  0.241026757695477E+002 
      8.10000000 -0.233078602161913E+005  0.240839373107471E+002 
      8.12000000 -0.233078788747115E+005  0.240652787904906E+002 
      8.14000000 -0.233078971242714E+005  0.240470292306349E+002 
      8.16000000 -0.233079146717351E+005  0.240294817668833E+002 
      8.18000000 -0.233079312643452E+005  0.240128891567856E+002 
      8.20000000 -0.233079466925034E+005  0.239974609986727E+002 
      8.22000000 -0.233079607909481E+005  0.239833625539032E+002 
      8.24000000 -0.233079734384742E+005  0.239707150278383E+002 
      8.26000000 -0.233079845563644E+005  0.239595971376348E+002 
      8.28000000 -0.233079941057307E+005  0.239500477713722E+002 
      8.30000000 -0.233080020839716E+005  0.239420695304699E+002 
      8.32000000 -0.233080085205610E+005  0.239356329409783E+002 
      8.34000000 -0.233080134723822E+005  0.239306811197816E+002 
      8.36000000 -0.233080170188125E+005  0.239271346895537E+002 
      8.38000000 -0.233080192567504E+005  0.239248967516236E+002 
      8.40000000 -0.233080202957596E+005  0.239238577424076E+002 
      8.42000000 -0.233080202534771E+005  0.239239000248982E+002 
      8.44000000 -0.233080192514119E+005  0.239249020901495E+002 
      8.46000000 -0.233080174112278E+005  0.239267422741806E+002 
      8.48000000 -0.233080148515792E+005  0.239293019227793E+002 
      8.50000000 -0.233080116855358E+005  0.239324679662415E+002 
      8.52000000 -0.233080080186095E+005  0.239361348925322E+002 
      8.54000000 -0.233080039473694E+005  0.239402061326287E+002 
      8.56000000 -0.233079995586083E+005  0.239445948937634E+002 
      8.58000000 -0.233079949290087E+005  0.239492244933070E+002 
      8.60000000 -0.233079901252405E+005  0.239540282615004E+002 
      8.62000000 -0.233079852044122E+005  0.239589490898791E+002 
      8.64000000 -0.233079802147943E+005  0.239639387076797E+002 
      8.66000000 -0.233079751967322E+005  0.239689567698101E+002 
      8.68000000 -0.233079701836652E+005  0.239739698368357E+002 
      8.70000000 -0.233079652031808E+005  0.239789503212451E+002 
      8.72000000 -0.233079602780370E+005  0.239838754650205E+002 
      8.74000000 -0.233079554271004E+005  0.239887264015875E+002 
      8.76000000 -0.233079506661588E+005  0.239934873432322E+002 
      8.78000000 -0.233079460085819E+005  0.239981449200994E+002 
      8.80000000 -0.233079414658173E+005  0.240026876846943E+002 
      8.82000000 -0.233079370477203E+005  0.240071057817244E+002 
      8.84000000 -0.233079327627292E+005  0.240113907727952E+002 
      8.86000000 -0.233079286179071E+005  0.240155355948945E+002 
      8.88000000 -0.233079246188773E+005  0.240195346246986E+002 
      8.90000000 -0.233079207696856E+005  0.240233838164038E+002 
      8.92000000 -0.233079170726348E+005  0.240270808671827E+002 
      8.94000000 -0.233079135282644E+005  0.240306252376023E+002 
      8.96000000 -0.233079101354730E+005  0.240340180290685E+002 
      8.98000000 -0.233079068915870E+005  0.240372619150624E+002 
      9.00000000 -0.233079037924296E+005  0.240403610724720E+002 
      9.02000000 -0.233079008323991E+005  0.240433211028822E+002 
      9.04000000 -0.233078980045570E+005  0.240461489450734E+002 
      9.06000000 -0.233078953007222E+005  0.240488527797916E+002 
      9.08000000 -0.233078927115751E+005  0.240514419269398E+002 
      9.10000000 -0.233078902267657E+005  0.240539267363651E+002 
      9.12000000 -0.233078878350304E+005  0.240563184716490E+002 
      9.14000000 -0.233078855243151E+005  0.240586291869116E+002 
      9.16000000 -0.233078832819053E+005  0.240608715967486E+002 
      9.18000000 -0.233078810945632E+005  0.240630589387987E+002 
      9.20000000 -0.233078789486721E+005  0.240652048299517E+002 
      9.22000000 -0.233078768303868E+005  0.240673231152115E+002 
      9.24000000 -0.233078747257908E+005  0.240694277112351E+002 
      9.26000000 -0.233078726210575E+005  0.240715324445269E+002 
      9.28000000 -0.233078705026154E+005  0.240736508866279E+002 
      9.30000000 -0.233078683573146E+005  0.240757961874430E+002 
      9.32000000 -0.233078661725934E+005  0.240779809086710E+002 
      9.34000000 -0.233078639366416E+005  0.240802168604323E+002 
      9.36000000 -0.233078616385591E+005  0.240825149429213E+002 
      9.38000000 -0.233078592685056E+005  0.240848849964549E+002 
      9.40000000 -0.233078568178396E+005  0.240873356624589E+002 
      9.42000000 -0.233078542792436E+005  0.240898742583983E+002 
      9.44000000 -0.233078516468324E+005  0.240925066695856E+002 
      9.46000000 -0.233078489162415E+005  0.240952372605247E+002 
      9.48000000 -0.233078460846944E+005  0.240980688076108E+002 
      9.50000000 -0.233078431510464E+005  0.241010024556619E+002 
      9.52000000 -0.233078401158027E+005  0.241040376993702E+002 
      9.54000000 -0.233078369811124E+005  0.241071723896406E+002 
      9.56000000 -0.233078337507364E+005  0.241104027656526E+002 
      9.58000000 -0.233078304299909E+005  0.241137235111356E+002 
      9.60000000 -0.233078270256682E+005  0.241171278338735E+002 
      9.62000000 -0.233078235459361E+005  0.241206075659340E+002 
      9.64000000 -0.233078200002196E+005  0.241241532824738E+002 
      9.66000000 -0.233078163990655E+005  0.241277544364829E+002 
      9.68000000 -0.233078127539960E+005  0.241313995060536E+002 
      9.70000000 -0.233078090773501E+005  0.241350761519558E+002 
      9.72000000 -0.233078053821201E+005  0.241387713819454E+002 
      9.74000000 -0.233078016817822E+005  0.241424717198194E+002 
      9.76000000 -0.233077979901254E+005  0.241461633766448E+002 
      9.78000000 -0.233077943210796E+005  0.241498324224003E+002 
      9.80000000 -0.233077906885460E+005  0.241534649560636E+002 
      9.82000000 -0.233077871062290E+005  0.241570472730172E+002 
      9.84000000 -0.233077835874736E+005  0.241605660284764E+002 
      9.86000000 -0.233077801451056E+005  0.241640083963964E+002 
      9.88000000 -0.233077767912791E+005  0.241673622228892E+002 
      9.90000000 -0.233077735373290E+005  0.241706161729799E+002 
      9.92000000 -0.233077703936316E+005  0.241737598704359E+002 
      9.94000000 -0.233077673694731E+005  0.241767840289539E+002 
      9.96000000 -0.233077644729285E+005  0.241796805735385E+002 
      9.98000000 -0.233077617107522E+005  0.241824427498423E+002 
     10.00000000 -0.233077590882825E+005  0.241850652195529E+002 
     10.02000000 -0.233077566093631E+005  0.241875441389234E+002 
     10.04000000 -0.233077542762841E+005  0.241898772179246E+002 
     10.06000000 -0.233077520897452E+005  0.241920637567926E+002 
     10.08000000 -0.233077500488442E+005  0.241941046578432E+002 
     10.10000000 -0.233077481510919E+005  0.241960024101370E+002 
     10.12000000 -0.233077463924566E+005  0.241977610454640E+002 
     10.14000000 -0.233077447674372E+005  0.241993860648339E+002 
     10.16000000 -0.233077432691656E+005  0.242008843363976E+002 
     10.18000000 -0.233077418895369E+005  0.242022639651085E+002 
     10.20000000 -0.233077406193646E+005  0.242035341374095E+002 
     10.22000000 -0.233077394485587E+005  0.242047049433710E+002 
     10.24000000 -0.233077383663212E+005  0.242057871807994E+002 
     10.26000000 -0.233077373613565E+005  0.242067921455360E+002 
     10.28000000 -0.233077364220888E+005  0.242077314132112E+002 
     10.30000000 -0.233077355368845E+005  0.242086166175096E+002 
     10.32000000 -0.233077346942711E+005  0.242094592308846E+002 
     10.34000000 -0.233077338831495E+005  0.242102703525438E+002 
     10.36000000 -0.233077330929925E+005  0.242110605095497E+002 
     10.38000000 -0.233077323140262E+005  0.242118394758775E+002 
     10.40000000 -0.233077315373880E+005  0.242126161139982E+002 
     10.42000000 -0.233077307552586E+005  0.242133982434768E+002 
     10.44000000 -0.233077299609625E+005  0.242141925395703E+002 
     10.46000000 -0.233077291490376E+005  0.242150044644611E+002 
     10.48000000 -0.233077283152696E+005  0.242158382324507E+002 
     10.50000000 -0.233077274566925E+005  0.242166968095582E+002 
     10.52000000 -0.233077265715562E+005  0.242175819458103E+002 
     10.54000000 -0.233077256592635E+005  0.242184942385549E+002 
     10.56000000 -0.233077247202793E+005  0.242194332227441E+002 
     10.58000000 -0.233077237560186E+005  0.242203974834409E+002 
     10.60000000 -0.233077227687166E+005  0.242213847854035E+002 
     10.62000000 -0.233077217612884E+005  0.242223922136724E+002 
     10.64000000 -0.233077207371828E+005  0.242234163191824E+002 
     10.66000000 -0.233077197002387E+005  0.242244532632815E+002 
     10.68000000 -0.233077186545458E+005  0.242254989562310E+002 
     10.70000000 -0.233077176043171E+005  0.242265491849698E+002 
     10.72000000 -0.233077165537753E+005  0.242275997267599E+002 
     10.74000000 -0.233077155070556E+005  0.242286464463993E+002 
     10.76000000 -0.233077144681265E+005  0.242296853755659E+002 
     10.78000000 -0.233077134407276E+005  0.242307127744725E+002 
     10.80000000 -0.233077124283256E+005  0.242317251764480E+002 
     10.82000000 -0.233077114340851E+005  0.242327194168939E+002 
     10.84000000 -0.233077104608531E+005  0.242336926489559E+002 
     10.86000000 -0.233077095111540E+005  0.242346423480312E+002 
     10.88000000 -0.233077085871943E+005  0.242355663077628E+002 
     10.90000000 -0.233077076908719E+005  0.242364626300805E+002 
     10.92000000 -0.233077068237908E+005  0.242373297111818E+002 
     10.94000000 -0.233077059872767E+005  0.242381662253268E+002 
     10.96000000 -0.233077051823938E+005  0.242389711082386E+002 
     10.98000000 -0.233077044099614E+005  0.242397435406733E+002 
     11.00000000 -0.233077036705689E+005  0.242404829331530E+002 
     11.02000000 -0.233077029645903E+005  0.242411889116798E+002 
     11.04000000 -0.233077022921971E+005  0.242418613049160E+002 
     11.06000000 -0.233077016533700E+005  0.242425001320448E+002 
     11.08000000 -0.233077010479107E+005  0.242431055913583E+002 
     11.10000000 -0.233077004754535E+005  0.242436780485698E+002 
     11.12000000 -0.233076999354767E+005  0.242442180253769E+002 
     11.14000000 -0.233076994273151E+005  0.242447261868831E+002 
     11.16000000 -0.233076989501737E+005  0.242452033283200E+002 
     11.18000000 -0.233076985031413E+005  0.242456503606901E+002 
     11.20000000 -0.233076980852064E+005  0.242460682956301E+002 
     11.22000000 -0.233076976952727E+005  0.242464582292960E+002 
     11.24000000 -0.233076973321762E+005  0.242468213257790E+002 
     11.26000000 -0.233076969947018E+005  0.242471588002576E+002 
     11.28000000 -0.233076966815996E+005  0.242474719023818E+002 
     11.30000000 -0.233076963916022E+005  0.242477618998715E+002 
     11.32000000 -0.233076961234385E+005  0.242480300635275E+002 
     11.34000000 -0.233076958758491E+005  0.242482776529243E+002 
     11.36000000 -0.233076956475981E+005  0.242485059038928E+002 
     11.38000000 -0.233076954374842E+005  0.242487160178762E+002 
     11.40000000 -0.233076952443490E+005  0.242489091529856E+002 
     11.42000000 -0.233076950670848E+005  0.242490864172751E+002 
     11.44000000 -0.233076949046381E+005  0.242492488639373E+002 
     11.46000000 -0.233076947560132E+005  0.242493974888254E+002 
     11.48000000 -0.233076946202725E+005  0.242495332295126E+002 
     11.50000000 -0.233076944965358E+005  0.242496569662450E+002 
     11.52000000 -0.233076943839778E+005  0.242497695242591E+002 
     11.54000000 -0.233076942818249E+005  0.242498716771436E+002 
     11.56000000 -0.233076941893511E+005  0.242499641509518E+002 
     11.58000000 -0.233076941058733E+005  0.242500476287204E+002 
     11.60000000 -0.233076940307475E+005  0.242501227545693E+002 
     11.62000000 -0.233076939633637E+005  0.242501901382794E+002 
     11.64000000 -0.233076939031438E+005  0.242502503582165E+002 
     11.66000000 -0.233076938495379E+005  0.242503039641554E+002 
     11.68000000 -0.233076938020231E+005  0.242503514789014E+002 
     11.70000000 -0.233076937601029E+005  0.242503933991560E+002 
     11.72000000 -0.233076937233066E+005  0.242504301954582E+002 
     11.74000000 -0.233076936911902E+005  0.242504623118012E+002 
     11.76000000 -0.233076936633374E+005  0.242504901646485E+002 
     11.78000000 -0.233076936393598E+005  0.242505141422687E+002 
     11.80000000 -0.233076936188976E+005  0.242505346044322E+002 
     11.82000000 -0.233076936016194E+005  0.242505518826623E+002 
     11.84000000 -0.233076935872202E+005  0.242505662818308E+002 
     11.86000000 -0.233076935754195E+005  0.242505780825499E+002 
     11.88000000 -0.233076935659567E+005  0.242505875453606E+002 
     11.90000000 -0.233076935585861E+005  0.242505949159268E+002 
     11.92000000 -0.233076935530705E+005  0.242506004315754E+002 
     11.94000000 -0.233076935491731E+005  0.242506043289340E+002 
     11.96000000 -0.233076935466501E+005  0.242506068519404E+002 
     11.98000000 -0.233076935452417E+005  0.242506082602879E+002 
     12.00000000 -0.233076935446643E+005  0.242506088377039E+002 
     12.02000000 -0.233076935444232E+005  0.242506090787801E+002 
     12.04000000 -0.233076935441794E+005  0.242506093225972E+002 
     12.06000000 -0.233076935439317E+005  0.242506095703277E+002 
     12.08000000 -0.233076935436806E+005  0.242506098214210E+002 
     12.10000000 -0.233076935434268E+005  0.242506100752458E+002 
     12.12000000 -0.233076935431711E+005  0.242506103309577E+002 
     12.14000000 -0.233076935429144E+005  0.242506105876163E+002 
     12.16000000 -0.233076935426577E+005  0.242506108443212E+002 
     12.18000000 -0.233076935424018E+005  0.242506111002033E+002 
     12.20000000 -0.233076935421475E+005  0.242506113545015E+002 
     12.22000000 -0.233076935418955E+005  0.242506116065723E+002 
     12.24000000 -0.233076935416461E+005  0.242506118559516E+002 
     12.26000000 -0.233076935413997E+005  0.242506121023612E+002 
     12.28000000 -0.233076935411564E+005  0.242506123456276E+002 
     12.30000000 -0.233076935409162E+005  0.242506125858624E+002 
     12.32000000 -0.233076935406788E+005  0.242506128232696E+002 
     12.34000000 -0.233076935404438E+005  0.242506130582268E+002 
     12.36000000 -0.233076935402108E+005  0.242506132912442E+002 
     12.38000000 -0.233076935399791E+005  0.242506135229283E+002 
     12.40000000 -0.233076935397481E+005  0.242506137539164E+002 
     12.42000000 -0.233076935395171E+005  0.242506139849075E+002 
     12.44000000 -0.233076935392855E+005  0.242506142165360E+002 
     12.46000000 -0.233076935390527E+005  0.242506144492967E+002 
     12.48000000 -0.233076935388184E+005  0.242506146835825E+002 
     12.50000000 -0.233076935385824E+005  0.242506149196378E+002 
     12.52000000 -0.233076935383446E+005  0.242506151573853E+002 
     12.54000000 -0.233076935381053E+005  0.242506153967075E+002 
     12.56000000 -0.233076935378649E+005  0.242506156371557E+002 
     12.58000000 -0.233076935376238E+005  0.242506158782381E+002 
     12.60000000 -0.233076935373827E+005  0.242506161192927E+002 
     12.62000000 -0.233076935371425E+005  0.242506163595120E+002 
     12.64000000 -0.233076935369038E+005  0.242506165982030E+002 
     12.66000000 -0.233076935366674E+005  0.242506168346234E+002 
     12.68000000 -0.233076935364339E+005  0.242506170681235E+002 
     12.70000000 -0.233076935362038E+005  0.242506172982020E+002 
     12.72000000 -0.233076935359775E+005  0.242506175245621E+002 
     12.74000000 -0.233076935357550E+005  0.242506177470397E+002 
     12.76000000 -0.233076935355363E+005  0.242506179657710E+002 
     12.78000000 -0.233076935353209E+005  0.242506181811273E+002 
     12.80000000 -0.233076935351084E+005  0.242506183936188E+002 
     12.82000000 -0.233076935348981E+005  0.242506186039078E+002 
     12.84000000 -0.233076935346893E+005  0.242506188127489E+002 
     12.86000000 -0.233076935344811E+005  0.242506190209404E+002 
     12.88000000 -0.233076935342728E+005  0.242506192291907E+002 
     12.90000000 -0.233076935340639E+005  0.242506194381154E+002 
     12.92000000 -0.233076935338539E+005  0.242506196481506E+002 
     12.94000000 -0.233076935336426E+005  0.242506198594295E+002 
     12.96000000 -0.233076935334300E+005  0.242506200720139E+002 
     12.98000000 -0.233076935332163E+005  0.242506202857460E+002 
     13.00000000 -0.233076935330019E+005  0.242506205001525E+002 
     13.02000000 -0.233076935327873E+005  0.242506207147539E+002 
     13.04000000 -0.233076935325730E+005  0.242506209289964E+002 
     13.06000000 -0.233076935323597E+005  0.242506211423109E+002 
     13.08000000 -0.233076935321479E+005  0.242506213541559E+002 
     13.10000000 -0.233076935319379E+005  0.242506215641417E+002 
     13.12000000 -0.233076935317299E+005  0.242506217721259E+002 
     13.14000000 -0.233076935315240E+005  0.242506219780467E+002 
     13.16000000 -0.233076935313200E+005  0.242506221820433E+002 
     13.18000000 -0.233076935311174E+005  0.242506223845891E+002 
     13.20000000 -0.233076935309160E+005  0.242506225860644E+002 
     13.22000000 -0.233076935307149E+005  0.242506227870974E+002 
     13.24000000 -0.233076935305139E+005  0.242506229881458E+002 
     13.26000000 -0.233076935303123E+005  0.242506231896985E+002 
     13.28000000 -0.233076935301101E+005  0.242506233918977E+002 
     13.30000000 -0.233076935299071E+005  0.242506235948920E+002 
     13.32000000 -0.233076935297035E+005  0.242506237984803E+002 
     13.34000000 -0.233076935294997E+005  0.242506240023284E+002 
     13.36000000 -0.233076935292961E+005  0.242506242059197E+002 
     13.38000000 -0.233076935290933E+005  0.242506244087006E+002 
     13.40000000 -0.233076935288921E+005  0.242506246099686E+002 
     13.42000000 -0.233076935286927E+005  0.242506248093094E+002 
     13.44000000 -0.233076935284958E+005  0.242506250062434E+002 
     13.46000000 -0.233076935283015E+005  0.242506252005138E+002 
     13.48000000 -0.233076935281099E+005  0.242506253920928E+002 
     13.50000000 -0.233076935279209E+005  0.242506255811351E+002 
     13.52000000 -0.233076935277341E+005  0.242506257679499E+002 
     13.54000000 -0.233076935275490E+005  0.242506259529953E+002 
     13.56000000 -0.233076935273653E+005  0.242506261367661E+002 
     13.58000000 -0.233076935271822E+005  0.242506263198099E+002 
     13.60000000 -0.233076935269994E+005  0.242506265026310E+002 
     13.62000000 -0.233076935268164E+005  0.242506266856532E+002 
     13.64000000 -0.233076935266327E+005  0.242506268692879E+002 
     13.66000000 -0.233076935264483E+005  0.242506270537454E+002 
     13.68000000 -0.233076935262629E+005  0.242506272391063E+002 
     13.70000000 -0.233076935260766E+005  0.242506274254448E+002 
     13.72000000 -0.233076935258893E+005  0.242506276126866E+002 
     13.74000000 -0.233076935257015E+005  0.242506278005564E+002 
     13.76000000 -0.233076935255132E+005  0.242506279888655E+002 
     13.78000000 -0.233076935253248E+005  0.242506281772055E+002 
     13.80000000 -0.233076935251368E+005  0.242506283652238E+002 
     13.82000000 -0.233076935249495E+005  0.242506285524904E+002 
     13.84000000 -0.233076935247634E+005  0.242506287386185E+002 
     13.86000000 -0.233076935245788E+005  0.242506289232431E+002 
     13.88000000 -0.233076935243959E+005  0.242506291061415E+002 
     13.90000000 -0.233076935242149E+005  0.242506292871281E+002 
     13.92000000 -0.233076935240358E+005  0.242506294662462E+002 
     13.94000000 -0.233076935238584E+005  0.242506296435885E+002 
     13.96000000 -0.233076935236826E+005  0.242506298194645E+002 
     13.98000000 -0.233076935235078E+005  0.242506299942763E+002 
     14.00000000 -0.233076935233336E+005  0.242506301684478E+002 
     14.02000000 -0.233076935231595E+005  0.242506303424831E+002 
     14.04000000 -0.233076935229852E+005  0.242506305168525E+002 
     14.06000000 -0.233076935228100E+005  0.242506306919861E+002 
     14.08000000 -0.233076935226339E+005  0.242506308681436E+002 
     14.10000000 -0.233076935224565E+005  0.242506310455324E+002 
     14.12000000 -0.233076935222779E+005  0.242506312241585E+002 
     14.14000000 -0.233076935220981E+005  0.242506314039294E+002 
     14.16000000 -0.233076935219175E+005  0.242506315845664E+002 
     14.18000000 -0.233076935217363E+005  0.242506317656891E+002 
     14.20000000 -0.233076935215551E+005  0.242506319468798E+002 
     14.22000000 -0.233076935213745E+005  0.242506321275633E+002 
     14.24000000 -0.233076935211948E+005  0.242506323072598E+002 
     14.26000000 -0.233076935210166E+005  0.242506324854653E+002 
     14.28000000 -0.233076935208403E+005  0.242506326617435E+002 
     14.30000000 -0.233076935206662E+005  0.242506328357819E+002 
     14.32000000 -0.233076935204947E+005  0.242506330072805E+002 
     14.34000000 -0.233076935203258E+005  0.242506331762485E+002 
     14.36000000 -0.233076935201593E+005  0.242506333427448E+002 
     14.38000000 -0.233076935199951E+005  0.242506335069766E+002 
     14.40000000 -0.233076935198328E+005  0.242506336692594E+002 
     14.42000000 -0.233076935196720E+005  0.242506338300697E+002 
     14.44000000 -0.233076935195122E+005  0.242506339898684E+002 
     14.46000000 -0.233076935193528E+005  0.242506341492649E+002 
     14.48000000 -0.233076935191932E+005  0.242506343087944E+002 
     14.50000000 -0.233076935190330E+005  0.242506344689922E+002 
     14.52000000 -0.233076935188717E+005  0.242506346303253E+002 
     14.54000000 -0.233076935187087E+005  0.242506347932980E+002 
     14.56000000 -0.233076935185438E+005  0.242506349581887E+002 
     14.58000000 -0.233076935183768E+005  0.242506351252387E+002 
     14.60000000 -0.233076935182074E+005  0.242506352945873E+002 
     14.62000000 -0.233076935180359E+005  0.242506354661199E+002 
     14.64000000 -0.233076935178623E+005  0.242506356397252E+002 
     14.66000000 -0.233076935176870E+005  0.242506358150134E+002 
     14.68000000 -0.233076935175106E+005  0.242506359914153E+002 
     14.70000000 -0.233076935173337E+005  0.242506361683617E+002 
     14.72000000 -0.233076935171569E+005  0.242506363451225E+002 
     14.74000000 -0.233076935169811E+005  0.242506365209057E+002 
     14.76000000 -0.233076935168070E+005  0.242506366950369E+002 
     14.78000000 -0.233076935166351E+005  0.242506368668851E+002 
     14.80000000 -0.233076935164661E+005  0.242506370359243E+002 
     14.82000000 -0.233076935163002E+005  0.242506372018668E+002 
     14.84000000 -0.233076935161375E+005  0.242506373645641E+002 
     14.86000000 -0.233076935159779E+005  0.242506375240968E+002 
     14.88000000 -0.233076935158213E+005  0.242506376807184E+002 
     14.90000000 -0.233076935156672E+005  0.242506378348465E+002 
     14.92000000 -0.233076935155150E+005  0.242506379869855E+002 
     14.94000000 -0.233076935153643E+005  0.242506381377695E+002 
     14.96000000 -0.233076935152142E+005  0.242506382878389E+002 
     14.98000000 -0.233076935150641E+005  0.242506384378897E+002 
     15.00000000 -0.233076935149135E+005  0.242506385885191E+002 
     15.02000000 -0.233076935147617E+005  0.242506387402992E+002 
     15.04000000 -0.233076935146084E+005  0.242506388936725E+002 
     15.06000000 -0.233076935144531E+005  0.242506390489206E+002 
     15.08000000 -0.233076935142958E+005  0.242506392062598E+002 
     15.10000000 -0.233076935141364E+005  0.242506393656780E+002 
     15.12000000 -0.233076935139749E+005  0.242506395271132E+002 
     15.14000000 -0.233076935138117E+005  0.242506396903767E+002 
     15.16000000 -0.233076935136468E+005  0.242506398552272E+002 
     15.18000000 -0.233076935134807E+005  0.242506400213553E+002 
     15.20000000 -0.233076935133135E+005  0.242506401885446E+002 
     15.22000000 -0.233076935131455E+005  0.242506403564948E+002 
     15.24000000 -0.233076935129770E+005  0.242506405249957E+002 
     15.26000000 -0.233076935128081E+005  0.242506406938957E+002 
     15.28000000 -0.233076935126390E+005  0.242506408630370E+002 
     15.30000000 -0.233076935124698E+005  0.242506410322433E+002 
     15.32000000 -0.233076935123006E+005  0.242506412014526E+002 
     15.34000000 -0.233076935121316E+005  0.242506413704516E+002 
     15.36000000 -0.233076935119629E+005  0.242506415391412E+002 
     15.38000000 -0.233076935117947E+005  0.242506417073204E+002 
     15.40000000 -0.233076935116273E+005  0.242506418747478E+002 
     15.42000000 -0.233076935114608E+005  0.242506420412225E+002 
     15.44000000 -0.233076935112955E+005  0.242506422065401E+002 
     15.46000000 -0.233076935111316E+005  0.242506423704409E+002 
     15.48000000 -0.233076935109692E+005  0.242506425328196E+002 
     15.50000000 -0.233076935108084E+005  0.242506426935804E+002 
     15.52000000 -0.233076935106493E+005  0.242506428527634E+002 
     15.54000000 -0.233076935104915E+005  0.242506430105358E+002 
     15.56000000 -0.233076935103348E+005  0.242506431672564E+002 
     15.58000000 -0.233076935101787E+005  0.242506433233088E+002 
     15.60000000 -0.233076935100228E+005  0.242506434792374E+002 
     15.62000000 -0.233076935098665E+005  0.242506436355496E+002 
     15.64000000 -0.233076935097093E+005  0.242506437927466E+002 
     15.66000000 -0.233076935095508E+005  0.242506439512491E+002 
     15.68000000 -0.233076935093907E+005  0.242506441113231E+002 
     15.70000000 -0.233076935092290E+005  0.242506442730367E+002 
     15.72000000 -0.233076935090658E+005  0.242506444362352E+002 
     15.74000000 -0.233076935089013E+005  0.242506446007516E+002 
     15.76000000 -0.233076935087358E+005  0.242506447662456E+002 
     15.78000000 -0.233076935085698E+005  0.242506449322592E+002 
     15.80000000 -0.233076935084036E+005  0.242506450984647E+002 
     15.82000000 -0.233076935082375E+005  0.242506452645465E+002 
     15.84000000 -0.233076935080717E+005  0.242506454303312E+002 
     15.86000000 -0.233076935079063E+005  0.242506455957293E+002 
     15.88000000 -0.233076935077413E+005  0.242506457607561E+002 
     15.90000000 -0.233076935075765E+005  0.242506459255014E+002 
     15.92000000 -0.233076935074119E+005  0.242506460901477E+002 
     15.94000000 -0.233076935072473E+005  0.242506462547662E+002 
     15.96000000 -0.233076935070826E+005  0.242506464194249E+002 
     15.98000000 -0.233076935069180E+005  0.242506465840681E+002 
     16.00000000 -0.233076935067535E+005  0.242506467485783E+002 
     16.02000000 -0.233076935065894E+005  0.242506469126400E+002 
     16.04000000 -0.233076935064261E+005  0.242506470759035E+002 
     16.06000000 -0.233076935062641E+005  0.242506472379048E+002 
     16.08000000 -0.233076935061038E+005  0.242506473982108E+002 
     16.10000000 -0.233076935059457E+005  0.242506475563637E+002 
     16.12000000 -0.233076935057900E+005  0.242506477120665E+002 
     16.14000000 -0.233076935056369E+005  0.242506478651490E+002 
     16.16000000 -0.233076935054864E+005  0.242506480156484E+002 
     16.18000000 -0.233076935053382E+005  0.242506481637874E+002 
     16.20000000 -0.233076935051921E+005  0.242506483099744E+002 
     16.22000000 -0.233076935050472E+005  0.242506484547785E+002 
     16.24000000 -0.233076935049031E+005  0.242506485988834E+002 
     16.26000000 -0.233076935047590E+005  0.242506487430194E+002 
     16.28000000 -0.233076935046142E+005  0.242506488878482E+002 
     16.30000000 -0.233076935044680E+005  0.242506490340197E+002 
     16.32000000 -0.233076935043201E+005  0.242506491819360E+002 
     16.34000000 -0.233076935041701E+005  0.242506493319744E+002 
     16.36000000 -0.233076935040178E+005  0.242506494842248E+002 
     16.38000000 -0.233076935038633E+005  0.242506496387087E+002 
     16.40000000 -0.233076935037068E+005  0.242506497952684E+002 
     16.42000000 -0.233076935035484E+005  0.242506499536688E+002 
     16.44000000 -0.233076935033885E+005  0.242506501135572E+002 
     16.46000000 -0.233076935032275E+005  0.242506502745067E+002 
     16.48000000 -0.233076935030659E+005  0.242506504360842E+002 
     16.50000000 -0.233076935029041E+005  0.242506505978782E+002 
     16.52000000 -0.233076935027426E+005  0.242506507593815E+002 
     16.54000000 -0.233076935025818E+005  0.242506509202443E+002 
     16.56000000 -0.233076935024219E+005  0.242506510801142E+002 
     16.58000000 -0.233076935022633E+005  0.242506512387249E+002 
     16.60000000 -0.233076935021061E+005  0.242506513959312E+002 
     16.62000000 -0.233076935019503E+005  0.242506515516866E+002 
     16.64000000 -0.233076935017959E+005  0.242506517060901E+002 
     16.66000000 -0.233076935016428E+005  0.242506518592499E+002 
     16.68000000 -0.233076935014906E+005  0.242506520114106E+002 
     16.70000000 -0.233076935013393E+005  0.242506521627669E+002 
     16.72000000 -0.233076935011885E+005  0.242506523135231E+002 
     16.74000000 -0.233076935010381E+005  0.242506524639265E+002 
     16.76000000 -0.233076935008880E+005  0.242506526140052E+002 
     16.78000000 -0.233076935007382E+005  0.242506527638580E+002 
     16.80000000 -0.233076935005885E+005  0.242506529135315E+002 
     16.82000000 -0.233076935004391E+005  0.242506530629574E+002 
     16.84000000 -0.233076935002899E+005  0.242506532121606E+002 
     16.86000000 -0.233076935001409E+005  0.242506533611008E+002 
     16.88000000 -0.233076934999922E+005  0.242506535098523E+002 
     16.90000000 -0.233076934998436E+005  0.242506536584399E+002 
     16.92000000 -0.233076934996949E+005  0.242506538070893E+002 
     16.94000000 -0.233076934995460E+005  0.242506539559832E+002 
     16.96000000 -0.233076934993968E+005  0.242506541052699E+002 
     16.98000000 -0.233076934992468E+005  0.242506542552434E+002 
     17.00000000 -0.233076934990959E+005  0.242506544060954E+002 
     17.02000000 -0.233076934989441E+005  0.242506545579498E+002 
     17.04000000 -0.233076934987911E+005  0.242506547109148E+002 
     17.06000000 -0.233076934986371E+005  0.242506548649594E+002 
     17.08000000 -0.233076934984821E+005  0.242506550199105E+002 
     17.10000000 -0.233076934983264E+005  0.242506551756287E+002 
     17.12000000 -0.233076934981703E+005  0.242506553317615E+002 
     17.14000000 -0.233076934980140E+005  0.242506554880552E+002 
     17.16000000 -0.233076934978580E+005  0.242506556440209E+002 
     17.18000000 -0.233076934977026E+005  0.242506557994484E+002 
     17.20000000 -0.233076934975481E+005  0.242506559539354E+002 
     17.22000000 -0.233076934973947E+005  0.242506561073520E+002 
     17.24000000 -0.233076934972425E+005  0.242506562594879E+002 
     17.26000000 -0.233076934970917E+005  0.242506564103585E+002 
     17.28000000 -0.233076934969419E+005  0.242506565601309E+002 
     17.30000000 -0.233076934967930E+005  0.242506567089907E+002 
     17.32000000 -0.233076934966447E+005  0.242506568573339E+002 
     17.34000000 -0.233076934964964E+005  0.242506570056276E+002 
     17.36000000 -0.233076934963476E+005  0.242506571544595E+002 
     17.38000000 -0.233076934961977E+005  0.242506573043093E+002 
     17.40000000 -0.233076934960463E+005  0.242506574557553E+002 
     17.42000000 -0.233076934958928E+005  0.242506576091967E+002 
     17.44000000 -0.233076934957371E+005  0.242506577649335E+002 
     17.46000000 -0.233076934955789E+005  0.242506579231050E+002 
     17.48000000 -0.233076934954185E+005  0.242506580835162E+002 
     17.50000000 -0.233076934952561E+005  0.242506582459042E+002 
     17.52000000 -0.233076934950924E+005  0.242506584096720E+002 
     17.54000000 -0.233076934949280E+005  0.242506585740460E+002 
     17.56000000 -0.233076934947639E+005  0.242506587381448E+002 
     17.58000000 -0.233076934946009E+005  0.242506589011299E+002 
     17.60000000 -0.233076934944399E+005  0.242506590621258E+002 
     17.62000000 -0.233076934942816E+005  0.242506592204426E+002 
     17.64000000 -0.233076934941265E+005  0.242506593755514E+002 
     17.66000000 -0.233076934939748E+005  0.242506595272140E+002 
     17.68000000 -0.233076934938265E+005  0.242506596754829E+002 
     17.70000000 -0.233076934936814E+005  0.242506598206459E+002 
     17.72000000 -0.233076934935388E+005  0.242506599632289E+002 
     17.74000000 -0.233076934933980E+005  0.242506601040701E+002 
     17.76000000 -0.233076934932582E+005  0.242506602438750E+002 
     17.78000000 -0.233076934931184E+005  0.242506603836273E+002 
     17.80000000 -0.233076934929779E+005  0.242506605241128E+002 
     17.82000000 -0.233076934928360E+005  0.242506606660399E+002 
     17.84000000 -0.233076934926921E+005  0.242506608099716E+002 
     17.86000000 -0.233076934925458E+005  0.242506609562328E+002 
     17.88000000 -0.233076934923971E+005  0.242506611049256E+002 
     17.90000000 -0.233076934922459E+005  0.242506612560839E+002 
     17.92000000 -0.233076934920927E+005  0.242506614092778E+002 
     17.94000000 -0.233076934919379E+005  0.242506615641577E+002 
     17.96000000 -0.233076934917819E+005  0.242506617201203E+002 
     17.98000000 -0.233076934916255E+005  0.242506618765130E+002 
     18.00000000 -0.233076934914693E+005  0.242506620327200E+002 
     18.02000000 -0.233076934913140E+005  0.242506621880547E+002 
     18.04000000 -0.233076934911599E+005  0.242506623420777E+002 
     18.06000000 -0.233076934910076E+005  0.242506624944301E+002 
     18.08000000 -0.233076934908571E+005  0.242506626449450E+002 
     18.10000000 -0.233076934907084E+005  0.242506627936470E+002 
     18.12000000 -0.233076934905612E+005  0.242506629408456E+002 
     18.14000000 -0.233076934904152E+005  0.242506630868283E+002 
     18.16000000 -0.233076934902699E+005  0.242506632321738E+002 
     18.18000000 -0.233076934901247E+005  0.242506633773368E+002 
     18.20000000 -0.233076934899793E+005  0.242506635227782E+002 
     18.22000000 -0.233076934898332E+005  0.242506636688383E+002 
     18.24000000 -0.233076934896863E+005  0.242506638157399E+002 
     18.26000000 -0.233076934895386E+005  0.242506639634210E+002 
     18.28000000 -0.233076934893902E+005  0.242506641118137E+002 
     18.30000000 -0.233076934892414E+005  0.242506642606333E+002 
     18.32000000 -0.233076934890925E+005  0.242506644095054E+002 
     18.34000000 -0.233076934889439E+005  0.242506645581208E+002 
     18.36000000 -0.233076934887959E+005  0.242506647060897E+002 
     18.38000000 -0.233076934886488E+005  0.242506648532573E+002 
     18.40000000 -0.233076934885026E+005  0.242506649994474E+002 
     18.42000000 -0.233076934883574E+005  0.242506651446629E+002 
     18.44000000 -0.233076934882130E+005  0.242506652890370E+002 
     18.46000000 -0.233076934880692E+005  0.242506654327801E+002 
     18.48000000 -0.233076934879258E+005  0.242506655762261E+002 
     18.50000000 -0.233076934877823E+005  0.242506657196876E+002 
     18.52000000 -0.233076934876385E+005  0.242506658634832E+002 
     18.54000000 -0.233076934874941E+005  0.242506660079285E+002 
     18.56000000 -0.233076934873488E+005  0.242506661532090E+002 
     18.58000000 -0.233076934872025E+005  0.242506662994888E+002 
     18.60000000 -0.233076934870552E+005  0.242506664467832E+002 
     18.62000000 -0.233076934869070E+005  0.242506665950026E+002 
     18.64000000 -0.233076934867580E+005  0.242506667440635E+002 
     18.66000000 -0.233076934866083E+005  0.242506668937060E+002 
     18.68000000 -0.233076934864583E+005  0.242506670437135E+002 
     18.70000000 -0.233076934863082E+005  0.242506671938417E+002 
     18.72000000 -0.233076934861580E+005  0.242506673440008E+002 
     18.74000000 -0.233076934860080E+005  0.242506674940269E+002 
     18.76000000 -0.233076934858581E+005  0.242506676439354E+002 
     18.78000000 -0.233076934857082E+005  0.242506677938068E+002 
     18.80000000 -0.233076934855583E+005  0.242506679437648E+002 
     18.82000000 -0.233076934854081E+005  0.242506680939765E+002 
     18.84000000 -0.233076934852575E+005  0.242506682445285E+002 
     18.86000000 -0.233076934851064E+005  0.242506683955909E+002 
     18.88000000 -0.233076934849548E+005  0.242506685472566E+002 
     18.90000000 -0.233076934848026E+005  0.242506686994698E+002 
     18.92000000 -0.233076934846498E+005  0.242506688522368E+002 
     18.94000000 -0.233076934844966E+005  0.242506690053843E+002 
     18.96000000 -0.233076934843433E+005  0.242506691587607E+002 
     18.98000000 -0.233076934841899E+005  0.242506693120814E+002 
     19.00000000 -0.233076934840369E+005  0.242506694650866E+002 
     19.02000000 -0.233076934838844E+005  0.242506696175814E+002 
     19.04000000 -0.233076934837328E+005  0.242506697692471E+002 
     19.06000000 -0.233076934835821E+005  0.242506699199352E+002 
     19.08000000 -0.233076934834325E+005  0.242506700695158E+002 
     19.10000000 -0.233076934832841E+005  0.242506702179115E+002 
     19.12000000 -0.233076934831368E+005  0.242506703652679E+002 
     19.14000000 -0.233076934829903E+005  0.242506705117116E+002 
     19.16000000 -0.233076934828445E+005  0.242506706575242E+002 
     19.18000000 -0.233076934826990E+005  0.242506708030213E+002 
     19.20000000 -0.233076934825535E+005  0.242506709485493E+002 
     19.22000000 -0.233076934824076E+005  0.242506710944609E+002 
     19.24000000 -0.233076934822609E+005  0.242506712411088E+002 
     19.26000000 -0.233076934821134E+005  0.242506713886724E+002 
     19.28000000 -0.233076934819646E+005  0.242506715374115E+002 
     19.30000000 -0.233076934818148E+005  0.242506716872551E+002 
     19.32000000 -0.233076934816638E+005  0.242506718382371E+002 
     19.34000000 -0.233076934815118E+005  0.242506719902028E+002 
     19.36000000 -0.233076934813591E+005  0.242506721428863E+002 
     19.38000000 -0.233076934812061E+005  0.242506722959565E+002 
     19.40000000 -0.233076934810529E+005  0.242506724490916E+002 
     19.42000000 -0.233076934809001E+005  0.242506726018802E+002 
     19.44000000 -0.233076934807481E+005  0.242506727539542E+002 
     19.46000000 -0.233076934805971E+005  0.242506729049084E+002 
     19.48000000 -0.233076934804475E+005  0.242506730545447E+002 
     19.50000000 -0.233076934802994E+005  0.242506732025847E+002 
     19.52000000 -0.233076934801531E+005  0.242506733489356E+002 
     19.54000000 -0.233076934800084E+005  0.242506734936500E+002 
     19.56000000 -0.233076934798652E+005  0.242506736368362E+002 
     19.58000000 -0.233076934797232E+005  0.242506737788499E+002 
     19.60000000 -0.233076934795820E+005  0.242506739200252E+002 
     19.62000000 -0.233076934794412E+005  0.242506740608108E+002 
     19.64000000 -0.233076934793003E+005  0.242506742017170E+002 
     19.66000000 -0.233076934791588E+005  0.242506743432543E+002 
     19.68000000 -0.233076934790162E+005  0.242506744858682E+002 
     19.70000000 -0.233076934788721E+005  0.242506746299237E+002 
     19.72000000 -0.233076934787264E+005  0.242506747756775E+002 
     19.74000000 -0.233076934785787E+005  0.242506749233277E+002 
     19.76000000 -0.233076934784291E+005  0.242506750729393E+002 
     19.78000000 -0.233076934782776E+005  0.242506752244410E+002 
     19.80000000 -0.233076934781243E+005  0.242506753776998E+002 
     19.82000000 -0.233076934779696E+005  0.242506755324343E+002 
     19.84000000 -0.233076934778136E+005  0.242506756883784E+002 
     19.86000000 -0.233076934776570E+005  0.242506758450309E+002 
     19.88000000 -0.233076934775001E+005  0.242506760019588E+002 
     19.90000000 -0.233076934773434E+005  0.242506761585835E+002 
     19.92000000 -0.233076934771877E+005  0.242506763142955E+002 
     19.94000000 -0.233076934770335E+005  0.242506764685598E+002 
     19.96000000 -0.233076934768811E+005  0.242506766209618E+002 
     19.98000000 -0.233076934767310E+005  0.242506767709940E+002 
     20.00000000 -0.233076934765834E+005  0.242506769185855E+002 
     20.02000000 -0.233076934764383E+005  0.242506770637392E+002 
     20.04000000 -0.233076934762953E+005  0.242506772066995E+002 
     20.06000000 -0.233076934761541E+005  0.242506773479244E+002 
     20.08000000 -0.233076934760139E+005  0.242506774880850E+002 
     20.10000000 -0.233076934758742E+005  0.242506776278559E+002 
     20.12000000 -0.233076934757340E+005  0.242506777680289E+002 
     20.14000000 -0.233076934755927E+005  0.242506779092940E+002 
     20.16000000 -0.233076934754498E+005  0.242506780522605E+002 
     20.18000000 -0.233076934753046E+005  0.242506781974049E+002 
     20.20000000 -0.233076934751570E+005  0.242506783449933E+002 
     20.22000000 -0.233076934750069E+005  0.242506784951338E+002 
     20.24000000 -0.233076934748542E+005  0.242506786477802E+002 
     20.26000000 -0.233076934746993E+005  0.242506788027312E+002 
     20.28000000 -0.233076934745424E+005  0.242506789596250E+002 
     20.30000000 -0.233076934743839E+005  0.242506791181058E+002 
     20.32000000 -0.233076934742243E+005  0.242506792776880E+002 
     20.34000000 -0.233076934740642E+005  0.242506794378672E+002 
     20.36000000 -0.233076934739038E+005  0.242506795982134E+002 
     20.38000000 -0.233076934737437E+005  0.242506797582936E+002 
     20.40000000 -0.233076934735842E+005  0.242506799177922E+002 
     20.42000000 -0.233076934734255E+005  0.242506800764865E+002 
     20.44000000 -0.233076934732677E+005  0.242506802343146E+002 
     20.46000000 -0.233076934731108E+005  0.242506803912455E+002 
     20.48000000 -0.233076934729546E+005  0.242506805474340E+002 
     20.50000000 -0.233076934727989E+005  0.242506807030904E+002 
     20.52000000 -0.233076934726436E+005  0.242506808584498E+002 
     20.54000000 -0.233076934724883E+005  0.242506810136978E+002 
     20.56000000 -0.233076934723330E+005  0.242506811690387E+002 
     20.58000000 -0.233076934721775E+005  0.242506813245404E+002 
     20.60000000 -0.233076934720218E+005  0.242506814802029E+002 
     20.62000000 -0.233076934718662E+005  0.242506816358531E+002 
     20.64000000 -0.233076934717107E+005  0.242506817912992E+002 
     20.66000000 -0.233076934715558E+005  0.242506819462069E+002 
     20.68000000 -0.233076934714018E+005  0.242506821002732E+002 
     20.70000000 -0.233076934712489E+005  0.242506822531608E+002 
     20.72000000 -0.233076934710974E+005  0.242506824046378E+002 
     20.74000000 -0.233076934709474E+005  0.242506825545896E+002 
     20.76000000 -0.233076934707990E+005  0.242506827029885E+002 
     20.78000000 -0.233076934706520E+005  0.242506828500107E+002 
     20.80000000 -0.233076934705061E+005  0.242506829959254E+002 
     20.82000000 -0.233076934703610E+005  0.242506831410451E+002 
     20.84000000 -0.233076934702162E+005  0.242506832858616E+002 
     20.86000000 -0.233076934700713E+005  0.242506834307554E+002 
     20.88000000 -0.233076934699259E+005  0.242506835761195E+002 
     20.90000000 -0.233076934697798E+005  0.242506837222414E+002 
     20.92000000 -0.233076934696328E+005  0.242506838692420E+002 
     20.94000000 -0.233076934694848E+005  0.242506840172047E+002 
     20.96000000 -0.233076934693361E+005  0.242506841659345E+002 
     20.98000000 -0.233076934691868E+005  0.242506843152707E+002 
     21.00000000 -0.233076934690372E+005  0.242506844648421E+002 
     21.02000000 -0.233076934688878E+005  0.242506846142680E+002 
     21.04000000 -0.233076934687388E+005  0.242506847632051E+002 
     21.06000000 -0.233076934685907E+005  0.242506849113008E+002 
     21.08000000 -0.233076934684437E+005  0.242506850582890E+002 
     21.10000000 -0.233076934682981E+005  0.242506852039160E+002 
     21.12000000 -0.233076934681538E+005  0.242506853481880E+002 
     21.14000000 -0.233076934680110E+005  0.242506854909937E+002 
     21.16000000 -0.233076934678696E+005  0.242506856324629E+002 
     21.18000000 -0.233076934677292E+005  0.242506857727876E+002 
     21.20000000 -0.233076934675898E+005  0.242506859122212E+002 
     21.22000000 -0.233076934674511E+005  0.242506860509620E+002 
     21.24000000 -0.233076934673126E+005  0.242506861894181E+002 
     21.26000000 -0.233076934671741E+005  0.242506863279453E+002 
     21.28000000 -0.233076934670351E+005  0.242506864668809E+002 
     21.30000000 -0.233076934668954E+005  0.242506866066425E+002 
     21.32000000 -0.233076934667544E+005  0.242506867476013E+002 
     21.34000000 -0.233076934666120E+005  0.242506868900698E+002 
     21.36000000 -0.233076934664677E+005  0.242506870343666E+002 
     21.38000000 -0.233076934663213E+005  0.242506871807175E+002 
     21.40000000 -0.233076934661728E+005  0.242506873292060E+002 
     21.42000000 -0.233076934660222E+005  0.242506874798663E+002 
     21.44000000 -0.233076934658695E+005  0.242506876325003E+002 
     21.46000000 -0.233076934657151E+005  0.242506877868976E+002 
     21.48000000 -0.233076934655593E+005  0.242506879427086E+002 
     21.50000000 -0.233076934654026E+005  0.242506880994601E+002 
     21.52000000 -0.233076934652453E+005  0.242506882567530E+002 
     21.54000000 -0.233076934650879E+005  0.242506884140830E+002 
     21.56000000 -0.233076934649310E+005  0.242506885710511E+002 
     21.58000000 -0.233076934647747E+005  0.242506887273262E+002 
     21.60000000 -0.233076934646193E+005  0.242506888827042E+002 
     21.62000000 -0.233076934644650E+005  0.242506890370643E+002 
     21.64000000 -0.233076934643116E+005  0.242506891904284E+002 
     21.66000000 -0.233076934641592E+005  0.242506893427932E+002 
     21.68000000 -0.233076934640076E+005  0.242506894943939E+002 
     21.70000000 -0.233076934638566E+005  0.242506896454254E+002 
     21.72000000 -0.233076934637060E+005  0.242506897960393E+002 
     21.74000000 -0.233076934635556E+005  0.242506899464737E+002 
     21.76000000 -0.233076934634053E+005  0.242506900967720E+002 
     21.78000000 -0.233076934632549E+005  0.242506902470920E+002 
     21.80000000 -0.233076934631045E+005  0.242506903974862E+002 
     21.82000000 -0.233076934629541E+005  0.242506905478928E+002 
     21.84000000 -0.233076934628036E+005  0.242506906984076E+002 
     21.86000000 -0.233076934626530E+005  0.242506908489936E+002 
     21.88000000 -0.233076934625024E+005  0.242506909996539E+002 
     21.90000000 -0.233076934623516E+005  0.242506911504596E+002 
     21.92000000 -0.233076934622005E+005  0.242506913015220E+002 
     21.94000000 -0.233076934620491E+005  0.242506914529587E+002 
     21.96000000 -0.233076934618971E+005  0.242506916049152E+002 
     21.98000000 -0.233076934617446E+005  0.242506917574099E+002 
     22.00000000 -0.233076934615915E+005  0.242506919105667E+002 
     22.02000000 -0.233076934614377E+005  0.242506920643298E+002 
     22.04000000 -0.233076934612834E+005  0.242506922186560E+002 
     22.06000000 -0.233076934611287E+005  0.242506923733719E+002 
     22.08000000 -0.233076934609737E+005  0.242506925283168E+002 
     22.10000000 -0.233076934608188E+005  0.242506926832493E+002 
     22.12000000 -0.233076934606640E+005  0.242506928380054E+002 
     22.14000000 -0.233076934605097E+005  0.242506929923532E+002 
     22.16000000 -0.233076934603559E+005  0.242506931461782E+002 
     22.18000000 -0.233076934602026E+005  0.242506932994092E+002 
     22.20000000 -0.233076934600500E+005  0.242506934519844E+002 
     22.22000000 -0.233076934598981E+005  0.242506936039718E+002 
     22.24000000 -0.233076934597466E+005  0.242506937554179E+002 
     22.26000000 -0.233076934595956E+005  0.242506939064494E+002 
     22.28000000 -0.233076934594448E+005  0.242506940572767E+002 
     22.30000000 -0.233076934592939E+005  0.242506942081256E+002 
     22.32000000 -0.233076934591427E+005  0.242506943592809E+002 
     22.34000000 -0.233076934589910E+005  0.242506945110517E+002 
     22.36000000 -0.233076934588383E+005  0.242506946637692E+002 
     22.38000000 -0.233076934586843E+005  0.242506948177705E+002 
     22.40000000 -0.233076934585287E+005  0.242506949733341E+002 
     22.42000000 -0.233076934583714E+005  0.242506951306084E+002 
     22.44000000 -0.233076934582123E+005  0.242506952897296E+002 
     22.46000000 -0.233076934580515E+005  0.242506954505430E+002 
     22.48000000 -0.233076934578892E+005  0.242506956128413E+002 
     22.50000000 -0.233076934577258E+005  0.242506957761945E+002 
     22.52000000 -0.233076934575619E+005  0.242506959401169E+002 
     22.54000000 -0.233076934573981E+005  0.242506961039651E+002 
     22.56000000 -0.233076934572348E+005  0.242506962672441E+002 
     22.58000000 -0.233076934570727E+005  0.242506964293042E+002 
     22.60000000 -0.233076934569122E+005  0.242506965898577E+002 
     22.62000000 -0.233076934567535E+005  0.242506967485117E+002 
     22.64000000 -0.233076934565967E+005  0.242506969053066E+002 
     22.66000000 -0.233076934564417E+005  0.242506970603009E+002 
     22.68000000 -0.233076934562883E+005  0.242506972137021E+002 
     22.70000000 -0.233076934561361E+005  0.242506973658782E+002 
     22.72000000 -0.233076934559848E+005  0.242506975171912E+002 
     22.74000000 -0.233076934558340E+005  0.242506976680000E+002 
     22.76000000 -0.233076934556834E+005  0.242506978185983E+002 
     22.78000000 -0.233076934555328E+005  0.242506979692184E+002 
     22.80000000 -0.233076934553821E+005  0.242506981199498E+002 
     22.82000000 -0.233076934552312E+005  0.242506982708699E+002 
     22.84000000 -0.233076934550801E+005  0.242506984219200E+002 
     22.86000000 -0.233076934549290E+005  0.242506985730783E+002 
     22.88000000 -0.233076934547777E+005  0.242506987242861E+002 
     22.90000000 -0.233076934546265E+005  0.242506988755032E+002 
     22.92000000 -0.233076934544752E+005  0.242506990268379E+002 
     22.94000000 -0.233076934543236E+005  0.242506991783984E+002 
     22.96000000 -0.233076934541717E+005  0.242506993303734E+002 
     22.98000000 -0.233076934540190E+005  0.242506994830414E+002 
     23.00000000 -0.233076934538653E+005  0.242506996366808E+002 
     23.02000000 -0.233076934537105E+005  0.242506997915514E+002 
     23.04000000 -0.233076934535542E+005  0.242506999478636E+002 
     23.06000000 -0.233076934533963E+005  0.242507001057257E+002 
     23.08000000 -0.233076934532369E+005  0.242507002651470E+002 
     23.10000000 -0.233076934530760E+005  0.242507004260068E+002 
     23.12000000 -0.233076934529140E+005  0.242507005880050E+002 
     23.14000000 -0.233076934527512E+005  0.242507007508570E+002 
     23.16000000 -0.233076934525879E+005  0.242507009141453E+002 
     23.18000000 -0.233076934524246E+005  0.242507010774768E+002 
     23.20000000 -0.233076934522615E+005  0.242507012404959E+002 
     23.22000000 -0.233076934520991E+005  0.242507014029087E+002 
     23.24000000 -0.233076934519375E+005  0.242507015644985E+002 
     23.26000000 -0.233076934517768E+005  0.242507017251789E+002 
     23.28000000 -0.233076934516171E+005  0.242507018848940E+002 
     23.30000000 -0.233076934514584E+005  0.242507020436440E+002 
     23.32000000 -0.233076934513005E+005  0.242507022014968E+002 
     23.34000000 -0.233076934511434E+005  0.242507023585948E+002 
     23.36000000 -0.233076934509870E+005  0.242507025149875E+002 
     23.38000000 -0.233076934508312E+005  0.242507026708047E+002 
     23.40000000 -0.233076934506758E+005  0.242507028262353E+002 
     23.42000000 -0.233076934505206E+005  0.242507029813936E+002 
     23.44000000 -0.233076934503655E+005  0.242507031365241E+002 
     23.46000000 -0.233076934502103E+005  0.242507032917721E+002 
     23.48000000 -0.233076934500547E+005  0.242507034473635E+002 
     23.50000000 -0.233076934498985E+005  0.242507036035056E+002 
     23.52000000 -0.233076934497417E+005  0.242507037603376E+002 
     23.54000000 -0.233076934495842E+005  0.242507039178253E+002 
     23.56000000 -0.233076934494260E+005  0.242507040759968E+002 
     23.58000000 -0.233076934492673E+005  0.242507042347097E+002 
     23.60000000 -0.233076934491083E+005  0.242507043937040E+002 
     23.62000000 -0.233076934489493E+005  0.242507045526891E+002 
     23.64000000 -0.233076934487907E+005  0.242507047113339E+002 
     23.66000000 -0.233076934486327E+005  0.242507048693166E+002 
     23.68000000 -0.233076934484757E+005  0.242507050263311E+002 
     23.70000000 -0.233076934483199E+005  0.242507051821576E+002 
     23.72000000 -0.233076934481653E+005  0.242507053367498E+002 
     23.74000000 -0.233076934480120E+005  0.242507054899870E+002 
     23.76000000 -0.233076934478601E+005  0.242507056419373E+002 
     23.78000000 -0.233076934477092E+005  0.242507057927863E+002 
     23.80000000 -0.233076934475594E+005  0.242507059426175E+002 
     23.82000000 -0.233076934474104E+005  0.242507060915793E+002 
     23.84000000 -0.233076934472621E+005  0.242507062399009E+002 
     23.86000000 -0.233076934471144E+005  0.242507063876377E+002 
     23.88000000 -0.233076934469672E+005  0.242507065348300E+002 
     23.90000000 -0.233076934468204E+005  0.242507066816017E+002 
     23.92000000 -0.233076934466742E+005  0.242507068278319E+002 
     23.94000000 -0.233076934465285E+005  0.242507069735796E+002 
     23.96000000 -0.233076934463833E+005  0.242507071187178E+002 
     23.98000000 -0.233076934462387E+005  0.242507072633271E+002 
     24.00000000 -0.233076934460947E+005  0.242507074073485E+002 
     24.02000000 -0.233076934459511E+005  0.242507075509183E+002 
     24.04000000 -0.233076934458079E+005  0.242507076941230E+002 
     24.06000000 -0.233076934456648E+005  0.242507078372071E+002 
     24.08000000 -0.233076934455216E+005  0.242507079803871E+002 
     24.10000000 -0.233076934453781E+005  0.242507081239662E+002 
     24.12000000 -0.233076934452338E+005  0.242507082682413E+002 
     24.14000000 -0.233076934450885E+005  0.242507084134971E+002 
     24.16000000 -0.233076934449420E+005  0.242507085600336E+002 
     24.18000000 -0.233076934447941E+005  0.242507087079375E+002 
     24.20000000 -0.233076934446447E+005  0.242507088573015E+002 
     24.22000000 -0.233076934444939E+005  0.242507090080824E+002 
     24.24000000 -0.233076934443419E+005  0.242507091600946E+002 
     24.26000000 -0.233076934441888E+005  0.242507093132019E+002 
     24.28000000 -0.233076934440350E+005  0.242507094670578E+002 
     24.30000000 -0.233076934438807E+005  0.242507096213530E+002 
     24.32000000 -0.233076934437261E+005  0.242507097759019E+002 
     24.34000000 -0.233076934435716E+005  0.242507099304570E+002 
     24.36000000 -0.233076934434171E+005  0.242507100849007E+002 
     24.38000000 -0.233076934432629E+005  0.242507102391154E+002 
     24.40000000 -0.233076934431089E+005  0.242507103930951E+002 
     24.42000000 -0.233076934429552E+005  0.242507105468025E+002 
     24.44000000 -0.233076934428017E+005  0.242507107002811E+002 
     24.46000000 -0.233076934426486E+005  0.242507108534626E+002 
     24.48000000 -0.233076934424957E+005  0.242507110063471E+002 
     24.50000000 -0.233076934423432E+005  0.242507111588357E+002 
     24.52000000 -0.233076934421912E+005  0.242507113107860E+002 
     24.54000000 -0.233076934420399E+005  0.242507114621485E+002 
     24.56000000 -0.233076934418892E+005  0.242507116128397E+002 
     24.58000000 -0.233076934417393E+005  0.242507117627142E+002 
     24.60000000 -0.233076934415901E+005  0.242507119119112E+002 
     24.62000000 -0.233076934414416E+005  0.242507120604090E+002 
     24.64000000 -0.233076934412936E+005  0.242507122083840E+002 
     24.66000000 -0.233076934411460E+005  0.242507123560497E+002 
     24.68000000 -0.233076934409984E+005  0.242507125036071E+002 
     24.70000000 -0.233076934408507E+005  0.242507126513501E+002 
     24.72000000 -0.233076934407026E+005  0.242507127994520E+002 
     24.74000000 -0.233076934405539E+005  0.242507129481479E+002 
     24.76000000 -0.233076934404045E+005  0.242507130975490E+002 
     24.78000000 -0.233076934402543E+005  0.242507132477607E+002 
     24.80000000 -0.233076934401033E+005  0.242507133987458E+002 
     24.82000000 -0.233076934399515E+005  0.242507135505074E+002 
     24.84000000 -0.233076934397991E+005  0.242507137029557E+002 
     24.86000000 -0.233076934396461E+005  0.242507138559145E+002 
     24.88000000 -0.233076934394927E+005  0.242507140093528E+002 
     24.90000000 -0.233076934393389E+005  0.242507141631561E+002 
     24.92000000 -0.233076934391848E+005  0.242507143172162E+002 
     24.94000000 -0.233076934390305E+005  0.242507144715702E+002 
     24.96000000 -0.233076934388760E+005  0.242507146260727E+002 
     24.98000000 -0.233076934387213E+005  0.242507147807361E+002 
     25.00000000 -0.233076934385665E+005  0.242507149354922E+002 
     25.02000000 -0.233076934384119E+005  0.242507150901525E+002 
     25.04000000 -0.233076934382574E+005  0.242507152445962E+002 
     25.06000000 -0.233076934381035E+005  0.242507153985263E+002 
     25.08000000 -0.233076934379503E+005  0.242507155517450E+002 
     25.10000000 -0.233076934377981E+005  0.242507157039489E+002 
     25.12000000 -0.233076934376471E+005  0.242507158549278E+002 
     25.14000000 -0.233076934374975E+005  0.242507160045084E+002 
     25.16000000 -0.233076934373494E+005  0.242507161526351E+002 
     25.18000000 -0.233076934372027E+005  0.242507162993325E+002 
     25.20000000 -0.233076934370573E+005  0.242507164447491E+002 
     25.22000000 -0.233076934369128E+005  0.242507165891944E+002 
     25.24000000 -0.233076934367690E+005  0.242507167330333E+002 
     25.26000000 -0.233076934366253E+005  0.242507168766835E+002 
     25.28000000 -0.233076934364815E+005  0.242507170205627E+002 
     25.30000000 -0.233076934363369E+005  0.242507171651007E+002 
     25.32000000 -0.233076934361914E+005  0.242507173105916E+002 
     25.34000000 -0.233076934360447E+005  0.242507174573323E+002 
     25.36000000 -0.233076934358967E+005  0.242507176053043E+002 
     25.38000000 -0.233076934357475E+005  0.242507177545013E+002 
     25.40000000 -0.233076934355973E+005  0.242507179047315E+002 
     25.42000000 -0.233076934354463E+005  0.242507180557073E+002 
     25.44000000 -0.233076934352949E+005  0.242507182071008E+002 
     25.46000000 -0.233076934351435E+005  0.242507183585715E+002 
     25.48000000 -0.233076934349922E+005  0.242507185098103E+002 
     25.50000000 -0.233076934348414E+005  0.242507186606407E+002 
     25.52000000 -0.233076934346911E+005  0.242507188108957E+002 
     25.54000000 -0.233076934345414E+005  0.242507189606372E+002 
     25.56000000 -0.233076934343921E+005  0.242507191099455E+002 
     25.58000000 -0.233076934342431E+005  0.242507192589260E+002 
     25.60000000 -0.233076934340943E+005  0.242507194077332E+002 
     25.62000000 -0.233076934339455E+005  0.242507195565744E+002 
     25.64000000 -0.233076934337965E+005  0.242507197055765E+002 
     25.66000000 -0.233076934336472E+005  0.242507198548230E+002 
     25.68000000 -0.233076934334977E+005  0.242507200043634E+002 
     25.70000000 -0.233076934333478E+005  0.242507201542565E+002 
     25.72000000 -0.233076934331976E+005  0.242507203044743E+002 
     25.74000000 -0.233076934330470E+005  0.242507204550356E+002 
     25.76000000 -0.233076934328960E+005  0.242507206059990E+002 
     25.78000000 -0.233076934327446E+005  0.242507207573925E+002 
     25.80000000 -0.233076934325928E+005  0.242507209092561E+002 
     25.82000000 -0.233076934324404E+005  0.242507210616643E+002 
     25.84000000 -0.233076934322874E+005  0.242507212146478E+002 
     25.86000000 -0.233076934321339E+005  0.242507213681573E+002 
     25.88000000 -0.233076934319799E+005  0.242507215221555E+002 
     25.90000000 -0.233076934318255E+005  0.242507216764816E+002 
     25.92000000 -0.233076934316710E+005  0.242507218310181E+002 
     25.94000000 -0.233076934315166E+005  0.242507219854495E+002 
     25.96000000 -0.233076934313625E+005  0.242507221395591E+002 
     25.98000000 -0.233076934312089E+005  0.242507222931242E+002 
     26.00000000 -0.233076934310562E+005  0.242507224458448E+002 
     26.02000000 -0.233076934309046E+005  0.242507225974764E+002 
     26.04000000 -0.233076934307542E+005  0.242507227478397E+002 
     26.06000000 -0.233076934306053E+005  0.242507228967676E+002 
     26.08000000 -0.233076934304579E+005  0.242507230441641E+002 
     26.10000000 -0.233076934303120E+005  0.242507231899953E+002 
     26.12000000 -0.233076934301677E+005  0.242507233343694E+002 
     26.14000000 -0.233076934300246E+005  0.242507234774133E+002 
     26.16000000 -0.233076934298826E+005  0.242507236194517E+002 
     26.18000000 -0.233076934297412E+005  0.242507237608065E+002 
     26.20000000 -0.233076934296000E+005  0.242507239020685E+002 
     26.22000000 -0.233076934294584E+005  0.242507240436244E+002 
     26.24000000 -0.233076934293160E+005  0.242507241860774E+002 
     26.26000000 -0.233076934291721E+005  0.242507243299441E+002 
     26.28000000 -0.233076934290264E+005  0.242507244755990E+002 
     26.30000000 -0.233076934288786E+005  0.242507246234596E+002 
     26.32000000 -0.233076934287283E+005  0.242507247736898E+002 
     26.34000000 -0.233076934285757E+005  0.242507249263764E+002 
     26.36000000 -0.233076934284206E+005  0.242507250814264E+002 
     26.38000000 -0.233076934282633E+005  0.242507252386853E+002 
     26.40000000 -0.233076934281042E+005  0.242507253977910E+002 
     26.42000000 -0.233076934279437E+005  0.242507255583723E+002 
     26.44000000 -0.233076934277820E+005  0.242507257199808E+002 
     26.46000000 -0.233076934276199E+005  0.242507258821491E+002 
     26.48000000 -0.233076934274576E+005  0.242507260443948E+002 
     26.50000000 -0.233076934272958E+005  0.242507262062693E+002 
     26.52000000 -0.233076934271346E+005  0.242507263673951E+002 
     26.54000000 -0.233076934269746E+005  0.242507265273918E+002 
     26.56000000 -0.233076934268160E+005  0.242507266860273E+002 
     26.58000000 -0.233076934266590E+005  0.242507268430758E+002 
     26.60000000 -0.233076934265035E+005  0.242507269985342E+002 
     26.62000000 -0.233076934263496E+005  0.242507271524087E+002 
     26.64000000 -0.233076934261972E+005  0.242507273048632E+002 
     26.66000000 -0.233076934260458E+005  0.242507274562288E+002 
     26.68000000 -0.233076934258952E+005  0.242507276068643E+002 
     26.70000000 -0.233076934257448E+005  0.242507277572276E+002 
     26.72000000 -0.233076934255942E+005  0.242507279078415E+002 
     26.74000000 -0.233076934254428E+005  0.242507280591978E+002 
     26.76000000 -0.233076934252904E+005  0.242507282116678E+002 
     26.78000000 -0.233076934251364E+005  0.242507283655980E+002 
     26.80000000 -0.233076934249809E+005  0.242507285211120E+002 
     26.82000000 -0.233076934248237E+005  0.242507286782843E+002 
     26.84000000 -0.233076934246652E+005  0.242507288368641E+002 
     26.86000000 -0.233076934245055E+005  0.242507289965762E+002 
     26.88000000 -0.233076934243449E+005  0.242507291571235E+002 
     26.90000000 -0.233076934241840E+005  0.242507293180544E+002 
     26.92000000 -0.233076934240231E+005  0.242507294789761E+002 
     26.94000000 -0.233076934238624E+005  0.242507296395915E+002 
     26.96000000 -0.233076934237023E+005  0.242507297996871E+002 
     26.98000000 -0.233076934235429E+005  0.242507299591115E+002 
     27.00000000 -0.233076934233842E+005  0.242507301178615E+002 
     27.02000000 -0.233076934232260E+005  0.242507302760051E+002 
     27.04000000 -0.233076934230685E+005  0.242507304335609E+002 
     27.06000000 -0.233076934229114E+005  0.242507305906527E+002 
     27.08000000 -0.233076934227547E+005  0.242507307473021E+002 
     27.10000000 -0.233076934225985E+005  0.242507309035432E+002 
     27.12000000 -0.233076934224427E+005  0.242507310593512E+002 
     27.14000000 -0.233076934222874E+005  0.242507312146302E+002 
     27.16000000 -0.233076934221326E+005  0.242507313694080E+002 
     27.18000000 -0.233076934219784E+005  0.242507315236753E+002 
     27.20000000 -0.233076934218245E+005  0.242507316774880E+002 
     27.22000000 -0.233076934216710E+005  0.242507318310407E+002 
     27.24000000 -0.233076934215174E+005  0.242507319845935E+002 
     27.26000000 -0.233076934213636E+005  0.242507321384649E+002 
     27.28000000 -0.233076934212091E+005  0.242507322929611E+002 
     27.30000000 -0.233076934210536E+005  0.242507324484752E+002 
     27.32000000 -0.233076934208968E+005  0.242507326051927E+002 
     27.34000000 -0.233076934207388E+005  0.242507327632714E+002 
     27.36000000 -0.233076934205793E+005  0.242507329227050E+002 
     27.38000000 -0.233076934204187E+005  0.242507330833111E+002 
     27.40000000 -0.233076934202572E+005  0.242507332448236E+002 
     27.42000000 -0.233076934200953E+005  0.242507334067229E+002 
     27.44000000 -0.233076934199335E+005  0.242507335685726E+002 
     27.46000000 -0.233076934197722E+005  0.242507337298469E+002 
     27.48000000 -0.233076934196120E+005  0.242507338899952E+002 
     27.50000000 -0.233076934194534E+005  0.242507340486709E+002 
     27.52000000 -0.233076934192964E+005  0.242507342056018E+002 
     27.54000000 -0.233076934191413E+005  0.242507343607385E+002 
     27.56000000 -0.233076934189879E+005  0.242507345141118E+002 
     27.58000000 -0.233076934188361E+005  0.242507346659445E+002 
     27.60000000 -0.233076934186854E+005  0.242507348166574E+002 
     27.62000000 -0.233076934185354E+005  0.242507349666092E+002 
     27.64000000 -0.233076934183859E+005  0.242507351161713E+002 
     27.66000000 -0.233076934182362E+005  0.242507352657952E+002 
     27.68000000 -0.233076934180863E+005  0.242507354157594E+002 
     27.70000000 -0.233076934179357E+005  0.242507355662866E+002 
     27.72000000 -0.233076934177845E+005  0.242507357175006E+002 
     27.74000000 -0.233076934176326E+005  0.242507358694695E+002 
     27.76000000 -0.233076934174798E+005  0.242507360222426E+002 
     27.78000000 -0.233076934173262E+005  0.242507361758604E+002 
     27.80000000 -0.233076934171716E+005  0.242507363303876E+002 
     27.82000000 -0.233076934170162E+005  0.242507364858769E+002 
     27.84000000 -0.233076934168596E+005  0.242507366423841E+002 
     27.86000000 -0.233076934167020E+005  0.242507368000358E+002 
     27.88000000 -0.233076934165432E+005  0.242507369588229E+002 
     27.90000000 -0.233076934163834E+005  0.242507371186308E+002 
     27.92000000 -0.233076934162226E+005  0.242507372793854E+002 
     27.94000000 -0.233076934160613E+005  0.242507374407278E+002 
     27.96000000 -0.233076934158998E+005  0.242507376022651E+002 
     27.98000000 -0.233076934157385E+005  0.242507377635487E+002 
     28.00000000 -0.233076934155780E+005  0.242507379240434E+002 
     28.02000000 -0.233076934154187E+005  0.242507380833069E+002 
     28.04000000 -0.233076934152612E+005  0.242507382408071E+002 
     28.06000000 -0.233076934151057E+005  0.242507383963088E+002 
     28.08000000 -0.233076934149524E+005  0.242507385495862E+002 
     28.10000000 -0.233076934148014E+005  0.242507387006487E+002 
     28.12000000 -0.233076934146524E+005  0.242507388496353E+002 
     28.14000000 -0.233076934145051E+005  0.242507389969019E+002 
     28.16000000 -0.233076934143592E+005  0.242507391428568E+002 
     28.18000000 -0.233076934142141E+005  0.242507392879672E+002 
     28.20000000 -0.233076934140692E+005  0.242507394328084E+002 
     28.22000000 -0.233076934139242E+005  0.242507395778322E+002 
     28.24000000 -0.233076934137786E+005  0.242507397234499E+002 
     28.26000000 -0.233076934136321E+005  0.242507398699524E+002 
     28.28000000 -0.233076934134846E+005  0.242507400174634E+002 
     28.30000000 -0.233076934133361E+005  0.242507401659520E+002 
     28.32000000 -0.233076934131867E+005  0.242507403152789E+002 
     28.34000000 -0.233076934130369E+005  0.242507404651503E+002 
     28.36000000 -0.233076934128867E+005  0.242507406152816E+002 
     28.38000000 -0.233076934127367E+005  0.242507407653510E+002 
     28.40000000 -0.233076934125869E+005  0.242507409150863E+002 
     28.42000000 -0.233076934124377E+005  0.242507410643080E+002 
     28.44000000 -0.233076934122891E+005  0.242507412129729E+002 
     28.46000000 -0.233076934121409E+005  0.242507413610933E+002 
     28.48000000 -0.233076934119932E+005  0.242507415088240E+002 
     28.50000000 -0.233076934118456E+005  0.242507416564154E+002 
     28.52000000 -0.233076934116980E+005  0.242507418040780E+002 
     28.54000000 -0.233076934115500E+005  0.242507419520561E+002 
     28.56000000 -0.233076934114015E+005  0.242507421005447E+002 
     28.58000000 -0.233076934112524E+005  0.242507422496087E+002 
     28.60000000 -0.233076934111026E+005  0.242507423993780E+002 
     28.62000000 -0.233076934109522E+005  0.242507425498495E+002 
     28.64000000 -0.233076934108011E+005  0.242507427009584E+002 
     28.66000000 -0.233076934106493E+005  0.242507428526890E+002 
     28.68000000 -0.233076934104970E+005  0.242507430050074E+002 
     28.70000000 -0.233076934103441E+005  0.242507431579446E+002 
     28.72000000 -0.233076934101905E+005  0.242507433114849E+002 
     28.74000000 -0.233076934100364E+005  0.242507434656719E+002 
     28.76000000 -0.233076934098815E+005  0.242507436205611E+002 
     28.78000000 -0.233076934097259E+005  0.242507437761308E+002 
     28.80000000 -0.233076934095697E+005  0.242507439323224E+002 
     28.82000000 -0.233076934094130E+005  0.242507440890213E+002 
     28.84000000 -0.233076934092560E+005  0.242507442460667E+002 
     28.86000000 -0.233076934090988E+005  0.242507444032111E+002 
     28.88000000 -0.233076934089418E+005  0.242507445601854E+002 
     28.90000000 -0.233076934087853E+005  0.242507447167141E+002 
     28.92000000 -0.233076934086295E+005  0.242507448725685E+002 
     28.94000000 -0.233076934084744E+005  0.242507450275814E+002 
     28.96000000 -0.233076934083204E+005  0.242507451815982E+002 
     28.98000000 -0.233076934081675E+005  0.242507453345570E+002 
     29.00000000 -0.233076934080155E+005  0.242507454864825E+002 
     29.02000000 -0.233076934078646E+005  0.242507456374274E+002 
     29.04000000 -0.233076934077145E+005  0.242507457875185E+002 
     29.06000000 -0.233076934075652E+005  0.242507459368083E+002 
     29.08000000 -0.233076934074166E+005  0.242507460854608E+002 
     29.10000000 -0.233076934072684E+005  0.242507462336678E+002 
     29.12000000 -0.233076934071205E+005  0.242507463815594E+002 
     29.14000000 -0.233076934069727E+005  0.242507465293519E+002 
     29.16000000 -0.233076934068247E+005  0.242507466772805E+002 
     29.18000000 -0.233076934066765E+005  0.242507468255494E+002 
     29.20000000 -0.233076934065276E+005  0.242507469744371E+002 
     29.22000000 -0.233076934063779E+005  0.242507471240919E+002 
     29.24000000 -0.233076934062273E+005  0.242507472747429E+002 
     29.26000000 -0.233076934060756E+005  0.242507474264581E+002 
     29.28000000 -0.233076934059228E+005  0.242507475792281E+002 
     29.30000000 -0.233076934057691E+005  0.242507477329387E+002 
     29.32000000 -0.233076934056146E+005  0.242507478874288E+002 
     29.34000000 -0.233076934054597E+005  0.242507480423644E+002 
     29.36000000 -0.233076934053046E+005  0.242507481974546E+002 
     29.38000000 -0.233076934051497E+005  0.242507483523221E+002 
     29.40000000 -0.233076934049953E+005  0.242507485066792E+002 
     29.42000000 -0.233076934048418E+005  0.242507486602722E+002 
     29.44000000 -0.233076934046892E+005  0.242507488128412E+002 
     29.46000000 -0.233076934045377E+005  0.242507489643708E+002 
     29.48000000 -0.233076934043872E+005  0.242507491148454E+002 
     29.50000000 -0.233076934042378E+005  0.242507492642775E+002 
     29.52000000 -0.233076934040892E+005  0.242507494128125E+002 
     29.54000000 -0.233076934039414E+005  0.242507495606576E+002 
     29.56000000 -0.233076934037940E+005  0.242507497079923E+002 
     29.58000000 -0.233076934036470E+005  0.242507498549804E+002 
     29.60000000 -0.233076934035002E+005  0.242507500018170E+002 
     29.62000000 -0.233076934033534E+005  0.242507501486629E+002 
     29.64000000 -0.233076934032064E+005  0.242507502956047E+002 
     29.66000000 -0.233076934030593E+005  0.242507504427538E+002 
     29.68000000 -0.233076934029119E+005  0.242507505900884E+002 
     29.70000000 -0.233076934027644E+005  0.242507507376304E+002 
     29.72000000 -0.233076934026168E+005  0.242507508852558E+002 
     29.74000000 -0.233076934024692E+005  0.242507510328132E+002 
     29.76000000 -0.233076934023218E+005  0.242507511802005E+002 
     29.78000000 -0.233076934021749E+005  0.242507513271546E+002 
     29.80000000 -0.233076934020285E+005  0.242507514734994E+002 
     29.82000000 -0.233076934018830E+005  0.242507516190026E+002 
     29.84000000 -0.233076934017385E+005  0.242507517635531E+002 
     29.86000000 -0.233076934015950E+005  0.242507519070641E+002 
     29.88000000 -0.233076934014524E+005  0.242507520495789E+002 
     29.90000000 -0.233076934013108E+005  0.242507521912771E+002 
     29.92000000 -0.233076934011696E+005  0.242507523324061E+002 
     29.94000000 -0.233076934010287E+005  0.242507524733432E+002 
     29.96000000 -0.233076934008874E+005  0.242507526145959E+002 
     29.98000000 -0.233076934007453E+005  0.242507527566901E+002 
     30.00000000 -0.233076934006019E+005  0.242507529001083E+002 
