# Real time calculation: 
# Eall: Total energy
# Eall0: Initial total energy
# 1:Time[fs] 2:Eall[eV] 3:Eall-Eall0[eV] 
      0.00000000 -0.233319441535020E+005  0.000000000000000E+000 
      0.02000000 -0.233319441536885E+005 -0.186493154655432E-006 
      0.04000000 -0.233319441536890E+005 -0.186975752560784E-006 
      0.06000000 -0.233319441536880E+005 -0.185967246681651E-006 
      0.08000000 -0.233319441536825E+005 -0.180473055143796E-006 
      0.10000000 -0.233319441536665E+005 -0.164460704130317E-006 
      0.12000000 -0.233319441536295E+005 -0.127504841455084E-006 
      0.14000000 -0.233319441535555E+005 -0.534941216624929E-007 
      0.16000000 -0.233319441534212E+005  0.808691784859604E-007 
      0.18000000 -0.233319441531946E+005  0.307464362930364E-006 
      0.20000000 -0.233319441528339E+005  0.668175361417912E-006 
      0.22000000 -0.233319441522859E+005  0.121607866280839E-005 
      0.24000000 -0.233319441514854E+005  0.201660959334544E-005 
      0.26000000 -0.233319441503533E+005  0.314869147201202E-005 
      0.28000000 -0.233319441487966E+005  0.470539763586215E-005 
      0.30000000 -0.233319441467075E+005  0.679451137733411E-005 
      0.32000000 -0.233319441439630E+005  0.953901782288478E-005 
      0.34000000 -0.233319441404251E+005  0.130769678156317E-004 
      0.36000000 -0.233319441359405E+005  0.175615335997269E-004 
      0.38000000 -0.233319441303415E+005  0.231605726260958E-004 
      0.40000000 -0.233319441234462E+005  0.300558727198170E-004 
      0.42000000 -0.233319441150595E+005  0.384425735813499E-004 
      0.44000000 -0.233319441049739E+005  0.485280840348248E-004 
      0.46000000 -0.233319440929710E+005  0.605309869020270E-004 
      0.48000000 -0.233319440788223E+005  0.746797737296826E-004 
      0.50000000 -0.233319440622906E+005  0.912113908085907E-004 
      0.52000000 -0.233319440431321E+005  0.110369970807333E-003 
      0.54000000 -0.233319440210969E+005  0.132405146773182E-003 
      0.56000000 -0.233319439959315E+005  0.157570480595332E-003 
      0.58000000 -0.233319439673802E+005  0.186121838877332E-003 
      0.60000000 -0.233319439351864E+005  0.218315663627927E-003 
      0.62000000 -0.233319438990947E+005  0.254407307916999E-003 
      0.64000000 -0.233319438588527E+005  0.294649377718659E-003 
      0.66000000 -0.233319438142118E+005  0.339290274836807E-003 
      0.68000000 -0.233319437649292E+005  0.388572835731547E-003 
      0.70000000 -0.233319437107691E+005  0.442732954877731E-003 
      0.72000000 -0.233319436515035E+005  0.501998557697620E-003 
      0.74000000 -0.233319435869133E+005  0.566588691049445E-003 
      0.76000000 -0.233319435167893E+005  0.636712756020485E-003 
      0.78000000 -0.233319434409320E+005  0.712570037703464E-003 
      0.80000000 -0.233319433591529E+005  0.794349086481287E-003 
      0.82000000 -0.233319432712745E+005  0.882227510757429E-003 
      0.84000000 -0.233319431771302E+005  0.976371874867915E-003 
      0.86000000 -0.233319430765644E+005  0.107693762483549E-002 
      0.88000000 -0.233319429694325E+005  0.118406955859322E-002 
      0.90000000 -0.233319428556001E+005  0.129790196828899E-002 
      0.92000000 -0.233319427349427E+005  0.141855930849802E-002 
      0.94000000 -0.233319426073450E+005  0.154615698817836E-002 
      0.96000000 -0.233319424727000E+005  0.168080206363201E-002 
      0.98000000 -0.233319423309077E+005  0.182259437075386E-002 
      1.00000000 -0.233319421818746E+005  0.197162746547886E-002 
      1.02000000 -0.233319420255122E+005  0.212798981171537E-002 
      1.04000000 -0.233319418617362E+005  0.229176583934820E-002 
      1.06000000 -0.233319416904649E+005  0.246303708267474E-002 
      1.08000000 -0.233319415116188E+005  0.264188327553099E-002 
      1.10000000 -0.233319413251187E+005  0.282838331958087E-002 
      1.12000000 -0.233319411308857E+005  0.302261633922585E-002 
      1.14000000 -0.233319409288394E+005  0.322466260349060E-002 
      1.16000000 -0.233319407188979E+005  0.343460410142823E-002 
      1.18000000 -0.233319405009764E+005  0.365252561249768E-002 
      1.20000000 -0.233319402749868E+005  0.387851524484604E-002 
      1.22000000 -0.233319400408370E+005  0.411266504474301E-002 
      1.24000000 -0.233319397984306E+005  0.435507138637159E-002 
      1.26000000 -0.233319395476668E+005  0.460583525024987E-002 
      1.28000000 -0.233319392884397E+005  0.486506235006776E-002 
      1.30000000 -0.233319390206387E+005  0.513286328427213E-002 
      1.32000000 -0.233319387441487E+005  0.540935337520091E-002 
      1.34000000 -0.233319384588497E+005  0.569465237209973E-002 
      1.36000000 -0.233319381646178E+005  0.598888425313304E-002 
      1.38000000 -0.233319378613253E+005  0.629217669638257E-002 
      1.40000000 -0.233319375488416E+005  0.660466047659994E-002 
      1.42000000 -0.233319372270333E+005  0.692646873512265E-002 
      1.44000000 -0.233319368957658E+005  0.725773622504148E-002 
      1.46000000 -0.233319365549037E+005  0.759859833053675E-002 
      1.48000000 -0.233319362043121E+005  0.794918996865877E-002 
      1.50000000 -0.233319358438575E+005  0.830964453441830E-002 
      1.52000000 -0.233319354734094E+005  0.868009263242027E-002 
      1.54000000 -0.233319350928410E+005  0.906066101267351E-002 
      1.56000000 -0.233319347020306E+005  0.945147144452898E-002 
      1.58000000 -0.233319343008626E+005  0.985263943593919E-002 
      1.60000000 -0.233319338892291E+005  0.102642729032204E-001 
      1.62000000 -0.233319334670312E+005  0.106864708222531E-001 
      1.64000000 -0.233319330341800E+005  0.111193220560172E-001 
      1.66000000 -0.233319325905979E+005  0.115629041728452E-001 
      1.68000000 -0.233319321362201E+005  0.120172819645994E-001 
      1.70000000 -0.233319316709957E+005  0.124825063515460E-001 
      1.72000000 -0.233319311948887E+005  0.129586133057904E-001 
      1.74000000 -0.233319307078794E+005  0.134456226293146E-001 
      1.76000000 -0.233319302099651E+005  0.139435369578457E-001 
      1.78000000 -0.233319297011613E+005  0.144523407616304E-001 
      1.80000000 -0.233319291815023E+005  0.149719997514690E-001 
      1.82000000 -0.233319286510419E+005  0.155024601579115E-001 
      1.84000000 -0.233319281098538E+005  0.160436481867884E-001 
      1.86000000 -0.233319275580322E+005  0.165954698459706E-001 
      1.88000000 -0.233319269956915E+005  0.171578105462976E-001 
      1.90000000 -0.233319264229668E+005  0.177305351851045E-001 
      1.92000000 -0.233319258400140E+005  0.183134879977304E-001 
      1.94000000 -0.233319252470094E+005  0.189064926688865E-001 
      1.96000000 -0.233319246441491E+005  0.195093528895007E-001 
      1.98000000 -0.233319240316494E+005  0.201218525825479E-001 
      2.00000000 -0.233319234097454E+005  0.207437566547895E-001 
      2.02000000 -0.233319227786903E+005  0.213748116928281E-001 
      2.04000000 -0.233319221387554E+005  0.220147466622553E-001 
      2.06000000 -0.233319214902279E+005  0.226632741265214E-001 
      2.08000000 -0.233319208334109E+005  0.233200911595398E-001 
      2.10000000 -0.233319201686216E+005  0.239848804315327E-001 
      2.12000000 -0.233319194961907E+005  0.246573113381865E-001 
      2.14000000 -0.233319188164609E+005  0.253370411421809E-001 
      2.16000000 -0.233319181297856E+005  0.260237164519190E-001 
      2.18000000 -0.233319174365278E+005  0.267169742362203E-001 
      2.20000000 -0.233319167370589E+005  0.274164431329028E-001 
      2.22000000 -0.233319160317574E+005  0.281217446088749E-001 
      2.24000000 -0.233319153210079E+005  0.288324941047584E-001 
      2.26000000 -0.233319146051998E+005  0.295483022321022E-001 
      2.28000000 -0.233319138847262E+005  0.302687757818888E-001 
      2.30000000 -0.233319131599833E+005  0.309935187175716E-001 
      2.32000000 -0.233319124313689E+005  0.317221330814934E-001 
      2.34000000 -0.233319116992823E+005  0.324542197342506E-001 
      2.36000000 -0.233319109641225E+005  0.331893794838489E-001 
      2.38000000 -0.233319102262889E+005  0.339272131754170E-001 
      2.40000000 -0.233319094861794E+005  0.346673226564022E-001 
      2.42000000 -0.233319087441909E+005  0.354093111199576E-001 
      2.44000000 -0.233319080007188E+005  0.361527832070300E-001 
      2.46000000 -0.233319072561567E+005  0.368973452847817E-001 
      2.48000000 -0.233319065108965E+005  0.376426054899006E-001 
      2.50000000 -0.233319057653282E+005  0.383881738337822E-001 
      2.52000000 -0.233319050198404E+005  0.391336616766208E-001 
      2.54000000 -0.233319042748203E+005  0.398786817676269E-001 
      2.56000000 -0.233319035306545E+005  0.406228475613460E-001 
      2.58000000 -0.233319027877291E+005  0.413657729639861E-001 
      2.60000000 -0.233319020464302E+005  0.421070717889476E-001 
      2.62000000 -0.233319013071449E+005  0.428463571659507E-001 
      2.64000000 -0.233319005702610E+005  0.435832410429696E-001 
      2.66000000 -0.233318998361686E+005  0.443173334685223E-001 
      2.68000000 -0.233318991052599E+005  0.450482421307282E-001 
      2.70000000 -0.233318983779301E+005  0.457755719458626E-001 
      2.72000000 -0.233318976545777E+005  0.464989242911490E-001 
      2.74000000 -0.233318969356054E+005  0.472178966273437E-001 
      2.76000000 -0.233318962214200E+005  0.479320820316051E-001 
      2.78000000 -0.233318955124335E+005  0.486410685633110E-001 
      2.80000000 -0.233318948090629E+005  0.493444391619702E-001 
      2.82000000 -0.233318941117310E+005  0.500417710687242E-001 
      2.84000000 -0.233318934208661E+005  0.507326358882181E-001 
      2.86000000 -0.233318927369026E+005  0.514165993875188E-001 
      2.88000000 -0.233318920602806E+005  0.520932214033073E-001 
      2.90000000 -0.233318913914462E+005  0.527620558759080E-001 
      2.92000000 -0.233318907308508E+005  0.534226512267054E-001 
      2.94000000 -0.233318900789516E+005  0.540745503797986E-001 
      2.96000000 -0.233318894362107E+005  0.547172913157521E-001 
      2.98000000 -0.233318888030945E+005  0.553504075046958E-001 
      3.00000000 -0.233318881800734E+005  0.559734286240352E-001 
      3.02000000 -0.233318875676210E+005  0.565858810719849E-001 
      3.04000000 -0.233318869662131E+005  0.571872889698873E-001 
      3.06000000 -0.233318863763269E+005  0.577771751583441E-001 
      3.08000000 -0.233318857984398E+005  0.583550621871612E-001 
      3.10000000 -0.233318852330286E+005  0.589204734228481E-001 
      3.12000000 -0.233318846805678E+005  0.594729341808678E-001 
      3.14000000 -0.233318841415288E+005  0.600119732105530E-001 
      3.16000000 -0.233318836163784E+005  0.605371236664887E-001 
      3.18000000 -0.233318831055773E+005  0.610479246924240E-001 
      3.20000000 -0.233318826095793E+005  0.615439226865444E-001 
      3.22000000 -0.233318821288293E+005  0.620246726843005E-001 
      3.24000000 -0.233318816637624E+005  0.624897396143997E-001 
      3.26000000 -0.233318812148022E+005  0.629386998734372E-001 
      3.28000000 -0.233318807823596E+005  0.633711424024598E-001 
      3.30000000 -0.233318803668318E+005  0.637866702554098E-001 
      3.32000000 -0.233318799686004E+005  0.641849016756888E-001 
      3.34000000 -0.233318795880307E+005  0.645654713088405E-001 
      3.36000000 -0.233318792254706E+005  0.649280314616354E-001 
      3.38000000 -0.233318788812489E+005  0.652722531477001E-001 
      3.40000000 -0.233318785556750E+005  0.655978269970288E-001 
      3.42000000 -0.233318782490381E+005  0.659044639675055E-001 
      3.44000000 -0.233318779616058E+005  0.661918961801697E-001 
      3.46000000 -0.233318776936247E+005  0.664598772935395E-001 
      3.48000000 -0.233318774453188E+005  0.667081831872914E-001 
      3.50000000 -0.233318772168901E+005  0.669366119096699E-001 
      3.52000000 -0.233318770085179E+005  0.671449841198688E-001 
      3.54000000 -0.233318768203589E+005  0.673331431313413E-001 
      3.56000000 -0.233318766525472E+005  0.675009548715833E-001 
      3.58000000 -0.233318765051945E+005  0.676483075449340E-001 
      3.60000000 -0.233318763783905E+005  0.677751114840838E-001 
      3.62000000 -0.233318762722034E+005  0.678812986581959E-001 
      3.64000000 -0.233318761866798E+005  0.679668222274315E-001 
      3.66000000 -0.233318761218463E+005  0.680316557540871E-001 
      3.68000000 -0.233318760777096E+005  0.680757924694180E-001 
      3.70000000 -0.233318760542575E+005  0.680992445683018E-001 
      3.72000000 -0.233318760514597E+005  0.681020422935407E-001 
      3.74000000 -0.233318760692692E+005  0.680842328531093E-001 
      3.76000000 -0.233318761076227E+005  0.680458793683387E-001 
      3.78000000 -0.233318761664419E+005  0.679870601067098E-001 
      3.80000000 -0.233318762456345E+005  0.679078674980956E-001 
      3.82000000 -0.233318763450951E+005  0.678084069468285E-001 
      3.84000000 -0.233318764647060E+005  0.676887960088085E-001 
      3.86000000 -0.233318766043387E+005  0.675491633335003E-001 
      3.88000000 -0.233318767638540E+005  0.673896480544986E-001 
      3.90000000 -0.233318769431030E+005  0.672103989821051E-001 
      3.92000000 -0.233318771419282E+005  0.670115738546826E-001 
      3.94000000 -0.233318773601633E+005  0.667933386951911E-001 
      3.96000000 -0.233318775976349E+005  0.665558671336951E-001 
      3.98000000 -0.233318778541619E+005  0.662993400887247E-001 
      4.00000000 -0.233318781295566E+005  0.660239454084209E-001 
      4.02000000 -0.233318784236247E+005  0.657298773198792E-001 
      4.04000000 -0.233318787361656E+005  0.654173363951202E-001 
      4.06000000 -0.233318790669726E+005  0.650865293809424E-001 
      4.08000000 -0.233318794158328E+005  0.647376692607948E-001 
      4.10000000 -0.233318797825268E+005  0.643709752114655E-001 
      4.12000000 -0.233318801668293E+005  0.639866727515747E-001 
      4.14000000 -0.233318805685078E+005  0.635849941839549E-001 
      4.16000000 -0.233318809873231E+005  0.631661789266645E-001 
      4.18000000 -0.233318814230280E+005  0.627304740450824E-001 
      4.20000000 -0.233318818753676E+005  0.622781344096806E-001 
      4.22000000 -0.233318823440786E+005  0.618094234725118E-001 
      4.24000000 -0.233318828288881E+005  0.613246138952053E-001 
      4.26000000 -0.233318833295142E+005  0.608239878676055E-001 
      4.28000000 -0.233318838456643E+005  0.603078377203001E-001 
      4.30000000 -0.233318843770356E+005  0.597764664598085E-001 
      4.32000000 -0.233318849233136E+005  0.592301884120458E-001 
      4.34000000 -0.233318854841725E+005  0.586693295409615E-001 
      4.36000000 -0.233318860592739E+005  0.580942281229386E-001 
      4.38000000 -0.233318866482669E+005  0.575052350932743E-001 
      4.40000000 -0.233318872507876E+005  0.569027144545324E-001 
      4.42000000 -0.233318878664584E+005  0.562870436230234E-001 
      4.44000000 -0.233318884948882E+005  0.556586138588121E-001 
      4.46000000 -0.233318891356716E+005  0.550178304791736E-001 
      4.48000000 -0.233318897883893E+005  0.543651127595999E-001 
      4.50000000 -0.233318904526078E+005  0.537008942493438E-001 
      4.52000000 -0.233318911278794E+005  0.530256226322082E-001 
      4.54000000 -0.233318918137422E+005  0.523397597853244E-001 
      4.56000000 -0.233318925097207E+005  0.516437812903667E-001 
      4.58000000 -0.233318932153255E+005  0.509381765016110E-001 
      4.60000000 -0.233318939300539E+005  0.502234481252089E-001 
      4.62000000 -0.233318946533903E+005  0.495001117180276E-001 
      4.64000000 -0.233318953848063E+005  0.487686956938379E-001 
      4.66000000 -0.233318961237615E+005  0.480297405313579E-001 
      4.68000000 -0.233318968697036E+005  0.472837984525215E-001 
      4.70000000 -0.233318976220690E+005  0.465314330079393E-001 
      4.72000000 -0.233318983802836E+005  0.457732184705570E-001 
      4.74000000 -0.233318991437627E+005  0.450097393716197E-001 
      4.76000000 -0.233318999119123E+005  0.442415897334644E-001 
      4.78000000 -0.233319006841295E+005  0.434693725157703E-001 
      4.80000000 -0.233319014598030E+005  0.426936990061239E-001 
      4.82000000 -0.233319022383140E+005  0.419151880342508E-001 
      4.84000000 -0.233319030190369E+005  0.411344650934400E-001 
      4.86000000 -0.233319038013405E+005  0.403521615547754E-001 
      4.88000000 -0.233319045845883E+005  0.395689137699990E-001 
      4.90000000 -0.233319053681398E+005  0.387853622114961E-001 
      4.92000000 -0.233319061513516E+005  0.380021503771701E-001 
      4.94000000 -0.233319069335783E+005  0.372199237231577E-001 
      4.96000000 -0.233319077141737E+005  0.364393283366855E-001 
      4.98000000 -0.233319084924919E+005  0.356610100977105E-001 
      5.00000000 -0.233319092678888E+005  0.348856132280326E-001 
      5.02000000 -0.233319100397228E+005  0.341137792549469E-001 
      5.04000000 -0.233319108073563E+005  0.333461456964735E-001 
      5.06000000 -0.233319115701570E+005  0.325833450002609E-001 
      5.08000000 -0.233319123274986E+005  0.318260034515536E-001 
      5.10000000 -0.233319130787617E+005  0.310747403069908E-001 
      5.12000000 -0.233319138233353E+005  0.303301667489774E-001 
      5.14000000 -0.233319145606168E+005  0.295928852174717E-001 
      5.16000000 -0.233319152900134E+005  0.288634886087491E-001 
      5.18000000 -0.233319160109422E+005  0.281425598732369E-001 
      5.20000000 -0.233319167228305E+005  0.274306714927004E-001 
      5.22000000 -0.233319174251170E+005  0.267283850657034E-001 
      5.24000000 -0.233319181172507E+005  0.260362512797660E-001 
      5.26000000 -0.233319187986925E+005  0.253548094813574E-001 
      5.28000000 -0.233319194689142E+005  0.246845878305749E-001 
      5.30000000 -0.233319201273988E+005  0.240261032268982E-001 
      5.32000000 -0.233319207736407E+005  0.233798613710605E-001 
      5.34000000 -0.233319214071454E+005  0.227463566289315E-001 
      5.36000000 -0.233319220274296E+005  0.221260724584307E-001 
      5.38000000 -0.233319226340208E+005  0.215194811991644E-001 
      5.40000000 -0.233319232264577E+005  0.209270443353797E-001 
      5.42000000 -0.233319238042897E+005  0.203492123196303E-001 
      5.44000000 -0.233319243670770E+005  0.197864250368134E-001 
      5.46000000 -0.233319249143907E+005  0.192391113772560E-001 
      5.48000000 -0.233319254458126E+005  0.187076894439843E-001 
      5.50000000 -0.233319259609356E+005  0.181925664382618E-001 
      5.52000000 -0.233319264593635E+005  0.176941385420329E-001 
      5.54000000 -0.233319269407111E+005  0.172127908869875E-001 
      5.56000000 -0.233319274046047E+005  0.167488972854200E-001 
      5.58000000 -0.233319278506821E+005  0.163028199425260E-001 
      5.60000000 -0.233319282785926E+005  0.158749094285610E-001 
      5.62000000 -0.233319286879978E+005  0.154655042271776E-001 
      5.64000000 -0.233319290785716E+005  0.150749304600975E-001 
      5.66000000 -0.233319294500005E+005  0.147035015096951E-001 
      5.68000000 -0.233319298019843E+005  0.143515177158271E-001 
      5.70000000 -0.233319301342361E+005  0.140192659025152E-001 
      5.72000000 -0.233319304464830E+005  0.137070190562143E-001 
      5.74000000 -0.233319307384662E+005  0.134150358463081E-001 
      5.76000000 -0.233319310099417E+005  0.131435603064708E-001 
      5.78000000 -0.233319312606806E+005  0.128928213860984E-001 
      5.80000000 -0.233319314904694E+005  0.126630326223896E-001 
      5.82000000 -0.233319316991103E+005  0.124543917041519E-001 
      5.84000000 -0.233319318864218E+005  0.122670802366892E-001 
      5.86000000 -0.233319320522387E+005  0.121012633767605E-001 
      5.88000000 -0.233319321964126E+005  0.119570894706308E-001 
      5.90000000 -0.233319323188120E+005  0.118346900200421E-001 
      5.92000000 -0.233319324193228E+005  0.117341792614871E-001 
      5.94000000 -0.233319324978478E+005  0.116556541847705E-001 
      5.96000000 -0.233319325543078E+005  0.115991942329321E-001 
      5.98000000 -0.233319325886407E+005  0.115648613084339E-001 
      6.00000000 -0.233319326008023E+005  0.115526997484117E-001 
      6.02000000 -0.233319325907658E+005  0.115627362689906E-001 
      6.04000000 -0.233319325585220E+005  0.115949800116887E-001 
      6.06000000 -0.233319325040795E+005  0.116494225217617E-001 
      6.08000000 -0.233319324274641E+005  0.117260379090697E-001 
      6.10000000 -0.233319323287192E+005  0.118247828449825E-001 
      6.12000000 -0.233319322079052E+005  0.119455968036797E-001 
      6.14000000 -0.233319320650999E+005  0.120884020868985E-001 
      6.16000000 -0.233319319003981E+005  0.122531039074605E-001 
      6.18000000 -0.233319317139113E+005  0.124395907140973E-001 
      6.20000000 -0.233319315057678E+005  0.126477341945441E-001 
      6.22000000 -0.233319312761125E+005  0.128773895323063E-001 
      6.24000000 -0.233319310251064E+005  0.131283955891809E-001 
      6.26000000 -0.233319307529271E+005  0.134005749330980E-001 
      6.28000000 -0.233319304597678E+005  0.136937342433803E-001 
      6.30000000 -0.233319301458377E+005  0.140076642859934E-001 
      6.32000000 -0.233319298113618E+005  0.143421402538401E-001 
      6.34000000 -0.233319294565802E+005  0.146969218162572E-001 
      6.36000000 -0.233319290817486E+005  0.150717534283729E-001 
      6.38000000 -0.233319286871376E+005  0.154663644177274E-001 
      6.40000000 -0.233319282730328E+005  0.158804692255718E-001 
      6.42000000 -0.233319278397344E+005  0.163137676326989E-001 
      6.44000000 -0.233319273875571E+005  0.167659449419642E-001 
      6.46000000 -0.233319269168299E+005  0.172366720834679E-001 
      6.48000000 -0.233319264278960E+005  0.177256060631230E-001 
      6.50000000 -0.233319259211120E+005  0.182323900059658E-001 
      6.52000000 -0.233319253968485E+005  0.187566535397587E-001 
      6.54000000 -0.233319248554891E+005  0.192980128847049E-001 
      6.56000000 -0.233319242974306E+005  0.198560714133847E-001 
      6.58000000 -0.233319237230823E+005  0.204304196816920E-001 
      6.60000000 -0.233319231328661E+005  0.210206359516482E-001 
      6.62000000 -0.233319225272157E+005  0.216262863306137E-001 
      6.64000000 -0.233319219065767E+005  0.222469252879143E-001 
      6.66000000 -0.233319212714061E+005  0.228820959208897E-001 
      6.68000000 -0.233319206221717E+005  0.235313302920926E-001 
      6.70000000 -0.233319199593520E+005  0.241941500510981E-001 
      6.72000000 -0.233319192834356E+005  0.248700664004738E-001 
      6.74000000 -0.233319185949211E+005  0.255585808846421E-001 
      6.76000000 -0.233319178943164E+005  0.262591855816820E-001 
      6.78000000 -0.233319171821385E+005  0.269713635704589E-001 
      6.80000000 -0.233319164589126E+005  0.276945894225033E-001 
      6.82000000 -0.233319157251725E+005  0.284283295423043E-001 
      6.84000000 -0.233319149814593E+005  0.291720426963112E-001 
      6.86000000 -0.233319142283216E+005  0.299251804181915E-001 
      6.88000000 -0.233319134663146E+005  0.306871874388387E-001 
      6.90000000 -0.233319126959999E+005  0.314575021596890E-001 
      6.92000000 -0.233319119179449E+005  0.322355571569745E-001 
      6.94000000 -0.233319111327225E+005  0.330207795374844E-001 
      6.96000000 -0.233319103409106E+005  0.338125914335369E-001 
      6.98000000 -0.233319095430915E+005  0.346104104886714E-001 
      7.00000000 -0.233319087398517E+005  0.354136503433392E-001 
      7.02000000 -0.233319079317812E+005  0.362217208669222E-001 
      7.04000000 -0.233319071194730E+005  0.370340290517764E-001 
      7.06000000 -0.233319063035231E+005  0.378499789420794E-001 
      7.08000000 -0.233319054845295E+005  0.386689724845641E-001 
      7.10000000 -0.233319046630923E+005  0.394904097481628E-001 
      7.12000000 -0.233319038398125E+005  0.403136895705640E-001 
      7.14000000 -0.233319030152923E+005  0.411382097500150E-001 
      7.16000000 -0.233319021901342E+005  0.419633678187153E-001 
      7.18000000 -0.233319013649409E+005  0.427885611418113E-001 
      7.20000000 -0.233319005403143E+005  0.436131877526619E-001 
      7.22000000 -0.233318997168555E+005  0.444366465198916E-001 
      7.24000000 -0.233318988951643E+005  0.452583377197022E-001 
      7.26000000 -0.233318980758386E+005  0.460776634627861E-001 
      7.28000000 -0.233318972594739E+005  0.468940281119594E-001 
      7.30000000 -0.233318964466631E+005  0.477068389627484E-001 
      7.32000000 -0.233318956379956E+005  0.485155064444725E-001 
      7.34000000 -0.233318948340573E+005  0.493194447203974E-001 
      7.36000000 -0.233318940354299E+005  0.501180721734270E-001 
      7.38000000 -0.233318932426901E+005  0.509108119072627E-001 
      7.40000000 -0.233318924564100E+005  0.516970920464802E-001 
      7.42000000 -0.233318916771555E+005  0.524763465037365E-001 
      7.44000000 -0.233318909054869E+005  0.532480151591975E-001 
      7.46000000 -0.233318901419574E+005  0.540115446246508E-001 
      7.48000000 -0.233318893871134E+005  0.547663886054548E-001 
      7.50000000 -0.233318886414936E+005  0.555120083924169E-001 
      7.52000000 -0.233318879056287E+005  0.562478733598595E-001 
      7.54000000 -0.233318871800404E+005  0.569734616369258E-001 
      7.56000000 -0.233318864652416E+005  0.576882604540607E-001 
      7.58000000 -0.233318857617353E+005  0.583917667184157E-001 
      7.60000000 -0.233318850700145E+005  0.590834874809792E-001 
      7.62000000 -0.233318843905615E+005  0.597629405398235E-001 
      7.64000000 -0.233318837238472E+005  0.604296548113343E-001 
      7.66000000 -0.233318830703313E+005  0.610831707354692E-001 
      7.68000000 -0.233318824304612E+005  0.617230408480690E-001 
      7.70000000 -0.233318818046719E+005  0.623488301149641E-001 
      7.72000000 -0.233318811933857E+005  0.629601163650755E-001 
      7.74000000 -0.233318805970114E+005  0.635564906616435E-001 
      7.76000000 -0.233318800159445E+005  0.641375575744625E-001 
      7.78000000 -0.233318794505666E+005  0.647029354521160E-001 
      7.80000000 -0.233318789012451E+005  0.652522569447908E-001 
      7.82000000 -0.233318783683330E+005  0.657851690011833E-001 
      7.84000000 -0.233318778521689E+005  0.663013331314536E-001 
      7.86000000 -0.233318773530764E+005  0.668004255897468E-001 
      7.88000000 -0.233318768713645E+005  0.672821375257777E-001 
      7.90000000 -0.233318764073267E+005  0.677461752849080E-001 
      7.92000000 -0.233318759612417E+005  0.681922603431813E-001 
      7.94000000 -0.233318755333728E+005  0.686201292609191E-001 
      7.96000000 -0.233318751239682E+005  0.690295338590552E-001 
      7.98000000 -0.233318747332606E+005  0.694202414511532E-001 
      8.00000000 -0.233318743614674E+005  0.697920346516054E-001 
      8.02000000 -0.233318740087906E+005  0.701447114096618E-001 
      8.04000000 -0.233318736754173E+005  0.704780847433829E-001 
      8.06000000 -0.233318733615191E+005  0.707919829685636E-001 
      8.08000000 -0.233318730672523E+005  0.710862497667928E-001 
      8.10000000 -0.233318727927586E+005  0.713607434306201E-001 
      8.12000000 -0.233318725381647E+005  0.716153373368733E-001 
      8.14000000 -0.233318723035825E+005  0.718499195321192E-001 
      8.16000000 -0.233318720891090E+005  0.720643930018044E-001 
      8.18000000 -0.233318718948269E+005  0.722586751103184E-001 
      8.20000000 -0.233318717208044E+005  0.724326975948061E-001 
      8.22000000 -0.233318715670954E+005  0.725864066301333E-001 
      8.24000000 -0.233318714337394E+005  0.727197625844937E-001 
      8.26000000 -0.233318713207621E+005  0.728327399018535E-001 
      8.28000000 -0.233318712281750E+005  0.729253269967692E-001 
      8.30000000 -0.233318711559758E+005  0.729975261987039E-001 
      8.32000000 -0.233318711041485E+005  0.730493535014472E-001 
      8.34000000 -0.233318710726635E+005  0.730808385754894E-001 
      8.36000000 -0.233318710614774E+005  0.730920246102495E-001 
      8.38000000 -0.233318710705340E+005  0.730829680356532E-001 
      8.40000000 -0.233318710997633E+005  0.730537387015600E-001 
      8.42000000 -0.233318711490824E+005  0.730044196643069E-001 
      8.44000000 -0.233318712183950E+005  0.729351070598715E-001 
      8.46000000 -0.233318713075920E+005  0.728459100420006E-001 
      8.48000000 -0.233318714165514E+005  0.727369506306248E-001 
      8.50000000 -0.233318715451383E+005  0.726083637056715E-001 
      8.52000000 -0.233318716932050E+005  0.724602970163455E-001 
      8.54000000 -0.233318718605912E+005  0.722929108099001E-001 
      8.56000000 -0.233318720471241E+005  0.721063779646605E-001 
      8.58000000 -0.233318722526182E+005  0.719008837827546E-001 
      8.60000000 -0.233318724768761E+005  0.716766259715510E-001 
      8.62000000 -0.233318727196875E+005  0.714338145013552E-001 
      8.64000000 -0.233318729808305E+005  0.711726715126017E-001 
      8.66000000 -0.233318732600710E+005  0.708934310498067E-001 
      8.68000000 -0.233318735571628E+005  0.705963391976854E-001 
      8.70000000 -0.233318738718484E+005  0.702816536635193E-001 
      8.72000000 -0.233318742038582E+005  0.699496438173725E-001 
      8.74000000 -0.233318745529116E+005  0.696005904291381E-001 
      8.76000000 -0.233318749187164E+005  0.692347855911981E-001 
      8.78000000 -0.233318753009695E+005  0.688525324956866E-001 
      8.80000000 -0.233318756993571E+005  0.684541449766402E-001 
      8.82000000 -0.233318761135544E+005  0.680399476151795E-001 
      8.84000000 -0.233318765432266E+005  0.676102753837482E-001 
      8.86000000 -0.233318769880287E+005  0.671654733120063E-001 
      8.88000000 -0.233318774476059E+005  0.667058961001336E-001 
      8.90000000 -0.233318779215939E+005  0.662319080878935E-001 
      8.92000000 -0.233318784096193E+005  0.657438827472868E-001 
      8.94000000 -0.233318789112997E+005  0.652422023298840E-001 
      8.96000000 -0.233318794262445E+005  0.647272574894087E-001 
      8.98000000 -0.233318799540551E+005  0.641994469290700E-001 
      9.00000000 -0.233318804943249E+005  0.636591770922053E-001 
      9.02000000 -0.233318810466405E+005  0.631068615188156E-001 
      9.04000000 -0.233318816105814E+005  0.625429205918932E-001 
      9.06000000 -0.233318821857211E+005  0.619677809094248E-001 
      9.08000000 -0.233318827716269E+005  0.613818750956839E-001 
      9.10000000 -0.233318833678608E+005  0.607856411825156E-001 
      9.12000000 -0.233318839739800E+005  0.601795220153695E-001 
      9.14000000 -0.233318845895372E+005  0.595639648047315E-001 
      9.16000000 -0.233318852140814E+005  0.589394206187772E-001 
      9.18000000 -0.233318858471581E+005  0.583063439533645E-001 
      9.20000000 -0.233318864883099E+005  0.576651920854767E-001 
      9.22000000 -0.233318871370774E+005  0.570164246741508E-001 
      9.24000000 -0.233318877929989E+005  0.563605031232008E-001 
      9.26000000 -0.233318884556120E+005  0.556978900181869E-001 
      9.28000000 -0.233318891244532E+005  0.550290488510870E-001 
      9.30000000 -0.233318897990588E+005  0.543544432066865E-001 
      9.32000000 -0.233318904789656E+005  0.536745363789746E-001 
      9.34000000 -0.233318911637112E+005  0.529897908143004E-001 
      9.36000000 -0.233318918528343E+005  0.523006677308633E-001 
      9.38000000 -0.233318925458756E+005  0.516076263979098E-001 
      9.40000000 -0.233318932423783E+005  0.509111237706911E-001 
      9.42000000 -0.233318939418881E+005  0.502116139645554E-001 
      9.44000000 -0.233318946439542E+005  0.495095478001921E-001 
      9.46000000 -0.233318953481296E+005  0.488053724540578E-001 
      9.48000000 -0.233318960539711E+005  0.480995309293746E-001 
      9.50000000 -0.233318967610404E+005  0.473924616446843E-001 
      9.52000000 -0.233318974689039E+005  0.466845980997427E-001 
      9.54000000 -0.233318981771335E+005  0.459763685414129E-001 
      9.56000000 -0.233318988853066E+005  0.452681954686929E-001 
      9.58000000 -0.233318995930065E+005  0.445604955460963E-001 
      9.60000000 -0.233319002998231E+005  0.438536788983159E-001 
      9.62000000 -0.233319010053527E+005  0.431481492834648E-001 
      9.64000000 -0.233319017091986E+005  0.424443034279568E-001 
      9.66000000 -0.233319024109708E+005  0.417425311811857E-001 
      9.68000000 -0.233319031102871E+005  0.410432148968101E-001 
      9.70000000 -0.233319038067726E+005  0.403467294451271E-001 
      9.72000000 -0.233319045000600E+005  0.396534420336455E-001 
      9.74000000 -0.233319051897900E+005  0.389637120524067E-001 
      9.76000000 -0.233319058756114E+005  0.382778906192291E-001 
      9.78000000 -0.233319065571813E+005  0.375963206941702E-001 
      9.80000000 -0.233319072341651E+005  0.369193369062865E-001 
      9.82000000 -0.233319079062366E+005  0.362472654020485E-001 
      9.84000000 -0.233319085730785E+005  0.355804235421697E-001 
      9.86000000 -0.233319092343822E+005  0.349191198613903E-001 
      9.88000000 -0.233319098898478E+005  0.342636541891270E-001 
      9.90000000 -0.233319105391848E+005  0.336143172039976E-001 
      9.92000000 -0.233319111821115E+005  0.329713905142543E-001 
      9.94000000 -0.233319118183556E+005  0.323351463886421E-001 
      9.96000000 -0.233319124476541E+005  0.317058479512946E-001 
      9.98000000 -0.233319130697533E+005  0.310837487362590E-001 
     10.00000000 -0.233319136844091E+005  0.304690928978587E-001 
     10.02000000 -0.233319142913871E+005  0.298621149415529E-001 
     10.04000000 -0.233319148904623E+005  0.292630397084682E-001 
     10.06000000 -0.233319154814197E+005  0.286720823197145E-001 
     10.08000000 -0.233319160640539E+005  0.280894481794786E-001 
     10.10000000 -0.233319166381693E+005  0.275153327182570E-001 
     10.12000000 -0.233319172035804E+005  0.269499216032196E-001 
     10.14000000 -0.233319177601116E+005  0.263933904195708E-001 
     10.16000000 -0.233319183075973E+005  0.258459047262344E-001 
     10.18000000 -0.233319188458819E+005  0.253076201146312E-001 
     10.20000000 -0.233319193748200E+005  0.247786820292519E-001 
     10.22000000 -0.233319198942763E+005  0.242592257057849E-001 
     10.24000000 -0.233319204041258E+005  0.237493762144272E-001 
     10.26000000 -0.233319209042535E+005  0.232492484815391E-001 
     10.28000000 -0.233319213945549E+005  0.227589471318714E-001 
     10.30000000 -0.233319218749355E+005  0.222785665287825E-001 
     10.32000000 -0.233319223453113E+005  0.218081907618640E-001 
     10.34000000 -0.233319228056083E+005  0.213478937428411E-001 
     10.36000000 -0.233319232557630E+005  0.208977390478008E-001 
     10.38000000 -0.233319236957220E+005  0.204577800285601E-001 
     10.40000000 -0.233319241254421E+005  0.200280599054738E-001 
     10.42000000 -0.233319245448903E+005  0.196086117612470E-001 
     10.44000000 -0.233319249540435E+005  0.191994584945317E-001 
     10.46000000 -0.233319253528888E+005  0.188006132128106E-001 
     10.48000000 -0.233319257414231E+005  0.184120789539757E-001 
     10.50000000 -0.233319261196529E+005  0.180338490977737E-001 
     10.52000000 -0.233319264875948E+005  0.176659071832850E-001 
     10.54000000 -0.233319268452747E+005  0.173082273574924E-001 
     10.56000000 -0.233319271927278E+005  0.169607742422570E-001 
     10.58000000 -0.233319275299987E+005  0.166235033426708E-001 
     10.60000000 -0.233319278571410E+005  0.162963609820910E-001 
     10.62000000 -0.233319281742174E+005  0.159792846022174E-001 
     10.64000000 -0.233319284812990E+005  0.156722030538883E-001 
     10.66000000 -0.233319287784653E+005  0.153750366960750E-001 
     10.68000000 -0.233319290658044E+005  0.150876975845900E-001 
     10.70000000 -0.233319293434122E+005  0.148100898216610E-001 
     10.72000000 -0.233319296113923E+005  0.145421097724815E-001 
     10.74000000 -0.233319298698558E+005  0.142836462013279E-001 
     10.76000000 -0.233319301189214E+005  0.140345806706308E-001 
     10.78000000 -0.233319303587143E+005  0.137947877637128E-001 
     10.80000000 -0.233319305893667E+005  0.135641353044323E-001 
     10.82000000 -0.233319308110173E+005  0.133424847624417E-001 
     10.84000000 -0.233319310238106E+005  0.131296914078668E-001 
     10.86000000 -0.233319312278973E+005  0.129256047351261E-001 
     10.88000000 -0.233319314234334E+005  0.127300686454523E-001 
     10.90000000 -0.233319316105803E+005  0.125429217562497E-001 
     10.92000000 -0.233319317895042E+005  0.123639977970720E-001 
     10.94000000 -0.233319319603761E+005  0.121931259220736E-001 
     10.96000000 -0.233319321233712E+005  0.120301308430332E-001 
     10.98000000 -0.233319322786687E+005  0.118748333397942E-001 
     11.00000000 -0.233319324264516E+005  0.117270504180365E-001 
     11.02000000 -0.233319325669063E+005  0.115865957361910E-001 
     11.04000000 -0.233319327002221E+005  0.114532799333575E-001 
     11.06000000 -0.233319328265912E+005  0.113269107839847E-001 
     11.08000000 -0.233319329462083E+005  0.112072937114028E-001 
     11.10000000 -0.233319330592701E+005  0.110942319084739E-001 
     11.12000000 -0.233319331659752E+005  0.109875268232827E-001 
     11.14000000 -0.233319332665236E+005  0.108869783911554E-001 
     11.16000000 -0.233319333611167E+005  0.107923853409231E-001 
     11.18000000 -0.233319334499565E+005  0.107035455352159E-001 
     11.20000000 -0.233319335332458E+005  0.106202562705391E-001 
     11.22000000 -0.233319336111875E+005  0.105423145587892E-001 
     11.24000000 -0.233319336839846E+005  0.104695174613598E-001 
     11.26000000 -0.233319337518397E+005  0.104016623737508E-001 
     11.28000000 -0.233319338149547E+005  0.103385473132710E-001 
     11.30000000 -0.233319338735308E+005  0.102799712562377E-001 
     11.32000000 -0.233319339277676E+005  0.102257344225861E-001 
     11.34000000 -0.233319339778636E+005  0.101756384491090E-001 
     11.36000000 -0.233319340240152E+005  0.101294868782426E-001 
     11.38000000 -0.233319340664167E+005  0.100870853034639E-001 
     11.40000000 -0.233319341052604E+005  0.100482416322453E-001 
     11.42000000 -0.233319341407356E+005  0.100127664418152E-001 
     11.44000000 -0.233319341730288E+005  0.998047319261539E-002 
     11.46000000 -0.233319342023236E+005  0.995117843247668E-002 
     11.48000000 -0.233319342287998E+005  0.992470223281339E-002 
     11.50000000 -0.233319342526338E+005  0.990086821027826E-002 
     11.52000000 -0.233319342739980E+005  0.987950400317324E-002 
     11.54000000 -0.233319342930607E+005  0.986044129310454E-002 
     11.56000000 -0.233319343099859E+005  0.984351617621177E-002 
     11.58000000 -0.233319343249327E+005  0.982856933950178E-002 
     11.60000000 -0.233319343380557E+005  0.981544628977334E-002 
     11.62000000 -0.233319343495044E+005  0.980399760729037E-002 
     11.64000000 -0.233319343594229E+005  0.979407910664791E-002 
     11.66000000 -0.233319343679500E+005  0.978555201001241E-002 
     11.68000000 -0.233319343752188E+005  0.977828324101147E-002 
     11.70000000 -0.233319343813565E+005  0.977214550826041E-002 
     11.72000000 -0.233319343864845E+005  0.976701754975477E-002 
     11.74000000 -0.233319343907178E+005  0.976278425661339E-002 
     11.76000000 -0.233319343941651E+005  0.975933689890949E-002 
     11.78000000 -0.233319343969289E+005  0.975657317516786E-002 
     11.80000000 -0.233319343991045E+005  0.975439751244179E-002 
     11.82000000 -0.233319344007810E+005  0.975272104156443E-002 
     11.84000000 -0.233319344020402E+005  0.975146186319638E-002 
     11.86000000 -0.233319344029569E+005  0.975054508185503E-002 
     11.88000000 -0.233319344035991E+005  0.974990288944109E-002 
     11.90000000 -0.233319344040272E+005  0.974947484366050E-002 
     11.92000000 -0.233319344042944E+005  0.974920764838048E-002 
     11.94000000 -0.233319344044464E+005  0.974905564860175E-002 
     11.96000000 -0.233319344045217E+005  0.974898037260924E-002 
     11.98000000 -0.233319344045509E+005  0.974895112903233E-002 
     12.00000000 -0.233319344045573E+005  0.974894474389081E-002 
     12.02000000 -0.233319344045578E+005  0.974894421798284E-002 
     12.04000000 -0.233319344045583E+005  0.974894369207486E-002 
     12.06000000 -0.233319344045588E+005  0.974894319091550E-002 
     12.08000000 -0.233319344045593E+005  0.974894270213044E-002 
     12.10000000 -0.233319344045598E+005  0.974894220715823E-002 
     12.12000000 -0.233319344045603E+005  0.974894175549609E-002 
     12.14000000 -0.233319344045607E+005  0.974894130383395E-002 
     12.16000000 -0.233319344045611E+005  0.974894090166903E-002 
     12.18000000 -0.233319344045615E+005  0.974894049950410E-002 
     12.20000000 -0.233319344045619E+005  0.974894013755567E-002 
     12.22000000 -0.233319344045623E+005  0.974893975704579E-002 
     12.24000000 -0.233319344045626E+005  0.974893941056524E-002 
     12.26000000 -0.233319344045630E+005  0.974893905789754E-002 
     12.28000000 -0.233319344045633E+005  0.974893872379130E-002 
     12.30000000 -0.233319344045636E+005  0.974893837731075E-002 
     12.32000000 -0.233319344045640E+005  0.974893802464305E-002 
     12.34000000 -0.233319344045643E+005  0.974893768434966E-002 
     12.36000000 -0.233319344045647E+005  0.974893730693335E-002 
     12.38000000 -0.233319344045651E+005  0.974893694807849E-002 
     12.40000000 -0.233319344045654E+005  0.974893658303649E-002 
     12.42000000 -0.233319344045659E+005  0.974893617159084E-002 
     12.44000000 -0.233319344045663E+005  0.974893577870664E-002 
     12.46000000 -0.233319344045667E+005  0.974893533941881E-002 
     12.48000000 -0.233319344045671E+005  0.974893491869243E-002 
     12.50000000 -0.233319344045676E+005  0.974893447012386E-002 
     12.52000000 -0.233319344045680E+005  0.974893403392960E-002 
     12.54000000 -0.233319344045685E+005  0.974893357608031E-002 
     12.56000000 -0.233319344045689E+005  0.974893309348240E-002 
     12.58000000 -0.233319344045694E+005  0.974893261397807E-002 
     12.60000000 -0.233319344045699E+005  0.974893210972513E-002 
     12.62000000 -0.233319344045704E+005  0.974893164568869E-002 
     12.64000000 -0.233319344045709E+005  0.974893112906144E-002 
     12.66000000 -0.233319344045714E+005  0.974893065574427E-002 
     12.68000000 -0.233319344045719E+005  0.974893013911702E-002 
     12.70000000 -0.233319344045724E+005  0.974892963795766E-002 
     12.72000000 -0.233319344045729E+005  0.974892916154690E-002 
     12.74000000 -0.233319344045734E+005  0.974892865729396E-002 
     12.76000000 -0.233319344045739E+005  0.974892816232175E-002 
     12.78000000 -0.233319344045744E+005  0.974892764878809E-002 
     12.80000000 -0.233319344045749E+005  0.974892715072230E-002 
     12.82000000 -0.233319344045754E+005  0.974892665265651E-002 
     12.84000000 -0.233319344045759E+005  0.974892617005861E-002 
     12.86000000 -0.233319344045764E+005  0.974892566271209E-002 
     12.88000000 -0.233319344045768E+005  0.974892518939491E-002 
     12.90000000 -0.233319344045773E+005  0.974892468514198E-002 
     12.92000000 -0.233319344045778E+005  0.974892417779546E-002 
     12.94000000 -0.233319344045784E+005  0.974892366426179E-002 
     12.96000000 -0.233319344045788E+005  0.974892318166388E-002 
     12.98000000 -0.233319344045794E+005  0.974892265884949E-002 
     13.00000000 -0.233319344045798E+005  0.974892218553231E-002 
     13.02000000 -0.233319344045804E+005  0.974892167818579E-002 
     13.04000000 -0.233319344045809E+005  0.974892117702643E-002 
     13.06000000 -0.233319344045814E+005  0.974892066967992E-002 
     13.08000000 -0.233319344045819E+005  0.974892013758479E-002 
     13.10000000 -0.233319344045824E+005  0.974891966736119E-002 
     13.12000000 -0.233319344045829E+005  0.974891914145322E-002 
     13.14000000 -0.233319344045834E+005  0.974891859698378E-002 
     13.16000000 -0.233319344045839E+005  0.974891810201157E-002 
     13.18000000 -0.233319344045844E+005  0.974891758538433E-002 
     13.20000000 -0.233319344045850E+005  0.974891706875708E-002 
     13.22000000 -0.233319344045855E+005  0.974891652428765E-002 
     13.24000000 -0.233319344045860E+005  0.974891600456683E-002 
     13.26000000 -0.233319344045865E+005  0.974891548484601E-002 
     13.28000000 -0.233319344045871E+005  0.974891497131234E-002 
     13.30000000 -0.233319344045876E+005  0.974891443921722E-002 
     13.32000000 -0.233319344045881E+005  0.974891389474778E-002 
     13.34000000 -0.233319344045887E+005  0.974891336883981E-002 
     13.36000000 -0.233319344045892E+005  0.974891281818322E-002 
     13.38000000 -0.233319344045897E+005  0.974891231083671E-002 
     13.40000000 -0.233319344045903E+005  0.974891176636728E-002 
     13.42000000 -0.233319344045908E+005  0.974891124045930E-002 
     13.44000000 -0.233319344045913E+005  0.974891070217702E-002 
     13.46000000 -0.233319344045918E+005  0.974891020101766E-002 
     13.48000000 -0.233319344045924E+005  0.974890965345465E-002 
     13.50000000 -0.233319344045929E+005  0.974890914610814E-002 
     13.52000000 -0.233319344045935E+005  0.974890856760937E-002 
     13.54000000 -0.233319344045940E+005  0.974890804788854E-002 
     13.56000000 -0.233319344045945E+005  0.974890750341911E-002 
     13.58000000 -0.233319344045950E+005  0.974890698369829E-002 
     13.60000000 -0.233319344045956E+005  0.974890644541601E-002 
     13.62000000 -0.233319344045961E+005  0.974890591950804E-002 
     13.64000000 -0.233319344045966E+005  0.974890538431934E-002 
     13.66000000 -0.233319344045972E+005  0.974890484603706E-002 
     13.68000000 -0.233319344045977E+005  0.974890430466120E-002 
     13.70000000 -0.233319344045983E+005  0.974890377875323E-002 
     13.72000000 -0.233319344045988E+005  0.974890324356453E-002 
     13.74000000 -0.233319344045993E+005  0.974890269600152E-002 
     13.76000000 -0.233319344045999E+005  0.974890217318712E-002 
     13.78000000 -0.233319344046004E+005  0.974890162871769E-002 
     13.80000000 -0.233319344046010E+005  0.974890107496753E-002 
     13.82000000 -0.233319344046015E+005  0.974890055524671E-002 
     13.84000000 -0.233319344046020E+005  0.974890000459012E-002 
     13.86000000 -0.233319344046025E+005  0.974889948486930E-002 
     13.88000000 -0.233319344046031E+005  0.974889894658702E-002 
     13.90000000 -0.233319344046036E+005  0.974889841449190E-002 
     13.92000000 -0.233319344046041E+005  0.974889789167750E-002 
     13.94000000 -0.233319344046047E+005  0.974889733174019E-002 
     13.96000000 -0.233319344046052E+005  0.974889679345791E-002 
     13.98000000 -0.233319344046058E+005  0.974889624898847E-002 
     14.00000000 -0.233319344046063E+005  0.974889571998692E-002 
     14.02000000 -0.233319344046068E+005  0.974889518170464E-002 
     14.04000000 -0.233319344046074E+005  0.974889462795448E-002 
     14.06000000 -0.233319344046079E+005  0.974889409585936E-002 
     14.08000000 -0.233319344046085E+005  0.974889356376423E-002 
     14.10000000 -0.233319344046090E+005  0.974889300692050E-002 
     14.12000000 -0.233319344046095E+005  0.974889249338683E-002 
     14.14000000 -0.233319344046101E+005  0.974889193654309E-002 
     14.16000000 -0.233319344046106E+005  0.974889140754154E-002 
     14.18000000 -0.233319344046112E+005  0.974889084141707E-002 
     14.20000000 -0.233319344046117E+005  0.974889030932195E-002 
     14.22000000 -0.233319344046122E+005  0.974888978032040E-002 
     14.24000000 -0.233319344046128E+005  0.974888922966381E-002 
     14.26000000 -0.233319344046133E+005  0.974888870066226E-002 
     14.28000000 -0.233319344046139E+005  0.974888814381853E-002 
     14.30000000 -0.233319344046144E+005  0.974888760862982E-002 
     14.32000000 -0.233319344046150E+005  0.974888706725397E-002 
     14.34000000 -0.233319344046155E+005  0.974888652897169E-002 
     14.36000000 -0.233319344046161E+005  0.974888597831510E-002 
     14.38000000 -0.233319344046166E+005  0.974888544621998E-002 
     14.40000000 -0.233319344046171E+005  0.974888490175055E-002 
     14.42000000 -0.233319344046177E+005  0.974888436037469E-002 
     14.44000000 -0.233319344046182E+005  0.974888382518599E-002 
     14.46000000 -0.233319344046187E+005  0.974888329309086E-002 
     14.48000000 -0.233319344046193E+005  0.974888273934070E-002 
     14.50000000 -0.233319344046198E+005  0.974888218559054E-002 
     14.52000000 -0.233319344046204E+005  0.974888166896330E-002 
     14.54000000 -0.233319344046209E+005  0.974888110902598E-002 
     14.56000000 -0.233319344046214E+005  0.974888058311801E-002 
     14.58000000 -0.233319344046220E+005  0.974888004483573E-002 
     14.60000000 -0.233319344046225E+005  0.974887949727272E-002 
     14.62000000 -0.233319344046231E+005  0.974887894970971E-002 
     14.64000000 -0.233319344046236E+005  0.974887841142743E-002 
     14.66000000 -0.233319344046241E+005  0.974887787933231E-002 
     14.68000000 -0.233319344046247E+005  0.974887733795645E-002 
     14.70000000 -0.233319344046252E+005  0.974887680276775E-002 
     14.72000000 -0.233319344046258E+005  0.974887626448547E-002 
     14.74000000 -0.233319344046263E+005  0.974887572001604E-002 
     14.76000000 -0.233319344046269E+005  0.974887516317230E-002 
     14.78000000 -0.233319344046274E+005  0.974887461251572E-002 
     14.80000000 -0.233319344046279E+005  0.974887408660774E-002 
     14.82000000 -0.233319344046285E+005  0.974887354213831E-002 
     14.84000000 -0.233319344046290E+005  0.974887301004319E-002 
     14.86000000 -0.233319344046296E+005  0.974887246557375E-002 
     14.88000000 -0.233319344046301E+005  0.974887192110432E-002 
     14.90000000 -0.233319344046306E+005  0.974887138900920E-002 
     14.92000000 -0.233319344046312E+005  0.974887084763334E-002 
     14.94000000 -0.233319344046318E+005  0.974887027532172E-002 
     14.96000000 -0.233319344046323E+005  0.974886974322660E-002 
     14.98000000 -0.233319344046328E+005  0.974886920185074E-002 
     15.00000000 -0.233319344046334E+005  0.974886866666204E-002 
     15.02000000 -0.233319344046339E+005  0.974886811600545E-002 
     15.04000000 -0.233319344046345E+005  0.974886757772317E-002 
     15.06000000 -0.233319344046350E+005  0.974886704562805E-002 
     15.08000000 -0.233319344046355E+005  0.974886649806504E-002 
     15.10000000 -0.233319344046361E+005  0.974886594122130E-002 
     15.12000000 -0.233319344046366E+005  0.974886541221975E-002 
     15.14000000 -0.233319344046372E+005  0.974886486775032E-002 
     15.16000000 -0.233319344046377E+005  0.974886432637447E-002 
     15.18000000 -0.233319344046382E+005  0.974886378499861E-002 
     15.20000000 -0.233319344046388E+005  0.974886322196772E-002 
     15.22000000 -0.233319344046393E+005  0.974886270224690E-002 
     15.24000000 -0.233319344046399E+005  0.974886214230959E-002 
     15.26000000 -0.233319344046404E+005  0.974886159474658E-002 
     15.28000000 -0.233319344046410E+005  0.974886105027715E-002 
     15.30000000 -0.233319344046415E+005  0.974886051199487E-002 
     15.32000000 -0.233319344046421E+005  0.974885996752544E-002 
     15.34000000 -0.233319344046426E+005  0.974885942305601E-002 
     15.36000000 -0.233319344046431E+005  0.974885889096088E-002 
     15.38000000 -0.233319344046437E+005  0.974885833721072E-002 
     15.40000000 -0.233319344046442E+005  0.974885778964771E-002 
     15.42000000 -0.233319344046448E+005  0.974885724517828E-002 
     15.44000000 -0.233319344046453E+005  0.974885669142812E-002 
     15.46000000 -0.233319344046459E+005  0.974885615933299E-002 
     15.48000000 -0.233319344046464E+005  0.974885561176998E-002 
     15.50000000 -0.233319344046470E+005  0.974885507348770E-002 
     15.52000000 -0.233319344046475E+005  0.974885452592470E-002 
     15.54000000 -0.233319344046480E+005  0.974885399073599E-002 
     15.56000000 -0.233319344046486E+005  0.974885342770510E-002 
     15.58000000 -0.233319344046491E+005  0.974885289251640E-002 
     15.60000000 -0.233319344046497E+005  0.974885235732770E-002 
     15.62000000 -0.233319344046502E+005  0.974885179429681E-002 
     15.64000000 -0.233319344046508E+005  0.974885125910811E-002 
     15.66000000 -0.233319344046513E+005  0.974885070226437E-002 
     15.68000000 -0.233319344046519E+005  0.974885014851421E-002 
     15.70000000 -0.233319344046524E+005  0.974884963188696E-002 
     15.72000000 -0.233319344046529E+005  0.974884909669826E-002 
     15.74000000 -0.233319344046535E+005  0.974884853057379E-002 
     15.76000000 -0.233319344046541E+005  0.974884797682363E-002 
     15.78000000 -0.233319344046546E+005  0.974884742616705E-002 
     15.80000000 -0.233319344046551E+005  0.974884689407192E-002 
     15.82000000 -0.233319344046557E+005  0.974884636507037E-002 
     15.84000000 -0.233319344046562E+005  0.974884578966518E-002 
     15.86000000 -0.233319344046567E+005  0.974884527922509E-002 
     15.88000000 -0.233319344046573E+005  0.974884471000704E-002 
     15.90000000 -0.233319344046579E+005  0.974884417172476E-002 
     15.92000000 -0.233319344046584E+005  0.974884362106818E-002 
     15.94000000 -0.233319344046590E+005  0.974884307659875E-002 
     15.96000000 -0.233319344046595E+005  0.974884253831647E-002 
     15.98000000 -0.233319344046601E+005  0.974884196909843E-002 
     16.00000000 -0.233319344046606E+005  0.974884142462900E-002 
     16.02000000 -0.233319344046611E+005  0.974884088944029E-002 
     16.04000000 -0.233319344046617E+005  0.974884032022225E-002 
     16.06000000 -0.233319344046622E+005  0.974883980050143E-002 
     16.08000000 -0.233319344046628E+005  0.974883925293842E-002 
     16.10000000 -0.233319344046633E+005  0.974883870846899E-002 
     16.12000000 -0.233319344046639E+005  0.974883816399956E-002 
     16.14000000 -0.233319344046644E+005  0.974883760715582E-002 
     16.16000000 -0.233319344046649E+005  0.974883708124785E-002 
     16.18000000 -0.233319344046655E+005  0.974883651202981E-002 
     16.20000000 -0.233319344046661E+005  0.974883597684110E-002 
     16.22000000 -0.233319344046666E+005  0.974883542927809E-002 
     16.24000000 -0.233319344046671E+005  0.974883488480866E-002 
     16.26000000 -0.233319344046677E+005  0.974883435271354E-002 
     16.28000000 -0.233319344046682E+005  0.974883381443126E-002 
     16.30000000 -0.233319344046688E+005  0.974883325758752E-002 
     16.32000000 -0.233319344046693E+005  0.974883271621167E-002 
     16.34000000 -0.233319344046699E+005  0.974883216864866E-002 
     16.36000000 -0.233319344046704E+005  0.974883161799207E-002 
     16.38000000 -0.233319344046709E+005  0.974883107970979E-002 
     16.40000000 -0.233319344046715E+005  0.974883053524036E-002 
     16.42000000 -0.233319344046721E+005  0.974882997839663E-002 
     16.44000000 -0.233319344046726E+005  0.974882944011435E-002 
     16.46000000 -0.233319344046731E+005  0.974882890801922E-002 
     16.48000000 -0.233319344046737E+005  0.974882835117548E-002 
     16.50000000 -0.233319344046742E+005  0.974882780670605E-002 
     16.52000000 -0.233319344046748E+005  0.974882726533020E-002 
     16.54000000 -0.233319344046753E+005  0.974882669920573E-002 
     16.56000000 -0.233319344046759E+005  0.974882617020418E-002 
     16.58000000 -0.233319344046764E+005  0.974882562264117E-002 
     16.60000000 -0.233319344046769E+005  0.974882508435889E-002 
     16.62000000 -0.233319344046775E+005  0.974882453060873E-002 
     16.64000000 -0.233319344046780E+005  0.974882399542003E-002 
     16.66000000 -0.233319344046786E+005  0.974882344476345E-002 
     16.68000000 -0.233319344046791E+005  0.974882291885547E-002 
     16.70000000 -0.233319344046797E+005  0.974882236201173E-002 
     16.72000000 -0.233319344046802E+005  0.974882179898084E-002 
     16.74000000 -0.233319344046808E+005  0.974882127616645E-002 
     16.76000000 -0.233319344046813E+005  0.974882071622914E-002 
     16.78000000 -0.233319344046819E+005  0.974882017794686E-002 
     16.80000000 -0.233319344046824E+005  0.974881962419669E-002 
     16.82000000 -0.233319344046829E+005  0.974881908900799E-002 
     16.84000000 -0.233319344046835E+005  0.974881856310002E-002 
     16.86000000 -0.233319344046840E+005  0.974881800316271E-002 
     16.88000000 -0.233319344046846E+005  0.974881746178685E-002 
     16.90000000 -0.233319344046851E+005  0.974881691113027E-002 
     16.92000000 -0.233319344046857E+005  0.974881636666083E-002 
     16.94000000 -0.233319344046862E+005  0.974881583456571E-002 
     16.96000000 -0.233319344046867E+005  0.974881529009628E-002 
     16.98000000 -0.233319344046873E+005  0.974881475181400E-002 
     17.00000000 -0.233319344046878E+005  0.974881418878311E-002 
     17.02000000 -0.233319344046884E+005  0.974881364431368E-002 
     17.04000000 -0.233319344046889E+005  0.974881310293782E-002 
     17.06000000 -0.233319344046895E+005  0.974881257084269E-002 
     17.08000000 -0.233319344046900E+005  0.974881202327969E-002 
     17.10000000 -0.233319344046905E+005  0.974881149118456E-002 
     17.12000000 -0.233319344046911E+005  0.974881093434082E-002 
     17.14000000 -0.233319344046916E+005  0.974881040533927E-002 
     17.16000000 -0.233319344046922E+005  0.974880983921481E-002 
     17.18000000 -0.233319344046927E+005  0.974880931330683E-002 
     17.20000000 -0.233319344046933E+005  0.974880875027594E-002 
     17.22000000 -0.233319344046938E+005  0.974880821818082E-002 
     17.24000000 -0.233319344046943E+005  0.974880767989854E-002 
     17.26000000 -0.233319344046949E+005  0.974880712924195E-002 
     17.28000000 -0.233319344046954E+005  0.974880658786610E-002 
     17.30000000 -0.233319344046960E+005  0.974880604339667E-002 
     17.32000000 -0.233319344046965E+005  0.974880548655293E-002 
     17.34000000 -0.233319344046971E+005  0.974880496064496E-002 
     17.36000000 -0.233319344046976E+005  0.974880440998837E-002 
     17.38000000 -0.233319344046981E+005  0.974880388098682E-002 
     17.40000000 -0.233319344046987E+005  0.974880331486236E-002 
     17.42000000 -0.233319344046992E+005  0.974880279823511E-002 
     17.44000000 -0.233319344046998E+005  0.974880225995283E-002 
     17.46000000 -0.233319344047003E+005  0.974880168454764E-002 
     17.48000000 -0.233319344047009E+005  0.974880115863966E-002 
     17.50000000 -0.233319344047014E+005  0.974880061726381E-002 
     17.52000000 -0.233319344047020E+005  0.974880007588795E-002 
     17.54000000 -0.233319344047025E+005  0.974879953141852E-002 
     17.56000000 -0.233319344047030E+005  0.974879898694909E-002 
     17.58000000 -0.233319344047036E+005  0.974879844866681E-002 
     17.60000000 -0.233319344047041E+005  0.974879789801023E-002 
     17.62000000 -0.233319344047046E+005  0.974879738447656E-002 
     17.64000000 -0.233319344047052E+005  0.974879682144567E-002 
     17.66000000 -0.233319344047057E+005  0.974879629244412E-002 
     17.68000000 -0.233319344047063E+005  0.974879574178753E-002 
     17.70000000 -0.233319344047068E+005  0.974879520659883E-002 
     17.72000000 -0.233319344047074E+005  0.974879464356794E-002 
     17.74000000 -0.233319344047079E+005  0.974879411765997E-002 
     17.76000000 -0.233319344047085E+005  0.974879357319054E-002 
     17.78000000 -0.233319344047090E+005  0.974879301015964E-002 
     17.80000000 -0.233319344047095E+005  0.974879248425167E-002 
     17.82000000 -0.233319344047101E+005  0.974879195215654E-002 
     17.84000000 -0.233319344047106E+005  0.974879142006142E-002 
     17.86000000 -0.233319344047111E+005  0.974879088177914E-002 
     17.88000000 -0.233319344047117E+005  0.974879034040328E-002 
     17.90000000 -0.233319344047122E+005  0.974878978974670E-002 
     17.92000000 -0.233319344047128E+005  0.974878924837084E-002 
     17.94000000 -0.233319344047133E+005  0.974878871008857E-002 
     17.96000000 -0.233319344047139E+005  0.974878815943198E-002 
     17.98000000 -0.233319344047144E+005  0.974878761496255E-002 
     18.00000000 -0.233319344047150E+005  0.974878707668027E-002 
     18.02000000 -0.233319344047155E+005  0.974878653221084E-002 
     18.04000000 -0.233319344047160E+005  0.974878598774141E-002 
     18.06000000 -0.233319344047166E+005  0.974878546183343E-002 
     18.08000000 -0.233319344047171E+005  0.974878492973831E-002 
     18.10000000 -0.233319344047176E+005  0.974878438526888E-002 
     18.12000000 -0.233319344047182E+005  0.974878383151871E-002 
     18.14000000 -0.233319344047187E+005  0.974878329323644E-002 
     18.16000000 -0.233319344047193E+005  0.974878274567343E-002 
     18.18000000 -0.233319344047198E+005  0.974878220739115E-002 
     18.20000000 -0.233319344047204E+005  0.974878165054741E-002 
     18.22000000 -0.233319344047209E+005  0.974878111845228E-002 
     18.24000000 -0.233319344047214E+005  0.974878059563789E-002 
     18.26000000 -0.233319344047220E+005  0.974878004498130E-002 
     18.28000000 -0.233319344047225E+005  0.974877950051187E-002 
     18.30000000 -0.233319344047231E+005  0.974877894057456E-002 
     18.32000000 -0.233319344047236E+005  0.974877842704089E-002 
     18.34000000 -0.233319344047241E+005  0.974877788257146E-002 
     18.36000000 -0.233319344047247E+005  0.974877733191487E-002 
     18.38000000 -0.233319344047252E+005  0.974877679363259E-002 
     18.40000000 -0.233319344047258E+005  0.974877625535032E-002 
     18.42000000 -0.233319344047263E+005  0.974877568613227E-002 
     18.44000000 -0.233319344047269E+005  0.974877516950503E-002 
     18.46000000 -0.233319344047274E+005  0.974877463431633E-002 
     18.48000000 -0.233319344047280E+005  0.974877406509828E-002 
     18.50000000 -0.233319344047285E+005  0.974877353919031E-002 
     18.52000000 -0.233319344047290E+005  0.974877300090803E-002 
     18.54000000 -0.233319344047296E+005  0.974877244406429E-002 
     18.56000000 -0.233319344047301E+005  0.974877192124990E-002 
     18.58000000 -0.233319344047307E+005  0.974877134584470E-002 
     18.60000000 -0.233319344047312E+005  0.974877081065600E-002 
     18.62000000 -0.233319344047318E+005  0.974877027237372E-002 
     18.64000000 -0.233319344047323E+005  0.974876973409144E-002 
     18.66000000 -0.233319344047328E+005  0.974876918652843E-002 
     18.68000000 -0.233319344047334E+005  0.974876864515258E-002 
     18.70000000 -0.233319344047339E+005  0.974876810068315E-002 
     18.72000000 -0.233319344047345E+005  0.974876754383941E-002 
     18.74000000 -0.233319344047350E+005  0.974876700555713E-002 
     18.76000000 -0.233319344047356E+005  0.974876646108770E-002 
     18.78000000 -0.233319344047361E+005  0.974876592280542E-002 
     18.80000000 -0.233319344047366E+005  0.974876539380387E-002 
     18.82000000 -0.233319344047372E+005  0.974876483696013E-002 
     18.84000000 -0.233319344047377E+005  0.974876429867785E-002 
     18.86000000 -0.233319344047383E+005  0.974876372945981E-002 
     18.88000000 -0.233319344047388E+005  0.974876321592614E-002 
     18.90000000 -0.233319344047394E+005  0.974876263742737E-002 
     18.92000000 -0.233319344047399E+005  0.974876210223867E-002 
     18.94000000 -0.233319344047405E+005  0.974876155158208E-002 
     18.96000000 -0.233319344047410E+005  0.974876102258053E-002 
     18.98000000 -0.233319344047415E+005  0.974876048120468E-002 
     19.00000000 -0.233319344047421E+005  0.974875993364167E-002 
     19.02000000 -0.233319344047426E+005  0.974875939535939E-002 
     19.04000000 -0.233319344047432E+005  0.974875881686062E-002 
     19.06000000 -0.233319344047437E+005  0.974875828785907E-002 
     19.08000000 -0.233319344047443E+005  0.974875774957679E-002 
     19.10000000 -0.233319344047448E+005  0.974875720201378E-002 
     19.12000000 -0.233319344047454E+005  0.974875664826362E-002 
     19.14000000 -0.233319344047459E+005  0.974875610070062E-002 
     19.16000000 -0.233319344047465E+005  0.974875557169906E-002 
     19.18000000 -0.233319344047470E+005  0.974875501176175E-002 
     19.20000000 -0.233319344047475E+005  0.974875448276020E-002 
     19.22000000 -0.233319344047481E+005  0.974875391044858E-002 
     19.24000000 -0.233319344047487E+005  0.974875335669842E-002 
     19.26000000 -0.233319344047492E+005  0.974875283697760E-002 
     19.28000000 -0.233319344047498E+005  0.974875226775956E-002 
     19.30000000 -0.233319344047503E+005  0.974875174803874E-002 
     19.32000000 -0.233319344047508E+005  0.974875118500785E-002 
     19.34000000 -0.233319344047514E+005  0.974875062816411E-002 
     19.36000000 -0.233319344047520E+005  0.974875007750753E-002 
     19.38000000 -0.233319344047525E+005  0.974874953303810E-002 
     19.40000000 -0.233319344047530E+005  0.974874898238151E-002 
     19.42000000 -0.233319344047536E+005  0.974874845028638E-002 
     19.44000000 -0.233319344047541E+005  0.974874789034907E-002 
     19.46000000 -0.233319344047547E+005  0.974874735516037E-002 
     19.48000000 -0.233319344047552E+005  0.974874679212948E-002 
     19.50000000 -0.233319344047558E+005  0.974874626003435E-002 
     19.52000000 -0.233319344047563E+005  0.974874571556492E-002 
     19.54000000 -0.233319344047569E+005  0.974874515872118E-002 
     19.56000000 -0.233319344047574E+005  0.974874463281321E-002 
     19.58000000 -0.233319344047580E+005  0.974874407596947E-002 
     19.60000000 -0.233319344047585E+005  0.974874352531289E-002 
     19.62000000 -0.233319344047591E+005  0.974874297465630E-002 
     19.64000000 -0.233319344047596E+005  0.974874242709330E-002 
     19.66000000 -0.233319344047602E+005  0.974874187334314E-002 
     19.68000000 -0.233319344047607E+005  0.974874132887370E-002 
     19.70000000 -0.233319344047612E+005  0.974874080296573E-002 
     19.72000000 -0.233319344047618E+005  0.974874025230915E-002 
     19.74000000 -0.233319344047623E+005  0.974873969237183E-002 
     19.76000000 -0.233319344047629E+005  0.974873916955744E-002 
     19.78000000 -0.233319344047634E+005  0.974873859724582E-002 
     19.80000000 -0.233319344047640E+005  0.974873805586996E-002 
     19.82000000 -0.233319344047645E+005  0.974873750521338E-002 
     19.84000000 -0.233319344047651E+005  0.974873696693110E-002 
     19.86000000 -0.233319344047656E+005  0.974873640699379E-002 
     19.88000000 -0.233319344047661E+005  0.974873589036654E-002 
     19.90000000 -0.233319344047667E+005  0.974873534280353E-002 
     19.92000000 -0.233319344047672E+005  0.974873478286622E-002 
     19.94000000 -0.233319344047678E+005  0.974873425077109E-002 
     19.96000000 -0.233319344047683E+005  0.974873368774020E-002 
     19.98000000 -0.233319344047689E+005  0.974873315255150E-002 
     20.00000000 -0.233319344047694E+005  0.974873261736280E-002 
     20.02000000 -0.233319344047700E+005  0.974873205123833E-002 
     20.04000000 -0.233319344047705E+005  0.974873152223678E-002 
     20.06000000 -0.233319344047711E+005  0.974873096539304E-002 
     20.08000000 -0.233319344047716E+005  0.974873042092361E-002 
     20.10000000 -0.233319344047722E+005  0.974872987026703E-002 
     20.12000000 -0.233319344047727E+005  0.974872931961044E-002 
     20.14000000 -0.233319344047732E+005  0.974872878132817E-002 
     20.16000000 -0.233319344047738E+005  0.974872823685873E-002 
     20.18000000 -0.233319344047743E+005  0.974872769238930E-002 
     20.20000000 -0.233319344047749E+005  0.974872714173272E-002 
     20.22000000 -0.233319344047754E+005  0.974872659726328E-002 
     20.24000000 -0.233319344047760E+005  0.974872604660670E-002 
     20.26000000 -0.233319344047765E+005  0.974872550832442E-002 
     20.28000000 -0.233319344047771E+005  0.974872495148068E-002 
     20.30000000 -0.233319344047776E+005  0.974872441938556E-002 
     20.32000000 -0.233319344047782E+005  0.974872386872897E-002 
     20.34000000 -0.233319344047787E+005  0.974872330879166E-002 
     20.36000000 -0.233319344047792E+005  0.974872278597726E-002 
     20.38000000 -0.233319344047798E+005  0.974872223532068E-002 
     20.40000000 -0.233319344047804E+005  0.974872165991549E-002 
     20.42000000 -0.233319344047809E+005  0.974872115256897E-002 
     20.44000000 -0.233319344047814E+005  0.974872058953808E-002 
     20.46000000 -0.233319344047820E+005  0.974872002341361E-002 
     20.48000000 -0.233319344047825E+005  0.974871951606710E-002 
     20.50000000 -0.233319344047831E+005  0.974871895612978E-002 
     20.52000000 -0.233319344047836E+005  0.974871840547320E-002 
     20.54000000 -0.233319344047842E+005  0.974871785481662E-002 
     20.56000000 -0.233319344047847E+005  0.974871732272149E-002 
     20.58000000 -0.233319344047853E+005  0.974871676587775E-002 
     20.60000000 -0.233319344047858E+005  0.974871622140832E-002 
     20.62000000 -0.233319344047864E+005  0.974871567075174E-002 
     20.64000000 -0.233319344047869E+005  0.974871513556303E-002 
     20.66000000 -0.233319344047874E+005  0.974871458181287E-002 
     20.68000000 -0.233319344047880E+005  0.974871403115629E-002 
     20.70000000 -0.233319344047886E+005  0.974871346812540E-002 
     20.72000000 -0.233319344047891E+005  0.974871295768531E-002 
     20.74000000 -0.233319344047896E+005  0.974871239774799E-002 
     20.76000000 -0.233319344047902E+005  0.974871185327856E-002 
     20.78000000 -0.233319344047907E+005  0.974871129643482E-002 
     20.80000000 -0.233319344047913E+005  0.974871075505897E-002 
     20.82000000 -0.233319344047918E+005  0.974871022605742E-002 
     20.84000000 -0.233319344047924E+005  0.974870966302653E-002 
     20.86000000 -0.233319344047929E+005  0.974870911855710E-002 
     20.88000000 -0.233319344047935E+005  0.974870856171336E-002 
     20.90000000 -0.233319344047940E+005  0.974870802961823E-002 
     20.92000000 -0.233319344047945E+005  0.974870747896165E-002 
     20.94000000 -0.233319344047951E+005  0.974870691593076E-002 
     20.96000000 -0.233319344047957E+005  0.974870636836775E-002 
     20.98000000 -0.233319344047962E+005  0.974870583008547E-002 
     21.00000000 -0.233319344047967E+005  0.974870530108392E-002 
     21.02000000 -0.233319344047973E+005  0.974870474424019E-002 
     21.04000000 -0.233319344047978E+005  0.974870420286433E-002 
     21.06000000 -0.233319344047984E+005  0.974870365220775E-002 
     21.08000000 -0.233319344047989E+005  0.974870311701904E-002 
     21.10000000 -0.233319344047995E+005  0.974870255398816E-002 
     21.12000000 -0.233319344048000E+005  0.974870201570588E-002 
     21.14000000 -0.233319344048006E+005  0.974870146504929E-002 
     21.16000000 -0.233319344048011E+005  0.974870092676701E-002 
     21.18000000 -0.233319344048016E+005  0.974870040704619E-002 
     21.20000000 -0.233319344048022E+005  0.974869984092173E-002 
     21.22000000 -0.233319344048028E+005  0.974869927479726E-002 
     21.24000000 -0.233319344048033E+005  0.974869875817001E-002 
     21.26000000 -0.233319344048038E+005  0.974869820441985E-002 
     21.28000000 -0.233319344048044E+005  0.974869763520181E-002 
     21.30000000 -0.233319344048049E+005  0.974869710620026E-002 
     21.32000000 -0.233319344048055E+005  0.974869655554368E-002 
     21.34000000 -0.233319344048060E+005  0.974869602344855E-002 
     21.36000000 -0.233319344048065E+005  0.974869549135342E-002 
     21.38000000 -0.233319344048071E+005  0.974869493450969E-002 
     21.40000000 -0.233319344048076E+005  0.974869440550814E-002 
     21.42000000 -0.233319344048082E+005  0.974869384247725E-002 
     21.44000000 -0.233319344048087E+005  0.974869330419497E-002 
     21.46000000 -0.233319344048093E+005  0.974869273497693E-002 
     21.48000000 -0.233319344048098E+005  0.974869220288180E-002 
     21.50000000 -0.233319344048104E+005  0.974869167078667E-002 
     21.52000000 -0.233319344048109E+005  0.974869112013009E-002 
     21.54000000 -0.233319344048115E+005  0.974869057566066E-002 
     21.56000000 -0.233319344048120E+005  0.974869003428480E-002 
     21.58000000 -0.233319344048125E+005  0.974868948053464E-002 
     21.60000000 -0.233319344048131E+005  0.974868892987806E-002 
     21.62000000 -0.233319344048136E+005  0.974868839159578E-002 
     21.64000000 -0.233319344048142E+005  0.974868784712635E-002 
     21.66000000 -0.233319344048147E+005  0.974868730884407E-002 
     21.68000000 -0.233319344048153E+005  0.974868674271960E-002 
     21.70000000 -0.233319344048158E+005  0.974868621681163E-002 
     21.72000000 -0.233319344048164E+005  0.974868567852935E-002 
     21.74000000 -0.233319344048169E+005  0.974868513096634E-002 
     21.76000000 -0.233319344048175E+005  0.974868456793545E-002 
     21.78000000 -0.233319344048180E+005  0.974868404821463E-002 
     21.80000000 -0.233319344048185E+005  0.974868348518374E-002 
     21.82000000 -0.233319344048191E+005  0.974868294071431E-002 
     21.84000000 -0.233319344048196E+005  0.974868240861918E-002 
     21.86000000 -0.233319344048202E+005  0.974868183940114E-002 
     21.88000000 -0.233319344048207E+005  0.974868129802529E-002 
     21.90000000 -0.233319344048213E+005  0.974868076902373E-002 
     21.92000000 -0.233319344048218E+005  0.974868020908642E-002 
     21.94000000 -0.233319344048224E+005  0.974867967389772E-002 
     21.96000000 -0.233319344048229E+005  0.974867911705398E-002 
     21.98000000 -0.233319344048234E+005  0.974867857877170E-002 
     22.00000000 -0.233319344048240E+005  0.974867802192797E-002 
     22.02000000 -0.233319344048245E+005  0.974867749601999E-002 
     22.04000000 -0.233319344048251E+005  0.974867694226983E-002 
     22.06000000 -0.233319344048256E+005  0.974867640708113E-002 
     22.08000000 -0.233319344048262E+005  0.974867584714382E-002 
     22.10000000 -0.233319344048267E+005  0.974867528101935E-002 
     22.12000000 -0.233319344048273E+005  0.974867475820495E-002 
     22.14000000 -0.233319344048278E+005  0.974867420445479E-002 
     22.16000000 -0.233319344048284E+005  0.974867367545324E-002 
     22.18000000 -0.233319344048289E+005  0.974867311860951E-002 
     22.20000000 -0.233319344048294E+005  0.974867258960795E-002 
     22.22000000 -0.233319344048300E+005  0.974867203895137E-002 
     22.24000000 -0.233319344048305E+005  0.974867148829479E-002 
     22.26000000 -0.233319344048311E+005  0.974867096857397E-002 
     22.28000000 -0.233319344048316E+005  0.974867039935592E-002 
     22.30000000 -0.233319344048322E+005  0.974866986107364E-002 
     22.32000000 -0.233319344048327E+005  0.974866931351064E-002 
     22.34000000 -0.233319344048333E+005  0.974866877213478E-002 
     22.36000000 -0.233319344048338E+005  0.974866824003965E-002 
     22.38000000 -0.233319344048344E+005  0.974866767700876E-002 
     22.40000000 -0.233319344048349E+005  0.974866712944576E-002 
     22.42000000 -0.233319344048355E+005  0.974866657569559E-002 
     22.44000000 -0.233319344048360E+005  0.974866603122616E-002 
     22.46000000 -0.233319344048365E+005  0.974866549603746E-002 
     22.48000000 -0.233319344048371E+005  0.974866494228730E-002 
     22.50000000 -0.233319344048376E+005  0.974866440400502E-002 
     22.52000000 -0.233319344048382E+005  0.974866387190989E-002 
     22.54000000 -0.233319344048387E+005  0.974866332125331E-002 
     22.56000000 -0.233319344048393E+005  0.974866275822242E-002 
     22.58000000 -0.233319344048398E+005  0.974866223231445E-002 
     22.60000000 -0.233319344048404E+005  0.974866167547071E-002 
     22.62000000 -0.233319344048409E+005  0.974866112481413E-002 
     22.64000000 -0.233319344048414E+005  0.974866058653185E-002 
     22.66000000 -0.233319344048420E+005  0.974866006062387E-002 
     22.68000000 -0.233319344048425E+005  0.974865950996729E-002 
     22.70000000 -0.233319344048431E+005  0.974865896549786E-002 
     22.72000000 -0.233319344048436E+005  0.974865839627981E-002 
     22.74000000 -0.233319344048442E+005  0.974865786418469E-002 
     22.76000000 -0.233319344048447E+005  0.974865730734095E-002 
     22.78000000 -0.233319344048452E+005  0.974865678143298E-002 
     22.80000000 -0.233319344048458E+005  0.974865622458924E-002 
     22.82000000 -0.233319344048463E+005  0.974865568630696E-002 
     22.84000000 -0.233319344048469E+005  0.974865512946323E-002 
     22.86000000 -0.233319344048474E+005  0.974865460355525E-002 
     22.88000000 -0.233319344048480E+005  0.974865403433721E-002 
     22.90000000 -0.233319344048485E+005  0.974865350842924E-002 
     22.92000000 -0.233319344048491E+005  0.974865295158550E-002 
     22.94000000 -0.233319344048496E+005  0.974865242258395E-002 
     22.96000000 -0.233319344048502E+005  0.974865187502094E-002 
     22.98000000 -0.233319344048507E+005  0.974865132127078E-002 
     23.00000000 -0.233319344048513E+005  0.974865076752062E-002 
     23.02000000 -0.233319344048518E+005  0.974865021686403E-002 
     23.04000000 -0.233319344048523E+005  0.974864967858175E-002 
     23.06000000 -0.233319344048529E+005  0.974864912483159E-002 
     23.08000000 -0.233319344048534E+005  0.974864861439150E-002 
     23.10000000 -0.233319344048540E+005  0.974864804826704E-002 
     23.12000000 -0.233319344048545E+005  0.974864748832972E-002 
     23.14000000 -0.233319344048551E+005  0.974864693457956E-002 
     23.16000000 -0.233319344048556E+005  0.974864641795232E-002 
     23.18000000 -0.233319344048562E+005  0.974864585801500E-002 
     23.20000000 -0.233319344048567E+005  0.974864530426484E-002 
     23.22000000 -0.233319344048573E+005  0.974864475051468E-002 
     23.24000000 -0.233319344048578E+005  0.974864422770029E-002 
     23.26000000 -0.233319344048584E+005  0.974864366157582E-002 
     23.28000000 -0.233319344048589E+005  0.974864312638712E-002 
     23.30000000 -0.233319344048595E+005  0.974864256644980E-002 
     23.32000000 -0.233319344048600E+005  0.974864201888680E-002 
     23.34000000 -0.233319344048605E+005  0.974864150225955E-002 
     23.36000000 -0.233319344048611E+005  0.974864094232224E-002 
     23.38000000 -0.233319344048616E+005  0.974864039785281E-002 
     23.40000000 -0.233319344048622E+005  0.974863983482192E-002 
     23.42000000 -0.233319344048627E+005  0.974863928416533E-002 
     23.44000000 -0.233319344048633E+005  0.974863875825736E-002 
     23.46000000 -0.233319344048638E+005  0.974863819213289E-002 
     23.48000000 -0.233319344048644E+005  0.974863766313134E-002 
     23.50000000 -0.233319344048649E+005  0.974863712175549E-002 
     23.52000000 -0.233319344048655E+005  0.974863655563102E-002 
     23.54000000 -0.233319344048660E+005  0.974863601116159E-002 
     23.56000000 -0.233319344048666E+005  0.974863546050501E-002 
     23.58000000 -0.233319344048671E+005  0.974863489747412E-002 
     23.60000000 -0.233319344048677E+005  0.974863436537899E-002 
     23.62000000 -0.233319344048682E+005  0.974863381472241E-002 
     23.64000000 -0.233319344048688E+005  0.974863327644013E-002 
     23.66000000 -0.233319344048693E+005  0.974863270103493E-002 
     23.68000000 -0.233319344048699E+005  0.974863216893980E-002 
     23.70000000 -0.233319344048704E+005  0.974863163684468E-002 
     23.72000000 -0.233319344048710E+005  0.974863107381379E-002 
     23.74000000 -0.233319344048715E+005  0.974863052934436E-002 
     23.76000000 -0.233319344048721E+005  0.974862995703274E-002 
     23.78000000 -0.233319344048726E+005  0.974862941565688E-002 
     23.80000000 -0.233319344048731E+005  0.974862889284249E-002 
     23.82000000 -0.233319344048737E+005  0.974862834527948E-002 
     23.84000000 -0.233319344048742E+005  0.974862778843574E-002 
     23.86000000 -0.233319344048748E+005  0.974862723159200E-002 
     23.88000000 -0.233319344048753E+005  0.974862668093542E-002 
     23.90000000 -0.233319344048759E+005  0.974862615502745E-002 
     23.92000000 -0.233319344048764E+005  0.974862559818371E-002 
     23.94000000 -0.233319344048770E+005  0.974862505371428E-002 
     23.96000000 -0.233319344048775E+005  0.974862448140266E-002 
     23.98000000 -0.233319344048781E+005  0.974862394002680E-002 
     24.00000000 -0.233319344048786E+005  0.974862340174452E-002 
     24.02000000 -0.233319344048792E+005  0.974862283252648E-002 
     24.04000000 -0.233319344048797E+005  0.974862230661851E-002 
     24.06000000 -0.233319344048803E+005  0.974862176524265E-002 
     24.08000000 -0.233319344048808E+005  0.974862120221176E-002 
     24.10000000 -0.233319344048814E+005  0.974862064846160E-002 
     24.12000000 -0.233319344048819E+005  0.974862009780502E-002 
     24.14000000 -0.233319344048825E+005  0.974861954714843E-002 
     24.16000000 -0.233319344048830E+005  0.974861900267900E-002 
     24.18000000 -0.233319344048836E+005  0.974861844583527E-002 
     24.20000000 -0.233319344048841E+005  0.974861790755299E-002 
     24.22000000 -0.233319344048847E+005  0.974861735689640E-002 
     24.24000000 -0.233319344048852E+005  0.974861681242697E-002 
     24.26000000 -0.233319344048858E+005  0.974861626795754E-002 
     24.28000000 -0.233319344048863E+005  0.974861571111380E-002 
     24.30000000 -0.233319344048869E+005  0.974861516045722E-002 
     24.32000000 -0.233319344048874E+005  0.974861461598779E-002 
     24.34000000 -0.233319344048880E+005  0.974861406842478E-002 
     24.36000000 -0.233319344048885E+005  0.974861350848747E-002 
     24.38000000 -0.233319344048891E+005  0.974861296401803E-002 
     24.40000000 -0.233319344048896E+005  0.974861242573575E-002 
     24.42000000 -0.233319344048902E+005  0.974861186270486E-002 
     24.44000000 -0.233319344048907E+005  0.974861131823543E-002 
     24.46000000 -0.233319344048913E+005  0.974861077376600E-002 
     24.48000000 -0.233319344048918E+005  0.974861021073511E-002 
     24.50000000 -0.233319344048924E+005  0.974860967245283E-002 
     24.52000000 -0.233319344048929E+005  0.974860911870267E-002 
     24.54000000 -0.233319344048935E+005  0.974860856804609E-002 
     24.56000000 -0.233319344048940E+005  0.974860802048308E-002 
     24.58000000 -0.233319344048946E+005  0.974860747601365E-002 
     24.60000000 -0.233319344048951E+005  0.974860692845064E-002 
     24.62000000 -0.233319344048957E+005  0.974860636232617E-002 
     24.64000000 -0.233319344048962E+005  0.974860582404389E-002 
     24.66000000 -0.233319344048968E+005  0.974860527029373E-002 
     24.68000000 -0.233319344048973E+005  0.974860473510503E-002 
     24.70000000 -0.233319344048978E+005  0.974860418754202E-002 
     24.72000000 -0.233319344048984E+005  0.974860363997902E-002 
     24.74000000 -0.233319344048989E+005  0.974860308004170E-002 
     24.76000000 -0.233319344048995E+005  0.974860252938512E-002 
     24.78000000 -0.233319344049000E+005  0.974860198182211E-002 
     24.80000000 -0.233319344049006E+005  0.974860144972698E-002 
     24.82000000 -0.233319344049011E+005  0.974860089288325E-002 
     24.84000000 -0.233319344049017E+005  0.974860032985236E-002 
     24.86000000 -0.233319344049022E+005  0.974859978538293E-002 
     24.88000000 -0.233319344049028E+005  0.974859922235204E-002 
     24.90000000 -0.233319344049033E+005  0.974859868716333E-002 
     24.92000000 -0.233319344049039E+005  0.974859815816178E-002 
     24.94000000 -0.233319344049044E+005  0.974859757966301E-002 
     24.96000000 -0.233319344049050E+005  0.974859703828716E-002 
     24.98000000 -0.233319344049055E+005  0.974859648763057E-002 
     25.00000000 -0.233319344049061E+005  0.974859594316114E-002 
     25.02000000 -0.233319344049066E+005  0.974859540487886E-002 
     25.04000000 -0.233319344049072E+005  0.974859485422228E-002 
     25.06000000 -0.233319344049077E+005  0.974859430975285E-002 
     25.08000000 -0.233319344049083E+005  0.974859375600268E-002 
     25.10000000 -0.233319344049088E+005  0.974859321772041E-002 
     25.12000000 -0.233319344049094E+005  0.974859266087667E-002 
     25.14000000 -0.233319344049099E+005  0.974859210712651E-002 
     25.16000000 -0.233319344049105E+005  0.974859157503138E-002 
     25.18000000 -0.233319344049110E+005  0.974859101818764E-002 
     25.20000000 -0.233319344049116E+005  0.974859047062464E-002 
     25.22000000 -0.233319344049121E+005  0.974858994162309E-002 
     25.24000000 -0.233319344049126E+005  0.974858938787293E-002 
     25.26000000 -0.233319344049132E+005  0.974858882793561E-002 
     25.28000000 -0.233319344049138E+005  0.974858827727903E-002 
     25.30000000 -0.233319344049143E+005  0.974858772043529E-002 
     25.32000000 -0.233319344049148E+005  0.974858717905944E-002 
     25.34000000 -0.233319344049154E+005  0.974858664387073E-002 
     25.36000000 -0.233319344049159E+005  0.974858609940130E-002 
     25.38000000 -0.233319344049165E+005  0.974858554255757E-002 
     25.40000000 -0.233319344049170E+005  0.974858499190098E-002 
     25.42000000 -0.233319344049176E+005  0.974858445361870E-002 
     25.44000000 -0.233319344049181E+005  0.974858390605569E-002 
     25.46000000 -0.233319344049187E+005  0.974858335539911E-002 
     25.48000000 -0.233319344049192E+005  0.974858280164895E-002 
     25.50000000 -0.233319344049198E+005  0.974858226336667E-002 
     25.52000000 -0.233319344049203E+005  0.974858172508439E-002 
     25.54000000 -0.233319344049209E+005  0.974858117133423E-002 
     25.56000000 -0.233319344049214E+005  0.974858062995838E-002 
     25.58000000 -0.233319344049220E+005  0.974858007311464E-002 
     25.60000000 -0.233319344049225E+005  0.974857952555163E-002 
     25.62000000 -0.233319344049231E+005  0.974857897180147E-002 
     25.64000000 -0.233319344049236E+005  0.974857843351919E-002 
     25.66000000 -0.233319344049241E+005  0.974857789833049E-002 
     25.68000000 -0.233319344049247E+005  0.974857732292529E-002 
     25.70000000 -0.233319344049252E+005  0.974857678773659E-002 
     25.72000000 -0.233319344049258E+005  0.974857624945431E-002 
     25.74000000 -0.233319344049263E+005  0.974857568642342E-002 
     25.76000000 -0.233319344049269E+005  0.974857516670260E-002 
     25.78000000 -0.233319344049274E+005  0.974857461604602E-002 
     25.80000000 -0.233319344049280E+005  0.974857402826652E-002 
     25.82000000 -0.233319344049285E+005  0.974857350854569E-002 
     25.84000000 -0.233319344049291E+005  0.974857293932765E-002 
     25.86000000 -0.233319344049296E+005  0.974857241960683E-002 
     25.88000000 -0.233319344049302E+005  0.974857186276309E-002 
     25.90000000 -0.233319344049307E+005  0.974857133376154E-002 
     25.92000000 -0.233319344049313E+005  0.974857076144993E-002 
     25.94000000 -0.233319344049318E+005  0.974857022316765E-002 
     25.96000000 -0.233319344049323E+005  0.974856967869821E-002 
     25.98000000 -0.233319344049329E+005  0.974856912804163E-002 
     26.00000000 -0.233319344049335E+005  0.974856857119789E-002 
     26.02000000 -0.233319344049340E+005  0.974856802672846E-002 
     26.04000000 -0.233319344049346E+005  0.974856747607188E-002 
     26.06000000 -0.233319344049351E+005  0.974856691304099E-002 
     26.08000000 -0.233319344049356E+005  0.974856640260090E-002 
     26.10000000 -0.233319344049362E+005  0.974856583647643E-002 
     26.12000000 -0.233319344049367E+005  0.974856528581985E-002 
     26.14000000 -0.233319344049373E+005  0.974856472897611E-002 
     26.16000000 -0.233319344049378E+005  0.974856419997456E-002 
     26.18000000 -0.233319344049384E+005  0.974856364931797E-002 
     26.20000000 -0.233319344049390E+005  0.974856307081920E-002 
     26.22000000 -0.233319344049395E+005  0.974856254800481E-002 
     26.24000000 -0.233319344049400E+005  0.974856199425464E-002 
     26.26000000 -0.233319344049406E+005  0.974856144359806E-002 
     26.28000000 -0.233319344049411E+005  0.974856091150293E-002 
     26.30000000 -0.233319344049417E+005  0.974856034537847E-002 
     26.32000000 -0.233319344049422E+005  0.974855979781546E-002 
     26.34000000 -0.233319344049428E+005  0.974855923478457E-002 
     26.36000000 -0.233319344049433E+005  0.974855872743806E-002 
     26.38000000 -0.233319344049439E+005  0.974855816440716E-002 
     26.40000000 -0.233319344049444E+005  0.974855761993773E-002 
     26.42000000 -0.233319344049450E+005  0.974855703834539E-002 
     26.44000000 -0.233319344049455E+005  0.974855651553099E-002 
     26.46000000 -0.233319344049461E+005  0.974855597415513E-002 
     26.48000000 -0.233319344049466E+005  0.974855539874994E-002 
     26.50000000 -0.233319344049472E+005  0.974855486974839E-002 
     26.52000000 -0.233319344049477E+005  0.974855430362392E-002 
     26.54000000 -0.233319344049483E+005  0.974855374059303E-002 
     26.56000000 -0.233319344049488E+005  0.974855320849791E-002 
     26.58000000 -0.233319344049494E+005  0.974855266712205E-002 
     26.60000000 -0.233319344049499E+005  0.974855211337189E-002 
     26.62000000 -0.233319344049505E+005  0.974855156580888E-002 
     26.64000000 -0.233319344049510E+005  0.974855101205872E-002 
     26.66000000 -0.233319344049516E+005  0.974855047377644E-002 
     26.68000000 -0.233319344049521E+005  0.974854990765198E-002 
     26.70000000 -0.233319344049527E+005  0.974854937246327E-002 
     26.72000000 -0.233319344049532E+005  0.974854881871311E-002 
     26.74000000 -0.233319344049538E+005  0.974854825877580E-002 
     26.76000000 -0.233319344049543E+005  0.974854770811922E-002 
     26.78000000 -0.233319344049549E+005  0.974854715746263E-002 
     26.80000000 -0.233319344049554E+005  0.974854660989962E-002 
     26.82000000 -0.233319344049560E+005  0.974854607161734E-002 
     26.84000000 -0.233319344049565E+005  0.974854552096076E-002 
     26.86000000 -0.233319344049571E+005  0.974854496721060E-002 
     26.88000000 -0.233319344049576E+005  0.974854442274117E-002 
     26.90000000 -0.233319344049581E+005  0.974854387827174E-002 
     26.92000000 -0.233319344049587E+005  0.974854332142800E-002 
     26.94000000 -0.233319344049593E+005  0.974854276767784E-002 
     26.96000000 -0.233319344049598E+005  0.974854222011483E-002 
     26.98000000 -0.233319344049603E+005  0.974854169420686E-002 
     27.00000000 -0.233319344049609E+005  0.974854114045670E-002 
     27.02000000 -0.233319344049614E+005  0.974854059908084E-002 
     27.04000000 -0.233319344049620E+005  0.974854003604995E-002 
     27.06000000 -0.233319344049625E+005  0.974853949776767E-002 
     27.08000000 -0.233319344049631E+005  0.974853893473678E-002 
     27.10000000 -0.233319344049636E+005  0.974853839026735E-002 
     27.12000000 -0.233319344049642E+005  0.974853782414289E-002 
     27.14000000 -0.233319344049647E+005  0.974853730442206E-002 
     27.16000000 -0.233319344049653E+005  0.974853674448475E-002 
     27.18000000 -0.233319344049658E+005  0.974853619382817E-002 
     27.20000000 -0.233319344049664E+005  0.974853565863946E-002 
     27.22000000 -0.233319344049669E+005  0.974853510488930E-002 
     27.24000000 -0.233319344049675E+005  0.974853454495199E-002 
     27.26000000 -0.233319344049680E+005  0.974853400357613E-002 
     27.28000000 -0.233319344049686E+005  0.974853346529386E-002 
     27.30000000 -0.233319344049691E+005  0.974853290845012E-002 
     27.32000000 -0.233319344049697E+005  0.974853235779353E-002 
     27.34000000 -0.233319344049702E+005  0.974853179476264E-002 
     27.36000000 -0.233319344049708E+005  0.974853127813540E-002 
     27.38000000 -0.233319344049713E+005  0.974853069654305E-002 
     27.40000000 -0.233319344049719E+005  0.974853016135435E-002 
     27.42000000 -0.233319344049724E+005  0.974852960451061E-002 
     27.44000000 -0.233319344049730E+005  0.974852906004118E-002 
     27.46000000 -0.233319344049735E+005  0.974852852794605E-002 
     27.48000000 -0.233319344049741E+005  0.974852797110232E-002 
     27.50000000 -0.233319344049746E+005  0.974852740807143E-002 
     27.52000000 -0.233319344049752E+005  0.974852685741484E-002 
     27.54000000 -0.233319344049757E+005  0.974852632222614E-002 
     27.56000000 -0.233319344049763E+005  0.974852575919525E-002 
     27.58000000 -0.233319344049768E+005  0.974852523638085E-002 
     27.60000000 -0.233319344049773E+005  0.974852467953712E-002 
     27.62000000 -0.233319344049779E+005  0.974852412888053E-002 
     27.64000000 -0.233319344049785E+005  0.974852356584964E-002 
     27.66000000 -0.233319344049790E+005  0.974852301519306E-002 
     27.68000000 -0.233319344049795E+005  0.974852248619151E-002 
     27.70000000 -0.233319344049801E+005  0.974852192006704E-002 
     27.72000000 -0.233319344049807E+005  0.974852137250403E-002 
     27.74000000 -0.233319344049812E+005  0.974852081566030E-002 
     27.76000000 -0.233319344049817E+005  0.974852028356517E-002 
     27.78000000 -0.233319344049823E+005  0.974851975147004E-002 
     27.80000000 -0.233319344049828E+005  0.974851918225200E-002 
     27.82000000 -0.233319344049834E+005  0.974851865325045E-002 
     27.84000000 -0.233319344049839E+005  0.974851809950029E-002 
     27.86000000 -0.233319344049845E+005  0.974851754265656E-002 
     27.88000000 -0.233319344049850E+005  0.974851699509355E-002 
     27.90000000 -0.233319344049856E+005  0.974851645681127E-002 
     27.92000000 -0.233319344049861E+005  0.974851591852899E-002 
     27.94000000 -0.233319344049867E+005  0.974851534621737E-002 
     27.96000000 -0.233319344049872E+005  0.974851478628006E-002 
     27.98000000 -0.233319344049878E+005  0.974851425418493E-002 
     28.00000000 -0.233319344049883E+005  0.974851371280908E-002 
     28.02000000 -0.233319344049889E+005  0.974851315287176E-002 
     28.04000000 -0.233319344049894E+005  0.974851262077664E-002 
     28.06000000 -0.233319344049900E+005  0.974851207012005E-002 
     28.08000000 -0.233319344049905E+005  0.974851151946347E-002 
     28.10000000 -0.233319344049911E+005  0.974851096880688E-002 
     28.12000000 -0.233319344049916E+005  0.974851041815030E-002 
     28.14000000 -0.233319344049922E+005  0.974850986749371E-002 
     28.16000000 -0.233319344049927E+005  0.974850934158574E-002 
     28.18000000 -0.233319344049932E+005  0.974850878474200E-002 
     28.20000000 -0.233319344049938E+005  0.974850823099184E-002 
     28.22000000 -0.233319344049943E+005  0.974850769580314E-002 
     28.24000000 -0.233319344049949E+005  0.974850714824013E-002 
     28.26000000 -0.233319344049954E+005  0.974850660067712E-002 
     28.28000000 -0.233319344049960E+005  0.974850605002054E-002 
     28.30000000 -0.233319344049965E+005  0.974850550555111E-002 
     28.32000000 -0.233319344049971E+005  0.974850494870737E-002 
     28.34000000 -0.233319344049976E+005  0.974850440423794E-002 
     28.36000000 -0.233319344049982E+005  0.974850386904924E-002 
     28.38000000 -0.233319344049987E+005  0.974850332767338E-002 
     28.40000000 -0.233319344049993E+005  0.974850275536176E-002 
     28.42000000 -0.233319344049998E+005  0.974850221398591E-002 
     28.44000000 -0.233319344050004E+005  0.974850166951647E-002 
     28.46000000 -0.233319344050009E+005  0.974850113123420E-002 
     28.48000000 -0.233319344050014E+005  0.974850058676477E-002 
     28.50000000 -0.233319344050020E+005  0.974850002992103E-002 
     28.52000000 -0.233319344050025E+005  0.974849949473233E-002 
     28.54000000 -0.233319344050031E+005  0.974849893788859E-002 
     28.56000000 -0.233319344050036E+005  0.974849839651273E-002 
     28.58000000 -0.233319344050042E+005  0.974849786751118E-002 
     28.60000000 -0.233319344050047E+005  0.974849730757387E-002 
     28.62000000 -0.233319344050053E+005  0.974849674144940E-002 
     28.64000000 -0.233319344050058E+005  0.974849620935428E-002 
     28.66000000 -0.233319344050064E+005  0.974849566488485E-002 
     28.68000000 -0.233319344050069E+005  0.974849510185396E-002 
     28.70000000 -0.233319344050074E+005  0.974849458213314E-002 
     28.72000000 -0.233319344050080E+005  0.974849400982152E-002 
     28.74000000 -0.233319344050086E+005  0.974849346535209E-002 
     28.76000000 -0.233319344050091E+005  0.974849292706981E-002 
     28.78000000 -0.233319344050096E+005  0.974849238569395E-002 
     28.80000000 -0.233319344050102E+005  0.974849183503737E-002 
     28.82000000 -0.233319344050107E+005  0.974849128438078E-002 
     28.84000000 -0.233319344050113E+005  0.974849072444347E-002 
     28.86000000 -0.233319344050118E+005  0.974849019853549E-002 
     28.88000000 -0.233319344050124E+005  0.974848964787891E-002 
     28.90000000 -0.233319344050129E+005  0.974848910031590E-002 
     28.92000000 -0.233319344050135E+005  0.974848852800428E-002 
     28.94000000 -0.233319344050140E+005  0.974848800828346E-002 
     28.96000000 -0.233319344050146E+005  0.974848745453330E-002 
     28.98000000 -0.233319344050151E+005  0.974848691315745E-002 
     29.00000000 -0.233319344050157E+005  0.974848637178159E-002 
     29.02000000 -0.233319344050162E+005  0.974848581803143E-002 
     29.04000000 -0.233319344050168E+005  0.974848525500054E-002 
     29.06000000 -0.233319344050173E+005  0.974848472290541E-002 
     29.08000000 -0.233319344050179E+005  0.974848416296810E-002 
     29.10000000 -0.233319344050184E+005  0.974848362159225E-002 
     29.12000000 -0.233319344050190E+005  0.974848306474851E-002 
     29.14000000 -0.233319344050195E+005  0.974848251099835E-002 
     29.16000000 -0.233319344050201E+005  0.974848196962249E-002 
     29.18000000 -0.233319344050206E+005  0.974848143134021E-002 
     29.20000000 -0.233319344050211E+005  0.974848088687078E-002 
     29.22000000 -0.233319344050217E+005  0.974848033621420E-002 
     29.24000000 -0.233319344050222E+005  0.974847978555761E-002 
     29.26000000 -0.233319344050228E+005  0.974847922871388E-002 
     29.28000000 -0.233319344050233E+005  0.974847869043160E-002 
     29.30000000 -0.233319344050239E+005  0.974847813977501E-002 
     29.32000000 -0.233319344050244E+005  0.974847760149273E-002 
     29.34000000 -0.233319344050250E+005  0.974847702608754E-002 
     29.36000000 -0.233319344050255E+005  0.974847650017957E-002 
     29.38000000 -0.233319344050261E+005  0.974847593714868E-002 
     29.40000000 -0.233319344050266E+005  0.974847539267924E-002 
     29.42000000 -0.233319344050272E+005  0.974847482964836E-002 
     29.44000000 -0.233319344050277E+005  0.974847430683396E-002 
     29.46000000 -0.233319344050283E+005  0.974847374070949E-002 
     29.48000000 -0.233319344050288E+005  0.974847318386575E-002 
     29.50000000 -0.233319344050294E+005  0.974847264248990E-002 
     29.52000000 -0.233319344050299E+005  0.974847209492689E-002 
     29.54000000 -0.233319344050305E+005  0.974847153808315E-002 
     29.56000000 -0.233319344050310E+005  0.974847101217518E-002 
     29.58000000 -0.233319344050316E+005  0.974847045533144E-002 
     29.60000000 -0.233319344050321E+005  0.974846989230055E-002 
     29.62000000 -0.233319344050327E+005  0.974846934473755E-002 
     29.64000000 -0.233319344050332E+005  0.974846880645527E-002 
     29.66000000 -0.233319344050338E+005  0.974846824651795E-002 
     29.68000000 -0.233319344050343E+005  0.974846771751640E-002 
     29.70000000 -0.233319344050349E+005  0.974846715757909E-002 
     29.72000000 -0.233319344050354E+005  0.974846661310966E-002 
     29.74000000 -0.233319344050360E+005  0.974846606864023E-002 
     29.76000000 -0.233319344050365E+005  0.974846550560934E-002 
     29.78000000 -0.233319344050371E+005  0.974846497042063E-002 
     29.80000000 -0.233319344050376E+005  0.974846444141908E-002 
     29.82000000 -0.233319344050382E+005  0.974846386601389E-002 
     29.84000000 -0.233319344050387E+005  0.974846334010592E-002 
     29.86000000 -0.233319344050393E+005  0.974846276779430E-002 
     29.88000000 -0.233319344050398E+005  0.974846221713771E-002 
     29.90000000 -0.233319344050404E+005  0.974846166029398E-002 
     29.92000000 -0.233319344050409E+005  0.974846113129243E-002 
     29.94000000 -0.233319344050415E+005  0.974846057135511E-002 
     29.96000000 -0.233319344050420E+005  0.974846002069853E-002 
     29.98000000 -0.233319344050426E+005  0.974845946694837E-002 
     30.00000000 -0.233319344050431E+005  0.974845892866609E-002 
