# Real time calculation: 
# Eall: Total energy
# Eall0: Initial total energy
# 1:Time[fs] 2:Eall[eV] 3:Eall-Eall0[eV] 
      0.00000000 -0.233319441535020E+005  0.000000000000000E+000 
      0.02000000 -0.233319441536885E+005 -0.186505528960697E-006 
      0.04000000 -0.233319441536893E+005 -0.187266548734522E-006 
      0.06000000 -0.233319441536900E+005 -0.187971884134652E-006 
      0.08000000 -0.233319441536906E+005 -0.188612254432138E-006 
      0.10000000 -0.233319441536913E+005 -0.189271186187523E-006 
      0.12000000 -0.233319441536919E+005 -0.189914650061326E-006 
      0.14000000 -0.233319441536925E+005 -0.190514803866699E-006 
      0.16000000 -0.233319441536931E+005 -0.191102583366808E-006 
      0.18000000 -0.233319441536937E+005 -0.191708924324814E-006 
      0.20000000 -0.233319441536943E+005 -0.192315265282821E-006 
      0.22000000 -0.233319441536950E+005 -0.192927793393460E-006 
      0.24000000 -0.233319441536955E+005 -0.193503198588303E-006 
      0.26000000 -0.233319441536961E+005 -0.194084790935779E-006 
      0.28000000 -0.233319441536967E+005 -0.194672570435887E-006 
      0.30000000 -0.233319441536973E+005 -0.195278911393893E-006 
      0.32000000 -0.233319441536979E+005 -0.195869784470318E-006 
      0.34000000 -0.233319441536985E+005 -0.196439002512528E-006 
      0.36000000 -0.233319441536991E+005 -0.197032969165269E-006 
      0.38000000 -0.233319441536996E+005 -0.197599093631163E-006 
      0.40000000 -0.233319441537002E+005 -0.198189966707588E-006 
      0.42000000 -0.233319441537008E+005 -0.198762278326114E-006 
      0.44000000 -0.233319441537014E+005 -0.199356244978856E-006 
      0.46000000 -0.233319441537020E+005 -0.199937837326331E-006 
      0.48000000 -0.233319441537025E+005 -0.200494681063276E-006 
      0.50000000 -0.233319441537031E+005 -0.201060805529170E-006 
      0.52000000 -0.233319441537037E+005 -0.201657865758227E-006 
      0.54000000 -0.233319441537042E+005 -0.202214709495172E-006 
      0.56000000 -0.233319441537048E+005 -0.202802488995280E-006 
      0.58000000 -0.233319441537054E+005 -0.203365519884858E-006 
      0.60000000 -0.233319441537060E+005 -0.203931644350752E-006 
      0.62000000 -0.233319441537065E+005 -0.204516330274544E-006 
      0.64000000 -0.233319441537071E+005 -0.205088641893070E-006 
      0.66000000 -0.233319441537077E+005 -0.205654766358964E-006 
      0.68000000 -0.233319441537082E+005 -0.206220890824858E-006 
      0.70000000 -0.233319441537088E+005 -0.206805576748650E-006 
      0.72000000 -0.233319441537094E+005 -0.207362420485595E-006 
      0.74000000 -0.233319441537100E+005 -0.207925451375172E-006 
      0.76000000 -0.233319441537105E+005 -0.208497762993699E-006 
      0.78000000 -0.233319441537111E+005 -0.209076261764858E-006 
      0.80000000 -0.233319441537117E+005 -0.209639292654435E-006 
      0.82000000 -0.233319441537122E+005 -0.210205417120329E-006 
      0.84000000 -0.233319441537128E+005 -0.210783915891489E-006 
      0.86000000 -0.233319441537134E+005 -0.211337666052117E-006 
      0.88000000 -0.233319441537139E+005 -0.211900696941694E-006 
      0.90000000 -0.233319441537145E+005 -0.212476102136537E-006 
      0.92000000 -0.233319441537151E+005 -0.213042226602431E-006 
      0.94000000 -0.233319441537156E+005 -0.213605257492009E-006 
      0.96000000 -0.233319441537162E+005 -0.214162101228953E-006 
      0.98000000 -0.233319441537168E+005 -0.214743693576429E-006 
      1.00000000 -0.233319441537173E+005 -0.215303630889690E-006 
      1.02000000 -0.233319441537179E+005 -0.215863568202951E-006 
      1.04000000 -0.233319441537185E+005 -0.216420411939896E-006 
      1.06000000 -0.233319441537190E+005 -0.216998910711055E-006 
      1.08000000 -0.233319441537196E+005 -0.217561941600633E-006 
      1.10000000 -0.233319441537202E+005 -0.218137346795476E-006 
      1.12000000 -0.233319441537207E+005 -0.218691096956104E-006 
      1.14000000 -0.233319441537213E+005 -0.219251034269365E-006 
      1.16000000 -0.233319441537219E+005 -0.219829533040524E-006 
      1.18000000 -0.233319441537224E+005 -0.220386376777469E-006 
      1.20000000 -0.233319441537230E+005 -0.220943220514414E-006 
      1.22000000 -0.233319441537235E+005 -0.221512438556624E-006 
      1.24000000 -0.233319441537241E+005 -0.222075469446202E-006 
      1.26000000 -0.233319441537247E+005 -0.222632313183146E-006 
      1.28000000 -0.233319441537252E+005 -0.223207718377989E-006 
      1.30000000 -0.233319441537258E+005 -0.223755281385985E-006 
      1.32000000 -0.233319441537264E+005 -0.224324499428195E-006 
      1.34000000 -0.233319441537269E+005 -0.224893717470405E-006 
      1.36000000 -0.233319441537275E+005 -0.225462935512616E-006 
      1.38000000 -0.233319441537280E+005 -0.226010498520611E-006 
      1.40000000 -0.233319441537286E+005 -0.226573529410189E-006 
      1.42000000 -0.233319441537292E+005 -0.227136560299766E-006 
      1.44000000 -0.233319441537297E+005 -0.227696497613027E-006 
      1.46000000 -0.233319441537303E+005 -0.228244060621023E-006 
      1.48000000 -0.233319441537309E+005 -0.228822559392182E-006 
      1.50000000 -0.233319441537314E+005 -0.229401058163342E-006 
      1.52000000 -0.233319441537320E+005 -0.229970276205552E-006 
      1.54000000 -0.233319441537326E+005 -0.230524026366180E-006 
      1.56000000 -0.233319441537331E+005 -0.231065402221543E-006 
      1.58000000 -0.233319441537337E+005 -0.231628433111121E-006 
      1.60000000 -0.233319441537342E+005 -0.232200744729647E-006 
      1.62000000 -0.233319441537348E+005 -0.232748307737643E-006 
      1.64000000 -0.233319441537354E+005 -0.233323712932486E-006 
      1.66000000 -0.233319441537359E+005 -0.233874369516798E-006 
      1.68000000 -0.233319441537365E+005 -0.234443587559008E-006 
      1.70000000 -0.233319441537370E+005 -0.234997337719636E-006 
      1.72000000 -0.233319441537376E+005 -0.235557275032897E-006 
      1.74000000 -0.233319441537382E+005 -0.236132680227740E-006 
      1.76000000 -0.233319441537387E+005 -0.236695711117318E-006 
      1.78000000 -0.233319441537393E+005 -0.237237086972681E-006 
      1.80000000 -0.233319441537398E+005 -0.237809398591207E-006 
      1.82000000 -0.233319441537404E+005 -0.238384803786050E-006 
      1.84000000 -0.233319441537409E+005 -0.238910711759831E-006 
      1.86000000 -0.233319441537415E+005 -0.239470649073093E-006 
      1.88000000 -0.233319441537421E+005 -0.240052241420568E-006 
      1.90000000 -0.233319441537426E+005 -0.240612178733829E-006 
      1.92000000 -0.233319441537432E+005 -0.241165928894458E-006 
      1.94000000 -0.233319441537438E+005 -0.241744427665617E-006 
      1.96000000 -0.233319441537443E+005 -0.242295084249929E-006 
      1.98000000 -0.233319441537449E+005 -0.242858115139506E-006 
      2.00000000 -0.233319441537454E+005 -0.243396397418553E-006 
      2.02000000 -0.233319441537460E+005 -0.243962521884447E-006 
      2.04000000 -0.233319441537466E+005 -0.244528646350341E-006 
      2.06000000 -0.233319441537471E+005 -0.245085490087286E-006 
      2.08000000 -0.233319441537477E+005 -0.245648520976863E-006 
      2.10000000 -0.233319441537482E+005 -0.246211551866440E-006 
      2.12000000 -0.233319441537488E+005 -0.246756021298120E-006 
      2.14000000 -0.233319441537494E+005 -0.247343800798228E-006 
      2.16000000 -0.233319441537499E+005 -0.247885176653591E-006 
      2.18000000 -0.233319441537505E+005 -0.248442020390536E-006 
      2.20000000 -0.233319441537510E+005 -0.248998864127481E-006 
      2.22000000 -0.233319441537516E+005 -0.249571175746007E-006 
      2.24000000 -0.233319441537521E+005 -0.250115645177686E-006 
      2.26000000 -0.233319441537527E+005 -0.250697237525162E-006 
      2.28000000 -0.233319441537533E+005 -0.251247894109474E-006 
      2.30000000 -0.233319441537538E+005 -0.251792363541153E-006 
      2.32000000 -0.233319441537544E+005 -0.252373955888629E-006 
      2.34000000 -0.233319441537550E+005 -0.252940080354523E-006 
      2.36000000 -0.233319441537555E+005 -0.253487643362519E-006 
      2.38000000 -0.233319441537561E+005 -0.254025925641565E-006 
      2.40000000 -0.233319441537566E+005 -0.254610611565357E-006 
      2.42000000 -0.233319441537572E+005 -0.255189110336517E-006 
      2.44000000 -0.233319441537578E+005 -0.255721205462930E-006 
      2.46000000 -0.233319441537583E+005 -0.256284236352508E-006 
      2.48000000 -0.233319441537589E+005 -0.256831799360504E-006 
      2.50000000 -0.233319441537594E+005 -0.257388643097448E-006 
      2.52000000 -0.233319441537600E+005 -0.257979516173873E-006 
      2.54000000 -0.233319441537606E+005 -0.258554921368716E-006 
      2.56000000 -0.233319441537611E+005 -0.259074642189864E-006 
      2.58000000 -0.233319441537617E+005 -0.259643860232075E-006 
      2.60000000 -0.233319441537622E+005 -0.260191423240070E-006 
      2.62000000 -0.233319441537628E+005 -0.260751360553331E-006 
      2.64000000 -0.233319441537633E+005 -0.261314391442909E-006 
      2.66000000 -0.233319441537639E+005 -0.261877422332486E-006 
      2.68000000 -0.233319441537645E+005 -0.262440453222064E-006 
      2.70000000 -0.233319441537650E+005 -0.262994203382692E-006 
      2.72000000 -0.233319441537656E+005 -0.263557234272270E-006 
      2.74000000 -0.233319441537662E+005 -0.264123358738163E-006 
      2.76000000 -0.233319441537667E+005 -0.264680202475108E-006 
      2.78000000 -0.233319441537673E+005 -0.265243233364686E-006 
      2.80000000 -0.233319441537678E+005 -0.265787702796365E-006 
      2.82000000 -0.233319441537684E+005 -0.266350733685942E-006 
      2.84000000 -0.233319441537689E+005 -0.266913764575520E-006 
      2.86000000 -0.233319441537695E+005 -0.267461327583516E-006 
      2.88000000 -0.233319441537701E+005 -0.268021264896777E-006 
      2.90000000 -0.233319441537706E+005 -0.268593576515303E-006 
      2.92000000 -0.233319441537712E+005 -0.269138045946983E-006 
      2.94000000 -0.233319441537717E+005 -0.269697983260244E-006 
      2.96000000 -0.233319441537723E+005 -0.270270294878770E-006 
      2.98000000 -0.233319441537729E+005 -0.270824045039399E-006 
      3.00000000 -0.233319441537734E+005 -0.271380888776343E-006 
      3.02000000 -0.233319441537740E+005 -0.271943919665921E-006 
      3.04000000 -0.233319441537745E+005 -0.272500763402866E-006 
      3.06000000 -0.233319441537751E+005 -0.273048326410861E-006 
      3.08000000 -0.233319441537756E+005 -0.273614450876755E-006 
      3.10000000 -0.233319441537762E+005 -0.274192949647915E-006 
      3.12000000 -0.233319441537768E+005 -0.274734325503277E-006 
      3.14000000 -0.233319441537773E+005 -0.275284982087589E-006 
      3.16000000 -0.233319441537779E+005 -0.275841825824534E-006 
      3.18000000 -0.233319441537784E+005 -0.276395575985163E-006 
      3.20000000 -0.233319441537790E+005 -0.276943138993158E-006 
      3.22000000 -0.233319441537795E+005 -0.277478327695889E-006 
      3.24000000 -0.233319441537801E+005 -0.278050639314415E-006 
      3.26000000 -0.233319441537803E+005 -0.278316686877622E-006 
      3.28000000 -0.233319441537779E+005 -0.275854200129800E-006 
      3.30000000 -0.233319441537643E+005 -0.262310523016777E-006 
      3.32000000 -0.233319441537165E+005 -0.214486926742171E-006 
      3.34000000 -0.233319441535797E+005 -0.776735141511608E-007 
      3.36000000 -0.233319441532395E+005  0.262514699053656E-006 
      3.38000000 -0.233319441524765E+005  0.102548342595746E-005 
      3.40000000 -0.233319441508996E+005  0.260247107613765E-005 
      3.42000000 -0.233319441478505E+005  0.565154320361025E-005 
      3.44000000 -0.233319441422770E+005  0.112250725996745E-004 
      3.46000000 -0.233319441325672E+005  0.209348774902566E-004 
      3.48000000 -0.233319441163449E+005  0.371571616861392E-004 
      3.50000000 -0.233319440902241E+005  0.632779372728676E-004 
      3.52000000 -0.233319440495259E+005  0.103976114685883E-003 
      3.54000000 -0.233319439879646E+005  0.165537392431463E-003 
      3.56000000 -0.233319438973133E+005  0.256188681967248E-003 
      3.58000000 -0.233319437670649E+005  0.386437160572938E-003 
      3.60000000 -0.233319435841074E+005  0.569394580236265E-003 
      3.62000000 -0.233319433324401E+005  0.821061932358474E-003 
      3.64000000 -0.233319429929550E+005  0.116054706847387E-002 
      3.66000000 -0.233319425433176E+005  0.161018441855969E-002 
      3.68000000 -0.233319419579772E+005  0.219552477914069E-002 
      3.70000000 -0.233319412083385E+005  0.294516348368618E-002 
      3.72000000 -0.233319402631241E+005  0.389037792208598E-002 
      3.74000000 -0.233319390889534E+005  0.506454863043350E-002 
      3.76000000 -0.233319376511556E+005  0.650234645075512E-002 
      3.78000000 -0.233319359148262E+005  0.823867582721203E-002 
      3.80000000 -0.233319338461249E+005  0.103073771312685E-001 
      3.82000000 -0.233319314137995E+005  0.127397025432608E-001 
      3.84000000 -0.233319285909050E+005  0.155625970634073E-001 
      3.86000000 -0.233319253566713E+005  0.187968307682008E-001 
      3.88000000 -0.233319216984554E+005  0.224550465812317E-001 
      3.90000000 -0.233319176136981E+005  0.265398039728655E-001 
      3.92000000 -0.233319131117869E+005  0.310417150990731E-001 
      3.94000000 -0.233319082157180E+005  0.359377840149856E-001 
      3.96000000 -0.233319029634317E+005  0.411900703396394E-001 
      3.98000000 -0.233318974086956E+005  0.467448063895121E-001 
      4.00000000 -0.233318916214008E+005  0.525321012531986E-001 
      4.02000000 -0.233318856871408E+005  0.584663611867785E-001 
      4.04000000 -0.233318797059524E+005  0.644475495872322E-001 
      4.06000000 -0.233318737901074E+005  0.703633946520277E-001 
      4.08000000 -0.233318680608684E+005  0.760926335909478E-001 
      4.10000000 -0.233318626441494E+005  0.815093526754571E-001 
      4.12000000 -0.233318576650495E+005  0.864884525022075E-001 
      4.14000000 -0.233318532412757E+005  0.909122263067411E-001 
      4.16000000 -0.233318494755059E+005  0.946779961751117E-001 
      4.18000000 -0.233318464467973E+005  0.977067046910838E-001 
      4.20000000 -0.233318442011928E+005  0.999523092148002E-001 
      4.22000000 -0.233318427417257E+005  0.101411776333817E+000 
      4.24000000 -0.233318420180802E+005  0.102135421823301E+000 
      4.26000000 -0.233318419162038E+005  0.102237298203998E+000 
      4.28000000 -0.233318422482149E+005  0.101905287123515E+000 
      4.30000000 -0.233318427429810E+005  0.101410521000764E+000 
      4.32000000 -0.233318430377705E+005  0.101115731570658E+000 
      4.34000000 -0.233318426713946E+005  0.101482107417821E+000 
      4.36000000 -0.233318410792608E+005  0.103074241226927E+000 
      4.38000000 -0.233318375907458E+005  0.106562756204245E+000 
      4.40000000 -0.233318314292737E+005  0.112724228311317E+000 
      4.42000000 -0.233318217154422E+005  0.122438059794645E+000 
      4.44000000 -0.233318074734852E+005  0.136680016862539E+000 
      4.46000000 -0.233317876412878E+005  0.156512214222511E+000 
      4.48000000 -0.233317610840879E+005  0.183069414136023E+000 
      4.50000000 -0.233317266118960E+005  0.217541605989091E+000 
      4.52000000 -0.233316830005625E+005  0.261152939551104E+000 
      4.54000000 -0.233316290162995E+005  0.315137202483064E+000 
      4.56000000 -0.233315634433469E+005  0.380710155174463E+000 
      4.58000000 -0.233314851143423E+005  0.459039159768153E+000 
      4.60000000 -0.233313929428383E+005  0.551210663746741E+000 
      4.62000000 -0.233312859572856E+005  0.658196216390416E+000 
      4.64000000 -0.233311633356983E+005  0.780817803763214E+000 
      4.66000000 -0.233310244401176E+005  0.919713384429086E+000 
      4.68000000 -0.233308688499183E+005  0.107530358371229E+001 
      4.70000000 -0.233306963929426E+005  0.124776055938233E+001 
      4.72000000 -0.233305071734181E+005  0.143698008396215E+001 
      4.74000000 -0.233303015956150E+005  0.164255788699619E+001 
      4.76000000 -0.233300803822272E+005  0.186377127478320E+001 
      4.78000000 -0.233298445865226E+005  0.209956697945508E+001 
      4.80000000 -0.233295955974058E+005  0.234855609624022E+001 
      4.82000000 -0.233293351366646E+005  0.260901683738676E+001 
      4.84000000 -0.233290652478328E+005  0.287890566924776E+001 
      4.86000000 -0.233287882762921E+005  0.315587720991651E+001 
      4.88000000 -0.233285068404553E+005  0.343731304671286E+001 
      4.90000000 -0.233282237941046E+005  0.372035939746171E+001 
      4.92000000 -0.233279421802129E+005  0.400197328908625E+001 
      4.94000000 -0.233276651768332E+005  0.427897666886410E+001 
      4.96000000 -0.233273960358947E+005  0.454811760736991E+001 
      4.98000000 -0.233271380159938E+005  0.480613750819342E+001 
      5.00000000 -0.233268943104898E+005  0.504984301224320E+001 
      5.02000000 -0.233266679724172E+005  0.527618108481441E+001 
      5.04000000 -0.233264618378899E+005  0.548231561215168E+001 
      5.06000000 -0.233262784497877E+005  0.566570371434969E+001 
      5.08000000 -0.233261199835907E+005  0.582416991131472E+001 
      5.10000000 -0.233259881772462E+005  0.595597625584437E+001 
      5.12000000 -0.233258842669145E+005  0.605988658754790E+001 
      5.14000000 -0.233258089303563E+005  0.613522314572905E+001 
      5.16000000 -0.233257622395820E+005  0.618191392002398E+001 
      5.18000000 -0.233257436242013E+005  0.620052930070211E+001 
      5.20000000 -0.233257518466875E+005  0.619230681451258E+001 
      5.22000000 -0.233257849905193E+005  0.615916298269329E+001 
      5.24000000 -0.233258404618877E+005  0.610369161432524E+001 
      5.26000000 -0.233259150053685E+005  0.602914813348918E+001 
      5.28000000 -0.233260047336755E+005  0.593941982649222E+001 
      5.30000000 -0.233261051713254E+005  0.583898217667536E+001 
      5.32000000 -0.233262113117772E+005  0.573284172480299E+001 
      5.34000000 -0.233263176873570E+005  0.562646614507801E+001 
      5.36000000 -0.233264184510473E+005  0.552570245475821E+001 
      5.38000000 -0.233265074690154E+005  0.543668448663437E+001 
      5.40000000 -0.233265784225608E+005  0.536573094126836E+001 
      5.42000000 -0.233266249179948E+005  0.531923550723663E+001 
      5.44000000 -0.233266406028103E+005  0.530355069169685E+001 
      5.46000000 -0.233266192863499E+005  0.532486715213665E+001 
      5.48000000 -0.233265550630453E+005  0.538909045669534E+001 
      5.50000000 -0.233264424361675E+005  0.550171733454667E+001 
      5.52000000 -0.233262764398965E+005  0.566771360557385E+001 
      5.54000000 -0.233260527574032E+005  0.589139609881831E+001 
      5.56000000 -0.233257678325260E+005  0.617632097607613E+001 
      5.58000000 -0.233254189725385E+005  0.652518096353724E+001 
      5.60000000 -0.233250044394540E+005  0.693971404801418E+001 
      5.62000000 -0.233245235272995E+005  0.742062620254885E+001 
      5.64000000 -0.233239766228416E+005  0.796753066047768E+001 
      5.66000000 -0.233233652473668E+005  0.857890613519857E+001 
      5.68000000 -0.233226920773264E+005  0.925207617566262E+001 
      5.70000000 -0.233219609419532E+005  0.998321154879611E+001 
      5.72000000 -0.233211767963669E+005  0.107673571351055E+002 
      5.74000000 -0.233203456691841E+005  0.115984843179160E+002 
      5.76000000 -0.233194745842647E+005  0.124695692373056E+002 
      5.78000000 -0.233185714569199E+005  0.133726965821642E+002 
      5.80000000 -0.233176449656825E+005  0.142991878194891E+002 
      5.82000000 -0.233167044015571E+005  0.152397519448905E+002 
      5.84000000 -0.233157594975074E+005  0.161846559946563E+002 
      5.86000000 -0.233148202417638E+005  0.171239117382285E+002 
      5.88000000 -0.233138966792974E+005  0.180474742045779E+002 
      5.90000000 -0.233129987064703E+005  0.189454470317770E+002 
      5.92000000 -0.233121358644040E+005  0.198082890980523E+002 
      5.94000000 -0.233113171369549E+005  0.206270165471456E+002 
      5.96000000 -0.233105507593153E+005  0.213933941867173E+002 
      5.98000000 -0.233098440431594E+005  0.221001103426594E+002 
      6.00000000 -0.233092032238951E+005  0.227409296069633E+002 
      6.02000000 -0.233086333349770E+005  0.233108185249826E+002 
      6.04000000 -0.233081381133791E+005  0.238060401228907E+002 
      6.06000000 -0.233077199392622E+005  0.242242142398646E+002 
      6.08000000 -0.233073798116315E+005  0.245643418705373E+002 
      6.10000000 -0.233071173604281E+005  0.248267930738938E+002 
      6.12000000 -0.233069308940898E+005  0.250132594121799E+002 
      6.14000000 -0.233068174802312E+005  0.251266732707820E+002 
      6.16000000 -0.233067730558107E+005  0.251710976913398E+002 
      6.18000000 -0.233067925620286E+005  0.251515914734062E+002 
      6.20000000 -0.233068700983287E+005  0.250740551733477E+002 
      6.22000000 -0.233069990892756E+005  0.249450642264303E+002 
      6.24000000 -0.233071724578218E+005  0.247716956802636E+002 
      6.26000000 -0.233073827985460E+005  0.245613549560672E+002 
      6.28000000 -0.233076225448630E+005  0.243216086390459E+002 
      6.30000000 -0.233078841249176E+005  0.240600285844599E+002 
      6.32000000 -0.233081601018493E+005  0.237840516527656E+002 
      6.34000000 -0.233084432952839E+005  0.235008582181164E+002 
      6.36000000 -0.233087268821794E+005  0.232172713226695E+002 
      6.38000000 -0.233090044764531E+005  0.229396770489398E+002 
      6.40000000 -0.233092701880523E+005  0.226739654497171E+002 
      6.42000000 -0.233095186632152E+005  0.224254902867855E+002 
      6.44000000 -0.233097451085420E+005  0.221990449599976E+002 
      6.46000000 -0.233099453020977E+005  0.219988514043367E+002 
      6.48000000 -0.233101155950759E+005  0.218285584261537E+002 
      6.50000000 -0.233102529075521E+005  0.216912459499427E+002 
      6.52000000 -0.233103547215667E+005  0.215894319353762E+002 
      6.54000000 -0.233104190742422E+005  0.215250792597978E+002 
      6.56000000 -0.233104445529085E+005  0.214996005934913E+002 
      6.58000000 -0.233104302933502E+005  0.215138601518050E+002 
      6.60000000 -0.233103759813909E+005  0.215681721111416E+002 
      6.62000000 -0.233102818571478E+005  0.216622963542203E+002 
      6.64000000 -0.233101487205148E+005  0.217954329872109E+002 
      6.66000000 -0.233099779358102E+005  0.219662176917778E+002 
      6.68000000 -0.233097714331106E+005  0.221727203913928E+002 
      6.70000000 -0.233095317036067E+005  0.224124498952878E+002 
      6.72000000 -0.233092617863721E+005  0.226823671299350E+002 
      6.74000000 -0.233089652442194E+005  0.229789092826461E+002 
      6.76000000 -0.233086461268100E+005  0.232980266920744E+002 
      6.78000000 -0.233083089198353E+005  0.236352336666802E+002 
      6.80000000 -0.233079584798610E+005  0.239856736410447E+002 
      6.82000000 -0.233075999552560E+005  0.243441982460376E+002 
      6.84000000 -0.233072386944682E+005  0.247054590338531E+002 
      6.86000000 -0.233068801436970E+005  0.250640098050693E+002 
      6.88000000 -0.233065297367059E+005  0.254144167961067E+002 
      6.90000000 -0.233061927800751E+005  0.257513734269470E+002 
      6.92000000 -0.233058743375776E+005  0.260698159244545E+002 
      6.94000000 -0.233055791175697E+005  0.263650359323092E+002 
      6.96000000 -0.233053113672853E+005  0.266327862167559E+002 
      6.98000000 -0.233050747777430E+005  0.268693757590007E+002 
      7.00000000 -0.233048724026152E+005  0.270717508868610E+002 
      7.02000000 -0.233047065938897E+005  0.272375596122988E+002 
      7.04000000 -0.233045789565169E+005  0.273651969851031E+002 
      7.06000000 -0.233044903235068E+005  0.274538299952475E+002 
      7.08000000 -0.233044407521632E+005  0.275034013388371E+002 
      7.10000000 -0.233044295413483E+005  0.275146121537685E+002 
      7.12000000 -0.233044552688976E+005  0.274888846043935E+002 
      7.14000000 -0.233045158476010E+005  0.274283059010196E+002 
      7.16000000 -0.233046085975329E+005  0.273355559691437E+002 
      7.18000000 -0.233047303320004E+005  0.272138215015808E+002 
      7.20000000 -0.233048774539892E+005  0.270666995127914E+002 
      7.22000000 -0.233050460597329E+005  0.268980937691391E+002 
      7.24000000 -0.233052320459268E+005  0.267121075752739E+002 
      7.26000000 -0.233054312171291E+005  0.265129363729491E+002 
      7.28000000 -0.233056393900543E+005  0.263047634477130E+002 
      7.30000000 -0.233058524917407E+005  0.260916617613147E+002 
      7.32000000 -0.233060666489481E+005  0.258775045539719E+002 
      7.34000000 -0.233062782665908E+005  0.256658869112724E+002 
      7.36000000 -0.233064840935184E+005  0.254600599835956E+002 
      7.38000000 -0.233066812744895E+005  0.252628790125577E+002 
      7.40000000 -0.233068673877267E+005  0.250767657753414E+002 
      7.42000000 -0.233070404679647E+005  0.249036855372902E+002 
      7.44000000 -0.233071990153885E+005  0.247451381135045E+002 
      7.46000000 -0.233073419912993E+005  0.246021622026919E+002 
      7.48000000 -0.233074688017138E+005  0.244753517882476E+002 
      7.50000000 -0.233075792703962E+005  0.243648831057820E+002 
      7.52000000 -0.233076736030443E+005  0.242705504577166E+002 
      7.54000000 -0.233077523444799E+005  0.241918090221595E+002 
      7.56000000 -0.233078163307571E+005  0.241278227449464E+002 
      7.58000000 -0.233078666380809E+005  0.240775154211166E+002 
      7.60000000 -0.233079045303493E+005  0.240396231526831E+002 
      7.62000000 -0.233079314069930E+005  0.240127465090366E+002 
      7.64000000 -0.233079487526040E+005  0.239954008980305E+002 
      7.66000000 -0.233079580896301E+005  0.239860638719322E+002 
      7.68000000 -0.233079609351737E+005  0.239832183283746E+002 
      7.70000000 -0.233079587626900E+005  0.239853908120736E+002 
      7.72000000 -0.233079529691359E+005  0.239911843661176E+002 
      7.74000000 -0.233079448478868E+005  0.239993056152078E+002 
      7.76000000 -0.233079355675266E+005  0.240085859754583E+002 
      7.78000000 -0.233079261564268E+005  0.240179970752153E+002 
      7.80000000 -0.233079174928692E+005  0.240266606328277E+002 
      7.82000000 -0.233079103003350E+005  0.240338531670626E+002 
      7.84000000 -0.233079051474841E+005  0.240390060179403E+002 
      7.86000000 -0.233079024522742E+005  0.240417012278451E+002 
      7.88000000 -0.233079024896232E+005  0.240416638788013E+002 
      7.90000000 -0.233079054019976E+005  0.240387515043866E+002 
      7.92000000 -0.233079112123043E+005  0.240329411977390E+002 
      7.94000000 -0.233079198384793E+005  0.240243150227326E+002 
      7.96000000 -0.233079311091925E+005  0.240130443095312E+002 
      7.98000000 -0.233079447801269E+005  0.239993733751309E+002 
      8.00000000 -0.233079605503359E+005  0.239836031661438E+002 
      8.02000000 -0.233079780782351E+005  0.239660752669576E+002 
      8.04000000 -0.233079969968410E+005  0.239471566610287E+002 
      8.06000000 -0.233080169279290E+005  0.239272255730069E+002 
      8.08000000 -0.233080374948426E+005  0.239066586594233E+002 
      8.10000000 -0.233080583337484E+005  0.238858197536201E+002 
      8.12000000 -0.233080791031926E+005  0.238650503094575E+002 
      8.14000000 -0.233080994918720E+005  0.238446616300367E+002 
      8.16000000 -0.233081192245923E+005  0.238249289097725E+002 
      8.18000000 -0.233081380664363E+005  0.238060870656870E+002 
      8.20000000 -0.233081558252175E+005  0.237883282845724E+002 
      8.22000000 -0.233081723523314E+005  0.237718011706269E+002 
      8.24000000 -0.233081875421606E+005  0.237566113414787E+002 
      8.26000000 -0.233082013302100E+005  0.237428232920192E+002 
      8.28000000 -0.233082136901781E+005  0.237304633239641E+002 
      8.30000000 -0.233082246301749E+005  0.237195233271072E+002 
      8.32000000 -0.233082341883108E+005  0.237099651912116E+002 
      8.34000000 -0.233082424278700E+005  0.237017256320632E+002 
      8.36000000 -0.233082494322795E+005  0.236947212225289E+002 
      8.38000000 -0.233082553000667E+005  0.236888534353153E+002 
      8.40000000 -0.233082601399779E+005  0.236840135241552E+002 
      8.42000000 -0.233082640664076E+005  0.236800870944619E+002 
      8.44000000 -0.233082671952606E+005  0.236769582414637E+002 
      8.46000000 -0.233082696403401E+005  0.236745131619667E+002 
      8.48000000 -0.233082715103251E+005  0.236726431769766E+002 
      8.50000000 -0.233082729063720E+005  0.236712471299973E+002 
      8.52000000 -0.233082739203476E+005  0.236702331544618E+002 
      8.54000000 -0.233082746336732E+005  0.236695198287902E+002 
      8.56000000 -0.233082751167423E+005  0.236690367597517E+002 
      8.58000000 -0.233082754288485E+005  0.236687246535425E+002 
      8.60000000 -0.233082756185547E+005  0.236685349473129E+002 
      8.62000000 -0.233082757244176E+005  0.236684290844136E+002 
      8.64000000 -0.233082757759811E+005  0.236683775209682E+002 
      8.66000000 -0.233082757949499E+005  0.236683585521296E+002 
      8.68000000 -0.233082757964593E+005  0.236683570427706E+002 
      8.70000000 -0.233082757903614E+005  0.236683631406705E+002 
      8.72000000 -0.233082757824626E+005  0.236683710393813E+002 
      8.74000000 -0.233082757756554E+005  0.236683778466259E+002 
      8.76000000 -0.233082757709021E+005  0.236683825999337E+002 
      8.78000000 -0.233082757680449E+005  0.236683854570804E+002 
      8.80000000 -0.233082757664270E+005  0.236683870749837E+002 
      8.82000000 -0.233082757653248E+005  0.236683881772497E+002 
      8.84000000 -0.233082757642026E+005  0.236683892994073E+002 
      8.86000000 -0.233082757628115E+005  0.236683906905020E+002 
      8.88000000 -0.233082757611595E+005  0.236683923425398E+002 
      8.90000000 -0.233082757593875E+005  0.236683941145465E+002 
      8.92000000 -0.233082757575975E+005  0.236683959045764E+002 
      8.94000000 -0.233082757558040E+005  0.236683976980339E+002 
      8.96000000 -0.233082757540111E+005  0.236683994909408E+002 
      8.98000000 -0.233082757522235E+005  0.236684012785763E+002 
      9.00000000 -0.233082757504464E+005  0.236684030556070E+002 
      9.02000000 -0.233082757486857E+005  0.236684048163314E+002 
      9.04000000 -0.233082757469472E+005  0.236684065547944E+002 
      9.06000000 -0.233082757452369E+005  0.236684082651276E+002 
      9.08000000 -0.233082757435605E+005  0.236684099415459E+002 
      9.10000000 -0.233082757419232E+005  0.236684115787933E+002 
      9.12000000 -0.233082757403300E+005  0.236684131720439E+002 
      9.14000000 -0.233082757387847E+005  0.236684147172822E+002 
      9.16000000 -0.233082757372910E+005  0.236684162110650E+002 
      9.18000000 -0.233082757358512E+005  0.236684176508402E+002 
      9.20000000 -0.233082757344673E+005  0.236684190347391E+002 
      9.22000000 -0.233082757331405E+005  0.236684203615740E+002 
      9.24000000 -0.233082757318712E+005  0.236684216308220E+002 
      9.26000000 -0.233082757306596E+005  0.236684228424366E+002 
      9.28000000 -0.233082757295052E+005  0.236684239968665E+002 
      9.30000000 -0.233082757284071E+005  0.236684250949562E+002 
      9.32000000 -0.233082757273640E+005  0.236684261379863E+002 
      9.34000000 -0.233082757263744E+005  0.236684271276709E+002 
      9.36000000 -0.233082757254358E+005  0.236684280661877E+002 
      9.38000000 -0.233082757245458E+005  0.236684289562467E+002 
      9.40000000 -0.233082757237009E+005  0.236684298011519E+002 
      9.42000000 -0.233082757228973E+005  0.236684306047455E+002 
      9.44000000 -0.233082757221305E+005  0.236684313715255E+002 
      9.46000000 -0.233082757213956E+005  0.236684321064355E+002 
      9.48000000 -0.233082757206872E+005  0.236684328147902E+002 
      9.50000000 -0.233082757199999E+005  0.236684335021705E+002 
      9.52000000 -0.233082757193280E+005  0.236684341740272E+002 
      9.54000000 -0.233082757186663E+005  0.236684348357061E+002 
      9.56000000 -0.233082757180100E+005  0.236684354919928E+002 
      9.58000000 -0.233082757173550E+005  0.236684361470607E+002 
      9.60000000 -0.233082757166978E+005  0.236684368042199E+002 
      9.62000000 -0.233082757160361E+005  0.236684374659668E+002 
      9.64000000 -0.233082757153683E+005  0.236684381337616E+002 
      9.66000000 -0.233082757146938E+005  0.236684388082293E+002 
      9.68000000 -0.233082757140130E+005  0.236684394890729E+002 
      9.70000000 -0.233082757133267E+005  0.236684401753302E+002 
      9.72000000 -0.233082757126366E+005  0.236684408653802E+002 
      9.74000000 -0.233082757119449E+005  0.236684415571750E+002 
      9.76000000 -0.233082757112535E+005  0.236684422484965E+002 
      9.78000000 -0.233082757105653E+005  0.236684429367678E+002 
      9.80000000 -0.233082757098825E+005  0.236684436195077E+002 
      9.82000000 -0.233082757092077E+005  0.236684442942786E+002 
      9.84000000 -0.233082757085431E+005  0.236684449588963E+002 
      9.86000000 -0.233082757078907E+005  0.236684456113315E+002 
      9.88000000 -0.233082757072522E+005  0.236684462497993E+002 
      9.90000000 -0.233082757066291E+005  0.236684468729229E+002 
      9.92000000 -0.233082757060223E+005  0.236684474796784E+002 
      9.94000000 -0.233082757054327E+005  0.236684480692831E+002 
      9.96000000 -0.233082757048606E+005  0.236684486414277E+002 
      9.98000000 -0.233082757043059E+005  0.236684491961121E+002 
     10.00000000 -0.233082757037684E+005  0.236684497335931E+002 
     10.02000000 -0.233082757032475E+005  0.236684502545483E+002 
     10.04000000 -0.233082757027422E+005  0.236684507598592E+002 
     10.06000000 -0.233082757022512E+005  0.236684512508222E+002 
     10.08000000 -0.233082757017732E+005  0.236684517288571E+002 
     10.10000000 -0.233082757013062E+005  0.236684521958231E+002 
     10.12000000 -0.233082757008484E+005  0.236684526536229E+002 
     10.14000000 -0.233082757003976E+005  0.236684531044560E+002 
     10.16000000 -0.233082756999515E+005  0.236684535505188E+002 
     10.18000000 -0.233082756995081E+005  0.236684539939210E+002 
     10.20000000 -0.233082756990655E+005  0.236684544365438E+002 
     10.22000000 -0.233082756986222E+005  0.236684548798656E+002 
     10.24000000 -0.233082756981772E+005  0.236684553248271E+002 
     10.26000000 -0.233082756977303E+005  0.236684557717622E+002 
     10.28000000 -0.233082756972818E+005  0.236684562201916E+002 
     10.30000000 -0.233082756968329E+005  0.236684566690788E+002 
     10.32000000 -0.233082756963852E+005  0.236684571167812E+002 
     10.34000000 -0.233082756959407E+005  0.236684575612971E+002 
     10.36000000 -0.233082756955015E+005  0.236684580005602E+002 
     10.38000000 -0.233082756950695E+005  0.236684584325658E+002 
     10.40000000 -0.233082756946463E+005  0.236684588557701E+002 
     10.42000000 -0.233082756942329E+005  0.236684592691245E+002 
     10.44000000 -0.233082756938297E+005  0.236684596722948E+002 
     10.46000000 -0.233082756934365E+005  0.236684600655472E+002 
     10.48000000 -0.233082756930522E+005  0.236684604497817E+002 
     10.50000000 -0.233082756926758E+005  0.236684608262452E+002 
     10.52000000 -0.233082756923056E+005  0.236684611963916E+002 
     10.54000000 -0.233082756919405E+005  0.236684615615017E+002 
     10.56000000 -0.233082756915793E+005  0.236684619227417E+002 
     10.58000000 -0.233082756912212E+005  0.236684622808077E+002 
     10.60000000 -0.233082756908661E+005  0.236684626359595E+002 
     10.62000000 -0.233082756905139E+005  0.236684629881663E+002 
     10.64000000 -0.233082756901649E+005  0.236684633370969E+002 
     10.66000000 -0.233082756898196E+005  0.236684636824298E+002 
     10.68000000 -0.233082756894780E+005  0.236684640240132E+002 
     10.70000000 -0.233082756891399E+005  0.236684643620916E+002 
     10.72000000 -0.233082756888048E+005  0.236684646971878E+002 
     10.74000000 -0.233082756884716E+005  0.236684650304247E+002 
     10.76000000 -0.233082756881389E+005  0.236684653631419E+002 
     10.78000000 -0.233082756878051E+005  0.236684656968924E+002 
     10.80000000 -0.233082756874689E+005  0.236684660331301E+002 
     10.82000000 -0.233082756871290E+005  0.236684663730368E+002 
     10.84000000 -0.233082756867848E+005  0.236684667172653E+002 
     10.86000000 -0.233082756864362E+005  0.236684670657907E+002 
     10.88000000 -0.233082756860841E+005  0.236684674179077E+002 
     10.90000000 -0.233082756857298E+005  0.236684677722274E+002 
     10.92000000 -0.233082756853753E+005  0.236684681267698E+002 
     10.94000000 -0.233082756850228E+005  0.236684684792271E+002 
     10.96000000 -0.233082756846748E+005  0.236684688272328E+002 
     10.98000000 -0.233082756843335E+005  0.236684691685316E+002 
     11.00000000 -0.233082756840007E+005  0.236684695013014E+002 
     11.02000000 -0.233082756836776E+005  0.236684698243945E+002 
     11.04000000 -0.233082756833648E+005  0.236684701372541E+002 
     11.06000000 -0.233082756830619E+005  0.236684704401585E+002 
     11.08000000 -0.233082756827680E+005  0.236684707340668E+002 
     11.10000000 -0.233082756824815E+005  0.236684710205072E+002 
     11.12000000 -0.233082756822007E+005  0.236684713013514E+002 
     11.14000000 -0.233082756819235E+005  0.236684715785699E+002 
     11.16000000 -0.233082756816479E+005  0.236684718540838E+002 
     11.18000000 -0.233082756813726E+005  0.236684721294275E+002 
     11.20000000 -0.233082756810964E+005  0.236684724056684E+002 
     11.22000000 -0.233082756808188E+005  0.236684726832767E+002 
     11.24000000 -0.233082756805399E+005  0.236684729621285E+002 
     11.26000000 -0.233082756802605E+005  0.236684732415651E+002 
     11.28000000 -0.233082756799815E+005  0.236684735205191E+002 
     11.30000000 -0.233082756797042E+005  0.236684737978149E+002 
     11.32000000 -0.233082756794298E+005  0.236684740721842E+002 
     11.34000000 -0.233082756791593E+005  0.236684743427112E+002 
     11.36000000 -0.233082756788932E+005  0.236684746087928E+002 
     11.38000000 -0.233082756786316E+005  0.236684748704042E+002 
     11.40000000 -0.233082756783739E+005  0.236684751281084E+002 
     11.42000000 -0.233082756781191E+005  0.236684753829541E+002 
     11.44000000 -0.233082756778656E+005  0.236684756364510E+002 
     11.46000000 -0.233082756776117E+005  0.236684758902882E+002 
     11.48000000 -0.233082756773559E+005  0.236684761460837E+002 
     11.50000000 -0.233082756770967E+005  0.236684764053347E+002 
     11.52000000 -0.233082756768330E+005  0.236684766690218E+002 
     11.54000000 -0.233082756765645E+005  0.236684769374917E+002 
     11.56000000 -0.233082756762915E+005  0.236684772104998E+002 
     11.58000000 -0.233082756760150E+005  0.236684774870129E+002 
     11.60000000 -0.233082756757366E+005  0.236684777653791E+002 
     11.62000000 -0.233082756754585E+005  0.236684780435504E+002 
     11.64000000 -0.233082756751828E+005  0.236684783192190E+002 
     11.66000000 -0.233082756749120E+005  0.236684785900523E+002 
     11.68000000 -0.233082756746480E+005  0.236684788540272E+002 
     11.70000000 -0.233082756743924E+005  0.236684791096463E+002 
     11.72000000 -0.233082756741460E+005  0.236684793560682E+002 
     11.74000000 -0.233082756739088E+005  0.236684795932651E+002 
     11.76000000 -0.233082756736800E+005  0.236684798220598E+002 
     11.78000000 -0.233082756734580E+005  0.236684800440610E+002 
     11.80000000 -0.233082756732406E+005  0.236684802614590E+002 
     11.82000000 -0.233082756730252E+005  0.236684804768152E+002 
     11.84000000 -0.233082756728091E+005  0.236684806929108E+002 
     11.86000000 -0.233082756725897E+005  0.236684809123010E+002 
     11.88000000 -0.233082756723648E+005  0.236684811371793E+002 
     11.90000000 -0.233082756721330E+005  0.236684813690707E+002 
     11.92000000 -0.233082756718933E+005  0.236684816087208E+002 
     11.94000000 -0.233082756716459E+005  0.236684818561264E+002 
     11.96000000 -0.233082756713917E+005  0.236684821103565E+002 
     11.98000000 -0.233082756711322E+005  0.236684823698210E+002 
     12.00000000 -0.233082756708696E+005  0.236684826324068E+002 
     12.02000000 -0.233082756706064E+005  0.236684828956640E+002 
     12.04000000 -0.233082756703450E+005  0.236684831570340E+002 
     12.06000000 -0.233082756700879E+005  0.236684834140917E+002 
     12.08000000 -0.233082756698373E+005  0.236684836647456E+002 
     12.10000000 -0.233082756695946E+005  0.236684839073810E+002 
     12.12000000 -0.233082756693610E+005  0.236684841410697E+002 
     12.14000000 -0.233082756691366E+005  0.236684843654375E+002 
     12.16000000 -0.233082756689212E+005  0.236684845807969E+002 
     12.18000000 -0.233082756687140E+005  0.236684847880634E+002 
     12.20000000 -0.233082756685134E+005  0.236684849886168E+002 
     12.22000000 -0.233082756683178E+005  0.236684851841865E+002 
     12.24000000 -0.233082756681253E+005  0.236684853766936E+002 
     12.26000000 -0.233082756679340E+005  0.236684855680622E+002 
     12.28000000 -0.233082756677418E+005  0.236684857601857E+002 
     12.30000000 -0.233082756675473E+005  0.236684859547036E+002 
     12.32000000 -0.233082756673491E+005  0.236684861529245E+002 
     12.34000000 -0.233082756671462E+005  0.236684863558043E+002 
     12.36000000 -0.233082756669381E+005  0.236684865638906E+002 
     12.38000000 -0.233082756667247E+005  0.236684867773443E+002 
     12.40000000 -0.233082756665061E+005  0.236684869959086E+002 
     12.42000000 -0.233082756662830E+005  0.236684872190421E+002 
     12.44000000 -0.233082756660560E+005  0.236684874459806E+002 
     12.46000000 -0.233082756658264E+005  0.236684876756632E+002 
     12.48000000 -0.233082756655950E+005  0.236684879070534E+002 
     12.50000000 -0.233082756653631E+005  0.236684881389479E+002 
     12.52000000 -0.233082756651318E+005  0.236684883702268E+002 
     12.54000000 -0.233082756649022E+005  0.236684885998753E+002 
     12.56000000 -0.233082756646751E+005  0.236684888268819E+002 
     12.58000000 -0.233082756644515E+005  0.236684890505197E+002 
     12.60000000 -0.233082756642318E+005  0.236684892702007E+002 
     12.62000000 -0.233082756640165E+005  0.236684894855198E+002 
     12.64000000 -0.233082756638056E+005  0.236684896964213E+002 
     12.66000000 -0.233082756635990E+005  0.236684899030474E+002 
     12.68000000 -0.233082756633963E+005  0.236684901057633E+002 
     12.70000000 -0.233082756631968E+005  0.236684903052000E+002 
     12.72000000 -0.233082756629998E+005  0.236684905022051E+002 
     12.74000000 -0.233082756628043E+005  0.236684906977191E+002 
     12.76000000 -0.233082756626093E+005  0.236684908926949E+002 
     12.78000000 -0.233082756624139E+005  0.236684910881285E+002 
     12.80000000 -0.233082756622171E+005  0.236684912848923E+002 
     12.82000000 -0.233082756620184E+005  0.236684914836607E+002 
     12.84000000 -0.233082756618172E+005  0.236684916848731E+002 
     12.86000000 -0.233082756616134E+005  0.236684918886594E+002 
     12.88000000 -0.233082756614071E+005  0.236684920949514E+002 
     12.90000000 -0.233082756611987E+005  0.236684923033719E+002 
     12.92000000 -0.233082756609886E+005  0.236684925133824E+002 
     12.94000000 -0.233082756607778E+005  0.236684927242158E+002 
     12.96000000 -0.233082756605670E+005  0.236684929350647E+002 
     12.98000000 -0.233082756603569E+005  0.236684931451030E+002 
     13.00000000 -0.233082756601486E+005  0.236684933534740E+002 
     13.02000000 -0.233082756599425E+005  0.236684935595030E+002 
     13.04000000 -0.233082756597395E+005  0.236684937625623E+002 
     13.06000000 -0.233082756595399E+005  0.236684939621568E+002 
     13.08000000 -0.233082756593440E+005  0.236684941580080E+002 
     13.10000000 -0.233082756591520E+005  0.236684943499799E+002 
     13.12000000 -0.233082756589640E+005  0.236684945380600E+002 
     13.14000000 -0.233082756587795E+005  0.236684947224836E+002 
     13.16000000 -0.233082756585985E+005  0.236684949035599E+002 
     13.18000000 -0.233082756584203E+005  0.236684950817499E+002 
     13.20000000 -0.233082756582444E+005  0.236684952576599E+002 
     13.22000000 -0.233082756580701E+005  0.236684954319365E+002 
     13.24000000 -0.233082756578968E+005  0.236684956052510E+002 
     13.26000000 -0.233082756577237E+005  0.236684957783274E+002 
     13.28000000 -0.233082756575502E+005  0.236684959518337E+002 
     13.30000000 -0.233082756573757E+005  0.236684961263021E+002 
     13.32000000 -0.233082756571998E+005  0.236684963022245E+002 
     13.34000000 -0.233082756570221E+005  0.236684964799597E+002 
     13.36000000 -0.233082756568423E+005  0.236684966597027E+002 
     13.38000000 -0.233082756566605E+005  0.236684968414874E+002 
     13.40000000 -0.233082756564767E+005  0.236684970253016E+002 
     13.42000000 -0.233082756562911E+005  0.236684972109285E+002 
     13.44000000 -0.233082756561040E+005  0.236684973980589E+002 
     13.46000000 -0.233082756559157E+005  0.236684975863557E+002 
     13.48000000 -0.233082756557267E+005  0.236684977753330E+002 
     13.50000000 -0.233082756555376E+005  0.236684979644773E+002 
     13.52000000 -0.233082756553488E+005  0.236684981532628E+002 
     13.54000000 -0.233082756551609E+005  0.236684983410893E+002 
     13.56000000 -0.233082756549746E+005  0.236684985274370E+002 
     13.58000000 -0.233082756547902E+005  0.236684987118080E+002 
     13.60000000 -0.233082756546083E+005  0.236684988937536E+002 
     13.62000000 -0.233082756544291E+005  0.236684990729335E+002 
     13.64000000 -0.233082756542529E+005  0.236684992491529E+002 
     13.66000000 -0.233082756540797E+005  0.236684994223251E+002 
     13.68000000 -0.233082756539096E+005  0.236684995924595E+002 
     13.70000000 -0.233082756537422E+005  0.236684997598683E+002 
     13.72000000 -0.233082756535772E+005  0.236684999248240E+002 
     13.74000000 -0.233082756534142E+005  0.236685000878369E+002 
     13.76000000 -0.233082756532524E+005  0.236685002495908E+002 
     13.78000000 -0.233082756530913E+005  0.236685004107382E+002 
     13.80000000 -0.233082756529299E+005  0.236685005721301E+002 
     13.82000000 -0.233082756527676E+005  0.236685007344532E+002 
     13.84000000 -0.233082756526034E+005  0.236685008986231E+002 
     13.86000000 -0.233082756524368E+005  0.236685010652276E+002 
     13.88000000 -0.233082756522671E+005  0.236685012349103E+002 
     13.90000000 -0.233082756520940E+005  0.236685014080454E+002 
     13.92000000 -0.233082756519172E+005  0.236685015848618E+002 
     13.94000000 -0.233082756517367E+005  0.236685017653565E+002 
     13.96000000 -0.233082756515527E+005  0.236685019492913E+002 
     13.98000000 -0.233082756513658E+005  0.236685021362237E+002 
     14.00000000 -0.233082756511766E+005  0.236685023254702E+002 
     14.02000000 -0.233082756509858E+005  0.236685025162758E+002 
     14.04000000 -0.233082756507944E+005  0.236685027076568E+002 
     14.06000000 -0.233082756506033E+005  0.236685028987037E+002 
     14.08000000 -0.233082756504136E+005  0.236685030884698E+002 
     14.10000000 -0.233082756502259E+005  0.236685032761262E+002 
     14.12000000 -0.233082756500411E+005  0.236685034609674E+002 
     14.14000000 -0.233082756498596E+005  0.236685036424551E+002 
     14.16000000 -0.233082756496818E+005  0.236685038202770E+002 
     14.18000000 -0.233082756495078E+005  0.236685039942752E+002 
     14.20000000 -0.233082756493374E+005  0.236685041645889E+002 
     14.22000000 -0.233082756491707E+005  0.236685043313760E+002 
     14.24000000 -0.233082756490070E+005  0.236685044950447E+002 
     14.26000000 -0.233082756488460E+005  0.236685046560716E+002 
     14.28000000 -0.233082756486870E+005  0.236685048150567E+002 
     14.30000000 -0.233082756485293E+005  0.236685049727022E+002 
     14.32000000 -0.233082756483723E+005  0.236685051296857E+002 
     14.34000000 -0.233082756482153E+005  0.236685052867714E+002 
     14.36000000 -0.233082756480573E+005  0.236685054446984E+002 
     14.38000000 -0.233082756478979E+005  0.236685056041537E+002 
     14.40000000 -0.233082756477363E+005  0.236685057657622E+002 
     14.42000000 -0.233082756475721E+005  0.236685059299754E+002 
     14.44000000 -0.233082756474049E+005  0.236685060971491E+002 
     14.46000000 -0.233082756472346E+005  0.236685062674041E+002 
     14.48000000 -0.233082756470613E+005  0.236685064407124E+002 
     14.50000000 -0.233082756468853E+005  0.236685066167741E+002 
     14.52000000 -0.233082756467069E+005  0.236685067951682E+002 
     14.54000000 -0.233082756465267E+005  0.236685069753134E+002 
     14.56000000 -0.233082756463454E+005  0.236685071566031E+002 
     14.58000000 -0.233082756461638E+005  0.236685073382734E+002 
     14.60000000 -0.233082756459823E+005  0.236685075196931E+002 
     14.62000000 -0.233082756458018E+005  0.236685077002156E+002 
     14.64000000 -0.233082756456227E+005  0.236685078793368E+002 
     14.66000000 -0.233082756454453E+005  0.236685080566823E+002 
     14.68000000 -0.233082756452701E+005  0.236685082319488E+002 
     14.70000000 -0.233082756450970E+005  0.236685084050406E+002 
     14.72000000 -0.233082756449261E+005  0.236685085759607E+002 
     14.74000000 -0.233082756447573E+005  0.236685087447308E+002 
     14.76000000 -0.233082756445904E+005  0.236685089115828E+002 
     14.78000000 -0.233082756444253E+005  0.236685090767179E+002 
     14.80000000 -0.233082756442616E+005  0.236685092403928E+002 
     14.82000000 -0.233082756440992E+005  0.236685094028365E+002 
     14.84000000 -0.233082756439377E+005  0.236685095643645E+002 
     14.86000000 -0.233082756437769E+005  0.236685097251346E+002 
     14.88000000 -0.233082756436166E+005  0.236685098854406E+002 
     14.90000000 -0.233082756434566E+005  0.236685100454218E+002 
     14.92000000 -0.233082756432968E+005  0.236685102052607E+002 
     14.94000000 -0.233082756431370E+005  0.236685103650068E+002 
     14.96000000 -0.233082756429772E+005  0.236685105247900E+002 
     14.98000000 -0.233082756428175E+005  0.236685106845176E+002 
     15.00000000 -0.233082756426578E+005  0.236685108442575E+002 
     15.02000000 -0.233082756424980E+005  0.236685110039974E+002 
     15.04000000 -0.233082756423383E+005  0.236685111637620E+002 
     15.06000000 -0.233082756421785E+005  0.236685113235329E+002 
     15.08000000 -0.233082756420186E+005  0.236685114834244E+002 
     15.10000000 -0.233082756418584E+005  0.236685116436345E+002 
     15.12000000 -0.233082756416977E+005  0.236685118043736E+002 
     15.14000000 -0.233082756415362E+005  0.236685119658459E+002 
     15.16000000 -0.233082756413737E+005  0.236685121283082E+002 
     15.18000000 -0.233082756412100E+005  0.236685122920079E+002 
     15.20000000 -0.233082756410451E+005  0.236685124569697E+002 
     15.22000000 -0.233082756408788E+005  0.236685126232464E+002 
     15.24000000 -0.233082756407114E+005  0.236685127906676E+002 
     15.26000000 -0.233082756405431E+005  0.236685129589767E+002 
     15.28000000 -0.233082756403742E+005  0.236685131278489E+002 
     15.30000000 -0.233082756402052E+005  0.236685132968015E+002 
     15.32000000 -0.233082756400366E+005  0.236685134654571E+002 
     15.34000000 -0.233082756398688E+005  0.236685136332526E+002 
     15.36000000 -0.233082756397022E+005  0.236685137998417E+002 
     15.38000000 -0.233082756395371E+005  0.236685139649057E+002 
     15.40000000 -0.233082756393738E+005  0.236685141282434E+002 
     15.42000000 -0.233082756392122E+005  0.236685142898271E+002 
     15.44000000 -0.233082756390523E+005  0.236685144497031E+002 
     15.46000000 -0.233082756388940E+005  0.236685146080478E+002 
     15.48000000 -0.233082756387369E+005  0.236685147651272E+002 
     15.50000000 -0.233082756385806E+005  0.236685149213993E+002 
     15.52000000 -0.233082756384249E+005  0.236685150771608E+002 
     15.54000000 -0.233082756382692E+005  0.236685152328760E+002 
     15.56000000 -0.233082756381132E+005  0.236685153888263E+002 
     15.58000000 -0.233082756379567E+005  0.236685155453241E+002 
     15.60000000 -0.233082756377996E+005  0.236685157024747E+002 
     15.62000000 -0.233082756376417E+005  0.236685158603182E+002 
     15.64000000 -0.233082756374832E+005  0.236685160187867E+002 
     15.66000000 -0.233082756373244E+005  0.236685161776697E+002 
     15.68000000 -0.233082756371653E+005  0.236685163367073E+002 
     15.70000000 -0.233082756370064E+005  0.236685164956336E+002 
     15.72000000 -0.233082756368479E+005  0.236685166541639E+002 
     15.74000000 -0.233082756366900E+005  0.236685168120570E+002 
     15.76000000 -0.233082756365329E+005  0.236685169691240E+002 
     15.78000000 -0.233082756363768E+005  0.236685171252630E+002 
     15.80000000 -0.233082756362215E+005  0.236685172805172E+002 
     15.82000000 -0.233082756360670E+005  0.236685174350414E+002 
     15.84000000 -0.233082756359131E+005  0.236685175889530E+002 
     15.86000000 -0.233082756357594E+005  0.236685177426016E+002 
     15.88000000 -0.233082756356057E+005  0.236685178962998E+002 
     15.90000000 -0.233082756354517E+005  0.236685180503382E+002 
     15.92000000 -0.233082756352970E+005  0.236685182050232E+002 
     15.94000000 -0.233082756351414E+005  0.236685183605806E+002 
     15.96000000 -0.233082756349849E+005  0.236685185171125E+002 
     15.98000000 -0.233082756348274E+005  0.236685186745879E+002 
     16.00000000 -0.233082756346692E+005  0.236685188327965E+002 
     16.02000000 -0.233082756345104E+005  0.236685189915774E+002 
     16.04000000 -0.233082756343516E+005  0.236685191504202E+002 
     16.06000000 -0.233082756341932E+005  0.236685193088762E+002 
     16.08000000 -0.233082756340356E+005  0.236685194664692E+002 
     16.10000000 -0.233082756338793E+005  0.236685196227629E+002 
     16.12000000 -0.233082756337246E+005  0.236685197774200E+002 
     16.14000000 -0.233082756335718E+005  0.236685199302087E+002 
     16.16000000 -0.233082756334210E+005  0.236685200810329E+002 
     16.18000000 -0.233082756332720E+005  0.236685202300505E+002 
     16.20000000 -0.233082756331246E+005  0.236685203774717E+002 
     16.22000000 -0.233082756329783E+005  0.236685205237020E+002 
     16.24000000 -0.233082756328329E+005  0.236685206691774E+002 
     16.26000000 -0.233082756326876E+005  0.236685208143868E+002 
     16.28000000 -0.233082756325423E+005  0.236685209597014E+002 
     16.30000000 -0.233082756323964E+005  0.236685211056315E+002 
     16.32000000 -0.233082756322496E+005  0.236685212524341E+002 
     16.34000000 -0.233082756321017E+005  0.236685214003442E+002 
     16.36000000 -0.233082756319525E+005  0.236685215494979E+002 
     16.38000000 -0.233082756318020E+005  0.236685216999942E+002 
     16.40000000 -0.233082756316502E+005  0.236685218517960E+002 
     16.42000000 -0.233082756314971E+005  0.236685220049435E+002 
     16.44000000 -0.233082756313427E+005  0.236685221593160E+002 
     16.46000000 -0.233082756311871E+005  0.236685223149600E+002 
     16.48000000 -0.233082756310303E+005  0.236685224717301E+002 
     16.50000000 -0.233082756308725E+005  0.236685226295706E+002 
     16.52000000 -0.233082756307137E+005  0.236685227883545E+002 
     16.54000000 -0.233082756305541E+005  0.236685229479243E+002 
     16.56000000 -0.233082756303940E+005  0.236685231080169E+002 
     16.58000000 -0.233082756302336E+005  0.236685232683848E+002 
     16.60000000 -0.233082756300734E+005  0.236685234286382E+002 
     16.62000000 -0.233082756299136E+005  0.236685235883812E+002 
     16.64000000 -0.233082756297548E+005  0.236685237472364E+002 
     16.66000000 -0.233082756295972E+005  0.236685239047829E+002 
     16.68000000 -0.233082756294413E+005  0.236685240606961E+002 
     16.70000000 -0.233082756292872E+005  0.236685242148242E+002 
     16.72000000 -0.233082756291350E+005  0.236685243670282E+002 
     16.74000000 -0.233082756289846E+005  0.236685245174008E+002 
     16.76000000 -0.233082756288358E+005  0.236685246661894E+002 
     16.78000000 -0.233082756286883E+005  0.236685248136973E+002 
     16.80000000 -0.233082756285416E+005  0.236685249604194E+002 
     16.82000000 -0.233082756283953E+005  0.236685251067611E+002 
     16.84000000 -0.233082756282488E+005  0.236685252532048E+002 
     16.86000000 -0.233082756281018E+005  0.236685254002270E+002 
     16.88000000 -0.233082756279539E+005  0.236685255481433E+002 
     16.90000000 -0.233082756278047E+005  0.236685256972969E+002 
     16.92000000 -0.233082756276542E+005  0.236685258478056E+002 
     16.94000000 -0.233082756275022E+005  0.236685259998178E+002 
     16.96000000 -0.233082756273487E+005  0.236685261533334E+002 
     16.98000000 -0.233082756271938E+005  0.236685263082473E+002 
     17.00000000 -0.233082756270376E+005  0.236685264644791E+002 
     17.02000000 -0.233082756268802E+005  0.236685266218122E+002 
     17.04000000 -0.233082756267221E+005  0.236685267799775E+002 
     17.06000000 -0.233082756265633E+005  0.236685269387058E+002 
     17.08000000 -0.233082756264044E+005  0.236685270976476E+002 
     17.10000000 -0.233082756262455E+005  0.236685272564996E+002 
     17.12000000 -0.233082756260872E+005  0.236685274148784E+002 
     17.14000000 -0.233082756259296E+005  0.236685275724744E+002 
     17.16000000 -0.233082756257731E+005  0.236685277289723E+002 
     17.18000000 -0.233082756256178E+005  0.236685278842636E+002 
     17.20000000 -0.233082756254639E+005  0.236685280381319E+002 
     17.22000000 -0.233082756253114E+005  0.236685281906297E+002 
     17.24000000 -0.233082756251602E+005  0.236685283418035E+002 
     17.26000000 -0.233082756250102E+005  0.236685284918605E+002 
     17.28000000 -0.233082756248610E+005  0.236685286409895E+002 
     17.30000000 -0.233082756247125E+005  0.236685287895121E+002 
     17.32000000 -0.233082756245643E+005  0.236685289377068E+002 
     17.34000000 -0.233082756244162E+005  0.236685290858767E+002 
     17.36000000 -0.233082756242678E+005  0.236685292342632E+002 
     17.38000000 -0.233082756241189E+005  0.236685293831384E+002 
     17.40000000 -0.233082756239694E+005  0.236685295326386E+002 
     17.42000000 -0.233082756238192E+005  0.236685296828348E+002 
     17.44000000 -0.233082756236683E+005  0.236685298337550E+002 
     17.46000000 -0.233082756235167E+005  0.236685299852938E+002 
     17.48000000 -0.233082756233647E+005  0.236685301372781E+002 
     17.50000000 -0.233082756232125E+005  0.236685302895625E+002 
     17.52000000 -0.233082756230602E+005  0.236685304418747E+002 
     17.54000000 -0.233082756229080E+005  0.236685305940477E+002 
     17.56000000 -0.233082756227562E+005  0.236685307458526E+002 
     17.58000000 -0.233082756226049E+005  0.236685308971718E+002 
     17.60000000 -0.233082756224541E+005  0.236685310479527E+002 
     17.62000000 -0.233082756223038E+005  0.236685311981830E+002 
     17.64000000 -0.233082756221541E+005  0.236685313478997E+002 
     17.66000000 -0.233082756220048E+005  0.236685314972297E+002 
     17.68000000 -0.233082756218557E+005  0.236685316462937E+002 
     17.70000000 -0.233082756217068E+005  0.236685317951937E+002 
     17.72000000 -0.233082756215580E+005  0.236685319440133E+002 
     17.74000000 -0.233082756214092E+005  0.236685320928514E+002 
     17.76000000 -0.233082756212603E+005  0.236685322417267E+002 
     17.78000000 -0.233082756211113E+005  0.236685323907195E+002 
     17.80000000 -0.233082756209623E+005  0.236685325397495E+002 
     17.82000000 -0.233082756208133E+005  0.236685326887732E+002 
     17.84000000 -0.233082756206642E+005  0.236685328378372E+002 
     17.86000000 -0.233082756205152E+005  0.236685329868146E+002 
     17.88000000 -0.233082756203664E+005  0.236685331356651E+002 
     17.90000000 -0.233082756202177E+005  0.236685332843424E+002 
     17.92000000 -0.233082756200692E+005  0.236685334328402E+002 
     17.94000000 -0.233082756199208E+005  0.236685335811834E+002 
     17.96000000 -0.233082756197726E+005  0.236685337294337E+002 
     17.98000000 -0.233082756196243E+005  0.236685338777398E+002 
     18.00000000 -0.233082756194757E+005  0.236685340263428E+002 
     18.02000000 -0.233082756193266E+005  0.236685341754532E+002 
     18.04000000 -0.233082756191767E+005  0.236685343253493E+002 
     18.06000000 -0.233082756190258E+005  0.236685344762045E+002 
     18.08000000 -0.233082756188738E+005  0.236685346282228E+002 
     18.10000000 -0.233082756187206E+005  0.236685347814415E+002 
     18.12000000 -0.233082756185662E+005  0.236685349357986E+002 
     18.14000000 -0.233082756184109E+005  0.236685350911456E+002 
     18.16000000 -0.233082756182548E+005  0.236685352472227E+002 
     18.18000000 -0.233082756180984E+005  0.236685354036401E+002 
     18.20000000 -0.233082756179420E+005  0.236685355600328E+002 
     18.22000000 -0.233082756177860E+005  0.236685357160387E+002 
     18.24000000 -0.233082756176307E+005  0.236685358713270E+002 
     18.26000000 -0.233082756174764E+005  0.236685360256222E+002 
     18.28000000 -0.233082756173232E+005  0.236685361788192E+002 
     18.30000000 -0.233082756171711E+005  0.236685363309087E+002 
     18.32000000 -0.233082756170201E+005  0.236685364819680E+002 
     18.34000000 -0.233082756168698E+005  0.236685366321921E+002 
     18.36000000 -0.233082756167202E+005  0.236685367817912E+002 
     18.38000000 -0.233082756165710E+005  0.236685369310254E+002 
     18.40000000 -0.233082756164218E+005  0.236685370801945E+002 
     18.42000000 -0.233082756162725E+005  0.236685372294967E+002 
     18.44000000 -0.233082756161230E+005  0.236685373790680E+002 
     18.46000000 -0.233082756159730E+005  0.236685375290353E+002 
     18.48000000 -0.233082756158225E+005  0.236685376795038E+002 
     18.50000000 -0.233082756156716E+005  0.236685378303899E+002 
     18.52000000 -0.233082756155203E+005  0.236685379817214E+002 
     18.54000000 -0.233082756153686E+005  0.236685381333871E+002 
     18.56000000 -0.233082756152167E+005  0.236685382853776E+002 
     18.58000000 -0.233082756150644E+005  0.236685384375909E+002 
     18.60000000 -0.233082756149120E+005  0.236685385900052E+002 
     18.62000000 -0.233082756147595E+005  0.236685387425123E+002 
     18.64000000 -0.233082756146070E+005  0.236685388950627E+002 
     18.66000000 -0.233082756144545E+005  0.236685390475760E+002 
     18.68000000 -0.233082756143020E+005  0.236685391999842E+002 
     18.70000000 -0.233082756141499E+005  0.236685393521665E+002 
     18.72000000 -0.233082756139980E+005  0.236685395039899E+002 
     18.74000000 -0.233082756138466E+005  0.236685396553864E+002 
     18.76000000 -0.233082756136957E+005  0.236685398063004E+002 
     18.78000000 -0.233082756135453E+005  0.236685399567008E+002 
     18.80000000 -0.233082756133955E+005  0.236685401065474E+002 
     18.82000000 -0.233082756132461E+005  0.236685402559146E+002 
     18.84000000 -0.233082756130971E+005  0.236685404049074E+002 
     18.86000000 -0.233082756129484E+005  0.236685405536094E+002 
     18.88000000 -0.233082756127999E+005  0.236685407021753E+002 
     18.90000000 -0.233082756126513E+005  0.236685408507041E+002 
     18.92000000 -0.233082756125027E+005  0.236685409993257E+002 
     18.94000000 -0.233082756123539E+005  0.236685411480958E+002 
     18.96000000 -0.233082756122050E+005  0.236685412970391E+002 
     18.98000000 -0.233082756120559E+005  0.236685414461712E+002 
     19.00000000 -0.233082756119066E+005  0.236685415954362E+002 
     19.02000000 -0.233082756117572E+005  0.236685417448343E+002 
     19.04000000 -0.233082756116078E+005  0.236685418942726E+002 
     19.06000000 -0.233082756114582E+005  0.236685420438161E+002 
     19.08000000 -0.233082756113086E+005  0.236685421934647E+002 
     19.10000000 -0.233082756111588E+005  0.236685423432557E+002 
     19.12000000 -0.233082756110087E+005  0.236685424932818E+002 
     19.14000000 -0.233082756108584E+005  0.236685426436605E+002 
     19.16000000 -0.233082756107075E+005  0.236685427944847E+002 
     19.18000000 -0.233082756105562E+005  0.236685429458039E+002 
     19.20000000 -0.233082756104044E+005  0.236685430976119E+002 
     19.22000000 -0.233082756102521E+005  0.236685432498901E+002 
     19.24000000 -0.233082756100996E+005  0.236685434024375E+002 
     19.26000000 -0.233082756099470E+005  0.236685435550312E+002 
     19.28000000 -0.233082756097946E+005  0.236685437073836E+002 
     19.30000000 -0.233082756096429E+005  0.236685438591019E+002 
     19.32000000 -0.233082756094922E+005  0.236685440098209E+002 
     19.34000000 -0.233082756093428E+005  0.236685441592345E+002 
     19.36000000 -0.233082756091950E+005  0.236685443070115E+002 
     19.38000000 -0.233082756090490E+005  0.236685444530500E+002 
     19.40000000 -0.233082756089048E+005  0.236685445972725E+002 
     19.42000000 -0.233082756087622E+005  0.236685447398276E+002 
     19.44000000 -0.233082756086211E+005  0.236685448809164E+002 
     19.46000000 -0.233082756084811E+005  0.236685450209502E+002 
     19.48000000 -0.233082756083417E+005  0.236685451602972E+002 
     19.50000000 -0.233082756082025E+005  0.236685452994865E+002 
     19.52000000 -0.233082756080631E+005  0.236685454388800E+002 
     19.54000000 -0.233082756079231E+005  0.236685455789571E+002 
     19.56000000 -0.233082756077820E+005  0.236685457200180E+002 
     19.58000000 -0.233082756076398E+005  0.236685458622328E+002 
     19.60000000 -0.233082756074962E+005  0.236685460057871E+002 
     19.62000000 -0.233082756073515E+005  0.236685461505758E+002 
     19.64000000 -0.233082756072054E+005  0.236685462965987E+002 
     19.66000000 -0.233082756070584E+005  0.236685464435900E+002 
     19.68000000 -0.233082756069106E+005  0.236685465913794E+002 
     19.70000000 -0.233082756067624E+005  0.236685467396700E+002 
     19.72000000 -0.233082756066138E+005  0.236685468882328E+002 
     19.74000000 -0.233082756064652E+005  0.236685470368328E+002 
     19.76000000 -0.233082756063168E+005  0.236685471852749E+002 
     19.78000000 -0.233082756061685E+005  0.236685473335037E+002 
     19.80000000 -0.233082756060206E+005  0.236685474814787E+002 
     19.82000000 -0.233082756058728E+005  0.236685476292124E+002 
     19.84000000 -0.233082756057252E+005  0.236685477768626E+002 
     19.86000000 -0.233082756055776E+005  0.236685479244324E+002 
     19.88000000 -0.233082756054300E+005  0.236685480720579E+002 
     19.90000000 -0.233082756052822E+005  0.236685482197854E+002 
     19.92000000 -0.233082756051345E+005  0.236685483675625E+002 
     19.94000000 -0.233082756049868E+005  0.236685485152622E+002 
     19.96000000 -0.233082756048393E+005  0.236685486627020E+002 
     19.98000000 -0.233082756046923E+005  0.236685488097026E+002 
     20.00000000 -0.233082756045461E+005  0.236685489559143E+002 
     20.02000000 -0.233082756044009E+005  0.236685491011329E+002 
     20.04000000 -0.233082756042567E+005  0.236685492452905E+002 
     20.06000000 -0.233082756041137E+005  0.236685493882880E+002 
     20.08000000 -0.233082756039717E+005  0.236685495302955E+002 
     20.10000000 -0.233082756038305E+005  0.236685496715420E+002 
     20.12000000 -0.233082756036895E+005  0.236685498125503E+002 
     20.14000000 -0.233082756035483E+005  0.236685499536824E+002 
     20.16000000 -0.233082756034065E+005  0.236685500955600E+002 
     20.18000000 -0.233082756032634E+005  0.236685502386193E+002 
     20.20000000 -0.233082756031188E+005  0.236685503831945E+002 
     20.22000000 -0.233082756029725E+005  0.236685505295702E+002 
     20.24000000 -0.233082756028243E+005  0.236685506777401E+002 
     20.26000000 -0.233082756026744E+005  0.236685508276084E+002 
     20.28000000 -0.233082756025231E+005  0.236685509788936E+002 
     20.30000000 -0.233082756023708E+005  0.236685511312553E+002 
     20.32000000 -0.233082756022178E+005  0.236685512842295E+002 
     20.34000000 -0.233082756020645E+005  0.236685514374884E+002 
     20.36000000 -0.233082756019114E+005  0.236685515906266E+002 
     20.38000000 -0.233082756017586E+005  0.236685517434214E+002 
     20.40000000 -0.233082756016064E+005  0.236685518956532E+002 
     20.42000000 -0.233082756014548E+005  0.236685520471859E+002 
     20.44000000 -0.233082756013040E+005  0.236685521980225E+002 
     20.46000000 -0.233082756011540E+005  0.236685523480238E+002 
     20.48000000 -0.233082756010048E+005  0.236685524972332E+002 
     20.50000000 -0.233082756008565E+005  0.236685526455485E+002 
     20.52000000 -0.233082756007091E+005  0.236685527929420E+002 
     20.54000000 -0.233082756005626E+005  0.236685529393857E+002 
     20.56000000 -0.233082756004172E+005  0.236685530847899E+002 
     20.58000000 -0.233082756002728E+005  0.236685532292074E+002 
     20.60000000 -0.233082756001293E+005  0.236685533727277E+002 
     20.62000000 -0.233082755999866E+005  0.236685535154158E+002 
     20.64000000 -0.233082755998445E+005  0.236685536575470E+002 
     20.66000000 -0.233082755997028E+005  0.236685537992328E+002 
     20.68000000 -0.233082755995613E+005  0.236685539407639E+002 
     20.70000000 -0.233082755994197E+005  0.236685540823693E+002 
     20.72000000 -0.233082755992778E+005  0.236685542241912E+002 
     20.74000000 -0.233082755991357E+005  0.236685543663101E+002 
     20.76000000 -0.233082755989932E+005  0.236685545087941E+002 
     20.78000000 -0.233082755988504E+005  0.236685546515812E+002 
     20.80000000 -0.233082755987074E+005  0.236685547945972E+002 
     20.82000000 -0.233082755985643E+005  0.236685549376999E+002 
     20.84000000 -0.233082755984213E+005  0.236685550807035E+002 
     20.86000000 -0.233082755982786E+005  0.236685552234473E+002 
     20.88000000 -0.233082755981362E+005  0.236685553658323E+002 
     20.90000000 -0.233082755979943E+005  0.236685555077006E+002 
     20.92000000 -0.233082755978530E+005  0.236685556490523E+002 
     20.94000000 -0.233082755977121E+005  0.236685557898873E+002 
     20.96000000 -0.233082755975718E+005  0.236685559302398E+002 
     20.98000000 -0.233082755974318E+005  0.236685560702705E+002 
     21.00000000 -0.233082755972919E+005  0.236685562100878E+002 
     21.02000000 -0.233082755971521E+005  0.236685563498989E+002 
     21.04000000 -0.233082755970122E+005  0.236685564898275E+002 
     21.06000000 -0.233082755968720E+005  0.236685566300129E+002 
     21.08000000 -0.233082755967316E+005  0.236685567704737E+002 
     21.10000000 -0.233082755965907E+005  0.236685569112964E+002 
     21.12000000 -0.233082755964496E+005  0.236685570524377E+002 
     21.14000000 -0.233082755963083E+005  0.236685571937646E+002 
     21.16000000 -0.233082755961669E+005  0.236685573351503E+002 
     21.18000000 -0.233082755960256E+005  0.236685574763999E+002 
     21.20000000 -0.233082755958847E+005  0.236685576173433E+002 
     21.22000000 -0.233082755957441E+005  0.236685577579030E+002 
     21.24000000 -0.233082755956041E+005  0.236685578979492E+002 
     21.26000000 -0.233082755954645E+005  0.236685580375128E+002 
     21.28000000 -0.233082755953254E+005  0.236685581766495E+002 
     21.30000000 -0.233082755951866E+005  0.236685583154552E+002 
     21.32000000 -0.233082755950479E+005  0.236685584541309E+002 
     21.34000000 -0.233082755949092E+005  0.236685585928283E+002 
     21.36000000 -0.233082755947703E+005  0.236685587317732E+002 
     21.38000000 -0.233082755946309E+005  0.236685588710801E+002 
     21.40000000 -0.233082755944912E+005  0.236685590108571E+002 
     21.42000000 -0.233082755943510E+005  0.236685591510766E+002 
     21.44000000 -0.233082755942103E+005  0.236685592917538E+002 
     21.46000000 -0.233082755940693E+005  0.236685594327405E+002 
     21.48000000 -0.233082755939282E+005  0.236685595738602E+002 
     21.50000000 -0.233082755937871E+005  0.236685597149365E+002 
     21.52000000 -0.233082755936462E+005  0.236685598557809E+002 
     21.54000000 -0.233082755935058E+005  0.236685599962416E+002 
     21.56000000 -0.233082755933658E+005  0.236685601362043E+002 
     21.58000000 -0.233082755932264E+005  0.236685602756627E+002 
     21.60000000 -0.233082755930874E+005  0.236685604145921E+002 
     21.62000000 -0.233082755929489E+005  0.236685605530946E+002 
     21.64000000 -0.233082755928107E+005  0.236685606913311E+002 
     21.66000000 -0.233082755926725E+005  0.236685608295088E+002 
     21.68000000 -0.233082755925343E+005  0.236685609677731E+002 
     21.70000000 -0.233082755923957E+005  0.236685611063746E+002 
     21.72000000 -0.233082755922566E+005  0.236685612454525E+002 
     21.74000000 -0.233082755921169E+005  0.236685613851707E+002 
     21.76000000 -0.233082755919764E+005  0.236685615256624E+002 
     21.78000000 -0.233082755918351E+005  0.236685616669646E+002 
     21.80000000 -0.233082755916929E+005  0.236685618090835E+002 
     21.82000000 -0.233082755915500E+005  0.236685619520191E+002 
     21.84000000 -0.233082755914063E+005  0.236685620957157E+002 
     21.86000000 -0.233082755912619E+005  0.236685622400806E+002 
     21.88000000 -0.233082755911170E+005  0.236685623850455E+002 
     21.90000000 -0.233082755909716E+005  0.236685625304498E+002 
     21.92000000 -0.233082755908258E+005  0.236685626762346E+002 
     21.94000000 -0.233082755906799E+005  0.236685628221648E+002 
     21.96000000 -0.233082755905338E+005  0.236685629682125E+002 
     21.98000000 -0.233082755903879E+005  0.236685631141551E+002 
     22.00000000 -0.233082755902422E+005  0.236685632598471E+002 
     22.02000000 -0.233082755900969E+005  0.236685634051276E+002 
     22.04000000 -0.233082755899522E+005  0.236685635498451E+002 
     22.06000000 -0.233082755898082E+005  0.236685636938108E+002 
     22.08000000 -0.233082755896651E+005  0.236685638369197E+002 
     22.10000000 -0.233082755895229E+005  0.236685639790974E+002 
     22.12000000 -0.233082755893818E+005  0.236685641202511E+002 
     22.14000000 -0.233082755892416E+005  0.236685642604458E+002 
     22.16000000 -0.233082755891022E+005  0.236685643998361E+002 
     22.18000000 -0.233082755889634E+005  0.236685645386109E+002 
     22.20000000 -0.233082755888250E+005  0.236685646770639E+002 
     22.22000000 -0.233082755886865E+005  0.236685648155262E+002 
     22.24000000 -0.233082755885476E+005  0.236685649544154E+002 
     22.26000000 -0.233082755884080E+005  0.236685650940037E+002 
     22.28000000 -0.233082755882674E+005  0.236685652346315E+002 
     22.30000000 -0.233082755881256E+005  0.236685653764039E+002 
     22.32000000 -0.233082755879826E+005  0.236685655194571E+002 
     22.34000000 -0.233082755878383E+005  0.236685656637353E+002 
     22.36000000 -0.233082755876928E+005  0.236685658092014E+002 
     22.38000000 -0.233082755875464E+005  0.236685659556575E+002 
     22.40000000 -0.233082755873992E+005  0.236685661028715E+002 
     22.42000000 -0.233082755872514E+005  0.236685662506548E+002 
     22.44000000 -0.233082755871032E+005  0.236685663987876E+002 
     22.46000000 -0.233082755869549E+005  0.236685665471431E+002 
     22.48000000 -0.233082755868065E+005  0.236685666955605E+002 
     22.50000000 -0.233082755866581E+005  0.236685668439594E+002 
     22.52000000 -0.233082755865097E+005  0.236685669923026E+002 
     22.54000000 -0.233082755863614E+005  0.236685671406705E+002 
     22.56000000 -0.233082755862130E+005  0.236685672890198E+002 
     22.58000000 -0.233082755860647E+005  0.236685674373692E+002 
     22.60000000 -0.233082755859163E+005  0.236685675857712E+002 
     22.62000000 -0.233082755857677E+005  0.236685677343092E+002 
     22.64000000 -0.233082755856192E+005  0.236685678828442E+002 
     22.66000000 -0.233082755854706E+005  0.236685680314751E+002 
     22.68000000 -0.233082755853220E+005  0.236685681800472E+002 
     22.70000000 -0.233082755851735E+005  0.236685683285048E+002 
     22.72000000 -0.233082755850252E+005  0.236685684768108E+002 
     22.74000000 -0.233082755848772E+005  0.236685686248632E+002 
     22.76000000 -0.233082755847294E+005  0.236685687725846E+002 
     22.78000000 -0.233082755845821E+005  0.236685689199471E+002 
     22.80000000 -0.233082755844352E+005  0.236685690668610E+002 
     22.82000000 -0.233082755842887E+005  0.236685692133573E+002 
     22.84000000 -0.233082755841427E+005  0.236685693593618E+002 
     22.86000000 -0.233082755839971E+005  0.236685695048929E+002 
     22.88000000 -0.233082755838521E+005  0.236685696499507E+002 
     22.90000000 -0.233082755837074E+005  0.236685697945816E+002 
     22.92000000 -0.233082755835632E+005  0.236685699388690E+002 
     22.94000000 -0.233082755834191E+005  0.236685700829400E+002 
     22.96000000 -0.233082755832751E+005  0.236685702269181E+002 
     22.98000000 -0.233082755831311E+005  0.236685703709488E+002 
     23.00000000 -0.233082755829868E+005  0.236685705152302E+002 
     23.02000000 -0.233082755828421E+005  0.236685706598920E+002 
     23.04000000 -0.233082755826970E+005  0.236685708050426E+002 
     23.06000000 -0.233082755825514E+005  0.236685709506634E+002 
     23.08000000 -0.233082755824052E+005  0.236685710967823E+002 
     23.10000000 -0.233082755822587E+005  0.236685712433714E+002 
     23.12000000 -0.233082755821118E+005  0.236685713902606E+002 
     23.14000000 -0.233082755819647E+005  0.236685715373199E+002 
     23.16000000 -0.233082755818175E+005  0.236685716844968E+002 
     23.18000000 -0.233082755816704E+005  0.236685718316273E+002 
     23.20000000 -0.233082755815233E+005  0.236685719787207E+002 
     23.22000000 -0.233082755813763E+005  0.236685721257367E+002 
     23.24000000 -0.233082755812293E+005  0.236685722726909E+002 
     23.26000000 -0.233082755810824E+005  0.236685724196605E+002 
     23.28000000 -0.233082755809353E+005  0.236685725666889E+002 
     23.30000000 -0.233082755807881E+005  0.236685727138905E+002 
     23.32000000 -0.233082755806407E+005  0.236685728612809E+002 
     23.34000000 -0.233082755804931E+005  0.236685730088940E+002 
     23.36000000 -0.233082755803452E+005  0.236685731567793E+002 
     23.38000000 -0.233082755801972E+005  0.236685733048688E+002 
     23.40000000 -0.233082755800489E+005  0.236685734531408E+002 
     23.42000000 -0.233082755799006E+005  0.236685736014623E+002 
     23.44000000 -0.233082755797523E+005  0.236685737496910E+002 
     23.46000000 -0.233082755796044E+005  0.236685738976289E+002 
     23.48000000 -0.233082755794569E+005  0.236685740450997E+002 
     23.50000000 -0.233082755793101E+005  0.236685741918992E+002 
     23.52000000 -0.233082755791641E+005  0.236685743378820E+002 
     23.54000000 -0.233082755790191E+005  0.236685744829460E+002 
     23.56000000 -0.233082755788750E+005  0.236685746270262E+002 
     23.58000000 -0.233082755787318E+005  0.236685747701814E+002 
     23.60000000 -0.233082755785894E+005  0.236685749126066E+002 
     23.62000000 -0.233082755784476E+005  0.236685750544656E+002 
     23.64000000 -0.233082755783059E+005  0.236685751960895E+002 
     23.66000000 -0.233082755781642E+005  0.236685753378434E+002 
     23.68000000 -0.233082755780219E+005  0.236685754800922E+002 
     23.70000000 -0.233082755778789E+005  0.236685756231268E+002 
     23.72000000 -0.233082755777347E+005  0.236685757673370E+002 
     23.74000000 -0.233082755775891E+005  0.236685759129083E+002 
     23.76000000 -0.233082755774421E+005  0.236685760599027E+002 
     23.78000000 -0.233082755772936E+005  0.236685762083881E+002 
     23.80000000 -0.233082755771439E+005  0.236685763581605E+002 
     23.82000000 -0.233082755769930E+005  0.236685765090466E+002 
     23.84000000 -0.233082755768413E+005  0.236685766606876E+002 
     23.86000000 -0.233082755766893E+005  0.236685768127121E+002 
     23.88000000 -0.233082755765372E+005  0.236685769647892E+002 
     23.90000000 -0.233082755763855E+005  0.236685771165168E+002 
     23.92000000 -0.233082755762344E+005  0.236685772675792E+002 
     23.94000000 -0.233082755760842E+005  0.236685774178187E+002 
     23.96000000 -0.233082755759350E+005  0.236685775669972E+002 
     23.98000000 -0.233082755757870E+005  0.236685777150588E+002 
     24.00000000 -0.233082755756401E+005  0.236685778619387E+002 
     24.02000000 -0.233082755754944E+005  0.236685780076647E+002 
     24.04000000 -0.233082755753497E+005  0.236685781523111E+002 
     24.06000000 -0.233082755752060E+005  0.236685782959860E+002 
     24.08000000 -0.233082755750632E+005  0.236685784388257E+002 
     24.10000000 -0.233082755749211E+005  0.236685785809261E+002 
     24.12000000 -0.233082755747795E+005  0.236685787224974E+002 
     24.14000000 -0.233082755746383E+005  0.236685788637563E+002 
     24.16000000 -0.233082755744971E+005  0.236685790048883E+002 
     24.18000000 -0.233082755743560E+005  0.236685791460699E+002 
     24.20000000 -0.233082755742145E+005  0.236685792875639E+002 
     24.22000000 -0.233082755740725E+005  0.236685794294879E+002 
     24.24000000 -0.233082755739300E+005  0.236685795720522E+002 
     24.26000000 -0.233082755737867E+005  0.236685797153219E+002 
     24.28000000 -0.233082755736426E+005  0.236685798593960E+002 
     24.30000000 -0.233082755734977E+005  0.236685800043672E+002 
     24.32000000 -0.233082755733518E+005  0.236685801502231E+002 
     24.34000000 -0.233082755732051E+005  0.236685802969762E+002 
     24.36000000 -0.233082755730574E+005  0.236685804446202E+002 
     24.38000000 -0.233082755729090E+005  0.236685805930593E+002 
     24.40000000 -0.233082755727597E+005  0.236685807423027E+002 
     24.42000000 -0.233082755726099E+005  0.236685808921679E+002 
     24.44000000 -0.233082755724595E+005  0.236685810425466E+002 
     24.46000000 -0.233082755723088E+005  0.236685811932254E+002 
     24.48000000 -0.233082755721580E+005  0.236685813439909E+002 
     24.50000000 -0.233082755720074E+005  0.236685814945800E+002 
     24.52000000 -0.233082755718573E+005  0.236685816447329E+002 
     24.54000000 -0.233082755717078E+005  0.236685817942238E+002 
     24.56000000 -0.233082755715593E+005  0.236685819427680E+002 
     24.58000000 -0.233082755714118E+005  0.236685820902357E+002 
     24.60000000 -0.233082755712655E+005  0.236685822365712E+002 
     24.62000000 -0.233082755711202E+005  0.236685823817806E+002 
     24.64000000 -0.233082755709760E+005  0.236685825260309E+002 
     24.66000000 -0.233082755708326E+005  0.236685826694522E+002 
     24.68000000 -0.233082755706896E+005  0.236685828124064E+002 
     24.70000000 -0.233082755705469E+005  0.236685829551440E+002 
     24.72000000 -0.233082755704040E+005  0.236685830980239E+002 
     24.74000000 -0.233082755702607E+005  0.236685832412998E+002 
     24.76000000 -0.233082755701168E+005  0.236685833852006E+002 
     24.78000000 -0.233082755699722E+005  0.236685835298191E+002 
     24.80000000 -0.233082755698268E+005  0.236685836752419E+002 
     24.82000000 -0.233082755696806E+005  0.236685838214660E+002 
     24.84000000 -0.233082755695337E+005  0.236685839683150E+002 
     24.86000000 -0.233082755693863E+005  0.236685841156991E+002 
     24.88000000 -0.233082755692386E+005  0.236685842633803E+002 
     24.90000000 -0.233082755690907E+005  0.236685844112996E+002 
     24.92000000 -0.233082755689427E+005  0.236685845592809E+002 
     24.94000000 -0.233082755687948E+005  0.236685847072559E+002 
     24.96000000 -0.233082755686469E+005  0.236685848551598E+002 
     24.98000000 -0.233082755684989E+005  0.236685850030915E+002 
     25.00000000 -0.233082755683510E+005  0.236685851510078E+002 
     25.02000000 -0.233082755682029E+005  0.236685852990818E+002 
     25.04000000 -0.233082755680547E+005  0.236685854473662E+002 
     25.06000000 -0.233082755679061E+005  0.236685855959754E+002 
     25.08000000 -0.233082755677570E+005  0.236685857449961E+002 
     25.10000000 -0.233082755676076E+005  0.236685858943849E+002 
     25.12000000 -0.233082755674578E+005  0.236685860441851E+002 
     25.14000000 -0.233082755673077E+005  0.236685861943659E+002 
     25.16000000 -0.233082755671573E+005  0.236685863447694E+002 
     25.18000000 -0.233082755670067E+005  0.236685864953337E+002 
     25.20000000 -0.233082755668563E+005  0.236685866457713E+002 
     25.22000000 -0.233082755667061E+005  0.236685867959149E+002 
     25.24000000 -0.233082755665565E+005  0.236685869455110E+002 
     25.26000000 -0.233082755664077E+005  0.236685870943151E+002 
     25.28000000 -0.233082755662599E+005  0.236685872420921E+002 
     25.30000000 -0.233082755661134E+005  0.236685873886410E+002 
     25.32000000 -0.233082755659682E+005  0.236685875338380E+002 
     25.34000000 -0.233082755658245E+005  0.236685876775594E+002 
     25.36000000 -0.233082755656822E+005  0.236685878198299E+002 
     25.38000000 -0.233082755655413E+005  0.236685879607515E+002 
     25.40000000 -0.233082755654015E+005  0.236685881004791E+002 
     25.42000000 -0.233082755652628E+005  0.236685882392631E+002 
     25.44000000 -0.233082755651246E+005  0.236685883774006E+002 
     25.46000000 -0.233082755649868E+005  0.236685885152132E+002 
     25.48000000 -0.233082755648490E+005  0.236685886530352E+002 
     25.50000000 -0.233082755647108E+005  0.236685887912097E+002 
     25.52000000 -0.233082755645720E+005  0.236685889300030E+002 
     25.54000000 -0.233082755644324E+005  0.236685890695914E+002 
     25.56000000 -0.233082755642919E+005  0.236685892101387E+002 
     25.58000000 -0.233082755641503E+005  0.236685893517658E+002 
     25.60000000 -0.233082755640077E+005  0.236685894943673E+002 
     25.62000000 -0.233082755638641E+005  0.236685896379556E+002 
     25.64000000 -0.233082755637197E+005  0.236685897823328E+002 
     25.66000000 -0.233082755635746E+005  0.236685899274030E+002 
     25.68000000 -0.233082755634291E+005  0.236685900729496E+002 
     25.70000000 -0.233082755632832E+005  0.236685902188055E+002 
     25.72000000 -0.233082755631372E+005  0.236685903648409E+002 
     25.74000000 -0.233082755629912E+005  0.236685905108236E+002 
     25.76000000 -0.233082755628453E+005  0.236685906566950E+002 
     25.78000000 -0.233082755626996E+005  0.236685908023901E+002 
     25.80000000 -0.233082755625542E+005  0.236685909477851E+002 
     25.82000000 -0.233082755624092E+005  0.236685910928274E+002 
     25.84000000 -0.233082755622646E+005  0.236685912374181E+002 
     25.86000000 -0.233082755621205E+005  0.236685913815138E+002 
     25.88000000 -0.233082755619770E+005  0.236685915250000E+002 
     25.90000000 -0.233082755618342E+005  0.236685916677840E+002 
     25.92000000 -0.233082755616922E+005  0.236685918098163E+002 
     25.94000000 -0.233082755615510E+005  0.236685919510474E+002 
     25.96000000 -0.233082755614106E+005  0.236685920914555E+002 
     25.98000000 -0.233082755612709E+005  0.236685922311707E+002 
     26.00000000 -0.233082755611316E+005  0.236685923703785E+002 
     26.02000000 -0.233082755609927E+005  0.236685925092894E+002 
     26.04000000 -0.233082755608538E+005  0.236685926482157E+002 
     26.06000000 -0.233082755607145E+005  0.236685927875257E+002 
     26.08000000 -0.233082755605744E+005  0.236685929276585E+002 
     26.10000000 -0.233082755604331E+005  0.236685930689174E+002 
     26.12000000 -0.233082755602903E+005  0.236685932117323E+002 
     26.14000000 -0.233082755601457E+005  0.236685933563168E+002 
     26.16000000 -0.233082755599991E+005  0.236685935029152E+002 
     26.18000000 -0.233082755598504E+005  0.236685936515832E+002 
     26.20000000 -0.233082755596998E+005  0.236685938022558E+002 
     26.22000000 -0.233082755595473E+005  0.236685939547475E+002 
     26.24000000 -0.233082755593933E+005  0.236685941087117E+002 
     26.26000000 -0.233082755592382E+005  0.236685942638050E+002 
     26.28000000 -0.233082755590826E+005  0.236685944194676E+002 
     26.30000000 -0.233082755589268E+005  0.236685945752168E+002 
     26.32000000 -0.233082755587715E+005  0.236685947305081E+002 
     26.34000000 -0.233082755586171E+005  0.236685948849054E+002 
     26.36000000 -0.233082755584639E+005  0.236685950380777E+002 
     26.38000000 -0.233082755583123E+005  0.236685951897403E+002 
     26.40000000 -0.233082755581622E+005  0.236685953398344E+002 
     26.42000000 -0.233082755580136E+005  0.236685954884220E+002 
     26.44000000 -0.233082755578664E+005  0.236685956356112E+002 
     26.46000000 -0.233082755577203E+005  0.236685957817177E+002 
     26.48000000 -0.233082755575750E+005  0.236685959270416E+002 
     26.50000000 -0.233082755574301E+005  0.236685960719323E+002 
     26.52000000 -0.233082755572854E+005  0.236685962166189E+002 
     26.54000000 -0.233082755571406E+005  0.236685963613921E+002 
     26.56000000 -0.233082755569956E+005  0.236685965063880E+002 
     26.58000000 -0.233082755568503E+005  0.236685966517211E+002 
     26.60000000 -0.233082755567046E+005  0.236685967974471E+002 
     26.62000000 -0.233082755565585E+005  0.236685969435103E+002 
     26.64000000 -0.233082755564121E+005  0.236685970899107E+002 
     26.66000000 -0.233082755562655E+005  0.236685972365215E+002 
     26.68000000 -0.233082755561187E+005  0.236685973833426E+002 
     26.70000000 -0.233082755559717E+005  0.236685975302937E+002 
     26.72000000 -0.233082755558247E+005  0.236685976773468E+002 
     26.74000000 -0.233082755556776E+005  0.236685978244433E+002 
     26.76000000 -0.233082755555305E+005  0.236685979715738E+002 
     26.78000000 -0.233082755553833E+005  0.236685981187167E+002 
     26.80000000 -0.233082755552361E+005  0.236685982658935E+002 
     26.82000000 -0.233082755550890E+005  0.236685984130704E+002 
     26.84000000 -0.233082755549418E+005  0.236685985602566E+002 
     26.86000000 -0.233082755547946E+005  0.236685987074366E+002 
     26.88000000 -0.233082755546474E+005  0.236685988546042E+002 
     26.90000000 -0.233082755545003E+005  0.236685990017223E+002 
     26.92000000 -0.233082755543532E+005  0.236685991488590E+002 
     26.94000000 -0.233082755542061E+005  0.236685992959400E+002 
     26.96000000 -0.233082755540589E+005  0.236685994431076E+002 
     26.98000000 -0.233082755539116E+005  0.236685995904113E+002 
     27.00000000 -0.233082755537640E+005  0.236685997380492E+002 
     27.02000000 -0.233082755536158E+005  0.236685998862439E+002 
     27.04000000 -0.233082755534667E+005  0.236686000352985E+002 
     27.06000000 -0.233082755533165E+005  0.236686001855226E+002 
     27.08000000 -0.233082755531648E+005  0.236686003372069E+002 
     27.10000000 -0.233082755530114E+005  0.236686004906668E+002 
     27.12000000 -0.233082755528560E+005  0.236686006460633E+002 
     27.14000000 -0.233082755526985E+005  0.236686008034892E+002 
     27.16000000 -0.233082755525392E+005  0.236686009628363E+002 
     27.18000000 -0.233082755523781E+005  0.236686011239590E+002 
     27.20000000 -0.233082755522156E+005  0.236686012864367E+002 
     27.22000000 -0.233082755520522E+005  0.236686014497868E+002 
     27.24000000 -0.233082755518887E+005  0.236686016133566E+002 
     27.26000000 -0.233082755517255E+005  0.236686017765365E+002 
     27.28000000 -0.233082755515634E+005  0.236686019386245E+002 
     27.30000000 -0.233082755514030E+005  0.236686020990512E+002 
     27.32000000 -0.233082755512447E+005  0.236686022573340E+002 
     27.34000000 -0.233082755510889E+005  0.236686024131017E+002 
     27.36000000 -0.233082755509358E+005  0.236686025662523E+002 
     27.38000000 -0.233082755507853E+005  0.236686027167517E+002 
     27.40000000 -0.233082755506371E+005  0.236686028649031E+002 
     27.42000000 -0.233082755504910E+005  0.236686030110653E+002 
     27.44000000 -0.233082755503463E+005  0.236686031557395E+002 
     27.46000000 -0.233082755502025E+005  0.236686032995134E+002 
     27.48000000 -0.233082755500590E+005  0.236686034430152E+002 
     27.50000000 -0.233082755499153E+005  0.236686035867768E+002 
     27.52000000 -0.233082755497708E+005  0.236686037312127E+002 
     27.54000000 -0.233082755496254E+005  0.236686038766541E+002 
     27.56000000 -0.233082755494787E+005  0.236686040233175E+002 
     27.58000000 -0.233082755493309E+005  0.236686041711626E+002 
     27.60000000 -0.233082755491820E+005  0.236686043200719E+002 
     27.62000000 -0.233082755490322E+005  0.236686044698072E+002 
     27.64000000 -0.233082755488820E+005  0.236686046200281E+002 
     27.66000000 -0.233082755487317E+005  0.236686047702924E+002 
     27.68000000 -0.233082755485818E+005  0.236686049202783E+002 
     27.70000000 -0.233082755484325E+005  0.236686050695588E+002 
     27.72000000 -0.233082755482842E+005  0.236686052178246E+002 
     27.74000000 -0.233082755481371E+005  0.236686053648964E+002 
     27.76000000 -0.233082755479914E+005  0.236686055106286E+002 
     27.78000000 -0.233082755478470E+005  0.236686056550398E+002 
     27.80000000 -0.233082755477037E+005  0.236686057983157E+002 
     27.82000000 -0.233082755475614E+005  0.236686059406604E+002 
     27.84000000 -0.233082755474195E+005  0.236686060825194E+002 
     27.86000000 -0.233082755472777E+005  0.236686062242826E+002 
     27.88000000 -0.233082755471356E+005  0.236686063664572E+002 
     27.90000000 -0.233082755469926E+005  0.236686065094484E+002 
     27.92000000 -0.233082755468483E+005  0.236686066536864E+002 
     27.94000000 -0.233082755467026E+005  0.236686067994403E+002 
     27.96000000 -0.233082755465552E+005  0.236686069468647E+002 
     27.98000000 -0.233082755464060E+005  0.236686070960493E+002 
     28.00000000 -0.233082755462552E+005  0.236686072468519E+002 
     28.02000000 -0.233082755461029E+005  0.236686073991548E+002 
     28.04000000 -0.233082755459494E+005  0.236686075526581E+002 
     28.06000000 -0.233082755457949E+005  0.236686077070956E+002 
     28.08000000 -0.233082755456399E+005  0.236686078621518E+002 
     28.10000000 -0.233082755454845E+005  0.236686080175174E+002 
     28.12000000 -0.233082755453292E+005  0.236686081728768E+002 
     28.14000000 -0.233082755451741E+005  0.236686083279640E+002 
     28.16000000 -0.233082755450195E+005  0.236686084824881E+002 
     28.18000000 -0.233082755448658E+005  0.236686086362203E+002 
     28.20000000 -0.233082755447130E+005  0.236686087890120E+002 
     28.22000000 -0.233082755445613E+005  0.236686089407272E+002 
     28.24000000 -0.233082755444107E+005  0.236686090912977E+002 
     28.26000000 -0.233082755442613E+005  0.236686092407237E+002 
     28.28000000 -0.233082755441129E+005  0.236686093891256E+002 
     28.30000000 -0.233082755439654E+005  0.236686095366675E+002 
     28.32000000 -0.233082755438185E+005  0.236686096835722E+002 
     28.34000000 -0.233082755436719E+005  0.236686098301366E+002 
     28.36000000 -0.233082755435254E+005  0.236686099766422E+002 
     28.38000000 -0.233082755433786E+005  0.236686101233952E+002 
     28.40000000 -0.233082755432313E+005  0.236686102707113E+002 
     28.42000000 -0.233082755430832E+005  0.236686104188380E+002 
     28.44000000 -0.233082755429341E+005  0.236686105679731E+002 
     28.46000000 -0.233082755427837E+005  0.236686107182900E+002 
     28.48000000 -0.233082755426321E+005  0.236686108699494E+002 
     28.50000000 -0.233082755424790E+005  0.236686110229949E+002 
     28.52000000 -0.233082755423245E+005  0.236686111774942E+002 
     28.54000000 -0.233082755421685E+005  0.236686113335095E+002 
     28.56000000 -0.233082755420111E+005  0.236686114909694E+002 
     28.58000000 -0.233082755418522E+005  0.236686116498586E+002 
     28.60000000 -0.233082755416919E+005  0.236686118100935E+002 
     28.62000000 -0.233082755415304E+005  0.236686119716091E+002 
     28.64000000 -0.233082755413678E+005  0.236686121342137E+002 
     28.66000000 -0.233082755412041E+005  0.236686122978824E+002 
     28.68000000 -0.233082755410396E+005  0.236686124623926E+002 
     28.70000000 -0.233082755408745E+005  0.236686126275772E+002 
     28.72000000 -0.233082755407087E+005  0.236686127933434E+002 
     28.74000000 -0.233082755405426E+005  0.236686129594654E+002 
     28.76000000 -0.233082755403763E+005  0.236686131257420E+002 
     28.78000000 -0.233082755402102E+005  0.236686132918639E+002 
     28.80000000 -0.233082755400445E+005  0.236686134575683E+002 
     28.82000000 -0.233082755398797E+005  0.236686136223754E+002 
     28.84000000 -0.233082755397161E+005  0.236686137859792E+002 
     28.86000000 -0.233082755395541E+005  0.236686139478877E+002 
     28.88000000 -0.233082755393942E+005  0.236686141078256E+002 
     28.90000000 -0.233082755392366E+005  0.236686142654217E+002 
     28.92000000 -0.233082755390815E+005  0.236686144205614E+002 
     28.94000000 -0.233082755389288E+005  0.236686145732480E+002 
     28.96000000 -0.233082755387784E+005  0.236686147236546E+002 
     28.98000000 -0.233082755386299E+005  0.236686148720906E+002 
     29.00000000 -0.233082755384830E+005  0.236686150190788E+002 
     29.02000000 -0.233082755383369E+005  0.236686151651327E+002 
     29.04000000 -0.233082755381911E+005  0.236686153109206E+002 
     29.06000000 -0.233082755380451E+005  0.236686154569312E+002 
     29.08000000 -0.233082755378983E+005  0.236686156037337E+002 
     29.10000000 -0.233082755377504E+005  0.236686157516314E+002 
     29.12000000 -0.233082755376012E+005  0.236686159008284E+002 
     29.14000000 -0.233082755374506E+005  0.236686160513897E+002 
     29.16000000 -0.233082755372988E+005  0.236686162031822E+002 
     29.18000000 -0.233082755371460E+005  0.236686163559894E+002 
     29.20000000 -0.233082755369925E+005  0.236686165095700E+002 
     29.22000000 -0.233082755368384E+005  0.236686166636054E+002 
     29.24000000 -0.233082755366842E+005  0.236686168178758E+002 
     29.26000000 -0.233082755365299E+005  0.236686169721679E+002 
     29.28000000 -0.233082755363757E+005  0.236686171263673E+002 
     29.30000000 -0.233082755362216E+005  0.236686172804119E+002 
     29.32000000 -0.233082755360678E+005  0.236686174342709E+002 
     29.34000000 -0.233082755359140E+005  0.236686175879907E+002 
     29.36000000 -0.233082755357604E+005  0.236686177416332E+002 
     29.38000000 -0.233082755356068E+005  0.236686178951890E+002 
     29.40000000 -0.233082755354534E+005  0.236686180486304E+002 
     29.42000000 -0.233082755353002E+005  0.236686182018491E+002 
     29.44000000 -0.233082755351473E+005  0.236686183547645E+002 
     29.46000000 -0.233082755349949E+005  0.236686185070984E+002 
     29.48000000 -0.233082755348433E+005  0.236686186587270E+002 
     29.50000000 -0.233082755346926E+005  0.236686188093965E+002 
     29.52000000 -0.233082755345431E+005  0.236686189589524E+002 
     29.54000000 -0.233082755343947E+005  0.236686191073358E+002 
     29.56000000 -0.233082755342475E+005  0.236686192545126E+002 
     29.58000000 -0.233082755341014E+005  0.236686194005913E+002 
     29.60000000 -0.233082755339563E+005  0.236686195457295E+002 
     29.62000000 -0.233082755338118E+005  0.236686196901872E+002 
     29.64000000 -0.233082755336678E+005  0.236686198342241E+002 
     29.66000000 -0.233082755335238E+005  0.236686199781837E+002 
     29.68000000 -0.233082755333796E+005  0.236686201223969E+002 
     29.70000000 -0.233082755332349E+005  0.236686202671144E+002 
     29.72000000 -0.233082755330895E+005  0.236686204125620E+002 
     29.74000000 -0.233082755329431E+005  0.236686205589686E+002 
     29.76000000 -0.233082755327956E+005  0.236686207064208E+002 
     29.78000000 -0.233082755326471E+005  0.236686208549682E+002 
     29.80000000 -0.233082755324974E+005  0.236686210045797E+002 
     29.82000000 -0.233082755323469E+005  0.236686211551502E+002 
     29.84000000 -0.233082755321956E+005  0.236686213064694E+002 
     29.86000000 -0.233082755320437E+005  0.236686214583269E+002 
     29.88000000 -0.233082755318915E+005  0.236686216104907E+002 
     29.90000000 -0.233082755317394E+005  0.236686217625987E+002 
     29.92000000 -0.233082755315877E+005  0.236686219143757E+002 
     29.94000000 -0.233082755314365E+005  0.236686220655650E+002 
     29.96000000 -0.233082755312862E+005  0.236686222158262E+002 
     29.98000000 -0.233082755311371E+005  0.236686223649737E+002 
     30.00000000 -0.233082755309892E+005  0.236686225128466E+002 
