# Real time calculation: 
# Eall: Total energy
# Eall0: Initial total energy
# 1:Time[fs] 2:Eall[eV] 3:Eall-Eall0[eV] 
      0.00000000 -0.233281658796901E+005  0.000000000000000E+000 
      0.02000000 -0.233281658797035E+005 -0.134323083656341E-007 
      0.04000000 -0.233281658796675E+005  0.226202300252226E-007 
      0.06000000 -0.233281658796117E+005  0.784252531960362E-007 
      0.08000000 -0.233281658795631E+005  0.127031524278681E-006 
      0.10000000 -0.233281658795367E+005  0.153373326612484E-006 
      0.12000000 -0.233281658795228E+005  0.167257297120307E-006 
      0.14000000 -0.233281658794966E+005  0.193456794943557E-006 
      0.16000000 -0.233281658794366E+005  0.253472175480937E-006 
      0.18000000 -0.233281658793344E+005  0.355699404855045E-006 
      0.20000000 -0.233281658791883E+005  0.501762610631971E-006 
      0.22000000 -0.233281658789883E+005  0.701802535976742E-006 
      0.24000000 -0.233281658787069E+005  0.983150927644397E-006 
      0.26000000 -0.233281658783049E+005  0.138522304148167E-005 
      0.28000000 -0.233281658777414E+005  0.194872415465924E-005 
      0.30000000 -0.233281658769795E+005  0.271062869131022E-005 
      0.32000000 -0.233281658759814E+005  0.370870303110473E-005 
      0.34000000 -0.233281658747001E+005  0.499000046981462E-005 
      0.36000000 -0.233281658730763E+005  0.661376299389816E-005 
      0.38000000 -0.233281658710425E+005  0.864755431010466E-005 
      0.40000000 -0.233281658685291E+005  0.111610417570785E-004 
      0.42000000 -0.233281658654659E+005  0.142241927503669E-004 
      0.44000000 -0.233281658617802E+005  0.179099445387806E-004 
      0.46000000 -0.233281658573919E+005  0.222982072921474E-004 
      0.48000000 -0.233281658522139E+005  0.274761920204019E-004 
      0.50000000 -0.233281658461549E+005  0.335351468505715E-004 
      0.52000000 -0.233281658391233E+005  0.405668148818941E-004 
      0.54000000 -0.233281658310275E+005  0.486625556101444E-004 
      0.56000000 -0.233281658217756E+005  0.579145266737868E-004 
      0.58000000 -0.233281658112727E+005  0.684173853209492E-004 
      0.60000000 -0.233281657994224E+005  0.802677191913812E-004 
      0.62000000 -0.233281657861279E+005  0.935621716092056E-004 
      0.64000000 -0.233281657712946E+005  0.108395495723416E-003 
      0.66000000 -0.233281657548302E+005  0.124859932699038E-003 
      0.68000000 -0.233281657366443E+005  0.143045818058086E-003 
      0.70000000 -0.233281657166476E+005  0.163042485003846E-003 
      0.72000000 -0.233281656947526E+005  0.184937534336869E-003 
      0.74000000 -0.233281656708748E+005  0.208815321696149E-003 
      0.76000000 -0.233281656449342E+005  0.234755921211060E-003 
      0.78000000 -0.233281656168552E+005  0.262834939886773E-003 
      0.80000000 -0.233281655865661E+005  0.293123956892096E-003 
      0.82000000 -0.233281655539989E+005  0.325691201052687E-003 
      0.84000000 -0.233281655190886E+005  0.360601492073101E-003 
      0.86000000 -0.233281654817745E+005  0.397915609447227E-003 
      0.88000000 -0.233281654419997E+005  0.437690437856370E-003 
      0.90000000 -0.233281653997110E+005  0.479979137315950E-003 
      0.92000000 -0.233281653548583E+005  0.524831786639376E-003 
      0.94000000 -0.233281653073946E+005  0.572295519555405E-003 
      0.96000000 -0.233281652572758E+005  0.622414326719255E-003 
      0.98000000 -0.233281652044608E+005  0.675229303198712E-003 
      1.00000000 -0.233281651489113E+005  0.730778843369439E-003 
      1.02000000 -0.233281650905906E+005  0.789099482367732E-003 
      1.04000000 -0.233281650294636E+005  0.850226542647972E-003 
      1.06000000 -0.233281649654953E+005  0.914194802195106E-003 
      1.08000000 -0.233281648986514E+005  0.981038742010757E-003 
      1.10000000 -0.233281648288975E+005  0.105079258014256E-002 
      1.12000000 -0.233281647561995E+005  0.112349061816471E-002 
      1.14000000 -0.233281646805225E+005  0.119916755362918E-002 
      1.16000000 -0.233281646018314E+005  0.127785869352245E-002 
      1.18000000 -0.233281645200898E+005  0.135960034714976E-002 
      1.20000000 -0.233281644352605E+005  0.144442964052048E-002 
      1.22000000 -0.233281643473058E+005  0.153238431526567E-002 
      1.24000000 -0.233281642561869E+005  0.162350319576809E-002 
      1.26000000 -0.233281641618634E+005  0.171782669960233E-002 
      1.28000000 -0.233281640642931E+005  0.181539698602642E-002 
      1.30000000 -0.233281639634319E+005  0.191625819728082E-002 
      1.32000000 -0.233281638592337E+005  0.202045641527834E-002 
      1.34000000 -0.233281637516502E+005  0.212803991527739E-002 
      1.36000000 -0.233281636406314E+005  0.223905873278131E-002 
      1.38000000 -0.233281635261257E+005  0.235356435418075E-002 
      1.40000000 -0.233281634080814E+005  0.247160873299635E-002 
      1.42000000 -0.233281632864463E+005  0.259324381656162E-002 
      1.44000000 -0.233281631611690E+005  0.271852108817362E-002 
      1.46000000 -0.233281630321989E+005  0.284749118658306E-002 
      1.48000000 -0.233281628994859E+005  0.298020418750979E-002 
      1.50000000 -0.233281627629804E+005  0.311670967170142E-002 
      1.52000000 -0.233281626226339E+005  0.325705620830613E-002 
      1.54000000 -0.233281624783993E+005  0.340129076709311E-002 
      1.56000000 -0.233281623302310E+005  0.354945909896252E-002 
      1.58000000 -0.233281621780850E+005  0.370160512341732E-002 
      1.60000000 -0.233281620219198E+005  0.385777033150307E-002 
      1.62000000 -0.233281618616975E+005  0.401799264118467E-002 
      1.64000000 -0.233281616973847E+005  0.418230538574692E-002 
      1.66000000 -0.233281615289528E+005  0.435073729213952E-002 
      1.68000000 -0.233281613563781E+005  0.452331197363047E-002 
      1.70000000 -0.233281611796426E+005  0.470004753692196E-002 
      1.72000000 -0.233281609987341E+005  0.488095595106076E-002 
      1.74000000 -0.233281608136470E+005  0.506604313096478E-002 
      1.76000000 -0.233281606243807E+005  0.525530944167603E-002 
      1.78000000 -0.233281604309410E+005  0.544874904870957E-002 
      1.80000000 -0.233281602333402E+005  0.564634991495996E-002 
      1.82000000 -0.233281600315962E+005  0.584809392753787E-002 
      1.84000000 -0.233281598257340E+005  0.605395613984388E-002 
      1.86000000 -0.233281596157865E+005  0.626390357126088E-002 
      1.88000000 -0.233281594017953E+005  0.647789483592492E-002 
      1.90000000 -0.233281591838098E+005  0.669588025409392E-002 
      1.92000000 -0.233281589618879E+005  0.691780222028331E-002 
      1.94000000 -0.233281587360945E+005  0.714359554665293E-002 
      1.96000000 -0.233281585065026E+005  0.737318754344010E-002 
      1.98000000 -0.233281582731919E+005  0.760649824479060E-002 
      2.00000000 -0.233281580362486E+005  0.784344145748110E-002 
      2.02000000 -0.233281577957648E+005  0.808392530229502E-002 
      2.04000000 -0.233281575518378E+005  0.832785230682978E-002 
      2.06000000 -0.233281573045710E+005  0.857511912398138E-002 
      2.08000000 -0.233281570540735E+005  0.882561655978657E-002 
      2.10000000 -0.233281568004609E+005  0.907922922075519E-002 
      2.12000000 -0.233281565438546E+005  0.933583552933799E-002 
      2.14000000 -0.233281562843811E+005  0.959530903250948E-002 
      2.16000000 -0.233281560221713E+005  0.985751880083921E-002 
      2.18000000 -0.233281557573602E+005  0.101223298615925E-001 
      2.20000000 -0.233281554900861E+005  0.103896039628438E-001 
      2.22000000 -0.233281552204895E+005  0.106592005603274E-001 
      2.24000000 -0.233281549487131E+005  0.109309770061459E-001 
      2.26000000 -0.233281546749010E+005  0.112047890592098E-001 
      2.28000000 -0.233281543991986E+005  0.114804914915791E-001 
      2.30000000 -0.233281541217521E+005  0.117579380234976E-001 
      2.32000000 -0.233281538427090E+005  0.120369811099365E-001 
      2.34000000 -0.233281535622181E+005  0.123174720303080E-001 
      2.36000000 -0.233281532804292E+005  0.125992609070266E-001 
      2.38000000 -0.233281529974931E+005  0.128821969560891E-001 
      2.40000000 -0.233281527135610E+005  0.131661290934155E-001 
      2.42000000 -0.233281524287843E+005  0.134509057987312E-001 
      2.44000000 -0.233281521433144E+005  0.137363756476628E-001 
      2.46000000 -0.233281518573028E+005  0.140223873395798E-001 
      2.48000000 -0.233281515708996E+005  0.143087905359540E-001 
      2.50000000 -0.233281512842542E+005  0.145954359222308E-001 
      2.52000000 -0.233281509975155E+005  0.148821746447986E-001 
      2.54000000 -0.233281507108313E+005  0.151688588276160E-001 
      2.56000000 -0.233281504243488E+005  0.154553413309126E-001 
      2.58000000 -0.233281501382151E+005  0.157414750087309E-001 
      2.60000000 -0.233281498525779E+005  0.160271121675504E-001 
      2.62000000 -0.233281495675855E+005  0.163121045570070E-001 
      2.64000000 -0.233281492833870E+005  0.165963030481606E-001 
      2.66000000 -0.233281490001325E+005  0.168795575623434E-001 
      2.68000000 -0.233281487179731E+005  0.171617169845396E-001 
      2.70000000 -0.233281484370614E+005  0.174426286776938E-001 
      2.72000000 -0.233281481575510E+005  0.177221391230811E-001 
      2.74000000 -0.233281478795959E+005  0.180000942049166E-001 
      2.76000000 -0.233281476033513E+005  0.182763387648803E-001 
      2.78000000 -0.233281473289735E+005  0.185507166361461E-001 
      2.80000000 -0.233281470566197E+005  0.188230704206446E-001 
      2.82000000 -0.233281467864484E+005  0.190932416777712E-001 
      2.84000000 -0.233281465186196E+005  0.193610704603496E-001 
      2.86000000 -0.233281462532955E+005  0.196263946247643E-001 
      2.88000000 -0.233281459906403E+005  0.198890497536213E-001 
      2.90000000 -0.233281457308208E+005  0.201488692485551E-001 
      2.92000000 -0.233281454740057E+005  0.204056844477851E-001 
      2.94000000 -0.233281452203653E+005  0.206593248086361E-001 
      2.96000000 -0.233281449700722E+005  0.209096178827898E-001 
      2.98000000 -0.233281447233005E+005  0.211563895823327E-001 
      3.00000000 -0.233281444802258E+005  0.213994642911244E-001 
      3.02000000 -0.233281442410239E+005  0.216386661579128E-001 
      3.04000000 -0.233281440058707E+005  0.218738194428146E-001 
      3.06000000 -0.233281437749421E+005  0.221047479945006E-001 
      3.08000000 -0.233281435484147E+005  0.223312753955943E-001 
      3.10000000 -0.233281433264649E+005  0.225532252472806E-001 
      3.12000000 -0.233281431092687E+005  0.227704213611076E-001 
      3.14000000 -0.233281428970022E+005  0.229826878487000E-001 
      3.16000000 -0.233281426898404E+005  0.231898497250074E-001 
      3.18000000 -0.233281424879560E+005  0.233917340653006E-001 
      3.20000000 -0.233281422915188E+005  0.235881712735388E-001 
      3.22000000 -0.233281421006947E+005  0.237789953515106E-001 
      3.24000000 -0.233281419156456E+005  0.239640444835195E-001 
      3.26000000 -0.233281417365282E+005  0.241431618902114E-001 
      3.28000000 -0.233281415634923E+005  0.243161977775275E-001 
      3.30000000 -0.233281413966765E+005  0.244830136460561E-001 
      3.32000000 -0.233281412361976E+005  0.246434924719922E-001 
      3.34000000 -0.233281410821339E+005  0.247975562044055E-001 
      3.36000000 -0.233281409344956E+005  0.249451944952832E-001 
      3.38000000 -0.233281407931801E+005  0.250865100111424E-001 
      3.40000000 -0.233281406579044E+005  0.252217857183153E-001 
      3.42000000 -0.233281405281105E+005  0.253515796144428E-001 
      3.44000000 -0.233281404028374E+005  0.254768527437561E-001 
      3.46000000 -0.233281402805563E+005  0.255991338217406E-001 
      3.48000000 -0.233281401589662E+005  0.257207239370805E-001 
      3.50000000 -0.233281400347485E+005  0.258449416216813E-001 
      3.52000000 -0.233281399032842E+005  0.259764058788729E-001 
      3.54000000 -0.233281397583400E+005  0.261213501380962E-001 
      3.56000000 -0.233281395917325E+005  0.262879575645461E-001 
      3.58000000 -0.233281393929903E+005  0.264866998429013E-001 
      3.60000000 -0.233281391490298E+005  0.267306602797154E-001 
      3.62000000 -0.233281388438716E+005  0.270358185423678E-001 
      3.64000000 -0.233281384584208E+005  0.274212693285066E-001 
      3.66000000 -0.233281379703478E+005  0.279093422575977E-001 
      3.68000000 -0.233281373540983E+005  0.285255918106153E-001 
      3.70000000 -0.233281365810635E+005  0.292986265708161E-001 
      3.72000000 -0.233281356199427E+005  0.302597473619305E-001 
      3.74000000 -0.233281344373199E+005  0.314423702157465E-001 
      3.76000000 -0.233281329984740E+005  0.328812161335370E-001 
      3.78000000 -0.233281312684321E+005  0.346112579769969E-001 
      3.80000000 -0.233281292132657E+005  0.366664244361007E-001 
      3.82000000 -0.233281268016100E+005  0.390780800900931E-001 
      3.84000000 -0.233281240063791E+005  0.418733110217403E-001 
      3.86000000 -0.233281208066285E+005  0.450730616367476E-001 
      3.88000000 -0.233281171895053E+005  0.486901848042622E-001 
      3.90000000 -0.233281131522039E+005  0.527274861845465E-001 
      3.92000000 -0.233281087038290E+005  0.571758611319215E-001 
      3.94000000 -0.233281038670572E+005  0.620126328565064E-001 
      3.96000000 -0.233280986794785E+005  0.672002116342129E-001 
      3.98000000 -0.233280931944848E+005  0.726852053447768E-001 
      4.00000000 -0.233280874815761E+005  0.783981139687225E-001 
      4.02000000 -0.233280816259528E+005  0.842537373392825E-001 
      4.04000000 -0.233280757272709E+005  0.901524192457683E-001 
      4.06000000 -0.233280698974542E+005  0.959822358542056E-001 
      4.08000000 -0.233280642574758E+005  0.101622214273414E+000 
      4.10000000 -0.233280589330463E+005  0.106946643772242E+000 
      4.12000000 -0.233280540491806E+005  0.111830509525718E+000 
      4.14000000 -0.233280497236537E+005  0.116156036438470E+000 
      4.16000000 -0.233280460594019E+005  0.119820288174656E+000 
      4.18000000 -0.233280431359687E+005  0.122743721379071E+000 
      4.20000000 -0.233280410001461E+005  0.124879544023931E+000 
      4.22000000 -0.233280396560146E+005  0.126223675474806E+000 
      4.24000000 -0.233280390546321E+005  0.126825057971353E+000 
      4.26000000 -0.233280390836699E+005  0.126796020169850E+000 
      4.28000000 -0.233280395573351E+005  0.126322355024890E+000 
      4.30000000 -0.233280402069518E+005  0.125672738290748E+000 
      4.32000000 -0.233280406726030E+005  0.125207087104732E+000 
      4.34000000 -0.233280404962483E+005  0.125383441817843E+000 
      4.36000000 -0.233280391167353E+005  0.126762954751628E+000 
      4.38000000 -0.233280358671133E+005  0.130012576768127E+000 
      4.40000000 -0.233280299746318E+005  0.135905058312409E+000 
      4.42000000 -0.233280205637688E+005  0.145315921246834E+000 
      4.44000000 -0.233280066625744E+005  0.159217115729583E+000 
      4.46000000 -0.233279872125480E+005  0.178667142119214E+000 
      4.48000000 -0.233279610821848E+005  0.204797505326943E+000 
      4.50000000 -0.233279270842242E+005  0.238795465876555E+000 
      4.52000000 -0.233278839965343E+005  0.281883155829626E+000 
      4.54000000 -0.233278305864445E+005  0.335293245586605E+000 
      4.56000000 -0.233277656382189E+005  0.400241471181256E+000 
      4.58000000 -0.233276879832382E+005  0.477896451896133E+000 
      4.60000000 -0.233275965323371E+005  0.569347352994884E+000 
      4.62000000 -0.233274903096234E+005  0.675570066674807E+000 
      4.64000000 -0.233273684869991E+005  0.797392691028165E+000 
      4.66000000 -0.233272304185152E+005  0.935461174942931E+000 
      4.68000000 -0.233270756736053E+005  0.109020608484258E+001 
      4.70000000 -0.233269040681899E+005  0.126181150015289E+001 
      4.72000000 -0.233267156926144E+005  0.145018707565037E+001 
      4.74000000 -0.233265109353866E+005  0.165494430352010E+001 
      4.76000000 -0.233262905017009E+005  0.187537798917842E+001 
      4.78000000 -0.233260554257978E+005  0.211045389231501E+001 
      4.80000000 -0.233258070762993E+005  0.235880339079538E+001 
      4.82000000 -0.233255471537914E+005  0.261872589865275E+001 
      4.84000000 -0.233252776800820E+005  0.288819960806469E+001 
      4.86000000 -0.233250009787664E+005  0.316490092373780E+001 
      4.88000000 -0.233247196469246E+005  0.344623276550843E+001 
      4.90000000 -0.233244365180081E+005  0.372936168198396E+001 
      4.92000000 -0.233241546162405E+005  0.401126344958850E+001 
      4.94000000 -0.233238771031100E+005  0.428877658006744E+001 
      4.96000000 -0.233236072167660E+005  0.455866292408055E+001 
      4.98000000 -0.233233482053883E+005  0.481767430183351E+001 
      5.00000000 -0.233231032558310E+005  0.506262385911327E+001 
      5.02000000 -0.233228754190242E+005  0.529046066589559E+001 
      5.04000000 -0.233226675337861E+005  0.549834590395884E+001 
      5.06000000 -0.233224821508277E+005  0.568372886238975E+001 
      5.08000000 -0.233223214587973E+005  0.584442089275492E+001 
      5.10000000 -0.233221872142282E+005  0.597866546191767E+001 
      5.12000000 -0.233220806772285E+005  0.608520246159019E+001 
      5.14000000 -0.233220025546780E+005  0.616332501209308E+001 
      5.16000000 -0.233219529525471E+005  0.621292714296036E+001 
      5.18000000 -0.233219313387805E+005  0.623454090959071E+001 
      5.20000000 -0.233219365179553E+005  0.622936173476055E+001 
      5.22000000 -0.233219666186935E+005  0.619926099654998E+001 
      5.24000000 -0.233220190945353E+005  0.614678515483128E+001 
      5.26000000 -0.233220907386889E+005  0.607514100124246E+001 
      5.28000000 -0.233221777127986E+005  0.598816689149210E+001 
      5.30000000 -0.233222755895859E+005  0.589029010418396E+001 
      5.32000000 -0.233223794089374E+005  0.578647075273777E+001 
      5.34000000 -0.233224837467845E+005  0.568213290556997E+001 
      5.36000000 -0.233225827958797E+005  0.558308381041233E+001 
      5.38000000 -0.233226704573627E+005  0.549542232743213E+001 
      5.40000000 -0.233227404418162E+005  0.542543787388662E+001 
      5.42000000 -0.233227863783319E+005  0.537950135820599E+001 
      5.44000000 -0.233228019299568E+005  0.536394973333388E+001 
      5.46000000 -0.233227809137376E+005  0.538496595254640E+001 
      5.48000000 -0.233227174234395E+005  0.544845625062691E+001 
      5.50000000 -0.233226059528785E+005  0.555992681163099E+001 
      5.52000000 -0.233224415176796E+005  0.572436201049604E+001 
      5.54000000 -0.233222197731545E+005  0.594610653562277E+001 
      5.56000000 -0.233219371258837E+005  0.622875380641739E+001 
      5.58000000 -0.233215908365080E+005  0.657504318207539E+001 
      5.60000000 -0.233211791111787E+005  0.698676851140380E+001 
      5.62000000 -0.233207011791001E+005  0.746470058999826E+001 
      5.64000000 -0.233201573536599E+005  0.800852603015412E+001 
      5.66000000 -0.233195490747730E+005  0.861680491706728E+001 
      5.68000000 -0.233188789302559E+005  0.928694943418010E+001 
      5.70000000 -0.233181506543559E+005  0.100152253341862E+002 
      5.72000000 -0.233173691019680E+005  0.107967777220958E+002 
      5.74000000 -0.233165401975841E+005  0.116256821060231E+002 
      5.76000000 -0.233156708586013E+005  0.124950210888359E+002 
      5.78000000 -0.233147688933129E+005  0.133969863771960E+002 
      5.80000000 -0.233138428746747E+005  0.143230050153882E+002 
      5.82000000 -0.233129019917255E+005  0.152638879646102E+002 
      5.84000000 -0.233119558814009E+005  0.162099982892325E+002 
      5.86000000 -0.233110144442840E+005  0.171514354060963E+002 
      5.88000000 -0.233100876485765E+005  0.180782311136260E+002 
      5.90000000 -0.233091853272110E+005  0.189805524790547E+002 
      5.92000000 -0.233083169735669E+005  0.198489061231566E+002 
      5.94000000 -0.233074915415878E+005  0.206743381023259E+002 
      5.96000000 -0.233067172562231E+005  0.214486234669799E+002 
      5.98000000 -0.233060014400404E+005  0.221644396496933E+002 
      6.00000000 -0.233053503614656E+005  0.228155182244977E+002 
      6.02000000 -0.233047691095047E+005  0.233967701853537E+002 
      6.04000000 -0.233042614989890E+005  0.239043807010472E+002 
      6.06000000 -0.233038300093610E+005  0.243358703291400E+002 
      6.08000000 -0.233034757587825E+005  0.246901209076401E+002 
      6.10000000 -0.233031985140053E+005  0.249673656847618E+002 
      6.12000000 -0.233029967350873E+005  0.251691446027738E+002 
      6.14000000 -0.233028676526783E+005  0.252982270118133E+002 
      6.16000000 -0.233028073743500E+005  0.253585053401287E+002 
      6.18000000 -0.233028110153530E+005  0.253548643370671E+002 
      6.20000000 -0.233028728483215E+005  0.252930313686297E+002 
      6.22000000 -0.233029864658407E+005  0.251794138493867E+002 
      6.24000000 -0.233031449495484E+005  0.250209301416475E+002 
      6.26000000 -0.233033410395422E+005  0.248248401478798E+002 
      6.28000000 -0.233035672982087E+005  0.245985814814328E+002 
      6.30000000 -0.233038162633055E+005  0.243496163846065E+002 
      6.32000000 -0.233040805861031E+005  0.240852935869815E+002 
      6.34000000 -0.233043531515140E+005  0.238127281761214E+002 
      6.36000000 -0.233046271783574E+005  0.235387013327034E+002 
      6.38000000 -0.233048962991899E+005  0.232695805002008E+002 
      6.40000000 -0.233051546203211E+005  0.230112593689759E+002 
      6.42000000 -0.233053967636864E+005  0.227691160037193E+002 
      6.44000000 -0.233056178930829E+005  0.225479866071480E+002 
      6.46000000 -0.233058137278579E+005  0.223521518321983E+002 
      6.48000000 -0.233059805474372E+005  0.221853322528754E+002 
      6.50000000 -0.233061151900572E+005  0.220506896329108E+002 
      6.52000000 -0.233062150487905E+005  0.219508308996217E+002 
      6.54000000 -0.233062780674287E+005  0.218878122614362E+002 
      6.56000000 -0.233063027380671E+005  0.218631416230393E+002 
      6.58000000 -0.233062881014149E+005  0.218777782751521E+002 
      6.60000000 -0.233062337499786E+005  0.219321297115109E+002 
      6.62000000 -0.233061398334265E+005  0.220260462636374E+002 
      6.64000000 -0.233060070647025E+005  0.221588149876014E+002 
      6.66000000 -0.233058367248693E+005  0.223291548207881E+002 
      6.68000000 -0.233056306642773E+005  0.225352154127527E+002 
      6.70000000 -0.233053912974971E+005  0.227745821929468E+002 
      6.72000000 -0.233051215895276E+005  0.230442901624601E+002 
      6.74000000 -0.233048250310756E+005  0.233408486145010E+002 
      6.76000000 -0.233045056011972E+005  0.236602784928634E+002 
      6.78000000 -0.233041677162316E+005  0.239981634584761E+002 
      6.80000000 -0.233038161647068E+005  0.243497149832812E+002 
      6.82000000 -0.233034560287011E+005  0.247098509890157E+002 
      6.84000000 -0.233030925929535E+005  0.250732867365576E+002 
      6.86000000 -0.233027312437590E+005  0.254346359310906E+002 
      6.88000000 -0.233023773603559E+005  0.257885193341809E+002 
      6.90000000 -0.233020362020305E+005  0.261296776595852E+002 
      6.92000000 -0.233017127945158E+005  0.264530851742671E+002 
      6.94000000 -0.233014118194472E+005  0.267540602428545E+002 
      6.96000000 -0.233011375106216E+005  0.270283690685225E+002 
      6.98000000 -0.233008935606211E+005  0.272723190690176E+002 
      7.00000000 -0.233006830410174E+005  0.274828386726689E+002 
      7.02000000 -0.233005083388596E+005  0.276575408305462E+002 
      7.04000000 -0.233003711115459E+005  0.277947681442238E+002 
      7.06000000 -0.233002722614762E+005  0.278936182139233E+002 
      7.08000000 -0.233002119311468E+005  0.279539485433076E+002 
      7.10000000 -0.233001895185977E+005  0.279763610923606E+002 
      7.12000000 -0.233002037123988E+005  0.279621672912814E+002 
      7.14000000 -0.233002525446716E+005  0.279133350184551E+002 
      7.16000000 -0.233003334600635E+005  0.278324196266072E+002 
      7.18000000 -0.233004433980991E+005  0.277224815910442E+002 
      7.20000000 -0.233005788859417E+005  0.275869937484307E+002 
      7.22000000 -0.233007361383693E+005  0.274297413208202E+002 
      7.24000000 -0.233009111616458E+005  0.272547180442549E+002 
      7.26000000 -0.233010998579867E+005  0.270660217034115E+002 
      7.28000000 -0.233012981274432E+005  0.268677522468521E+002 
      7.30000000 -0.233015019642928E+005  0.266639153972466E+002 
      7.32000000 -0.233017075453377E+005  0.264583343523828E+002 
      7.34000000 -0.233019113079295E+005  0.262545717606027E+002 
      7.36000000 -0.233021100160210E+005  0.260558636691273E+002 
      7.38000000 -0.233023008130364E+005  0.258650666537395E+002 
      7.40000000 -0.233024812608534E+005  0.256846188366533E+002 
      7.42000000 -0.233026493647022E+005  0.255165149879177E+002 
      7.44000000 -0.233028035842612E+005  0.253622954288635E+002 
      7.46000000 -0.233029428316555E+005  0.252230480345968E+002 
      7.48000000 -0.233030664574398E+005  0.250994222502822E+002 
      7.50000000 -0.233031742259593E+005  0.249916537307938E+002 
      7.52000000 -0.233032662817064E+005  0.248995979836830E+002 
      7.54000000 -0.233033431084536E+005  0.248227712365095E+002 
      7.56000000 -0.233034054830154E+005  0.247603966747383E+002 
      7.58000000 -0.233034544255020E+005  0.247114541880987E+002 
      7.60000000 -0.233034911478673E+005  0.246747318228036E+002 
      7.62000000 -0.233035170024308E+005  0.246488772593026E+002 
      7.64000000 -0.233035334318880E+005  0.246324478021183E+002 
      7.66000000 -0.233035419221201E+005  0.246239575699984E+002 
      7.68000000 -0.233035439588874E+005  0.246219208027422E+002 
      7.70000000 -0.233035409892466E+005  0.246248904434493E+002 
      7.72000000 -0.233035343882951E+005  0.246314913949909E+002 
      7.74000000 -0.233035254316064E+005  0.246404480837063E+002 
      7.76000000 -0.233035152735084E+005  0.246506061816984E+002 
      7.78000000 -0.233035049311554E+005  0.246609485346705E+002 
      7.80000000 -0.233034952741784E+005  0.246706055117091E+002 
      7.82000000 -0.233034870195575E+005  0.246788601326299E+002 
      7.84000000 -0.233034807312530E+005  0.246851484371184E+002 
      7.86000000 -0.233034768240469E+005  0.246890556431738E+002 
      7.88000000 -0.233034755709962E+005  0.246903086939251E+002 
      7.90000000 -0.233034771138714E+005  0.246887658187017E+002 
      7.92000000 -0.233034814759442E+005  0.246844037459303E+002 
      7.94000000 -0.233034885765007E+005  0.246773031893805E+002 
      7.96000000 -0.233034982464872E+005  0.246676332028543E+002 
      7.98000000 -0.233035102447286E+005  0.246556349614590E+002 
      8.00000000 -0.233035242742133E+005  0.246416054768026E+002 
      8.02000000 -0.233035399979929E+005  0.246258816971525E+002 
      8.04000000 -0.233035570543044E+005  0.246088253857036E+002 
      8.06000000 -0.233035750705853E+005  0.245908091048370E+002 
      8.08000000 -0.233035936761209E+005  0.245722035692026E+002 
      8.10000000 -0.233036125131225E+005  0.245533665676034E+002 
      8.12000000 -0.233036312461022E+005  0.245346335879411E+002 
      8.14000000 -0.233036495694655E+005  0.245163102246290E+002 
      8.16000000 -0.233036672133059E+005  0.244986663841731E+002 
      8.18000000 -0.233036839474323E+005  0.244819322578329E+002 
      8.20000000 -0.233036995837121E+005  0.244662959779750E+002 
      8.22000000 -0.233037139768519E+005  0.244519028381728E+002 
      8.24000000 -0.233037270237694E+005  0.244388559206769E+002 
      8.26000000 -0.233037386617409E+005  0.244272179492321E+002 
      8.28000000 -0.233037488655226E+005  0.244170141675138E+002 
      8.30000000 -0.233037576436607E+005  0.244082360293814E+002 
      8.32000000 -0.233037650342022E+005  0.244008454878493E+002 
      8.34000000 -0.233037711000182E+005  0.243947796719000E+002 
      8.36000000 -0.233037759239389E+005  0.243899557512069E+002 
      8.38000000 -0.233037796038861E+005  0.243862758040071E+002 
      8.40000000 -0.233037822481675E+005  0.243836315225789E+002 
      8.42000000 -0.233037839710728E+005  0.243819086172757E+002 
      8.44000000 -0.233037848888851E+005  0.243809908050433E+002 
      8.46000000 -0.233037851163958E+005  0.243807632943088E+002 
      8.48000000 -0.233037847639805E+005  0.243811157096225E+002 
      8.50000000 -0.233037839352637E+005  0.243819444264362E+002 
      8.52000000 -0.233037827253790E+005  0.243831543111065E+002 
      8.54000000 -0.233037812198048E+005  0.243846598853262E+002 
      8.56000000 -0.233037794937351E+005  0.243863859550394E+002 
      8.58000000 -0.233037776119288E+005  0.243882677613023E+002 
      8.60000000 -0.233037756289691E+005  0.243902507210111E+002 
      8.62000000 -0.233037735898536E+005  0.243922898364588E+002 
      8.64000000 -0.233037715308357E+005  0.243943488543554E+002 
      8.66000000 -0.233037694804345E+005  0.243963992556088E+002 
      8.68000000 -0.233037674605362E+005  0.243984191539089E+002 
      8.70000000 -0.233037654875162E+005  0.244003921739168E+002 
      8.72000000 -0.233037635733200E+005  0.244023063701155E+002 
      8.74000000 -0.233037617264544E+005  0.244041532357332E+002 
      8.76000000 -0.233037599528492E+005  0.244059268408853E+002 
      8.78000000 -0.233037582565671E+005  0.244076231230347E+002 
      8.80000000 -0.233037566403480E+005  0.244092393421297E+002 
      8.82000000 -0.233037551059894E+005  0.244107737006509E+002 
      8.84000000 -0.233037536545721E+005  0.244122251180275E+002 
      8.86000000 -0.233037522865508E+005  0.244135931393245E+002 
      8.88000000 -0.233037510017368E+005  0.244148779533366E+002 
      8.90000000 -0.233037497992016E+005  0.244160804885079E+002 
      8.92000000 -0.233037486771453E+005  0.244172025447987E+002 
      8.94000000 -0.233037476328848E+005  0.244182468053420E+002 
      8.96000000 -0.233037466629634E+005  0.244192167266833E+002 
      8.98000000 -0.233037457632100E+005  0.244201164801330E+002 
      9.00000000 -0.233037449287915E+005  0.244209508986244E+002 
      9.02000000 -0.233037441542727E+005  0.244217254173793E+002 
      9.04000000 -0.233037434336817E+005  0.244224460084077E+002 
      9.06000000 -0.233037427605798E+005  0.244231191102492E+002 
      9.08000000 -0.233037421281371E+005  0.244237515530037E+002 
      9.10000000 -0.233037415292109E+005  0.244243504792037E+002 
      9.12000000 -0.233037409564297E+005  0.244249232604024E+002 
      9.14000000 -0.233037404022789E+005  0.244254774112430E+002 
      9.16000000 -0.233037398591887E+005  0.244260205013728E+002 
      9.18000000 -0.233037393196231E+005  0.244265600670374E+002 
      9.20000000 -0.233037387761671E+005  0.244271035229980E+002 
      9.22000000 -0.233037382216137E+005  0.244276580763903E+002 
      9.24000000 -0.233037376490465E+005  0.244282306436217E+002 
      9.26000000 -0.233037370519185E+005  0.244288277715877E+002 
      9.28000000 -0.233037364241260E+005  0.244294555640536E+002 
      9.30000000 -0.233037357600751E+005  0.244301196149972E+002 
      9.32000000 -0.233037350547402E+005  0.244308249498869E+002 
      9.34000000 -0.233037343037152E+005  0.244315759749250E+002 
      9.36000000 -0.233037335032552E+005  0.244323764348982E+002 
      9.38000000 -0.233037326503092E+005  0.244332293809141E+002 
      9.40000000 -0.233037317425426E+005  0.244341371474565E+002 
      9.42000000 -0.233037307783517E+005  0.244351013384365E+002 
      9.44000000 -0.233037297568676E+005  0.244361228225396E+002 
      9.46000000 -0.233037286779527E+005  0.244372017374144E+002 
      9.48000000 -0.233037275421880E+005  0.244383375021153E+002 
      9.50000000 -0.233037263508521E+005  0.244395288379587E+002 
      9.52000000 -0.233037251058941E+005  0.244407737960319E+002 
      9.54000000 -0.233037238098991E+005  0.244420697909898E+002 
      9.56000000 -0.233037224660497E+005  0.244434136403839E+002 
      9.58000000 -0.233037210780803E+005  0.244448016098158E+002 
      9.60000000 -0.233037196502274E+005  0.244462294626483E+002 
      9.62000000 -0.233037181871773E+005  0.244476925128217E+002 
      9.64000000 -0.233037166940093E+005  0.244491856808475E+002 
      9.66000000 -0.233037151761378E+005  0.244507035523084E+002 
      9.68000000 -0.233037136392515E+005  0.244522404386434E+002 
      9.70000000 -0.233037120892494E+005  0.244537904406469E+002 
      9.72000000 -0.233037105321761E+005  0.244553475139935E+002 
      9.74000000 -0.233037089741535E+005  0.244569055365855E+002 
      9.76000000 -0.233037074213127E+005  0.244584583773814E+002 
      9.78000000 -0.233037058797235E+005  0.244599999665618E+002 
      9.80000000 -0.233037043553238E+005  0.244615243663164E+002 
      9.82000000 -0.233037028538485E+005  0.244630258416372E+002 
      9.84000000 -0.233037013807609E+005  0.244644989291881E+002 
      9.86000000 -0.233036999411871E+005  0.244659385029594E+002 
      9.88000000 -0.233036985398545E+005  0.244673398355923E+002 
      9.90000000 -0.233036971810362E+005  0.244686986539205E+002 
      9.92000000 -0.233036958685028E+005  0.244700111873013E+002 
      9.94000000 -0.233036946054840E+005  0.244712742061340E+002 
      9.96000000 -0.233036933946392E+005  0.244724850509266E+002 
      9.98000000 -0.233036922380397E+005  0.244736416503504E+002 
     10.00000000 -0.233036911371623E+005  0.244747425277765E+002 
     10.02000000 -0.233036900928941E+005  0.244757867960289E+002 
     10.04000000 -0.233036891055493E+005  0.244767741408344E+002 
     10.06000000 -0.233036881748970E+005  0.244777047930697E+002 
     10.08000000 -0.233036873001987E+005  0.244785794914221E+002 
     10.10000000 -0.233036864802528E+005  0.244793994373344E+002 
     10.12000000 -0.233036857134470E+005  0.244801662430550E+002 
     10.14000000 -0.233036849978150E+005  0.244808818750526E+002 
     10.16000000 -0.233036843310951E+005  0.244815485949978E+002 
     10.18000000 -0.233036837107900E+005  0.244821689001118E+002 
     10.20000000 -0.233036831342253E+005  0.244827454647914E+002 
     10.22000000 -0.233036825986049E+005  0.244832810852429E+002 
     10.24000000 -0.233036821010616E+005  0.244837786285031E+002 
     10.26000000 -0.233036816387033E+005  0.244842409868308E+002 
     10.28000000 -0.233036812086513E+005  0.244846710387926E+002 
     10.30000000 -0.233036808080733E+005  0.244850716167771E+002 
     10.32000000 -0.233036804342078E+005  0.244854454822499E+002 
     10.34000000 -0.233036800843818E+005  0.244857953082835E+002 
     10.36000000 -0.233036797560213E+005  0.244861236687831E+002 
     10.38000000 -0.233036794466562E+005  0.244864330339136E+002 
     10.40000000 -0.233036791539196E+005  0.244867257704898E+002 
     10.42000000 -0.233036788755431E+005  0.244870041469507E+002 
     10.44000000 -0.233036786093496E+005  0.244872703404998E+002 
     10.46000000 -0.233036783532448E+005  0.244875264452592E+002 
     10.48000000 -0.233036781052104E+005  0.244877744797071E+002 
     10.50000000 -0.233036778632978E+005  0.244880163923047E+002 
     10.52000000 -0.233036776256274E+005  0.244882540627460E+002 
     10.54000000 -0.233036773903906E+005  0.244884892995173E+002 
     10.56000000 -0.233036771558579E+005  0.244887238321874E+002 
     10.58000000 -0.233036769203918E+005  0.244889592982824E+002 
     10.60000000 -0.233036766824646E+005  0.244891972254720E+002 
     10.62000000 -0.233036764406802E+005  0.244894390099120E+002 
     10.64000000 -0.233036761937983E+005  0.244896858918202E+002 
     10.66000000 -0.233036759407604E+005  0.244899389296545E+002 
     10.68000000 -0.233036756807154E+005  0.244901989747392E+002 
     10.70000000 -0.233036754130417E+005  0.244904666483913E+002 
     10.72000000 -0.233036751373674E+005  0.244907423226597E+002 
     10.74000000 -0.233036748535836E+005  0.244910261065219E+002 
     10.76000000 -0.233036745618512E+005  0.244913178389294E+002 
     10.78000000 -0.233036742626003E+005  0.244916170898132E+002 
     10.80000000 -0.233036739565216E+005  0.244919231685293E+002 
     10.82000000 -0.233036736445492E+005  0.244922351409320E+002 
     10.84000000 -0.233036733278363E+005  0.244925518537641E+002 
     10.86000000 -0.233036730077243E+005  0.244928719658302E+002 
     10.88000000 -0.233036726857056E+005  0.244931939844828E+002 
     10.90000000 -0.233036723633841E+005  0.244935163060306E+002 
     10.92000000 -0.233036720424315E+005  0.244938372586276E+002 
     10.94000000 -0.233036717245445E+005  0.244941551456266E+002 
     10.96000000 -0.233036714114023E+005  0.244944682877755E+002 
     10.98000000 -0.233036711046268E+005  0.244947750633073E+002 
     11.00000000 -0.233036708057461E+005  0.244950739440385E+002 
     11.02000000 -0.233036705161635E+005  0.244953635265589E+002 
     11.04000000 -0.233036702371321E+005  0.244956425579857E+002 
     11.06000000 -0.233036699697343E+005  0.244959099557650E+002 
     11.08000000 -0.233036697148688E+005  0.244961648213398E+002 
     11.10000000 -0.233036694732425E+005  0.244964064475589E+002 
     11.12000000 -0.233036692453695E+005  0.244966343205821E+002 
     11.14000000 -0.233036690315736E+005  0.244968481165369E+002 
     11.16000000 -0.233036688319966E+005  0.244970476935117E+002 
     11.18000000 -0.233036686466103E+005  0.244972330797538E+002 
     11.20000000 -0.233036684752311E+005  0.244974044589722E+002 
     11.22000000 -0.233036683175368E+005  0.244975621532515E+002 
     11.24000000 -0.233036681730856E+005  0.244977066045401E+002 
     11.26000000 -0.233036680413347E+005  0.244978383553893E+002 
     11.28000000 -0.233036679216608E+005  0.244979580292507E+002 
     11.30000000 -0.233036678133785E+005  0.244980663115834E+002 
     11.32000000 -0.233036677157585E+005  0.244981639316392E+002 
     11.34000000 -0.233036676280443E+005  0.244982516458132E+002 
     11.36000000 -0.233036675494679E+005  0.244983302222309E+002 
     11.38000000 -0.233036674792628E+005  0.244984004272578E+002 
     11.40000000 -0.233036674166763E+005  0.244984630137901E+002 
     11.42000000 -0.233036673609785E+005  0.244985187116394E+002 
     11.44000000 -0.233036673114707E+005  0.244985682193601E+002 
     11.46000000 -0.233036672674918E+005  0.244986121983339E+002 
     11.48000000 -0.233036672284223E+005  0.244986512677620E+002 
     11.50000000 -0.233036671936884E+005  0.244986860016882E+002 
     11.52000000 -0.233036671627633E+005  0.244987169267476E+002 
     11.54000000 -0.233036671351688E+005  0.244987445212534E+002 
     11.56000000 -0.233036671104751E+005  0.244987692150396E+002 
     11.58000000 -0.233036670883003E+005  0.244987913898008E+002 
     11.60000000 -0.233036670683097E+005  0.244988113803920E+002 
     11.62000000 -0.233036670502140E+005  0.244988294761058E+002 
     11.64000000 -0.233036670337674E+005  0.244988459227207E+002 
     11.66000000 -0.233036670187652E+005  0.244988609248953E+002 
     11.68000000 -0.233036670050414E+005  0.244988746487392E+002 
     11.70000000 -0.233036669924651E+005  0.244988872249591E+002 
     11.72000000 -0.233036669809378E+005  0.244988987523236E+002 
     11.74000000 -0.233036669703883E+005  0.244989093017653E+002 
     11.76000000 -0.233036669607695E+005  0.244989189205541E+002 
     11.78000000 -0.233036669520529E+005  0.244989276372003E+002 
     11.80000000 -0.233036669442236E+005  0.244989354664542E+002 
     11.82000000 -0.233036669372754E+005  0.244989424147442E+002 
     11.84000000 -0.233036669312046E+005  0.244989484854577E+002 
     11.86000000 -0.233036669260057E+005  0.244989536844014E+002 
     11.88000000 -0.233036669216652E+005  0.244989580248498E+002 
     11.90000000 -0.233036669181578E+005  0.244989615323034E+002 
     11.92000000 -0.233036669154415E+005  0.244989642485624E+002 
     11.94000000 -0.233036669134550E+005  0.244989662350591E+002 
     11.96000000 -0.233036669121148E+005  0.244989675753108E+002 
     11.98000000 -0.233036669113138E+005  0.244989683763027E+002 
     12.00000000 -0.233036669109212E+005  0.244989687688651E+002 
     12.02000000 -0.233036669106951E+005  0.244989689950087E+002 
     12.04000000 -0.233036669104682E+005  0.244989692219287E+002 
     12.06000000 -0.233036669102399E+005  0.244989694502439E+002 
     12.08000000 -0.233036669100103E+005  0.244989696798151E+002 
     12.10000000 -0.233036669097796E+005  0.244989699104876E+002 
     12.12000000 -0.233036669095482E+005  0.244989701419366E+002 
     12.14000000 -0.233036669093161E+005  0.244989703739486E+002 
     12.16000000 -0.233036669090839E+005  0.244989706062329E+002 
     12.18000000 -0.233036669088516E+005  0.244989708384646E+002 
     12.20000000 -0.233036669086197E+005  0.244989710704364E+002 
     12.22000000 -0.233036669083883E+005  0.244989713017617E+002 
     12.24000000 -0.233036669081578E+005  0.244989715322826E+002 
     12.26000000 -0.233036669079284E+005  0.244989717616775E+002 
     12.28000000 -0.233036669077003E+005  0.244989719898225E+002 
     12.30000000 -0.233036669074736E+005  0.244989722165198E+002 
     12.32000000 -0.233036669072485E+005  0.244989724416084E+002 
     12.34000000 -0.233036669070250E+005  0.244989726650698E+002 
     12.36000000 -0.233036669068032E+005  0.244989728868638E+002 
     12.38000000 -0.233036669065831E+005  0.244989731070119E+002 
     12.40000000 -0.233036669063644E+005  0.244989733256752E+002 
     12.42000000 -0.233036669061472E+005  0.244989735429402E+002 
     12.44000000 -0.233036669059310E+005  0.244989737590729E+002 
     12.46000000 -0.233036669057158E+005  0.244989739742528E+002 
     12.48000000 -0.233036669055014E+005  0.244989741887057E+002 
     12.50000000 -0.233036669052874E+005  0.244989744027471E+002 
     12.52000000 -0.233036669050736E+005  0.244989746165473E+002 
     12.54000000 -0.233036669048598E+005  0.244989748302886E+002 
     12.56000000 -0.233036669046460E+005  0.244989750441383E+002 
     12.58000000 -0.233036669044319E+005  0.244989752581859E+002 
     12.60000000 -0.233036669042177E+005  0.244989754723728E+002 
     12.62000000 -0.233036669040034E+005  0.244989756866772E+002 
     12.64000000 -0.233036669037892E+005  0.244989759009383E+002 
     12.66000000 -0.233036669035753E+005  0.244989761148281E+002 
     12.68000000 -0.233036669033620E+005  0.244989763280993E+002 
     12.70000000 -0.233036669031497E+005  0.244989765403991E+002 
     12.72000000 -0.233036669029387E+005  0.244989767513841E+002 
     12.74000000 -0.233036669027293E+005  0.244989769607604E+002 
     12.76000000 -0.233036669025218E+005  0.244989771682775E+002 
     12.78000000 -0.233036669023163E+005  0.244989773738456E+002 
     12.80000000 -0.233036669021126E+005  0.244989775774958E+002 
     12.82000000 -0.233036669019107E+005  0.244989777793918E+002 
     12.84000000 -0.233036669017102E+005  0.244989779798927E+002 
     12.86000000 -0.233036669015107E+005  0.244989781793789E+002 
     12.88000000 -0.233036669013117E+005  0.244989783783856E+002 
     12.90000000 -0.233036669011127E+005  0.244989785773891E+002 
     12.92000000 -0.233036669009133E+005  0.244989787768011E+002 
     12.94000000 -0.233036669007131E+005  0.244989789769616E+002 
     12.96000000 -0.233036669005119E+005  0.244989791781648E+002 
     12.98000000 -0.233036669003097E+005  0.244989793803578E+002 
     13.00000000 -0.233036669001065E+005  0.244989795835996E+002 
     13.02000000 -0.233036668999025E+005  0.244989797876364E+002 
     13.04000000 -0.233036668996980E+005  0.244989799921435E+002 
     13.06000000 -0.233036668994933E+005  0.244989801968021E+002 
     13.08000000 -0.233036668992888E+005  0.244989804012658E+002 
     13.10000000 -0.233036668990850E+005  0.244989806050768E+002 
     13.12000000 -0.233036668988821E+005  0.244989808079752E+002 
     13.14000000 -0.233036668986805E+005  0.244989810096331E+002 
     13.16000000 -0.233036668984803E+005  0.244989812097627E+002 
     13.18000000 -0.233036668982819E+005  0.244989814081971E+002 
     13.20000000 -0.233036668980854E+005  0.244989816047011E+002 
     13.22000000 -0.233036668978910E+005  0.244989817991385E+002 
     13.24000000 -0.233036668976987E+005  0.244989819914105E+002 
     13.26000000 -0.233036668975086E+005  0.244989821814612E+002 
     13.28000000 -0.233036668973208E+005  0.244989823692661E+002 
     13.30000000 -0.233036668971352E+005  0.244989825549301E+002 
     13.32000000 -0.233036668969515E+005  0.244989827386112E+002 
     13.34000000 -0.233036668967696E+005  0.244989829205321E+002 
     13.36000000 -0.233036668965889E+005  0.244989831011505E+002 
     13.38000000 -0.233036668964092E+005  0.244989832809028E+002 
     13.40000000 -0.233036668962299E+005  0.244989834602436E+002 
     13.42000000 -0.233036668960503E+005  0.244989836398288E+002 
     13.44000000 -0.233036668958699E+005  0.244989838202090E+002 
     13.46000000 -0.233036668956881E+005  0.244989840019845E+002 
     13.48000000 -0.233036668955045E+005  0.244989841855697E+002 
     13.50000000 -0.233036668953188E+005  0.244989843713297E+002 
     13.52000000 -0.233036668951307E+005  0.244989845594438E+002 
     13.54000000 -0.233036668949402E+005  0.244989847498597E+002 
     13.56000000 -0.233036668947477E+005  0.244989849423513E+002 
     13.58000000 -0.233036668945536E+005  0.244989851364701E+002 
     13.60000000 -0.233036668943585E+005  0.244989853316036E+002 
     13.62000000 -0.233036668941631E+005  0.244989855270403E+002 
     13.64000000 -0.233036668939681E+005  0.244989857219789E+002 
     13.66000000 -0.233036668937744E+005  0.244989859156677E+002 
     13.68000000 -0.233036668935827E+005  0.244989861073519E+002 
     13.70000000 -0.233036668933936E+005  0.244989862964993E+002 
     13.72000000 -0.233036668932074E+005  0.244989864827326E+002 
     13.74000000 -0.233036668930242E+005  0.244989866659033E+002 
     13.76000000 -0.233036668928441E+005  0.244989868460298E+002 
     13.78000000 -0.233036668926667E+005  0.244989870233784E+002 
     13.80000000 -0.233036668924918E+005  0.244989871983387E+002 
     13.82000000 -0.233036668923186E+005  0.244989873714831E+002 
     13.84000000 -0.233036668921467E+005  0.244989875433684E+002 
     13.86000000 -0.233036668919753E+005  0.244989877147958E+002 
     13.88000000 -0.233036668918037E+005  0.244989878863501E+002 
     13.90000000 -0.233036668916314E+005  0.244989880587427E+002 
     13.92000000 -0.233036668914576E+005  0.244989882325213E+002 
     13.94000000 -0.233036668912820E+005  0.244989884081219E+002 
     13.96000000 -0.233036668911043E+005  0.244989885857953E+002 
     13.98000000 -0.233036668909246E+005  0.244989887654826E+002 
     14.00000000 -0.233036668907430E+005  0.244989889470786E+002 
     14.02000000 -0.233036668905599E+005  0.244989891301534E+002 
     14.04000000 -0.233036668903759E+005  0.244989893141469E+002 
     14.06000000 -0.233036668901918E+005  0.244989894982828E+002 
     14.08000000 -0.233036668900082E+005  0.244989896818494E+002 
     14.10000000 -0.233036668898262E+005  0.244989898639063E+002 
     14.12000000 -0.233036668896464E+005  0.244989900437328E+002 
     14.14000000 -0.233036668894694E+005  0.244989902206792E+002 
     14.16000000 -0.233036668892959E+005  0.244989903942320E+002 
     14.18000000 -0.233036668891259E+005  0.244989905642363E+002 
     14.20000000 -0.233036668889595E+005  0.244989907306305E+002 
     14.22000000 -0.233036668887964E+005  0.244989908936775E+002 
     14.24000000 -0.233036668886363E+005  0.244989910537762E+002 
     14.26000000 -0.233036668884785E+005  0.244989912115579E+002 
     14.28000000 -0.233036668883224E+005  0.244989913676876E+002 
     14.30000000 -0.233036668881671E+005  0.244989915230408E+002 
     14.32000000 -0.233036668880118E+005  0.244989916782796E+002 
     14.34000000 -0.233036668878559E+005  0.244989918341556E+002 
     14.36000000 -0.233036668876989E+005  0.244989919912258E+002 
     14.38000000 -0.233036668875401E+005  0.244989921500067E+002 
     14.40000000 -0.233036668873793E+005  0.244989923107582E+002 
     14.42000000 -0.233036668872165E+005  0.244989924736411E+002 
     14.44000000 -0.233036668870515E+005  0.244989926386030E+002 
     14.46000000 -0.233036668868846E+005  0.244989928055076E+002 
     14.48000000 -0.233036668867160E+005  0.244989929740983E+002 
     14.50000000 -0.233036668865461E+005  0.244989931440068E+002 
     14.52000000 -0.233036668863752E+005  0.244989933149021E+002 
     14.54000000 -0.233036668862037E+005  0.244989934864285E+002 
     14.56000000 -0.233036668860318E+005  0.244989936582458E+002 
     14.58000000 -0.233036668858601E+005  0.244989938300259E+002 
     14.60000000 -0.233036668856884E+005  0.244989940016760E+002 
     14.62000000 -0.233036668855172E+005  0.244989941728869E+002 
     14.64000000 -0.233036668853466E+005  0.244989943435348E+002 
     14.66000000 -0.233036668851766E+005  0.244989945134897E+002 
     14.68000000 -0.233036668850075E+005  0.244989946826341E+002 
     14.70000000 -0.233036668848393E+005  0.244989948508442E+002 
     14.72000000 -0.233036668846721E+005  0.244989950180087E+002 
     14.74000000 -0.233036668845060E+005  0.244989951840595E+002 
     14.76000000 -0.233036668843412E+005  0.244989953489440E+002 
     14.78000000 -0.233036668841773E+005  0.244989955127581E+002 
     14.80000000 -0.233036668840145E+005  0.244989956756071E+002 
     14.82000000 -0.233036668838524E+005  0.244989958377198E+002 
     14.84000000 -0.233036668836907E+005  0.244989959993715E+002 
     14.86000000 -0.233036668835291E+005  0.244989961609676E+002 
     14.88000000 -0.233036668833672E+005  0.244989963228977E+002 
     14.90000000 -0.233036668832046E+005  0.244989964855208E+002 
     14.92000000 -0.233036668830409E+005  0.244989966491525E+002 
     14.94000000 -0.233036668828761E+005  0.244989968140091E+002 
     14.96000000 -0.233036668827099E+005  0.244989969801713E+002 
     14.98000000 -0.233036668825424E+005  0.244989971476761E+002 
     15.00000000 -0.233036668823737E+005  0.244989973163812E+002 
     15.02000000 -0.233036668822041E+005  0.244989974859958E+002 
     15.04000000 -0.233036668820339E+005  0.244989976562415E+002 
     15.06000000 -0.233036668818635E+005  0.244989978266450E+002 
     15.08000000 -0.233036668816932E+005  0.244989979968628E+002 
     15.10000000 -0.233036668815237E+005  0.244989981663815E+002 
     15.12000000 -0.233036668813553E+005  0.244989983348422E+002 
     15.14000000 -0.233036668811882E+005  0.244989985019201E+002 
     15.16000000 -0.233036668810226E+005  0.244989986674666E+002 
     15.18000000 -0.233036668808588E+005  0.244989988313117E+002 
     15.20000000 -0.233036668806965E+005  0.244989989935822E+002 
     15.22000000 -0.233036668805357E+005  0.244989991544265E+002 
     15.24000000 -0.233036668803760E+005  0.244989993140952E+002 
     15.26000000 -0.233036668802171E+005  0.244989994730122E+002 
     15.28000000 -0.233036668800585E+005  0.244989996315704E+002 
     15.30000000 -0.233036668798998E+005  0.244989997902616E+002 
     15.32000000 -0.233036668797407E+005  0.244989999494446E+002 
     15.34000000 -0.233036668795806E+005  0.244990001095156E+002 
     15.36000000 -0.233036668794194E+005  0.244990002706816E+002 
     15.38000000 -0.233036668792570E+005  0.244990004330882E+002 
     15.40000000 -0.233036668790934E+005  0.244990005967167E+002 
     15.42000000 -0.233036668789286E+005  0.244990007614991E+002 
     15.44000000 -0.233036668787629E+005  0.244990009271973E+002 
     15.46000000 -0.233036668785965E+005  0.244990010936008E+002 
     15.48000000 -0.233036668784297E+005  0.244990012604188E+002 
     15.50000000 -0.233036668782627E+005  0.244990014274471E+002 
     15.52000000 -0.233036668780958E+005  0.244990015943239E+002 
     15.54000000 -0.233036668779291E+005  0.244990017609749E+002 
     15.56000000 -0.233036668777629E+005  0.244990019271711E+002 
     15.58000000 -0.233036668775972E+005  0.244990020928878E+002 
     15.60000000 -0.233036668774321E+005  0.244990022580043E+002 
     15.62000000 -0.233036668772675E+005  0.244990024225764E+002 
     15.64000000 -0.233036668771035E+005  0.244990025865483E+002 
     15.66000000 -0.233036668769401E+005  0.244990027499881E+002 
     15.68000000 -0.233036668767774E+005  0.244990029127319E+002 
     15.70000000 -0.233036668766151E+005  0.244990030749745E+002 
     15.72000000 -0.233036668764535E+005  0.244990032366108E+002 
     15.74000000 -0.233036668762924E+005  0.244990033977026E+002 
     15.76000000 -0.233036668761317E+005  0.244990035583644E+002 
     15.78000000 -0.233036668759714E+005  0.244990037186611E+002 
     15.80000000 -0.233036668758113E+005  0.244990038787537E+002 
     15.82000000 -0.233036668756513E+005  0.244990040387813E+002 
     15.84000000 -0.233036668754912E+005  0.244990041989388E+002 
     15.86000000 -0.233036668753307E+005  0.244990043593841E+002 
     15.88000000 -0.233036668751698E+005  0.244990045202810E+002 
     15.90000000 -0.233036668750084E+005  0.244990046817131E+002 
     15.92000000 -0.233036668748464E+005  0.244990048437453E+002 
     15.94000000 -0.233036668746838E+005  0.244990050063220E+002 
     15.96000000 -0.233036668745208E+005  0.244990051693009E+002 
     15.98000000 -0.233036668743576E+005  0.244990053324747E+002 
     16.00000000 -0.233036668741945E+005  0.244990054955619E+002 
     16.02000000 -0.233036668740318E+005  0.244990056582964E+002 
     16.04000000 -0.233036668738697E+005  0.244990058203503E+002 
     16.06000000 -0.233036668737085E+005  0.244990059815565E+002 
     16.08000000 -0.233036668735484E+005  0.244990061416615E+002 
     16.10000000 -0.233036668733895E+005  0.244990063006280E+002 
     16.12000000 -0.233036668732316E+005  0.244990064585303E+002 
     16.14000000 -0.233036668730746E+005  0.244990066154798E+002 
     16.16000000 -0.233036668729183E+005  0.244990067717735E+002 
     16.18000000 -0.233036668727624E+005  0.244990069277145E+002 
     16.20000000 -0.233036668726065E+005  0.244990070836183E+002 
     16.22000000 -0.233036668724503E+005  0.244990072398316E+002 
     16.24000000 -0.233036668722936E+005  0.244990073965398E+002 
     16.26000000 -0.233036668721362E+005  0.244990075538543E+002 
     16.28000000 -0.233036668719783E+005  0.244990077118185E+002 
     16.30000000 -0.233036668718198E+005  0.244990078702498E+002 
     16.32000000 -0.233036668716611E+005  0.244990080289596E+002 
     16.34000000 -0.233036668715024E+005  0.244990081876848E+002 
     16.36000000 -0.233036668713440E+005  0.244990083461068E+002 
     16.38000000 -0.233036668711862E+005  0.244990085039225E+002 
     16.40000000 -0.233036668710292E+005  0.244990086609339E+002 
     16.42000000 -0.233036668708731E+005  0.244990088169584E+002 
     16.44000000 -0.233036668707182E+005  0.244990089719188E+002 
     16.46000000 -0.233036668705643E+005  0.244990091257871E+002 
     16.48000000 -0.233036668704115E+005  0.244990092786314E+002 
     16.50000000 -0.233036668702595E+005  0.244990094306033E+002 
     16.52000000 -0.233036668701083E+005  0.244990095817988E+002 
     16.54000000 -0.233036668699577E+005  0.244990097324126E+002 
     16.56000000 -0.233036668698076E+005  0.244990098825408E+002 
     16.58000000 -0.233036668696578E+005  0.244990100322853E+002 
     16.60000000 -0.233036668695083E+005  0.244990101817484E+002 
     16.62000000 -0.233036668693592E+005  0.244990103308588E+002 
     16.64000000 -0.233036668692104E+005  0.244990104796598E+002 
     16.66000000 -0.233036668690620E+005  0.244990106280556E+002 
     16.68000000 -0.233036668689141E+005  0.244990107759842E+002 
     16.70000000 -0.233036668687667E+005  0.244990109233900E+002 
     16.72000000 -0.233036668686198E+005  0.244990110703411E+002 
     16.74000000 -0.233036668684733E+005  0.244990112168405E+002 
     16.76000000 -0.233036668683270E+005  0.244990113630831E+002 
     16.78000000 -0.233036668681809E+005  0.244990115092391E+002 
     16.80000000 -0.233036668680345E+005  0.244990116556086E+002 
     16.82000000 -0.233036668678876E+005  0.244990118024730E+002 
     16.84000000 -0.233036668677399E+005  0.244990119501665E+002 
     16.86000000 -0.233036668675912E+005  0.244990120989304E+002 
     16.88000000 -0.233036668674411E+005  0.244990122490215E+002 
     16.90000000 -0.233036668672896E+005  0.244990124005387E+002 
     16.92000000 -0.233036668671365E+005  0.244990125535933E+002 
     16.94000000 -0.233036668669819E+005  0.244990127081763E+002 
     16.96000000 -0.233036668668259E+005  0.244990128641760E+002 
     16.98000000 -0.233036668666687E+005  0.244990130214442E+002 
     17.00000000 -0.233036668665104E+005  0.244990131797146E+002 
     17.02000000 -0.233036668663514E+005  0.244990133387059E+002 
     17.04000000 -0.233036668661920E+005  0.244990134981303E+002 
     17.06000000 -0.233036668660324E+005  0.244990136576969E+002 
     17.08000000 -0.233036668658731E+005  0.244990138170439E+002 
     17.10000000 -0.233036668657141E+005  0.244990139759486E+002 
     17.12000000 -0.233036668655559E+005  0.244990141342438E+002 
     17.14000000 -0.233036668653983E+005  0.244990142917873E+002 
     17.16000000 -0.233036668652415E+005  0.244990144485604E+002 
     17.18000000 -0.233036668650856E+005  0.244990146045293E+002 
     17.20000000 -0.233036668649303E+005  0.244990147598237E+002 
     17.22000000 -0.233036668647756E+005  0.244990149144994E+002 
     17.24000000 -0.233036668646214E+005  0.244990150686833E+002 
     17.26000000 -0.233036668644676E+005  0.244990152224897E+002 
     17.28000000 -0.233036668643141E+005  0.244990153759930E+002 
     17.30000000 -0.233036668641609E+005  0.244990155292425E+002 
     17.32000000 -0.233036668640079E+005  0.244990156822323E+002 
     17.34000000 -0.233036668638551E+005  0.244990158349900E+002 
     17.36000000 -0.233036668637027E+005  0.244990159874198E+002 
     17.38000000 -0.233036668635505E+005  0.244990161395742E+002 
     17.40000000 -0.233036668633986E+005  0.244990162914595E+002 
     17.42000000 -0.233036668632470E+005  0.244990164431407E+002 
     17.44000000 -0.233036668630954E+005  0.244990165947321E+002 
     17.46000000 -0.233036668629437E+005  0.244990167463947E+002 
     17.48000000 -0.233036668627918E+005  0.244990168983109E+002 
     17.50000000 -0.233036668626393E+005  0.244990170507809E+002 
     17.52000000 -0.233036668624860E+005  0.244990172040769E+002 
     17.54000000 -0.233036668623317E+005  0.244990173584154E+002 
     17.56000000 -0.233036668621761E+005  0.244990175139945E+002 
     17.58000000 -0.233036668620191E+005  0.244990176709997E+002 
     17.60000000 -0.233036668618606E+005  0.244990178294650E+002 
     17.62000000 -0.233036668617009E+005  0.244990179892204E+002 
     17.64000000 -0.233036668615399E+005  0.244990181501761E+002 
     17.66000000 -0.233036668613782E+005  0.244990183119392E+002 
     17.68000000 -0.233036668612160E+005  0.244990184741230E+002 
     17.70000000 -0.233036668610539E+005  0.244990186362202E+002 
     17.72000000 -0.233036668608923E+005  0.244990187977792E+002 
     17.74000000 -0.233036668607318E+005  0.244990189582770E+002 
     17.76000000 -0.233036668605728E+005  0.244990191172559E+002 
     17.78000000 -0.233036668604157E+005  0.244990192744312E+002 
     17.80000000 -0.233036668602606E+005  0.244990194295308E+002 
     17.82000000 -0.233036668601076E+005  0.244990195825328E+002 
     17.84000000 -0.233036668599566E+005  0.244990197334808E+002 
     17.86000000 -0.233036668598075E+005  0.244990198825912E+002 
     17.88000000 -0.233036668596599E+005  0.244990200302228E+002 
     17.90000000 -0.233036668595132E+005  0.244990201768645E+002 
     17.92000000 -0.233036668593671E+005  0.244990203229494E+002 
     17.94000000 -0.233036668592210E+005  0.244990204690652E+002 
     17.96000000 -0.233036668590745E+005  0.244990206156450E+002 
     17.98000000 -0.233036668589270E+005  0.244990207631127E+002 
     18.00000000 -0.233036668587783E+005  0.244990209117807E+002 
     18.02000000 -0.233036668586284E+005  0.244990210617387E+002 
     18.04000000 -0.233036668584771E+005  0.244990212129713E+002 
     18.06000000 -0.233036668583248E+005  0.244990213653238E+002 
     18.08000000 -0.233036668581716E+005  0.244990215184620E+002 
     18.10000000 -0.233036668580182E+005  0.244990216719250E+002 
     18.12000000 -0.233036668578647E+005  0.244990218253509E+002 
     18.14000000 -0.233036668577118E+005  0.244990219782850E+002 
     18.16000000 -0.233036668575597E+005  0.244990221304456E+002 
     18.18000000 -0.233036668574086E+005  0.244990222815452E+002 
     18.20000000 -0.233036668572585E+005  0.244990224315620E+002 
     18.22000000 -0.233036668571096E+005  0.244990225805331E+002 
     18.24000000 -0.233036668569614E+005  0.244990227286721E+002 
     18.26000000 -0.233036668568138E+005  0.244990228762728E+002 
     18.28000000 -0.233036668566665E+005  0.244990230236446E+002 
     18.30000000 -0.233036668565189E+005  0.244990231711525E+002 
     18.32000000 -0.233036668563710E+005  0.244990233190471E+002 
     18.34000000 -0.233036668562226E+005  0.244990234675295E+002 
     18.36000000 -0.233036668560734E+005  0.244990236167172E+002 
     18.38000000 -0.233036668559235E+005  0.244990237666010E+002 
     18.40000000 -0.233036668557730E+005  0.244990239171128E+002 
     18.42000000 -0.233036668556220E+005  0.244990240680638E+002 
     18.44000000 -0.233036668554708E+005  0.244990242192469E+002 
     18.46000000 -0.233036668553196E+005  0.244990243704671E+002 
     18.48000000 -0.233036668551686E+005  0.244990245214769E+002 
     18.50000000 -0.233036668550178E+005  0.244990246722640E+002 
     18.52000000 -0.233036668548673E+005  0.244990248227634E+002 
     18.54000000 -0.233036668547170E+005  0.244990249730494E+002 
     18.56000000 -0.233036668545668E+005  0.244990251233075E+002 
     18.58000000 -0.233036668544163E+005  0.244990252737976E+002 
     18.60000000 -0.233036668542653E+005  0.244990254247548E+002 
     18.62000000 -0.233036668541136E+005  0.244990255764483E+002 
     18.64000000 -0.233036668539609E+005  0.244990257291565E+002 
     18.66000000 -0.233036668538071E+005  0.244990258829630E+002 
     18.68000000 -0.233036668536522E+005  0.244990260379388E+002 
     18.70000000 -0.233036668534961E+005  0.244990261939478E+002 
     18.72000000 -0.233036668533393E+005  0.244990263508354E+002 
     18.74000000 -0.233036668531818E+005  0.244990265083449E+002 
     18.76000000 -0.233036668530240E+005  0.244990266661327E+002 
     18.78000000 -0.233036668528662E+005  0.244990268239206E+002 
     18.80000000 -0.233036668527087E+005  0.244990269814393E+002 
     18.82000000 -0.233036668525516E+005  0.244990271384507E+002 
     18.84000000 -0.233036668523953E+005  0.244990272947505E+002 
     18.86000000 -0.233036668522398E+005  0.244990274503265E+002 
     18.88000000 -0.233036668520849E+005  0.244990276051538E+002 
     18.90000000 -0.233036668519308E+005  0.244990277592727E+002 
     18.92000000 -0.233036668517773E+005  0.244990279128378E+002 
     18.94000000 -0.233036668516241E+005  0.244990280660101E+002 
     18.96000000 -0.233036668514711E+005  0.244990282189688E+002 
     18.98000000 -0.233036668513182E+005  0.244990283719276E+002 
     19.00000000 -0.233036668511651E+005  0.244990285250256E+002 
     19.02000000 -0.233036668510117E+005  0.244990286784454E+002 
     19.04000000 -0.233036668508578E+005  0.244990288322704E+002 
     19.06000000 -0.233036668507034E+005  0.244990289866522E+002 
     19.08000000 -0.233036668505485E+005  0.244990291415909E+002 
     19.10000000 -0.233036668503930E+005  0.244990292970678E+002 
     19.12000000 -0.233036668502370E+005  0.244990294530676E+002 
     19.14000000 -0.233036668500806E+005  0.244990296094510E+002 
     19.16000000 -0.233036668499240E+005  0.244990297661220E+002 
     19.18000000 -0.233036668497672E+005  0.244990299228643E+002 
     19.20000000 -0.233036668496105E+005  0.244990300795508E+002 
     19.22000000 -0.233036668494541E+005  0.244990302359930E+002 
     19.24000000 -0.233036668492980E+005  0.244990303921443E+002 
     19.26000000 -0.233036668491422E+005  0.244990305478688E+002 
     19.28000000 -0.233036668489869E+005  0.244990307032096E+002 
     19.30000000 -0.233036668488319E+005  0.244990308582380E+002 
     19.32000000 -0.233036668486770E+005  0.244990310130529E+002 
     19.34000000 -0.233036668485223E+005  0.244990311678215E+002 
     19.36000000 -0.233036668483673E+005  0.244990313227756E+002 
     19.38000000 -0.233036668482121E+005  0.244990314780206E+002 
     19.40000000 -0.233036668480563E+005  0.244990316338223E+002 
     19.42000000 -0.233036668478999E+005  0.244990317902088E+002 
     19.44000000 -0.233036668477428E+005  0.244990319473346E+002 
     19.46000000 -0.233036668475850E+005  0.244990321051380E+002 
     19.48000000 -0.233036668474265E+005  0.244990322636281E+002 
     19.50000000 -0.233036668472674E+005  0.244990324226781E+002 
     19.52000000 -0.233036668471079E+005  0.244990325821644E+002 
     19.54000000 -0.233036668469482E+005  0.244990327419135E+002 
     19.56000000 -0.233036668467883E+005  0.244990329017710E+002 
     19.58000000 -0.233036668466286E+005  0.244990330614738E+002 
     19.60000000 -0.233036668464692E+005  0.244990332209229E+002 
     19.62000000 -0.233036668463102E+005  0.244990333798585E+002 
     19.64000000 -0.233036668461518E+005  0.244990335382712E+002 
     19.66000000 -0.233036668459941E+005  0.244990336960467E+002 
     19.68000000 -0.233036668458369E+005  0.244990338531509E+002 
     19.70000000 -0.233036668456805E+005  0.244990340096147E+002 
     19.72000000 -0.233036668455247E+005  0.244990341654227E+002 
     19.74000000 -0.233036668453695E+005  0.244990343205686E+002 
     19.76000000 -0.233036668452151E+005  0.244990344750278E+002 
     19.78000000 -0.233036668450614E+005  0.244990346287043E+002 
     19.80000000 -0.233036668449086E+005  0.244990347815393E+002 
     19.82000000 -0.233036668447566E+005  0.244990349334525E+002 
     19.84000000 -0.233036668446057E+005  0.244990350843602E+002 
     19.86000000 -0.233036668444558E+005  0.244990352342626E+002 
     19.88000000 -0.233036668443069E+005  0.244990353832461E+002 
     19.90000000 -0.233036668441587E+005  0.244990355314408E+002 
     19.92000000 -0.233036668440110E+005  0.244990356791343E+002 
     19.94000000 -0.233036668438634E+005  0.244990358266484E+002 
     19.96000000 -0.233036668437158E+005  0.244990359743079E+002 
     19.98000000 -0.233036668435676E+005  0.244990361224778E+002 
     20.00000000 -0.233036668434186E+005  0.244990362714583E+002 
     20.02000000 -0.233036668432687E+005  0.244990364214441E+002 
     20.04000000 -0.233036668431176E+005  0.244990365725066E+002 
     20.06000000 -0.233036668429655E+005  0.244990367246084E+002 
     20.08000000 -0.233036668428125E+005  0.244990368775858E+002 
     20.10000000 -0.233036668426589E+005  0.244990370311571E+002 
     20.12000000 -0.233036668425050E+005  0.244990371850625E+002 
     20.14000000 -0.233036668423512E+005  0.244990373389432E+002 
     20.16000000 -0.233036668421976E+005  0.244990374925145E+002 
     20.18000000 -0.233036668420446E+005  0.244990376455228E+002 
     20.20000000 -0.233036668418923E+005  0.244990377977948E+002 
     20.22000000 -0.233036668417409E+005  0.244990379492439E+002 
     20.24000000 -0.233036668415903E+005  0.244990380997526E+002 
     20.26000000 -0.233036668414407E+005  0.244990382493518E+002 
     20.28000000 -0.233036668412920E+005  0.244990383980693E+002 
     20.30000000 -0.233036668411441E+005  0.244990385460010E+002 
     20.32000000 -0.233036668409969E+005  0.244990386932367E+002 
     20.34000000 -0.233036668408503E+005  0.244990388398412E+002 
     20.36000000 -0.233036668407042E+005  0.244990389859230E+002 
     20.38000000 -0.233036668405586E+005  0.244990391315407E+002 
     20.40000000 -0.233036668404134E+005  0.244990392767408E+002 
     20.42000000 -0.233036668402684E+005  0.244990394216501E+002 
     20.44000000 -0.233036668401239E+005  0.244990395662439E+002 
     20.46000000 -0.233036668399794E+005  0.244990397106706E+002 
     20.48000000 -0.233036668398351E+005  0.244990398549859E+002 
     20.50000000 -0.233036668396907E+005  0.244990399993941E+002 
     20.52000000 -0.233036668395460E+005  0.244990401440806E+002 
     20.54000000 -0.233036668394009E+005  0.244990402892189E+002 
     20.56000000 -0.233036668392550E+005  0.244990404350686E+002 
     20.58000000 -0.233036668391082E+005  0.244990405818959E+002 
     20.60000000 -0.233036668389602E+005  0.244990407298833E+002 
     20.62000000 -0.233036668388109E+005  0.244990408791701E+002 
     20.64000000 -0.233036668386603E+005  0.244990410297963E+002 
     20.66000000 -0.233036668385084E+005  0.244990411816971E+002 
     20.68000000 -0.233036668383554E+005  0.244990413347301E+002 
     20.70000000 -0.233036668382015E+005  0.244990414885551E+002 
     20.72000000 -0.233036668380472E+005  0.244990416428812E+002 
     20.74000000 -0.233036668378928E+005  0.244990417973064E+002 
     20.76000000 -0.233036668377387E+005  0.244990419513881E+002 
     20.78000000 -0.233036668375852E+005  0.244990421048821E+002 
     20.80000000 -0.233036668374326E+005  0.244990422574573E+002 
     20.82000000 -0.233036668372811E+005  0.244990424090209E+002 
     20.84000000 -0.233036668371305E+005  0.244990425595822E+002 
     20.86000000 -0.233036668369808E+005  0.244990427093298E+002 
     20.88000000 -0.233036668368316E+005  0.244990428584464E+002 
     20.90000000 -0.233036668366828E+005  0.244990430072536E+002 
     20.92000000 -0.233036668365340E+005  0.244990431560577E+002 
     20.94000000 -0.233036668363850E+005  0.244990433051031E+002 
     20.96000000 -0.233036668362356E+005  0.244990434544610E+002 
     20.98000000 -0.233036668360859E+005  0.244990436042148E+002 
     21.00000000 -0.233036668359358E+005  0.244990437542533E+002 
     21.02000000 -0.233036668357858E+005  0.244990439043103E+002 
     21.04000000 -0.233036668356360E+005  0.244990440541105E+002 
     21.06000000 -0.233036668354867E+005  0.244990442033570E+002 
     21.08000000 -0.233036668353383E+005  0.244990443517930E+002 
     21.10000000 -0.233036668351909E+005  0.244990444992050E+002 
     21.12000000 -0.233036668350446E+005  0.244990446455126E+002 
     21.14000000 -0.233036668348994E+005  0.244990447906818E+002 
     21.16000000 -0.233036668347553E+005  0.244990449347744E+002 
     21.18000000 -0.233036668346121E+005  0.244990450780317E+002 
     21.20000000 -0.233036668344696E+005  0.244990452205280E+002 
     21.22000000 -0.233036668343275E+005  0.244990453625541E+002 
     21.24000000 -0.233036668341858E+005  0.244990455043080E+002 
     21.26000000 -0.233036668340442E+005  0.244990456458824E+002 
     21.28000000 -0.233036668339026E+005  0.244990457874816E+002 
     21.30000000 -0.233036668337610E+005  0.244990459290807E+002 
     21.32000000 -0.233036668336194E+005  0.244990460707480E+002 
     21.34000000 -0.233036668334776E+005  0.244990462124802E+002 
     21.36000000 -0.233036668333358E+005  0.244990463543299E+002 
     21.38000000 -0.233036668331939E+005  0.244990464962446E+002 
     21.40000000 -0.233036668330518E+005  0.244990466383264E+002 
     21.42000000 -0.233036668329094E+005  0.244990467806557E+002 
     21.44000000 -0.233036668327667E+005  0.244990469233500E+002 
     21.46000000 -0.233036668326235E+005  0.244990470665516E+002 
     21.48000000 -0.233036668324797E+005  0.244990472104277E+002 
     21.50000000 -0.233036668323351E+005  0.244990473550338E+002 
     21.52000000 -0.233036668321896E+005  0.244990475005433E+002 
     21.54000000 -0.233036668320432E+005  0.244990476469158E+002 
     21.56000000 -0.233036668318960E+005  0.244990477941360E+002 
     21.58000000 -0.233036668317481E+005  0.244990479420090E+002 
     21.60000000 -0.233036668315997E+005  0.244990480903707E+002 
     21.62000000 -0.233036668314512E+005  0.244990482388469E+002 
     21.64000000 -0.233036668313030E+005  0.244990483871375E+002 
     21.66000000 -0.233036668311552E+005  0.244990485348805E+002 
     21.68000000 -0.233036668310084E+005  0.244990486817016E+002 
     21.70000000 -0.233036668308626E+005  0.244990488274709E+002 
     21.72000000 -0.233036668307181E+005  0.244990489720245E+002 
     21.74000000 -0.233036668305746E+005  0.244990491154458E+002 
     21.76000000 -0.233036668304322E+005  0.244990492579359E+002 
     21.78000000 -0.233036668302903E+005  0.244990493997826E+002 
     21.80000000 -0.233036668301487E+005  0.244990495413941E+002 
     21.82000000 -0.233036668300070E+005  0.244990496831449E+002 
     21.84000000 -0.233036668298648E+005  0.244990498253349E+002 
     21.86000000 -0.233036668297219E+005  0.244990499682148E+002 
     21.88000000 -0.233036668295782E+005  0.244990501118929E+002 
     21.90000000 -0.233036668294338E+005  0.244990502562763E+002 
     21.92000000 -0.233036668292888E+005  0.244990504012536E+002 
     21.94000000 -0.233036668291435E+005  0.244990505466022E+002 
     21.96000000 -0.233036668289981E+005  0.244990506920096E+002 
     21.98000000 -0.233036668288528E+005  0.244990508372499E+002 
     22.00000000 -0.233036668287080E+005  0.244990509820540E+002 
     22.02000000 -0.233036668285638E+005  0.244990511263199E+002 
     22.04000000 -0.233036668284201E+005  0.244990512699732E+002 
     22.06000000 -0.233036668282771E+005  0.244990514130078E+002 
     22.08000000 -0.233036668281346E+005  0.244990515554979E+002 
     22.10000000 -0.233036668279925E+005  0.244990516975673E+002 
     22.12000000 -0.233036668278508E+005  0.244990518393212E+002 
     22.14000000 -0.233036668277093E+005  0.244990519807997E+002 
     22.16000000 -0.233036668275680E+005  0.244990521221421E+002 
     22.18000000 -0.233036668274267E+005  0.244990522634041E+002 
     22.20000000 -0.233036668272856E+005  0.244990524045423E+002 
     22.22000000 -0.233036668271444E+005  0.244990525456589E+002 
     22.24000000 -0.233036668270033E+005  0.244990526867785E+002 
     22.26000000 -0.233036668268621E+005  0.244990528279972E+002 
     22.28000000 -0.233036668267206E+005  0.244990529694541E+002 
     22.30000000 -0.233036668265788E+005  0.244990531112822E+002 
     22.32000000 -0.233036668264364E+005  0.244990532537321E+002 
     22.34000000 -0.233036668262932E+005  0.244990533968873E+002 
     22.36000000 -0.233036668261492E+005  0.244990535409057E+002 
     22.38000000 -0.233036668260043E+005  0.244990536857902E+002 
     22.40000000 -0.233036668258586E+005  0.244990538314853E+002 
     22.42000000 -0.233036668257122E+005  0.244990539778610E+002 
     22.44000000 -0.233036668255654E+005  0.244990541246728E+002 
     22.46000000 -0.233036668254184E+005  0.244990542716827E+002 
     22.48000000 -0.233036668252715E+005  0.244990544186399E+002 
     22.50000000 -0.233036668251249E+005  0.244990545652445E+002 
     22.52000000 -0.233036668249788E+005  0.244990547113263E+002 
     22.54000000 -0.233036668248334E+005  0.244990548567151E+002 
     22.56000000 -0.233036668246887E+005  0.244990550013862E+002 
     22.58000000 -0.233036668245447E+005  0.244990551454045E+002 
     22.60000000 -0.233036668244013E+005  0.244990552888413E+002 
     22.62000000 -0.233036668242583E+005  0.244990554317800E+002 
     22.64000000 -0.233036668241157E+005  0.244990555743691E+002 
     22.66000000 -0.233036668239734E+005  0.244990557167076E+002 
     22.68000000 -0.233036668238312E+005  0.244990558588636E+002 
     22.70000000 -0.233036668236893E+005  0.244990560008124E+002 
     22.72000000 -0.233036668235475E+005  0.244990561425632E+002 
     22.74000000 -0.233036668234061E+005  0.244990562840231E+002 
     22.76000000 -0.233036668232650E+005  0.244990564251026E+002 
     22.78000000 -0.233036668231244E+005  0.244990565657335E+002 
     22.80000000 -0.233036668229842E+005  0.244990567059189E+002 
     22.82000000 -0.233036668228445E+005  0.244990568455877E+002 
     22.84000000 -0.233036668227053E+005  0.244990569847738E+002 
     22.86000000 -0.233036668225666E+005  0.244990571235022E+002 
     22.88000000 -0.233036668224283E+005  0.244990572618222E+002 
     22.90000000 -0.233036668222903E+005  0.244990573997833E+002 
     22.92000000 -0.233036668221526E+005  0.244990575374660E+002 
     22.94000000 -0.233036668220152E+005  0.244990576748486E+002 
     22.96000000 -0.233036668218781E+005  0.244990578120333E+002 
     22.98000000 -0.233036668217411E+005  0.244990579490292E+002 
     23.00000000 -0.233036668216041E+005  0.244990580860313E+002 
     23.02000000 -0.233036668214669E+005  0.244990582232129E+002 
     23.04000000 -0.233036668213293E+005  0.244990583607997E+002 
     23.06000000 -0.233036668211910E+005  0.244990584991444E+002 
     23.08000000 -0.233036668210515E+005  0.244990586385471E+002 
     23.10000000 -0.233036668209107E+005  0.244990587793575E+002 
     23.12000000 -0.233036668207683E+005  0.244990589218414E+002 
     23.14000000 -0.233036668206239E+005  0.244990590661784E+002 
     23.16000000 -0.233036668204777E+005  0.244990592123591E+002 
     23.18000000 -0.233036668203298E+005  0.244990593602568E+002 
     23.20000000 -0.233036668201805E+005  0.244990595095838E+002 
     23.22000000 -0.233036668200301E+005  0.244990596599501E+002 
     23.24000000 -0.233036668198793E+005  0.244990598108300E+002 
     23.26000000 -0.233036668197283E+005  0.244990599618213E+002 
     23.28000000 -0.233036668195777E+005  0.244990601124073E+002 
     23.30000000 -0.233036668194279E+005  0.244990602622385E+002 
     23.32000000 -0.233036668192790E+005  0.244990604110519E+002 
     23.34000000 -0.233036668191313E+005  0.244990605587887E+002 
     23.36000000 -0.233036668189847E+005  0.244990607054397E+002 
     23.38000000 -0.233036668188390E+005  0.244990608511441E+002 
     23.40000000 -0.233036668186940E+005  0.244990609961276E+002 
     23.42000000 -0.233036668185494E+005  0.244990611406904E+002 
     23.44000000 -0.233036668184050E+005  0.244990612850738E+002 
     23.46000000 -0.233036668182605E+005  0.244990614295562E+002 
     23.48000000 -0.233036668181157E+005  0.244990615743851E+002 
     23.50000000 -0.233036668179703E+005  0.244990617197646E+002 
     23.52000000 -0.233036668178243E+005  0.244990618658371E+002 
     23.54000000 -0.233036668176774E+005  0.244990620127016E+002 
     23.56000000 -0.233036668175298E+005  0.244990621603394E+002 
     23.58000000 -0.233036668173813E+005  0.244990623087692E+002 
     23.60000000 -0.233036668172323E+005  0.244990624578177E+002 
     23.62000000 -0.233036668170828E+005  0.244990626073179E+002 
     23.64000000 -0.233036668169331E+005  0.244990627569913E+002 
     23.66000000 -0.233036668167835E+005  0.244990629065626E+002 
     23.68000000 -0.233036668166344E+005  0.244990630557132E+002 
     23.70000000 -0.233036668164859E+005  0.244990632041677E+002 
     23.72000000 -0.233036668163385E+005  0.244990633516138E+002 
     23.74000000 -0.233036668161922E+005  0.244990634979461E+002 
     23.76000000 -0.233036668160471E+005  0.244990636430163E+002 
     23.78000000 -0.233036668159032E+005  0.244990637868521E+002 
     23.80000000 -0.233036668157606E+005  0.244990639295124E+002 
     23.82000000 -0.233036668156189E+005  0.244990640711610E+002 
     23.84000000 -0.233036668154781E+005  0.244990642119683E+002 
     23.86000000 -0.233036668153379E+005  0.244990643521568E+002 
     23.88000000 -0.233036668151982E+005  0.244990644919276E+002 
     23.90000000 -0.233036668150587E+005  0.244990646314417E+002 
     23.92000000 -0.233036668149192E+005  0.244990647708538E+002 
     23.94000000 -0.233036668147799E+005  0.244990649102194E+002 
     23.96000000 -0.233036668146405E+005  0.244990650495850E+002 
     23.98000000 -0.233036668145012E+005  0.244990651889413E+002 
     24.00000000 -0.233036668143619E+005  0.244990653282420E+002 
     24.02000000 -0.233036668142226E+005  0.244990654674715E+002 
     24.04000000 -0.233036668140835E+005  0.244990656065741E+002 
     24.06000000 -0.233036668139445E+005  0.244990657456149E+002 
     24.08000000 -0.233036668138055E+005  0.244990658845660E+002 
     24.10000000 -0.233036668136665E+005  0.244990660235573E+002 
     24.12000000 -0.233036668135275E+005  0.244990661625578E+002 
     24.14000000 -0.233036668133884E+005  0.244990663017224E+002 
     24.16000000 -0.233036668132491E+005  0.244990664410168E+002 
     24.18000000 -0.233036668131095E+005  0.244990665805959E+002 
     24.20000000 -0.233036668129696E+005  0.244990667204998E+002 
     24.22000000 -0.233036668128293E+005  0.244990668607687E+002 
     24.24000000 -0.233036668126886E+005  0.244990670014708E+002 
     24.26000000 -0.233036668125474E+005  0.244990671427389E+002 
     24.28000000 -0.233036668124055E+005  0.244990672846134E+002 
     24.30000000 -0.233036668122629E+005  0.244990674271531E+002 
     24.32000000 -0.233036668121197E+005  0.244990675704228E+002 
     24.34000000 -0.233036668119756E+005  0.244990677144782E+002 
     24.36000000 -0.233036668118308E+005  0.244990678592545E+002 
     24.38000000 -0.233036668116854E+005  0.244990680047423E+002 
     24.40000000 -0.233036668115393E+005  0.244990681507808E+002 
     24.42000000 -0.233036668113928E+005  0.244990682972833E+002 
     24.44000000 -0.233036668112461E+005  0.244990684440425E+002 
     24.46000000 -0.233036668110992E+005  0.244990685909008E+002 
     24.48000000 -0.233036668109524E+005  0.244990687377034E+002 
     24.50000000 -0.233036668108059E+005  0.244990688841873E+002 
     24.52000000 -0.233036668106598E+005  0.244990690303247E+002 
     24.54000000 -0.233036668105142E+005  0.244990691759394E+002 
     24.56000000 -0.233036668103691E+005  0.244990693210096E+002 
     24.58000000 -0.233036668102246E+005  0.244990694654486E+002 
     24.60000000 -0.233036668100807E+005  0.244990696093587E+002 
     24.62000000 -0.233036668099374E+005  0.244990697527305E+002 
     24.64000000 -0.233036668097943E+005  0.244990698957527E+002 
     24.66000000 -0.233036668096516E+005  0.244990700384532E+002 
     24.68000000 -0.233036668095090E+005  0.244990701810795E+002 
     24.70000000 -0.233036668093663E+005  0.244990703237552E+002 
     24.72000000 -0.233036668092233E+005  0.244990704667619E+002 
     24.74000000 -0.233036668090798E+005  0.244990706103194E+002 
     24.76000000 -0.233036668089353E+005  0.244990707547553E+002 
     24.78000000 -0.233036668087899E+005  0.244990709001998E+002 
     24.80000000 -0.233036668086432E+005  0.244990710469158E+002 
     24.82000000 -0.233036668084951E+005  0.244990711949991E+002 
     24.84000000 -0.233036668083458E+005  0.244990713443291E+002 
     24.86000000 -0.233036668081953E+005  0.244990714948285E+002 
     24.88000000 -0.233036668080439E+005  0.244990716461786E+002 
     24.90000000 -0.233036668078921E+005  0.244990717979773E+002 
     24.92000000 -0.233036668077403E+005  0.244990719497822E+002 
     24.94000000 -0.233036668075890E+005  0.244990721010519E+002 
     24.96000000 -0.233036668074387E+005  0.244990722513626E+002 
     24.98000000 -0.233036668072898E+005  0.244990724003369E+002 
     25.00000000 -0.233036668071423E+005  0.244990725477643E+002 
     25.02000000 -0.233036668069965E+005  0.244990726935955E+002 
     25.04000000 -0.233036668068521E+005  0.244990728380408E+002 
     25.06000000 -0.233036668067087E+005  0.244990729813538E+002 
     25.08000000 -0.233036668065660E+005  0.244990731240883E+002 
     25.10000000 -0.233036668064233E+005  0.244990732667826E+002 
     25.12000000 -0.233036668062800E+005  0.244990734100523E+002 
     25.14000000 -0.233036668061357E+005  0.244990735544388E+002 
     25.16000000 -0.233036668059897E+005  0.244990737003752E+002 
     25.18000000 -0.233036668058420E+005  0.244990738481399E+002 
     25.20000000 -0.233036668056922E+005  0.244990739978844E+002 
     25.22000000 -0.233036668055406E+005  0.244990741495315E+002 
     25.24000000 -0.233036668053871E+005  0.244990743029513E+002 
     25.26000000 -0.233036668052323E+005  0.244990744578064E+002 
     25.28000000 -0.233036668050763E+005  0.244990746138093E+002 
     25.30000000 -0.233036668049195E+005  0.244990747706103E+002 
     25.32000000 -0.233036668047623E+005  0.244990749277701E+002 
     25.34000000 -0.233036668046051E+005  0.244990750850104E+002 
     25.36000000 -0.233036668044481E+005  0.244990752420342E+002 
     25.38000000 -0.233036668042915E+005  0.244990753985939E+002 
     25.40000000 -0.233036668041355E+005  0.244990755545782E+002 
     25.42000000 -0.233036668039803E+005  0.244990757098201E+002 
     25.44000000 -0.233036668038257E+005  0.244990758643875E+002 
     25.46000000 -0.233036668036718E+005  0.244990760182867E+002 
     25.48000000 -0.233036668035184E+005  0.244990761716817E+002 
     25.50000000 -0.233036668033652E+005  0.244990763248540E+002 
     25.52000000 -0.233036668032121E+005  0.244990764780200E+002 
     25.54000000 -0.233036668030585E+005  0.244990766316346E+002 
     25.56000000 -0.233036668029042E+005  0.244990767859453E+002 
     25.58000000 -0.233036668027488E+005  0.244990769413295E+002 
     25.60000000 -0.233036668025920E+005  0.244990770980500E+002 
     25.62000000 -0.233036668024338E+005  0.244990772562679E+002 
     25.64000000 -0.233036668022740E+005  0.244990774161068E+002 
     25.66000000 -0.233036668021127E+005  0.244990775774368E+002 
     25.68000000 -0.233036668019500E+005  0.244990777401218E+002 
     25.70000000 -0.233036668017863E+005  0.244990779037751E+002 
     25.72000000 -0.233036668016220E+005  0.244990780680904E+002 
     25.74000000 -0.233036668014575E+005  0.244990782326099E+002 
     25.76000000 -0.233036668012931E+005  0.244990783969685E+002 
     25.78000000 -0.233036668011293E+005  0.244990785608105E+002 
     25.80000000 -0.233036668009663E+005  0.244990787237832E+002 
     25.82000000 -0.233036668008044E+005  0.244990788856886E+002 
     25.84000000 -0.233036668006437E+005  0.244990790463720E+002 
     25.86000000 -0.233036668004843E+005  0.244990792058150E+002 
     25.88000000 -0.233036668003261E+005  0.244990793640452E+002 
     25.90000000 -0.233036668001690E+005  0.244990795211432E+002 
     25.92000000 -0.233036668000128E+005  0.244990796772698E+002 
     25.94000000 -0.233036667998575E+005  0.244990798326416E+002 
     25.96000000 -0.233036667997027E+005  0.244990799873915E+002 
     25.98000000 -0.233036667995484E+005  0.244990801417394E+002 
     26.00000000 -0.233036667993942E+005  0.244990802958954E+002 
     26.02000000 -0.233036667992400E+005  0.244990804500483E+002 
     26.04000000 -0.233036667990857E+005  0.244990806044301E+002 
     26.06000000 -0.233036667989309E+005  0.244990807592357E+002 
     26.08000000 -0.233036667987755E+005  0.244990809146385E+002 
     26.10000000 -0.233036667986194E+005  0.244990810707218E+002 
     26.12000000 -0.233036667984626E+005  0.244990812274980E+002 
     26.14000000 -0.233036667983051E+005  0.244990813850075E+002 
     26.16000000 -0.233036667981471E+005  0.244990815430366E+002 
     26.18000000 -0.233036667979887E+005  0.244990817013659E+002 
     26.20000000 -0.233036667978304E+005  0.244990818596951E+002 
     26.22000000 -0.233036667976724E+005  0.244990820176902E+002 
     26.24000000 -0.233036667975150E+005  0.244990821750666E+002 
     26.26000000 -0.233036667973586E+005  0.244990823314469E+002 
     26.28000000 -0.233036667972034E+005  0.244990824866826E+002 
     26.30000000 -0.233036667970495E+005  0.244990826406189E+002 
     26.32000000 -0.233036667968968E+005  0.244990827932931E+002 
     26.34000000 -0.233036667967453E+005  0.244990829447979E+002 
     26.36000000 -0.233036667965947E+005  0.244990830953561E+002 
     26.38000000 -0.233036667964449E+005  0.244990832452337E+002 
     26.40000000 -0.233036667962955E+005  0.244990833946225E+002 
     26.42000000 -0.233036667961463E+005  0.244990835437638E+002 
     26.44000000 -0.233036667959973E+005  0.244990836927814E+002 
     26.46000000 -0.233036667958484E+005  0.244990838417432E+002 
     26.48000000 -0.233036667956994E+005  0.244990839906680E+002 
     26.50000000 -0.233036667955506E+005  0.244990841395433E+002 
     26.52000000 -0.233036667954018E+005  0.244990842883165E+002 
     26.54000000 -0.233036667952532E+005  0.244990844369442E+002 
     26.56000000 -0.233036667951047E+005  0.244990845854019E+002 
     26.58000000 -0.233036667949564E+005  0.244990847337141E+002 
     26.60000000 -0.233036667948082E+005  0.244990848819335E+002 
     26.62000000 -0.233036667946599E+005  0.244990850301530E+002 
     26.64000000 -0.233036667945116E+005  0.244990851784652E+002 
     26.66000000 -0.233036667943631E+005  0.244990853269754E+002 
     26.68000000 -0.233036667942144E+005  0.244990854757177E+002 
     26.70000000 -0.233036667940653E+005  0.244990856248157E+002 
     26.72000000 -0.233036667939159E+005  0.244990857742138E+002 
     26.74000000 -0.233036667937662E+005  0.244990859238995E+002 
     26.76000000 -0.233036667936164E+005  0.244990860737369E+002 
     26.78000000 -0.233036667934664E+005  0.244990862236485E+002 
     26.80000000 -0.233036667933167E+005  0.244990863734055E+002 
     26.82000000 -0.233036667931672E+005  0.244990865228902E+002 
     26.84000000 -0.233036667930182E+005  0.244990866718954E+002 
     26.86000000 -0.233036667928698E+005  0.244990868202973E+002 
     26.88000000 -0.233036667927221E+005  0.244990869679506E+002 
     26.90000000 -0.233036667925753E+005  0.244990871147717E+002 
     26.92000000 -0.233036667924294E+005  0.244990872607081E+002 
     26.94000000 -0.233036667922844E+005  0.244990874057319E+002 
     26.96000000 -0.233036667921403E+005  0.244990875497966E+002 
     26.98000000 -0.233036667919971E+005  0.244990876929797E+002 
     27.00000000 -0.233036667918547E+005  0.244990878353708E+002 
     27.02000000 -0.233036667917130E+005  0.244990879770659E+002 
     27.04000000 -0.233036667915718E+005  0.244990881183403E+002 
     27.06000000 -0.233036667914307E+005  0.244990882594259E+002 
     27.08000000 -0.233036667912894E+005  0.244990884006508E+002 
     27.10000000 -0.233036667911477E+005  0.244990885424201E+002 
     27.12000000 -0.233036667910050E+005  0.244990886850773E+002 
     27.14000000 -0.233036667908611E+005  0.244990888289873E+002 
     27.16000000 -0.233036667907156E+005  0.244990889745061E+002 
     27.18000000 -0.233036667905683E+005  0.244990891218222E+002 
     27.20000000 -0.233036667904191E+005  0.244990892710346E+002 
     27.22000000 -0.233036667902680E+005  0.244990894221156E+002 
     27.24000000 -0.233036667901152E+005  0.244990895749383E+002 
     27.26000000 -0.233036667899609E+005  0.244990897292180E+002 
     27.28000000 -0.233036667898054E+005  0.244990898846610E+002 
     27.30000000 -0.233036667896493E+005  0.244990900408309E+002 
     27.32000000 -0.233036667894927E+005  0.244990901973813E+002 
     27.34000000 -0.233036667893362E+005  0.244990903539441E+002 
     27.36000000 -0.233036667891799E+005  0.244990905102192E+002 
     27.38000000 -0.233036667890242E+005  0.244990906658942E+002 
     27.40000000 -0.233036667888693E+005  0.244990908208143E+002 
     27.42000000 -0.233036667887152E+005  0.244990909748558E+002 
     27.44000000 -0.233036667885621E+005  0.244990911280064E+002 
     27.46000000 -0.233036667884098E+005  0.244990912802722E+002 
     27.48000000 -0.233036667882584E+005  0.244990914317183E+002 
     27.50000000 -0.233036667881076E+005  0.244990915824528E+002 
     27.52000000 -0.233036667879574E+005  0.244990917326521E+002 
     27.54000000 -0.233036667878076E+005  0.244990918824864E+002 
     27.56000000 -0.233036667876579E+005  0.244990920321660E+002 
     27.58000000 -0.233036667875082E+005  0.244990921818827E+002 
     27.60000000 -0.233036667873582E+005  0.244990923319180E+002 
     27.62000000 -0.233036667872076E+005  0.244990924825164E+002 
     27.64000000 -0.233036667870562E+005  0.244990926338975E+002 
     27.66000000 -0.233036667869038E+005  0.244990927862809E+002 
     27.68000000 -0.233036667867502E+005  0.244990929398739E+002 
     27.70000000 -0.233036667865953E+005  0.244990930948002E+002 
     27.72000000 -0.233036667864389E+005  0.244990932512052E+002 
     27.74000000 -0.233036667862810E+005  0.244990934090951E+002 
     27.76000000 -0.233036667861216E+005  0.244990935684669E+002 
     27.78000000 -0.233036667859609E+005  0.244990937291534E+002 
     27.80000000 -0.233036667857991E+005  0.244990938909846E+002 
     27.82000000 -0.233036667856364E+005  0.244990940536510E+002 
     27.84000000 -0.233036667854732E+005  0.244990942169331E+002 
     27.86000000 -0.233036667853097E+005  0.244990943803822E+002 
     27.88000000 -0.233036667851464E+005  0.244990945436612E+002 
     27.90000000 -0.233036667849837E+005  0.244990947064018E+002 
     27.92000000 -0.233036667848219E+005  0.244990948682330E+002 
     27.94000000 -0.233036667846612E+005  0.244990950289041E+002 
     27.96000000 -0.233036667845019E+005  0.244990951882140E+002 
     27.98000000 -0.233036667843442E+005  0.244990953459307E+002 
     28.00000000 -0.233036667841881E+005  0.244990955020263E+002 
     28.02000000 -0.233036667840336E+005  0.244990956564577E+002 
     28.04000000 -0.233036667838808E+005  0.244990958092556E+002 
     28.06000000 -0.233036667837295E+005  0.244990959606057E+002 
     28.08000000 -0.233036667835794E+005  0.244990961106658E+002 
     28.10000000 -0.233036667834304E+005  0.244990962596525E+002 
     28.12000000 -0.233036667832822E+005  0.244990964079245E+002 
     28.14000000 -0.233036667831343E+005  0.244990965557665E+002 
     28.16000000 -0.233036667829865E+005  0.244990967036209E+002 
     28.18000000 -0.233036667828382E+005  0.244990968518713E+002 
     28.20000000 -0.233036667826892E+005  0.244990970009414E+002 
     28.22000000 -0.233036667825390E+005  0.244990971511253E+002 
     28.24000000 -0.233036667823874E+005  0.244990973027229E+002 
     28.26000000 -0.233036667822343E+005  0.244990974557992E+002 
     28.28000000 -0.233036667820797E+005  0.244990976103481E+002 
     28.30000000 -0.233036667819240E+005  0.244990977661097E+002 
     28.32000000 -0.233036667817673E+005  0.244990979227869E+002 
     28.34000000 -0.233036667816102E+005  0.244990980798540E+002 
     28.36000000 -0.233036667814534E+005  0.244990982367478E+002 
     28.38000000 -0.233036667812972E+005  0.244990983929208E+002 
     28.40000000 -0.233036667811424E+005  0.244990985477450E+002 
     28.42000000 -0.233036667809893E+005  0.244990987007843E+002 
     28.44000000 -0.233036667808384E+005  0.244990988517137E+002 
     28.46000000 -0.233036667806897E+005  0.244990990003909E+002 
     28.48000000 -0.233036667805433E+005  0.244990991468223E+002 
     28.50000000 -0.233036667803987E+005  0.244990992913480E+002 
     28.52000000 -0.233036667802558E+005  0.244990994343331E+002 
     28.54000000 -0.233036667801138E+005  0.244990995763004E+002 
     28.56000000 -0.233036667799722E+005  0.244990997178686E+002 
     28.58000000 -0.233036667798305E+005  0.244990998596194E+002 
     28.60000000 -0.233036667796881E+005  0.244991000020136E+002 
     28.62000000 -0.233036667795446E+005  0.244991001455215E+002 
     28.64000000 -0.233036667793997E+005  0.244991002904215E+002 
     28.66000000 -0.233036667792533E+005  0.244991004368250E+002 
     28.68000000 -0.233036667791054E+005  0.244991005847413E+002 
     28.70000000 -0.233036667789562E+005  0.244991007339321E+002 
     28.72000000 -0.233036667788059E+005  0.244991008842181E+002 
     28.74000000 -0.233036667786549E+005  0.244991010351598E+002 
     28.76000000 -0.233036667785037E+005  0.244991011863862E+002 
     28.78000000 -0.233036667783526E+005  0.244991013375043E+002 
     28.80000000 -0.233036667782019E+005  0.244991014881770E+002 
     28.82000000 -0.233036667780520E+005  0.244991016380855E+002 
     28.84000000 -0.233036667779030E+005  0.244991017871278E+002 
     28.86000000 -0.233036667777548E+005  0.244991019352915E+002 
     28.88000000 -0.233036667776075E+005  0.244991020826262E+002 
     28.90000000 -0.233036667774607E+005  0.244991022293947E+002 
     28.92000000 -0.233036667773142E+005  0.244991023759189E+002 
     28.94000000 -0.233036667771675E+005  0.244991025226256E+002 
     28.96000000 -0.233036667770202E+005  0.244991026699448E+002 
     28.98000000 -0.233036667768718E+005  0.244991028182787E+002 
     29.00000000 -0.233036667767221E+005  0.244991029679954E+002 
     29.02000000 -0.233036667765708E+005  0.244991031193269E+002 
     29.04000000 -0.233036667764177E+005  0.244991032724064E+002 
     29.06000000 -0.233036667762629E+005  0.244991034272027E+002 
     29.08000000 -0.233036667761065E+005  0.244991035835490E+002 
     29.10000000 -0.233036667759490E+005  0.244991037411110E+002 
     29.12000000 -0.233036667757905E+005  0.244991038995764E+002 
     29.14000000 -0.233036667756317E+005  0.244991040584377E+002 
     29.16000000 -0.233036667754728E+005  0.244991042172990E+002 
     29.18000000 -0.233036667753144E+005  0.244991043757149E+002 
     29.20000000 -0.233036667751567E+005  0.244991045333512E+002 
     29.22000000 -0.233036667750001E+005  0.244991046899851E+002 
     29.24000000 -0.233036667748446E+005  0.244991048454621E+002 
     29.26000000 -0.233036667746903E+005  0.244991049997975E+002 
     29.28000000 -0.233036667745371E+005  0.244991051530162E+002 
     29.30000000 -0.233036667743848E+005  0.244991053053006E+002 
     29.32000000 -0.233036667742333E+005  0.244991054567682E+002 
     29.34000000 -0.233036667740824E+005  0.244991056076574E+002 
     29.36000000 -0.233036667739320E+005  0.244991057580980E+002 
     29.38000000 -0.233036667737818E+005  0.244991059083221E+002 
     29.40000000 -0.233036667736317E+005  0.244991060584255E+002 
     29.42000000 -0.233036667734816E+005  0.244991062085011E+002 
     29.44000000 -0.233036667733315E+005  0.244991063586169E+002 
     29.46000000 -0.233036667731812E+005  0.244991065088626E+002 
     29.48000000 -0.233036667730309E+005  0.244991066592073E+002 
     29.50000000 -0.233036667728803E+005  0.244991068097531E+002 
     29.52000000 -0.233036667727295E+005  0.244991069605650E+002 
     29.54000000 -0.233036667725784E+005  0.244991071116738E+002 
     29.56000000 -0.233036667724270E+005  0.244991072631415E+002 
     29.58000000 -0.233036667722750E+005  0.244991074150577E+002 
     29.60000000 -0.233036667721226E+005  0.244991075675432E+002 
     29.62000000 -0.233036667719695E+005  0.244991077205824E+002 
     29.64000000 -0.233036667718159E+005  0.244991078742218E+002 
     29.66000000 -0.233036667716617E+005  0.244991080283995E+002 
     29.68000000 -0.233036667715071E+005  0.244991081830071E+002 
     29.70000000 -0.233036667713521E+005  0.244991083379613E+002 
     29.72000000 -0.233036667711969E+005  0.244991084931474E+002 
     29.74000000 -0.233036667710416E+005  0.244991086484542E+002 
     29.76000000 -0.233036667708864E+005  0.244991088037425E+002 
     29.78000000 -0.233036667707311E+005  0.244991089589658E+002 
     29.80000000 -0.233036667705760E+005  0.244991091140777E+002 
     29.82000000 -0.233036667704210E+005  0.244991092690906E+002 
     29.84000000 -0.233036667702661E+005  0.244991094239767E+002 
     29.86000000 -0.233036667701114E+005  0.244991095787452E+002 
     29.88000000 -0.233036667699567E+005  0.244991097333684E+002 
     29.90000000 -0.233036667698023E+005  0.244991098877935E+002 
     29.92000000 -0.233036667696482E+005  0.244991100419217E+002 
     29.94000000 -0.233036667694945E+005  0.244991101956353E+002 
     29.96000000 -0.233036667693414E+005  0.244991103487209E+002 
     29.98000000 -0.233036667691891E+005  0.244991105009589E+002 
     30.00000000 -0.233036667690380E+005  0.244991106521358E+002 
