# Real time calculation: 
# Eall: Total energy
# Eall0: Initial total energy
# 1:Time[fs] 2:Eall[eV] 3:Eall-Eall0[eV] 
      0.00000000 -0.865026927883626E+003  0.000000000000000E+000 
      0.02000000 -0.865026927887518E+003 -0.389249240005967E-008 
      0.04000000 -0.865026927887516E+003 -0.388988219504274E-008 
      0.06000000 -0.865026927887030E+003 -0.340457741041380E-008 
      0.08000000 -0.865026927885116E+003 -0.149062041318597E-008 
      0.10000000 -0.865026927879854E+003  0.377155290094198E-008 
      0.12000000 -0.865026927867941E+003  0.156850119695033E-007 
      0.14000000 -0.865026927844248E+003  0.393777462339038E-007 
      0.16000000 -0.865026927801373E+003  0.822528771677122E-007 
      0.18000000 -0.865026927729199E+003  0.154427366068024E-006 
      0.20000000 -0.865026927614470E+003  0.269156220707841E-006 
      0.22000000 -0.865026927440400E+003  0.443225862899552E-006 
      0.24000000 -0.865026927186329E+003  0.697297225443264E-006 
      0.26000000 -0.865026926827436E+003  0.105619016779939E-005 
      0.28000000 -0.865026926334529E+003  0.154909654615744E-005 
      0.30000000 -0.865026925673911E+003  0.220971497735431E-005 
      0.32000000 -0.865026924807330E+003  0.307629617910213E-005 
      0.34000000 -0.865026923692017E+003  0.419160903732311E-005 
      0.36000000 -0.865026922280802E+003  0.560282353362076E-005 
      0.38000000 -0.865026920522317E+003  0.736130879275102E-005 
      0.40000000 -0.865026918361280E+003  0.952234547669906E-005 
      0.42000000 -0.865026915738838E+003  0.121447875214440E-004 
      0.44000000 -0.865026912592957E+003  0.152906684793726E-004 
      0.46000000 -0.865026908858875E+003  0.190247510172283E-004 
      0.48000000 -0.865026904469598E+003  0.234140277869070E-004 
      0.50000000 -0.865026899356428E+003  0.285271974509694E-004 
      0.52000000 -0.865026893449513E+003  0.344341129626386E-004 
      0.54000000 -0.865026886678408E+003  0.412052181482146E-004 
      0.56000000 -0.865026878972668E+003  0.489109582841111E-004 
      0.58000000 -0.865026870262451E+003  0.576211747226403E-004 
      0.60000000 -0.865026860479130E+003  0.674044961341985E-004 
      0.62000000 -0.865026849555861E+003  0.783277646488590E-004 
      0.64000000 -0.865026837428125E+003  0.904555004743215E-004 
      0.66000000 -0.865026824034214E+003  0.103849411564065E-003 
      0.68000000 -0.865026809315663E+003  0.118567962450151E-003 
      0.70000000 -0.865026793217610E+003  0.134666015388367E-003 
      0.72000000 -0.865026775689080E+003  0.152194545555860E-003 
      0.74000000 -0.865026756683193E+003  0.171200432524756E-003 
      0.76000000 -0.865026736157274E+003  0.191726351890318E-003 
      0.78000000 -0.865026714072892E+003  0.213810733701010E-003 
      0.80000000 -0.865026690395855E+003  0.237487771159181E-003 
      0.82000000 -0.865026665096158E+003  0.262787468281479E-003 
      0.84000000 -0.865026638147828E+003  0.289735798251285E-003 
      0.86000000 -0.865026609528692E+003  0.318354933890148E-003 
      0.88000000 -0.865026579220083E+003  0.348663542997654E-003 
      0.90000000 -0.865026547206484E+003  0.380677141792514E-003 
      0.92000000 -0.865026513475093E+003  0.414408533330336E-003 
      0.94000000 -0.865026478015336E+003  0.449868289714832E-003 
      0.96000000 -0.865026440818334E+003  0.487065292023561E-003 
      0.98000000 -0.865026401876314E+003  0.526007311900276E-003 
      1.00000000 -0.865026361182026E+003  0.566701600204491E-003 
      1.02000000 -0.865026318728134E+003  0.609155491708977E-003 
      1.04000000 -0.865026274506627E+003  0.653376998486372E-003 
      1.06000000 -0.865026228508262E+003  0.699375364239382E-003 
      1.08000000 -0.865026180722035E+003  0.747161590788806E-003 
      1.10000000 -0.865026131134699E+003  0.796748926858589E-003 
      1.12000000 -0.865026079730299E+003  0.848153326698515E-003 
      1.14000000 -0.865026026489816E+003  0.901393809615778E-003 
      1.16000000 -0.865025971390842E+003  0.956492783833749E-003 
      1.18000000 -0.865025914407261E+003  0.101347636464697E-002 
      1.20000000 -0.865025855509001E+003  0.107237462471082E-002 
      1.22000000 -0.865025794661879E+003  0.113322174659347E-002 
      1.24000000 -0.865025731827525E+003  0.119605610117875E-002 
      1.26000000 -0.865025666963384E+003  0.126092024186564E-002 
      1.28000000 -0.865025600022787E+003  0.132786083873316E-002 
      1.30000000 -0.865025530955098E+003  0.139692852811517E-002 
      1.32000000 -0.865025459705926E+003  0.146817769943366E-002 
      1.34000000 -0.865025386217389E+003  0.154166623678842E-002 
      1.36000000 -0.865025310428446E+003  0.161745517992045E-002 
      1.38000000 -0.865025232275327E+003  0.169560829923190E-002 
      1.40000000 -0.865025151691951E+003  0.177619167457630E-002 
      1.42000000 -0.865025068610443E+003  0.185927318269165E-002 
      1.44000000 -0.865024982961692E+003  0.194492193368616E-002 
      1.46000000 -0.865024894675991E+003  0.203320763501829E-002 
      1.48000000 -0.865024803683693E+003  0.212419993285503E-002 
      1.50000000 -0.865024709915918E+003  0.221796770750986E-002 
      1.52000000 -0.865024613305259E+003  0.231457836656062E-002 
      1.54000000 -0.865024513786434E+003  0.241409719191148E-002 
      1.56000000 -0.865024411296952E+003  0.251658667419075E-002 
      1.58000000 -0.865024305777773E+003  0.262210585294897E-002 
      1.60000000 -0.865024197174008E+003  0.273070961780076E-002 
      1.62000000 -0.865024085435638E+003  0.284244798762147E-002 
      1.64000000 -0.865023970518162E+003  0.295736546427982E-002 
      1.66000000 -0.865023852383176E+003  0.307550044969206E-002 
      1.68000000 -0.865023730998917E+003  0.319688470898983E-002 
      1.70000000 -0.865023606340825E+003  0.332154280052871E-002 
      1.72000000 -0.865023478392052E+003  0.344949157347212E-002 
      1.74000000 -0.865023347143872E+003  0.358073975363874E-002 
      1.76000000 -0.865023212595989E+003  0.371528763665848E-002 
      1.78000000 -0.865023074756887E+003  0.385312673868829E-002 
      1.80000000 -0.865022933644040E+003  0.399423958633909E-002 
      1.82000000 -0.865022789283958E+003  0.413859966814520E-002 
      1.84000000 -0.865022641712165E+003  0.428617146085982E-002 
      1.86000000 -0.865022490973147E+003  0.443691047924220E-002 
      1.88000000 -0.865022337120155E+003  0.459076347046964E-002 
      1.90000000 -0.865022180214988E+003  0.474766863832507E-002 
      1.92000000 -0.865022020327764E+003  0.490755586129415E-002 
      1.94000000 -0.865021857536558E+003  0.507034706756480E-002 
      1.96000000 -0.865021691926919E+003  0.523595670699086E-002 
      1.98000000 -0.865021523591378E+003  0.540429224770780E-002 
      2.00000000 -0.865021352628870E+003  0.557525475579160E-002 
      2.02000000 -0.865021179144091E+003  0.574873953495227E-002 
      2.04000000 -0.865021003246776E+003  0.592463685023743E-002 
      2.06000000 -0.865020825050958E+003  0.610283266826705E-002 
      2.08000000 -0.865020644674213E+003  0.628320941274285E-002 
      2.10000000 -0.865020462236922E+003  0.646564670342631E-002 
      2.12000000 -0.865020277861563E+003  0.665002206321419E-002 
      2.14000000 -0.865020091671932E+003  0.683621169346616E-002 
      2.16000000 -0.865019903792370E+003  0.702409125551943E-002 
      2.18000000 -0.865019714347105E+003  0.721353652130659E-002 
      2.20000000 -0.865019523459584E+003  0.740442404137472E-002 
      2.22000000 -0.865019331251954E+003  0.759663167224346E-002 
      2.24000000 -0.865019137844463E+003  0.779003916234773E-002 
      2.26000000 -0.865018943355062E+003  0.798452856387007E-002 
      2.28000000 -0.865018747898962E+003  0.817998466371445E-002 
      2.30000000 -0.865018551588303E+003  0.837629532302634E-002 
      2.32000000 -0.865018354531929E+003  0.857335169654656E-002 
      2.34000000 -0.865018156835195E+003  0.877104843050349E-002 
      2.36000000 -0.865017958599856E+003  0.896928376934147E-002 
      2.38000000 -0.865017759923991E+003  0.916795963460699E-002 
      2.40000000 -0.865017560902094E+003  0.936698153204472E-002 
      2.42000000 -0.865017361625201E+003  0.956625842447088E-002 
      2.44000000 -0.865017162181165E+003  0.976570246050523E-002 
      2.46000000 -0.865016962654980E+003  0.996522864568527E-002 
      2.48000000 -0.865016763129177E+003  0.101647544488086E-001 
      2.50000000 -0.865016563684212E+003  0.103641994136893E-001 
      2.52000000 -0.865016364398974E+003  0.105634846522943E-001 
      2.54000000 -0.865016165351371E+003  0.107625322546444E-001 
      2.56000000 -0.865015966618900E+003  0.109612647256859E-001 
      2.58000000 -0.865015768279255E+003  0.111596043706366E-001 
      2.60000000 -0.865015570410916E+003  0.113574727094288E-001 
      2.62000000 -0.865015373093820E+003  0.115547898055973E-001 
      2.64000000 -0.865015176409932E+003  0.117514736938709E-001 
      2.66000000 -0.865014980443850E+003  0.119474397757648E-001 
      2.68000000 -0.865014785283249E+003  0.121426003763294E-001 
      2.70000000 -0.865014591019319E+003  0.123368643063122E-001 
      2.72000000 -0.865014397747105E+003  0.125301365204146E-001 
      2.74000000 -0.865014205565881E+003  0.127223177448060E-001 
      2.76000000 -0.865014014579433E+003  0.129133041930944E-001 
      2.78000000 -0.865013824896307E+003  0.131029873186474E-001 
      2.80000000 -0.865013636629933E+003  0.132912536926859E-001 
      2.82000000 -0.865013449898636E+003  0.134779849894927E-001 
      2.84000000 -0.865013264825594E+003  0.136630580321397E-001 
      2.86000000 -0.865013081538701E+003  0.138463449251246E-001 
      2.88000000 -0.865012900170412E+003  0.140277132141740E-001 
      2.90000000 -0.865012720857490E+003  0.142070261356625E-001 
      2.92000000 -0.865012543740572E+003  0.143841430539673E-001 
      2.94000000 -0.865012368963754E+003  0.145589198722370E-001 
      2.96000000 -0.865012196674091E+003  0.147312095344213E-001 
      2.98000000 -0.865012027021031E+003  0.149008625946820E-001 
      3.00000000 -0.865011860155782E+003  0.150677278442292E-001 
      3.02000000 -0.865011696230664E+003  0.152316529621322E-001 
      3.04000000 -0.865011535398305E+003  0.153924853206164E-001 
      3.06000000 -0.865011377810805E+003  0.155500728207152E-001 
      3.08000000 -0.865011223618904E+003  0.157042647223154E-001 
      3.10000000 -0.865011072971189E+003  0.158549124371765E-001 
      3.12000000 -0.865010926013206E+003  0.160018704200731E-001 
      3.14000000 -0.865010782886631E+003  0.161449969953609E-001 
      3.16000000 -0.865010643728379E+003  0.162841552468625E-001 
      3.18000000 -0.865010508669916E+003  0.164192137101521E-001 
      3.20000000 -0.865010377836561E+003  0.165500470653232E-001 
      3.22000000 -0.865010251346877E+003  0.166765367493234E-001 
      3.24000000 -0.865010129312068E+003  0.167985715583315E-001 
      3.26000000 -0.865010011835502E+003  0.169160481237819E-001 
      3.28000000 -0.865009899012318E+003  0.170288713075686E-001 
      3.30000000 -0.865009790929146E+003  0.171369544800808E-001 
      3.32000000 -0.865009687663790E+003  0.172402198357472E-001 
      3.34000000 -0.865009589285091E+003  0.173385985348576E-001 
      3.36000000 -0.865009495852830E+003  0.174320307958864E-001 
      3.38000000 -0.865009407417856E+003  0.175204657700097E-001 
      3.40000000 -0.865009324022238E+003  0.176038613873933E-001 
      3.42000000 -0.865009245699700E+003  0.176821839254449E-001 
      3.44000000 -0.865009172476123E+003  0.177554075032086E-001 
      3.46000000 -0.865009104370024E+003  0.178235136018597E-001 
      3.48000000 -0.865009041393237E+003  0.178864903890490E-001 
      3.50000000 -0.865008983551643E+003  0.179443319826309E-001 
      3.52000000 -0.865008930846046E+003  0.179970375795326E-001 
      3.54000000 -0.865008883273000E+003  0.180446106259979E-001 
      3.56000000 -0.865008840825663E+003  0.180870579626009E-001 
      3.58000000 -0.865008803494688E+003  0.181243889378391E-001 
      3.60000000 -0.865008771269160E+003  0.181566144661398E-001 
      3.62000000 -0.865008744137460E+003  0.181837461654289E-001 
      3.64000000 -0.865008722088159E+003  0.182057954668576E-001 
      3.66000000 -0.865008705110821E+003  0.182227728052521E-001 
      3.68000000 -0.865008693196751E+003  0.182346868745285E-001 
      3.70000000 -0.865008686339561E+003  0.182415440643722E-001 
      3.72000000 -0.865008684535760E+003  0.182433478655940E-001 
      3.74000000 -0.865008687785148E+003  0.182400984780196E-001 
      3.76000000 -0.865008696091144E+003  0.182317924819903E-001 
      3.78000000 -0.865008709460945E+003  0.182184226810743E-001 
      3.80000000 -0.865008727905521E+003  0.181999781045798E-001 
      3.82000000 -0.865008751439424E+003  0.181764442013874E-001 
      3.84000000 -0.865008780080517E+003  0.181478031092839E-001 
      3.86000000 -0.865008813849591E+003  0.181140340349897E-001 
      3.88000000 -0.865008852769841E+003  0.180751137850929E-001 
      3.90000000 -0.865008896866259E+003  0.180310173666871E-001 
      3.92000000 -0.865008946164908E+003  0.179817187178421E-001 
      3.94000000 -0.865009000692143E+003  0.179271914823510E-001 
      3.96000000 -0.865009060473726E+003  0.178674099000038E-001 
      3.98000000 -0.865009125533877E+003  0.178023497490648E-001 
      4.00000000 -0.865009195894218E+003  0.177319894082389E-001 
      4.02000000 -0.865009271572691E+003  0.176563109347836E-001 
      4.04000000 -0.865009352582535E+003  0.175753010907059E-001 
      4.06000000 -0.865009438931253E+003  0.174889523731162E-001 
      4.08000000 -0.865009530619619E+003  0.173972640071706E-001 
      4.10000000 -0.865009627640673E+003  0.173002429527389E-001 
      4.12000000 -0.865009729978807E+003  0.171979048184605E-001 
      4.14000000 -0.865009837608929E+003  0.170902746965263E-001 
      4.16000000 -0.865009950495728E+003  0.169773878974996E-001 
      4.18000000 -0.865010068593033E+003  0.168592905923302E-001 
      4.20000000 -0.865010191843331E+003  0.167360402949523E-001 
      4.22000000 -0.865010320177361E+003  0.166077062646425E-001 
      4.24000000 -0.865010453513879E+003  0.164743697464486E-001 
      4.26000000 -0.865010591759528E+003  0.163361240973501E-001 
      4.28000000 -0.865010734808919E+003  0.161930747065981E-001 
      4.30000000 -0.865010882544843E+003  0.160453387832253E-001 
      4.32000000 -0.865011034838574E+003  0.158930450519089E-001 
      4.34000000 -0.865011191550255E+003  0.157363333713009E-001 
      4.36000000 -0.865011352529449E+003  0.155753541768936E-001 
      4.38000000 -0.865011517615800E+003  0.154102678258589E-001 
      4.40000000 -0.865011686639837E+003  0.152412437890444E-001 
      4.42000000 -0.865011859423887E+003  0.150684597391421E-001 
      4.44000000 -0.865012035783101E+003  0.148921005244907E-001 
      4.46000000 -0.865012215526531E+003  0.147123570945415E-001 
      4.48000000 -0.865012398458275E+003  0.145294253512716E-001 
      4.50000000 -0.865012584378658E+003  0.143435049677274E-001 
      4.52000000 -0.865012773085442E+003  0.141547981834638E-001 
      4.54000000 -0.865012964374951E+003  0.139635086744217E-001 
      4.56000000 -0.865013158043184E+003  0.137698404414642E-001 
      4.58000000 -0.865013353886814E+003  0.135739968114415E-001 
      4.60000000 -0.865013551704200E+003  0.133761794254947E-001 
      4.62000000 -0.865013751296264E+003  0.131765873623170E-001 
      4.64000000 -0.865013952467402E+003  0.129754162234218E-001 
      4.66000000 -0.865014155026219E+003  0.127728574071190E-001 
      4.68000000 -0.865014358786314E+003  0.125690973119191E-001 
      4.70000000 -0.865014563566815E+003  0.123643168104321E-001 
      4.72000000 -0.865014769192912E+003  0.121586907135016E-001 
      4.74000000 -0.865014975496158E+003  0.119523874679049E-001 
      4.76000000 -0.865015182314629E+003  0.117455689963568E-001 
      4.78000000 -0.865015389492925E+003  0.115383907005064E-001 
      4.80000000 -0.865015596882009E+003  0.113310016170666E-001 
      4.82000000 -0.865015804338935E+003  0.111235446906281E-001 
      4.84000000 -0.865016011726506E+003  0.109161571202371E-001 
      4.86000000 -0.865016218912855E+003  0.107089707708409E-001 
      4.88000000 -0.865016425770966E+003  0.105021126599460E-001 
      4.90000000 -0.865016632178111E+003  0.102957055145586E-001 
      4.92000000 -0.865016838015270E+003  0.100898683563538E-001 
      4.94000000 -0.865017043166441E+003  0.988471718438932E-002 
      4.96000000 -0.865017247517994E+003  0.968036563152378E-002 
      4.98000000 -0.865017450957893E+003  0.947692573249352E-002 
      5.00000000 -0.865017653374930E+003  0.927450869566334E-002 
      5.02000000 -0.865017854657977E+003  0.907322564857835E-002 
      5.04000000 -0.865018054695267E+003  0.887318835876725E-002 
      5.06000000 -0.865018253373749E+003  0.867450987730291E-002 
      5.08000000 -0.865018450578493E+003  0.847730513247896E-002 
      5.10000000 -0.865018646192210E+003  0.828169141608135E-002 
      5.12000000 -0.865018840094865E+003  0.808778876041794E-002 
      5.14000000 -0.865019032163448E+003  0.789572017826402E-002 
      5.16000000 -0.865019222271831E+003  0.770561179530607E-002 
      5.18000000 -0.865019410290718E+003  0.751759290775956E-002 
      5.20000000 -0.865019596087714E+003  0.733179591179682E-002 
      5.22000000 -0.865019779527457E+003  0.714835616858969E-002 
      5.24000000 -0.865019960471862E+003  0.696741176436407E-002 
      5.26000000 -0.865020138780412E+003  0.678910321360993E-002 
      5.28000000 -0.865020314310576E+003  0.661357304995580E-002 
      5.30000000 -0.865020486918189E+003  0.644096543695826E-002 
      5.32000000 -0.865020656457993E+003  0.627142563329990E-002 
      5.34000000 -0.865020822784081E+003  0.610509954480079E-002 
      5.36000000 -0.865020985750500E+003  0.594213312571483E-002 
      5.38000000 -0.865021145211811E+003  0.578267181502209E-002 
      5.40000000 -0.865021301023769E+003  0.562685985642211E-002 
      5.42000000 -0.865021453043935E+003  0.547483969102617E-002 
      5.44000000 -0.865021601132416E+003  0.532675121035528E-002 
      5.46000000 -0.865021745152562E+003  0.518273106386251E-002 
      5.48000000 -0.865021884971677E+003  0.504291194905382E-002 
      5.50000000 -0.865022020461686E+003  0.490742193960202E-002 
      5.52000000 -0.865022151499739E+003  0.477638388722309E-002 
      5.54000000 -0.865022277968745E+003  0.464991488088036E-002 
      5.56000000 -0.865022399757827E+003  0.452812579850602E-002 
      5.58000000 -0.865022516762675E+003  0.441112095065973E-002 
      5.60000000 -0.865022628885758E+003  0.429899786794198E-002 
      5.62000000 -0.865022736036443E+003  0.419184718314813E-002 
      5.64000000 -0.865022838130971E+003  0.408975265476027E-002 
      5.66000000 -0.865022935092354E+003  0.399279127212882E-002 
      5.68000000 -0.865023026850157E+003  0.390103346892927E-002 
      5.70000000 -0.865023113340248E+003  0.381454337789890E-002 
      5.72000000 -0.865023194504474E+003  0.373337915150525E-002 
      5.74000000 -0.865023270290302E+003  0.365759332428129E-002 
      5.76000000 -0.865023340650454E+003  0.358723317148688E-002 
      5.78000000 -0.865023405542555E+003  0.352234107067054E-002 
      5.80000000 -0.865023464928807E+003  0.346295481895436E-002 
      5.82000000 -0.865023518775709E+003  0.340910791686961E-002 
      5.84000000 -0.865023567053818E+003  0.336082980752889E-002 
      5.86000000 -0.865023609737553E+003  0.331814607306820E-002 
      5.88000000 -0.865023646805048E+003  0.328107857791820E-002 
      5.90000000 -0.865023678238048E+003  0.324964557823947E-002 
      5.92000000 -0.865023704021828E+003  0.322386179829518E-002 
      5.94000000 -0.865023724145129E+003  0.320373849676966E-002 
      5.96000000 -0.865023738600098E+003  0.318928352747976E-002 
      5.98000000 -0.865023747382210E+003  0.318050141555424E-002 
      6.00000000 -0.865023750490178E+003  0.317739344811421E-002 
      6.02000000 -0.865023747925846E+003  0.317995778013140E-002 
      6.04000000 -0.865023739694058E+003  0.318818956774204E-002 
      6.06000000 -0.865023725802517E+003  0.320208110871448E-002 
      6.08000000 -0.865023706261635E+003  0.322162199123093E-002 
      6.10000000 -0.865023681084391E+003  0.324679923503188E-002 
      6.12000000 -0.865023650286210E+003  0.327759741612584E-002 
      6.14000000 -0.865023613884867E+003  0.331399875853330E-002 
      6.16000000 -0.865023571900444E+003  0.335598318175369E-002 
      6.18000000 -0.865023524355335E+003  0.340352829061467E-002 
      6.20000000 -0.865023471274328E+003  0.345660929822271E-002 
      6.22000000 -0.865023412684755E+003  0.351519887031752E-002 
      6.24000000 -0.865023348616745E+003  0.357926688107289E-002 
      6.26000000 -0.865023279103533E+003  0.364878009252482E-002 
      6.28000000 -0.865023204181881E+003  0.372370174525273E-002 
      6.30000000 -0.865023123892552E+003  0.380399107423478E-002 
      6.32000000 -0.865023038280848E+003  0.388960277733271E-002 
      6.34000000 -0.865022947397187E+003  0.398048643911337E-002 
      6.36000000 -0.865022851297644E+003  0.407658598183547E-002 
      6.38000000 -0.865022750044510E+003  0.417783911585653E-002 
      6.40000000 -0.865022643706767E+003  0.428417685935508E-002 
      6.42000000 -0.865022532360463E+003  0.439552316304121E-002 
      6.44000000 -0.865022416088984E+003  0.451179464207883E-002 
      6.46000000 -0.865022294983160E+003  0.463290046578038E-002 
      6.48000000 -0.865022169141198E+003  0.475874242779230E-002 
      6.50000000 -0.865022038668495E+003  0.488921513083956E-002 
      6.52000000 -0.865021903677283E+003  0.502420634229358E-002 
      6.54000000 -0.865021764286114E+003  0.516359751186291E-002 
      6.56000000 -0.865021620619222E+003  0.530726440422956E-002 
      6.58000000 -0.865021472805755E+003  0.545507787041293E-002 
      6.60000000 -0.865021320978954E+003  0.560690467153120E-002 
      6.62000000 -0.865021165275227E+003  0.576260839875355E-002 
      6.64000000 -0.865021005833275E+003  0.592205035090912E-002 
      6.66000000 -0.865020842793182E+003  0.608509044361173E-002 
      6.68000000 -0.865020676295651E+003  0.625158797453334E-002 
      6.70000000 -0.865020506481247E+003  0.642140237920340E-002 
      6.72000000 -0.865020333489838E+003  0.659439378765924E-002 
      6.74000000 -0.865020157460162E+003  0.677042346392728E-002 
      6.76000000 -0.865019978529549E+003  0.694935407719427E-002 
      6.78000000 -0.865019796833799E+003  0.713104982719387E-002 
      6.80000000 -0.865019612507246E+003  0.731537638001491E-002 
      6.82000000 -0.865019425682954E+003  0.750220067156262E-002 
      6.84000000 -0.865019236493075E+003  0.769139055054058E-002 
      6.86000000 -0.865019045069301E+003  0.788281432504848E-002 
      6.88000000 -0.865018851543428E+003  0.807634019761770E-002 
      6.90000000 -0.865018656047966E+003  0.827183565945041E-002 
      6.92000000 -0.865018458716783E+003  0.846916684328210E-002 
      6.94000000 -0.865018259685771E+003  0.866819785478236E-002 
      6.96000000 -0.865018059093432E+003  0.886879019337942E-002 
      6.98000000 -0.865017857081430E+003  0.907080219618979E-002 
      7.00000000 -0.865017653795045E+003  0.927408858123238E-002 
      7.02000000 -0.865017449383491E+003  0.947850013497732E-002 
      7.04000000 -0.865017244000131E+003  0.968388349492550E-002 
      7.06000000 -0.865017037802505E+003  0.989008112070302E-002 
      7.08000000 -0.865016830952238E+003  0.100969313878352E-001 
      7.10000000 -0.865016623614782E+003  0.103042688443200E-001 
      7.12000000 -0.865016415958980E+003  0.105119246460490E-001 
      7.14000000 -0.865016208156509E+003  0.107197271164547E-001 
      7.16000000 -0.865016000381211E+003  0.109275024150129E-001 
      7.18000000 -0.865015792808354E+003  0.111350752717738E-001 
      7.20000000 -0.865015585613847E+003  0.113422697787374E-001 
      7.22000000 -0.865015378973390E+003  0.115489102360435E-001 
      7.24000000 -0.865015173061603E+003  0.117548220229100E-001 
      7.26000000 -0.865014968051214E+003  0.119598324116300E-001 
      7.28000000 -0.865014764112219E+003  0.121637714069948E-001 
      7.30000000 -0.865014561411169E+003  0.123664724565593E-001 
      7.32000000 -0.865014360110487E+003  0.125677731392528E-001 
      7.34000000 -0.865014160367897E+003  0.127675157285068E-001 
      7.36000000 -0.865013962335910E+003  0.129655477153593E-001 
      7.38000000 -0.865013766161516E+003  0.131617221097883E-001 
      7.40000000 -0.865013571985947E+003  0.133558976786276E-001 
      7.42000000 -0.865013379944640E+003  0.135479389856858E-001 
      7.44000000 -0.865013190167313E+003  0.137377163126679E-001 
      7.46000000 -0.865013002778135E+003  0.139251054909609E-001 
      7.48000000 -0.865012817896058E+003  0.141099875677219E-001 
      7.50000000 -0.865012635635240E+003  0.142922483863111E-001 
      7.52000000 -0.865012456105585E+003  0.144717780412428E-001 
      7.54000000 -0.865012279413283E+003  0.146484703427063E-001 
      7.56000000 -0.865012105661433E+003  0.148222221925339E-001 
      7.58000000 -0.865011934950654E+003  0.149929329718658E-001 
      7.60000000 -0.865011767379738E+003  0.151605038880191E-001 
      7.62000000 -0.865011603046281E+003  0.153248373451383E-001 
      7.64000000 -0.865011442047286E+003  0.154858363403675E-001 
      7.66000000 -0.865011284479679E+003  0.156434039464504E-001 
      7.68000000 -0.865011130440807E+003  0.157974428190777E-001 
      7.70000000 -0.865010980028869E+003  0.159478547573098E-001 
      7.72000000 -0.865010833343185E+003  0.160945404412989E-001 
      7.74000000 -0.865010690484475E+003  0.162373991506773E-001 
      7.76000000 -0.865010551554917E+003  0.163763287083896E-001 
      7.78000000 -0.865010416658184E+003  0.165112254420230E-001 
      7.80000000 -0.865010285899253E+003  0.166419843730951E-001 
      7.82000000 -0.865010159384153E+003  0.167684994727582E-001 
      7.84000000 -0.865010037219537E+003  0.168906640891953E-001 
      7.86000000 -0.865009919512192E+003  0.170083714335054E-001 
      7.88000000 -0.865009806368481E+003  0.171215151450545E-001 
      7.90000000 -0.865009697893631E+003  0.172299899944907E-001 
      7.92000000 -0.865009594191097E+003  0.173336925292384E-001 
      7.94000000 -0.865009495361777E+003  0.174325218493092E-001 
      7.96000000 -0.865009401503305E+003  0.175263803209511E-001 
      7.98000000 -0.865009312709339E+003  0.176151742866246E-001 
      8.00000000 -0.865009229068857E+003  0.176988147688875E-001 
      8.02000000 -0.865009150665525E+003  0.177772181012918E-001 
      8.04000000 -0.865009077577062E+003  0.178503065636296E-001 
      8.06000000 -0.865009009874705E+003  0.179180089205057E-001 
      8.08000000 -0.865008947622640E+003  0.179802609858188E-001 
      8.10000000 -0.865008890877585E+003  0.180370060404905E-001 
      8.12000000 -0.865008839688466E+003  0.180881951599013E-001 
      8.14000000 -0.865008794096188E+003  0.181337874374017E-001 
      8.16000000 -0.865008754133527E+003  0.181737500993541E-001 
      8.18000000 -0.865008719825142E+003  0.182080584839615E-001 
      8.20000000 -0.865008691187626E+003  0.182366959999874E-001 
      8.22000000 -0.865008668229797E+003  0.182596538287091E-001 
      8.24000000 -0.865008650952940E+003  0.182769306853257E-001 
      8.26000000 -0.865008639351240E+003  0.182885323862441E-001 
      8.28000000 -0.865008633412177E+003  0.182944714485574E-001 
      8.30000000 -0.865008633117077E+003  0.182947665488625E-001 
      8.32000000 -0.865008638441657E+003  0.182894419691234E-001 
      8.34000000 -0.865008649356573E+003  0.182785270530714E-001 
      8.36000000 -0.865008665828056E+003  0.182620555700890E-001 
      8.38000000 -0.865008687818479E+003  0.182400651468616E-001 
      8.40000000 -0.865008715286853E+003  0.182125967725019E-001 
      8.42000000 -0.865008748189395E+003  0.181796942305889E-001 
      8.44000000 -0.865008786479948E+003  0.181414036775712E-001 
      8.46000000 -0.865008830110363E+003  0.180977732633208E-001 
      8.48000000 -0.865008879030878E+003  0.180488527482061E-001 
      8.50000000 -0.865008933190337E+003  0.179946932891517E-001 
      8.52000000 -0.865008992536417E+003  0.179353472087808E-001 
      8.54000000 -0.865009057015701E+003  0.178708679250356E-001 
      8.56000000 -0.865009126573740E+003  0.178013098856327E-001 
      8.58000000 -0.865009201155018E+003  0.177267286078926E-001 
      8.60000000 -0.865009280702894E+003  0.176471807317175E-001 
      8.62000000 -0.865009365159378E+003  0.175627242473555E-001 
      8.64000000 -0.865009454464876E+003  0.174734187497508E-001 
      8.66000000 -0.865009548557934E+003  0.173793256915401E-001 
      8.68000000 -0.865009647374968E+003  0.172805086576077E-001 
      8.70000000 -0.865009750849904E+003  0.171770337220066E-001 
      8.72000000 -0.865009858913908E+003  0.170689697179700E-001 
      8.74000000 -0.865009971495055E+003  0.169563885706638E-001 
      8.76000000 -0.865010088518089E+003  0.168393655364558E-001 
      8.78000000 -0.865010209904228E+003  0.167179793978104E-001 
      8.80000000 -0.865010335570993E+003  0.165923126327592E-001 
      8.82000000 -0.865010465432110E+003  0.164624515153452E-001 
      8.84000000 -0.865010599397461E+003  0.163284861653135E-001 
      8.86000000 -0.865010737373069E+003  0.161905105569086E-001 
      8.88000000 -0.865010879261103E+003  0.160486225233213E-001 
      8.90000000 -0.865011024959943E+003  0.159029236827332E-001 
      8.92000000 -0.865011174364195E+003  0.157535194305825E-001 
      8.94000000 -0.865011327364807E+003  0.156005188188180E-001 
      8.96000000 -0.865011483849227E+003  0.154440343989000E-001 
      8.98000000 -0.865011643701543E+003  0.152841820828793E-001 
      9.00000000 -0.865011806802758E+003  0.151210808682626E-001 
      9.02000000 -0.865011973031008E+003  0.149548526178848E-001 
      9.04000000 -0.865012142261844E+003  0.147856217817774E-001 
      9.06000000 -0.865012314368500E+003  0.146135151257072E-001 
      9.08000000 -0.865012489222201E+003  0.144386614247188E-001 
      9.10000000 -0.865012666692469E+003  0.142611911569670E-001 
      9.12000000 -0.865012846647386E+003  0.140812362402801E-001 
      9.14000000 -0.865013028953887E+003  0.138989297390428E-001 
      9.16000000 -0.865013213477956E+003  0.137144056696879E-001 
      9.18000000 -0.865013400084844E+003  0.135277987820194E-001 
      9.20000000 -0.865013588639236E+003  0.133392443898387E-001 
      9.22000000 -0.865013779005417E+003  0.131488782087255E-001 
      9.24000000 -0.865013971047431E+003  0.129568361943983E-001 
      9.26000000 -0.865014164629269E+003  0.127632543571000E-001 
      9.28000000 -0.865014359614996E+003  0.125682686293474E-001 
      9.30000000 -0.865014555868947E+003  0.123720146788663E-001 
      9.32000000 -0.865014753255905E+003  0.121746277205605E-001 
      9.34000000 -0.865014951641364E+003  0.119762422620648E-001 
      9.36000000 -0.865015150891717E+003  0.117769919084632E-001 
      9.38000000 -0.865015350874603E+003  0.115770090230586E-001 
      9.40000000 -0.865015551459091E+003  0.113764245346047E-001 
      9.42000000 -0.865015752515976E+003  0.111753676502802E-001 
      9.44000000 -0.865015953917953E+003  0.109739656723939E-001 
      9.46000000 -0.865016155539821E+003  0.107723438051331E-001 
      9.48000000 -0.865016357258587E+003  0.105706250385548E-001 
      9.50000000 -0.865016558953568E+003  0.103689300580014E-001 
      9.52000000 -0.865016760506439E+003  0.101673771870633E-001 
      9.54000000 -0.865016961801310E+003  0.996608231603961E-002 
      9.56000000 -0.865017162724740E+003  0.976515888598718E-002 
      9.58000000 -0.865017363165757E+003  0.956471786928893E-002 
      9.60000000 -0.865017563015837E+003  0.936486778869874E-002 
      9.62000000 -0.865017762168929E+003  0.916571469694309E-002 
      9.64000000 -0.865017960521443E+003  0.896736218319834E-002 
      9.66000000 -0.865018157972270E+003  0.876991135578599E-002 
      9.68000000 -0.865018354422711E+003  0.857346091467836E-002 
      9.70000000 -0.865018549776488E+003  0.837810713825424E-002 
      9.72000000 -0.865018743939625E+003  0.818394400104814E-002 
      9.74000000 -0.865018936820437E+003  0.799106318912147E-002 
      9.76000000 -0.865019128329457E+003  0.779955416860465E-002 
      9.78000000 -0.865019318379474E+003  0.760950415137766E-002 
      9.80000000 -0.865019506885513E+003  0.742099811314821E-002 
      9.82000000 -0.865019693764886E+003  0.723411873950744E-002 
      9.84000000 -0.865019878937307E+003  0.704894631891158E-002 
      9.86000000 -0.865020062325012E+003  0.686555861410511E-002 
      9.88000000 -0.865020243852909E+003  0.668403071701274E-002 
      9.90000000 -0.865020423448670E+003  0.650443495583545E-002 
      9.92000000 -0.865020601042850E+003  0.632684077556109E-002 
      9.94000000 -0.865020776569002E+003  0.615131462350205E-002 
      9.96000000 -0.865020949963745E+003  0.597791988075323E-002 
      9.98000000 -0.865021121166845E+003  0.580671678117900E-002 
     10.00000000 -0.865021290121238E+003  0.563776238811468E-002 
     10.02000000 -0.865021456773074E+003  0.547111055202326E-002 
     10.04000000 -0.865021621071691E+003  0.530681193485730E-002 
     10.06000000 -0.865021782969624E+003  0.514491400174490E-002 
     10.08000000 -0.865021942422543E+003  0.498546108324799E-002 
     10.10000000 -0.865022099389203E+003  0.482849442311936E-002 
     10.12000000 -0.865022253831354E+003  0.467405227217340E-002 
     10.14000000 -0.865022405713665E+003  0.452216996098513E-002 
     10.16000000 -0.865022555003613E+003  0.437288001270906E-002 
     10.18000000 -0.865022701671377E+003  0.422621224884083E-002 
     10.20000000 -0.865022845689738E+003  0.408219388821166E-002 
     10.22000000 -0.865022987033972E+003  0.394084965420010E-002 
     10.24000000 -0.865023125681742E+003  0.380220188407062E-002 
     10.26000000 -0.865023261612984E+003  0.366627064159911E-002 
     10.28000000 -0.865023394809805E+003  0.353307382099773E-002 
     10.30000000 -0.865023525256376E+003  0.340262724977631E-002 
     10.32000000 -0.865023652938855E+003  0.327494477110883E-002 
     10.34000000 -0.865023777845307E+003  0.315003831836923E-002 
     10.36000000 -0.865023899965651E+003  0.302791797458617E-002 
     10.38000000 -0.865024019291606E+003  0.290859201961997E-002 
     10.40000000 -0.865024135816660E+003  0.279206696612549E-002 
     10.42000000 -0.865024249536066E+003  0.267834755935880E-002 
     10.44000000 -0.865024360446832E+003  0.256743679370840E-002 
     10.46000000 -0.865024468547744E+003  0.245933588224293E-002 
     10.48000000 -0.865024573839390E+003  0.235404423602277E-002 
     10.50000000 -0.865024676324245E+003  0.225155938125030E-002 
     10.52000000 -0.865024776006715E+003  0.215187691064269E-002 
     10.54000000 -0.865024872893230E+003  0.205499039613504E-002 
     10.56000000 -0.865024966992328E+003  0.196089129810328E-002 
     10.58000000 -0.865025058314741E+003  0.186956888483450E-002 
     10.60000000 -0.865025146873481E+003  0.178101014445669E-002 
     10.62000000 -0.865025232683901E+003  0.169519972490402E-002 
     10.64000000 -0.865025315763744E+003  0.161211988161610E-002 
     10.66000000 -0.865025396133192E+003  0.153175043403453E-002 
     10.68000000 -0.865025473814874E+003  0.145406875148845E-002 
     10.70000000 -0.865025548833864E+003  0.137904976131523E-002 
     10.72000000 -0.865025621217657E+003  0.130666596848527E-002 
     10.74000000 -0.865025690996124E+003  0.123688750171569E-002 
     10.76000000 -0.865025758201472E+003  0.116968215368679E-002 
     10.78000000 -0.865025822868169E+003  0.110501545702801E-002 
     10.80000000 -0.865025885032849E+003  0.104285077702858E-002 
     10.82000000 -0.865025944734212E+003  0.983149414208858E-003 
     10.84000000 -0.865026002012907E+003  0.925870718782708E-003 
     10.86000000 -0.865026056911417E+003  0.870972208793408E-003 
     10.88000000 -0.865026109473946E+003  0.818409679742277E-003 
     10.90000000 -0.865026159746305E+003  0.768137320984479E-003 
     10.92000000 -0.865026207775806E+003  0.720107820137227E-003 
     10.94000000 -0.865026253611145E+003  0.674272480732353E-003 
     10.96000000 -0.865026297302309E+003  0.630581316473715E-003 
     10.98000000 -0.865026338900468E+003  0.588983158255601E-003 
     11.00000000 -0.865026378457853E+003  0.549425772975393E-003 
     11.02000000 -0.865026416027649E+003  0.511855976739130E-003 
     11.04000000 -0.865026451663860E+003  0.476219765855125E-003 
     11.06000000 -0.865026485421182E+003  0.442462443573923E-003 
     11.08000000 -0.865026517354876E+003  0.410528749535132E-003 
     11.10000000 -0.865026547520635E+003  0.380362990664376E-003 
     11.12000000 -0.865026575974461E+003  0.351909164916341E-003 
     11.14000000 -0.865026602772539E+003  0.325111086371274E-003 
     11.16000000 -0.865026627971139E+003  0.299912486646274E-003 
     11.18000000 -0.865026651626511E+003  0.276257114953160E-003 
     11.20000000 -0.865026673794796E+003  0.254088829745662E-003 
     11.22000000 -0.865026694531945E+003  0.233351681085894E-003 
     11.24000000 -0.865026713893641E+003  0.213989984310137E-003 
     11.26000000 -0.865026731935235E+003  0.195948391277774E-003 
     11.28000000 -0.865026748711673E+003  0.179171952532834E-003 
     11.30000000 -0.865026764277447E+003  0.163606179272194E-003 
     11.32000000 -0.865026778686535E+003  0.149197090909317E-003 
     11.34000000 -0.865026791992359E+003  0.135891267278347E-003 
     11.36000000 -0.865026804247729E+003  0.123635896681224E-003 
     11.38000000 -0.865026815504799E+003  0.112378826641664E-003 
     11.40000000 -0.865026825815015E+003  0.102068610792177E-003 
     11.42000000 -0.865026835229063E+003  0.926545625282819E-004 
     11.44000000 -0.865026843796821E+003  0.840868049890983E-004 
     11.46000000 -0.865026851567296E+003  0.763163302219938E-004 
     11.48000000 -0.865026858588564E+003  0.692950622142012E-004 
     11.50000000 -0.865026864907704E+003  0.629759221479442E-004 
     11.52000000 -0.865026870570736E+003  0.573128899819406E-004 
     11.54000000 -0.865026875622552E+003  0.522610736701725E-004 
     11.56000000 -0.865026880106855E+003  0.477767712267613E-004 
     11.58000000 -0.865026884066090E+003  0.438175354977217E-004 
     11.60000000 -0.865026887541393E+003  0.403422325522148E-004 
     11.62000000 -0.865026890572525E+003  0.373111006538463E-004 
     11.64000000 -0.865026893197823E+003  0.346858026581158E-004 
     11.66000000 -0.865026895454152E+003  0.324294734794780E-004 
     11.68000000 -0.865026897376858E+003  0.305067683317988E-004 
     11.70000000 -0.865026898999720E+003  0.288839054583778E-004 
     11.72000000 -0.865026900354918E+003  0.275287082819257E-004 
     11.74000000 -0.865026901472982E+003  0.264106435908970E-004 
     11.76000000 -0.865026902382766E+003  0.255008597258229E-004 
     11.78000000 -0.865026903111402E+003  0.247722236055523E-004 
     11.80000000 -0.865026903684271E+003  0.241993546599175E-004 
     11.82000000 -0.865026904124965E+003  0.237586605025359E-004 
     11.84000000 -0.865026904455255E+003  0.234283706701265E-004 
     11.86000000 -0.865026904695055E+003  0.231885711352213E-004 
     11.88000000 -0.865026904862388E+003  0.230212374654357E-004 
     11.90000000 -0.865026904973359E+003  0.229102664359519E-004 
     11.92000000 -0.865026905042118E+003  0.228415082220475E-004 
     11.94000000 -0.865026905080832E+003  0.228027936612364E-004 
     11.96000000 -0.865026905099664E+003  0.227839615154106E-004 
     11.98000000 -0.865026905106746E+003  0.227768801258739E-004 
     12.00000000 -0.865026905108158E+003  0.227754681983082E-004 
     12.02000000 -0.865026905108180E+003  0.227754462532513E-004 
     12.04000000 -0.865026905108198E+003  0.227754274984448E-004 
     12.06000000 -0.865026905108215E+003  0.227754108704721E-004 
     12.08000000 -0.865026905108227E+003  0.227753991728867E-004 
     12.10000000 -0.865026905108233E+003  0.227753928890598E-004 
     12.12000000 -0.865026905108233E+003  0.227753925023628E-004 
     12.14000000 -0.865026905108228E+003  0.227753975294243E-004 
     12.16000000 -0.865026905108218E+003  0.227754073901988E-004 
     12.18000000 -0.865026905108205E+003  0.227754205378981E-004 
     12.20000000 -0.865026905108189E+003  0.227754363924767E-004 
     12.22000000 -0.865026905108172E+003  0.227754537938435E-004 
     12.24000000 -0.865026905108154E+003  0.227754721619529E-004 
     12.26000000 -0.865026905108136E+003  0.227754901433652E-004 
     12.28000000 -0.865026905108119E+003  0.227755071580350E-004 
     12.30000000 -0.865026905108104E+003  0.227755222392195E-004 
     12.32000000 -0.865026905108091E+003  0.227755350002218E-004 
     12.34000000 -0.865026905108082E+003  0.227755442809508E-004 
     12.36000000 -0.865026905108075E+003  0.227755504681034E-004 
     12.38000000 -0.865026905108073E+003  0.227755529816342E-004 
     12.40000000 -0.865026905108074E+003  0.227755519182173E-004 
     12.42000000 -0.865026905108078E+003  0.227755478578984E-004 
     12.44000000 -0.865026905108085E+003  0.227755406073289E-004 
     12.46000000 -0.865026905108095E+003  0.227755309399029E-004 
     12.48000000 -0.865026905108107E+003  0.227755192423175E-004 
     12.50000000 -0.865026905108120E+003  0.227755059979439E-004 
     12.52000000 -0.865026905108134E+003  0.227754916901534E-004 
     12.54000000 -0.865026905108149E+003  0.227754764156203E-004 
     12.56000000 -0.865026905108165E+003  0.227754609477388E-004 
     12.58000000 -0.865026905108181E+003  0.227754452865087E-004 
     12.60000000 -0.865026905108196E+003  0.227754300119756E-004 
     12.62000000 -0.865026905108210E+003  0.227754153174881E-004 
     12.64000000 -0.865026905108224E+003  0.227754016864174E-004 
     12.66000000 -0.865026905108237E+003  0.227753887320666E-004 
     12.68000000 -0.865026905108249E+003  0.227753770344812E-004 
     12.70000000 -0.865026905108259E+003  0.227753664969868E-004 
     12.72000000 -0.865026905108269E+003  0.227753567328866E-004 
     12.74000000 -0.865026905108278E+003  0.227753479355289E-004 
     12.76000000 -0.865026905108286E+003  0.227753399115654E-004 
     12.78000000 -0.865026905108294E+003  0.227753319842761E-004 
     12.80000000 -0.865026905108301E+003  0.227753244436838E-004 
     12.82000000 -0.865026905108309E+003  0.227753171931143E-004 
     12.84000000 -0.865026905108316E+003  0.227753097491963E-004 
     12.86000000 -0.865026905108324E+003  0.227753020152555E-004 
     12.88000000 -0.865026905108332E+003  0.227752937979434E-004 
     12.90000000 -0.865026905108341E+003  0.227752851939343E-004 
     12.92000000 -0.865026905108350E+003  0.227752759132053E-004 
     12.94000000 -0.865026905108360E+003  0.227752659557566E-004 
     12.96000000 -0.865026905108371E+003  0.227752550315652E-004 
     12.98000000 -0.865026905108382E+003  0.227752434306540E-004 
     13.00000000 -0.865026905108395E+003  0.227752310563487E-004 
     13.02000000 -0.865026905108408E+003  0.227752177153009E-004 
     13.04000000 -0.865026905108422E+003  0.227752036975332E-004 
     13.06000000 -0.865026905108437E+003  0.227751889063714E-004 
     13.08000000 -0.865026905108452E+003  0.227751737285126E-004 
     13.10000000 -0.865026905108468E+003  0.227751578739340E-004 
     13.12000000 -0.865026905108484E+003  0.227751414393098E-004 
     13.14000000 -0.865026905108501E+003  0.227751247146629E-004 
     13.16000000 -0.865026905108518E+003  0.227751077966674E-004 
     13.18000000 -0.865026905108535E+003  0.227750904919749E-004 
     13.20000000 -0.865026905108553E+003  0.227750730906081E-004 
     13.22000000 -0.865026905108570E+003  0.227750556892413E-004 
     13.24000000 -0.865026905108588E+003  0.227750382878745E-004 
     13.26000000 -0.865026905108605E+003  0.227750207898335E-004 
     13.28000000 -0.865026905108622E+003  0.227750035818152E-004 
     13.30000000 -0.865026905108640E+003  0.227749862771227E-004 
     13.32000000 -0.865026905108656E+003  0.227749694558015E-004 
     13.34000000 -0.865026905108673E+003  0.227749528278288E-004 
     13.36000000 -0.865026905108690E+003  0.227749361031818E-004 
     13.38000000 -0.865026905108706E+003  0.227749197652319E-004 
     13.40000000 -0.865026905108722E+003  0.227749036206305E-004 
     13.42000000 -0.865026905108738E+003  0.227748876693776E-004 
     13.44000000 -0.865026905108754E+003  0.227748720081475E-004 
     13.46000000 -0.865026905108769E+003  0.227748563469174E-004 
     13.48000000 -0.865026905108785E+003  0.227748404923388E-004 
     13.50000000 -0.865026905108801E+003  0.227748248311087E-004 
     13.52000000 -0.865026905108817E+003  0.227748091698786E-004 
     13.54000000 -0.865026905108833E+003  0.227747933153000E-004 
     13.56000000 -0.865026905108848E+003  0.227747774607214E-004 
     13.58000000 -0.865026905108865E+003  0.227747612194457E-004 
     13.60000000 -0.865026905108881E+003  0.227747447848215E-004 
     13.62000000 -0.865026905108898E+003  0.227747280601746E-004 
     13.64000000 -0.865026905108915E+003  0.227747111421791E-004 
     13.66000000 -0.865026905108932E+003  0.227746939341608E-004 
     13.68000000 -0.865026905108950E+003  0.227746761460970E-004 
     13.70000000 -0.865026905108968E+003  0.227746582613589E-004 
     13.72000000 -0.865026905108986E+003  0.227746401832723E-004 
     13.74000000 -0.865026905109004E+003  0.227746216218144E-004 
     13.76000000 -0.865026905109023E+003  0.227746030603565E-004 
     13.78000000 -0.865026905109042E+003  0.227745841122016E-004 
     13.80000000 -0.865026905109061E+003  0.227745652607209E-004 
     13.82000000 -0.865026905109080E+003  0.227745463125660E-004 
     13.84000000 -0.865026905109099E+003  0.227745271710625E-004 
     13.86000000 -0.865026905109118E+003  0.227745082229076E-004 
     13.88000000 -0.865026905109137E+003  0.227744889847299E-004 
     13.90000000 -0.865026905109156E+003  0.227744700365749E-004 
     13.92000000 -0.865026905109174E+003  0.227744513784428E-004 
     13.94000000 -0.865026905109193E+003  0.227744325269621E-004 
     13.96000000 -0.865026905109212E+003  0.227744139655042E-004 
     13.98000000 -0.865026905109231E+003  0.227743952106978E-004 
     14.00000000 -0.865026905109249E+003  0.227743768425884E-004 
     14.02000000 -0.865026905109267E+003  0.227743586678275E-004 
     14.04000000 -0.865026905109286E+003  0.227743402030439E-004 
     14.06000000 -0.865026905109304E+003  0.227743219316088E-004 
     14.08000000 -0.865026905109322E+003  0.227743037568479E-004 
     14.10000000 -0.865026905109341E+003  0.227742852920643E-004 
     14.12000000 -0.865026905109359E+003  0.227742668272806E-004 
     14.14000000 -0.865026905109377E+003  0.227742483624970E-004 
     14.16000000 -0.865026905109396E+003  0.227742298010391E-004 
     14.18000000 -0.865026905109415E+003  0.227742110462327E-004 
     14.20000000 -0.865026905109434E+003  0.227741920014035E-004 
     14.22000000 -0.865026905109453E+003  0.227741730532485E-004 
     14.24000000 -0.865026905109472E+003  0.227741539117451E-004 
     14.26000000 -0.865026905109491E+003  0.227741345768931E-004 
     14.28000000 -0.865026905109511E+003  0.227741150486926E-004 
     14.30000000 -0.865026905109530E+003  0.227740958105149E-004 
     14.32000000 -0.865026905109550E+003  0.227740761856401E-004 
     14.34000000 -0.865026905109569E+003  0.227740568507882E-004 
     14.36000000 -0.865026905109588E+003  0.227740373225877E-004 
     14.38000000 -0.865026905109608E+003  0.227740176010387E-004 
     14.40000000 -0.865026905109628E+003  0.227739982661867E-004 
     14.42000000 -0.865026905109647E+003  0.227739789313347E-004 
     14.44000000 -0.865026905109667E+003  0.227739592097857E-004 
     14.46000000 -0.865026905109686E+003  0.227739400682822E-004 
     14.48000000 -0.865026905109705E+003  0.227739207334302E-004 
     14.50000000 -0.865026905109724E+003  0.227739013985783E-004 
     14.52000000 -0.865026905109743E+003  0.227738823537491E-004 
     14.54000000 -0.865026905109762E+003  0.227738634055941E-004 
     14.56000000 -0.865026905109782E+003  0.227738442640907E-004 
     14.58000000 -0.865026905109801E+003  0.227738252192615E-004 
     14.60000000 -0.865026905109820E+003  0.227738060777580E-004 
     14.62000000 -0.865026905109838E+003  0.227737873229516E-004 
     14.64000000 -0.865026905109858E+003  0.227737681814481E-004 
     14.66000000 -0.865026905109877E+003  0.227737490399447E-004 
     14.68000000 -0.865026905109896E+003  0.227737298984412E-004 
     14.70000000 -0.865026905109915E+003  0.227737107569378E-004 
     14.72000000 -0.865026905109934E+003  0.227736914220858E-004 
     14.74000000 -0.865026905109954E+003  0.227736722805823E-004 
     14.76000000 -0.865026905109973E+003  0.227736525590333E-004 
     14.78000000 -0.865026905109993E+003  0.227736332241813E-004 
     14.80000000 -0.865026905110012E+003  0.227736136959808E-004 
     14.82000000 -0.865026905110032E+003  0.227735943611289E-004 
     14.84000000 -0.865026905110051E+003  0.227735748329284E-004 
     14.86000000 -0.865026905110071E+003  0.227735552080536E-004 
     14.88000000 -0.865026905110090E+003  0.227735355831789E-004 
     14.90000000 -0.865026905110110E+003  0.227735160549784E-004 
     14.92000000 -0.865026905110129E+003  0.227734966234521E-004 
     14.94000000 -0.865026905110149E+003  0.227734769985774E-004 
     14.96000000 -0.865026905110168E+003  0.227734574703769E-004 
     14.98000000 -0.865026905110187E+003  0.227734383288734E-004 
     15.00000000 -0.865026905110207E+003  0.227734188006729E-004 
     15.02000000 -0.865026905110226E+003  0.227733995624952E-004 
     15.04000000 -0.865026905110245E+003  0.227733803243175E-004 
     15.06000000 -0.865026905110265E+003  0.227733609894655E-004 
     15.08000000 -0.865026905110284E+003  0.227733418479620E-004 
     15.10000000 -0.865026905110303E+003  0.227733224164358E-004 
     15.12000000 -0.865026905110322E+003  0.227733033716066E-004 
     15.14000000 -0.865026905110342E+003  0.227732840367546E-004 
     15.16000000 -0.865026905110361E+003  0.227732648952512E-004 
     15.18000000 -0.865026905110380E+003  0.227732459470962E-004 
     15.20000000 -0.865026905110399E+003  0.227732266122443E-004 
     15.22000000 -0.865026905110418E+003  0.227732075674151E-004 
     15.24000000 -0.865026905110437E+003  0.227731883292373E-004 
     15.26000000 -0.865026905110457E+003  0.227731691877339E-004 
     15.28000000 -0.865026905110476E+003  0.227731501429047E-004 
     15.30000000 -0.865026905110495E+003  0.227731312914240E-004 
     15.32000000 -0.865026905110514E+003  0.227731119565720E-004 
     15.34000000 -0.865026905110533E+003  0.227730927183943E-004 
     15.36000000 -0.865026905110552E+003  0.227730735768909E-004 
     15.38000000 -0.865026905110571E+003  0.227730547254102E-004 
     15.40000000 -0.865026905110590E+003  0.227730357772552E-004 
     15.42000000 -0.865026905110609E+003  0.227730166357518E-004 
     15.44000000 -0.865026905110628E+003  0.227729973975741E-004 
     15.46000000 -0.865026905110647E+003  0.227729783527449E-004 
     15.48000000 -0.865026905110666E+003  0.227729594045899E-004 
     15.50000000 -0.865026905110686E+003  0.227729402630865E-004 
     15.52000000 -0.865026905110705E+003  0.227729211215830E-004 
     15.54000000 -0.865026905110724E+003  0.227729019800796E-004 
     15.56000000 -0.865026905110743E+003  0.227728828385761E-004 
     15.58000000 -0.865026905110762E+003  0.227728638904212E-004 
     15.60000000 -0.865026905110781E+003  0.227728445555692E-004 
     15.62000000 -0.865026905110800E+003  0.227728255107400E-004 
     15.64000000 -0.865026905110819E+003  0.227728066592593E-004 
     15.66000000 -0.865026905110838E+003  0.227727877111044E-004 
     15.68000000 -0.865026905110857E+003  0.227727687629494E-004 
     15.70000000 -0.865026905110876E+003  0.227727498147945E-004 
     15.72000000 -0.865026905110895E+003  0.227727308666396E-004 
     15.74000000 -0.865026905110914E+003  0.227727119184846E-004 
     15.76000000 -0.865026905110933E+003  0.227726929703297E-004 
     15.78000000 -0.865026905110952E+003  0.227726738288262E-004 
     15.80000000 -0.865026905110971E+003  0.227726549773456E-004 
     15.82000000 -0.865026905110990E+003  0.227726358358421E-004 
     15.84000000 -0.865026905111009E+003  0.227726169843614E-004 
     15.86000000 -0.865026905111028E+003  0.227725976495094E-004 
     15.88000000 -0.865026905111047E+003  0.227725784113317E-004 
     15.90000000 -0.865026905111067E+003  0.227725593665025E-004 
     15.92000000 -0.865026905111086E+003  0.227725398383020E-004 
     15.94000000 -0.865026905111105E+003  0.227725206967986E-004 
     15.96000000 -0.865026905111124E+003  0.227725015552951E-004 
     15.98000000 -0.865026905111144E+003  0.227724822204431E-004 
     16.00000000 -0.865026905111163E+003  0.227724630789397E-004 
     16.02000000 -0.865026905111182E+003  0.227724441307847E-004 
     16.04000000 -0.865026905111201E+003  0.227724249892813E-004 
     16.06000000 -0.865026905111220E+003  0.227724060411263E-004 
     16.08000000 -0.865026905111239E+003  0.227723872863199E-004 
     16.10000000 -0.865026905111257E+003  0.227723684348393E-004 
     16.12000000 -0.865026905111276E+003  0.227723498733814E-004 
     16.14000000 -0.865026905111294E+003  0.227723314085977E-004 
     16.16000000 -0.865026905111313E+003  0.227723128471398E-004 
     16.18000000 -0.865026905111331E+003  0.227722944790304E-004 
     16.20000000 -0.865026905111350E+003  0.227722758208983E-004 
     16.22000000 -0.865026905111368E+003  0.227722573561146E-004 
     16.24000000 -0.865026905111387E+003  0.227722391813538E-004 
     16.26000000 -0.865026905111405E+003  0.227722206198959E-004 
     16.28000000 -0.865026905111424E+003  0.227722020584380E-004 
     16.30000000 -0.865026905111442E+003  0.227721833036316E-004 
     16.32000000 -0.865026905111461E+003  0.227721645488252E-004 
     16.34000000 -0.865026905111480E+003  0.227721458906930E-004 
     16.36000000 -0.865026905111499E+003  0.227721268458638E-004 
     16.38000000 -0.865026905111518E+003  0.227721076076861E-004 
     16.40000000 -0.865026905111537E+003  0.227720885628569E-004 
     16.42000000 -0.865026905111557E+003  0.227720692280049E-004 
     16.44000000 -0.865026905111576E+003  0.227720498931529E-004 
     16.46000000 -0.865026905111596E+003  0.227720303649524E-004 
     16.48000000 -0.865026905111615E+003  0.227720110301005E-004 
     16.50000000 -0.865026905111634E+003  0.227719915019000E-004 
     16.52000000 -0.865026905111654E+003  0.227719717803509E-004 
     16.54000000 -0.865026905111674E+003  0.227719520588019E-004 
     16.56000000 -0.865026905111693E+003  0.227719330139727E-004 
     16.58000000 -0.865026905111712E+003  0.227719134857722E-004 
     16.60000000 -0.865026905111732E+003  0.227718941509202E-004 
     16.62000000 -0.865026905111751E+003  0.227718751060911E-004 
     16.64000000 -0.865026905111770E+003  0.227718561579361E-004 
     16.66000000 -0.865026905111789E+003  0.227718372097812E-004 
     16.68000000 -0.865026905111808E+003  0.227718183583005E-004 
     16.70000000 -0.865026905111826E+003  0.227717999901911E-004 
     16.72000000 -0.865026905111844E+003  0.227717814287332E-004 
     16.74000000 -0.865026905111863E+003  0.227717631572981E-004 
     16.76000000 -0.865026905111881E+003  0.227717447891887E-004 
     16.78000000 -0.865026905111899E+003  0.227717266144279E-004 
     16.80000000 -0.865026905111917E+003  0.227717083429927E-004 
     16.82000000 -0.865026905111936E+003  0.227716900715576E-004 
     16.84000000 -0.865026905111954E+003  0.227716715100997E-004 
     16.86000000 -0.865026905111973E+003  0.227716531419904E-004 
     16.88000000 -0.865026905111991E+003  0.227716343871839E-004 
     16.90000000 -0.865026905112010E+003  0.227716157290518E-004 
     16.92000000 -0.865026905112029E+003  0.227715966842226E-004 
     16.94000000 -0.865026905112048E+003  0.227715776393934E-004 
     16.96000000 -0.865026905112067E+003  0.227715585945642E-004 
     16.98000000 -0.865026905112087E+003  0.227715393563865E-004 
     17.00000000 -0.865026905112106E+003  0.227715199248602E-004 
     17.02000000 -0.865026905112125E+003  0.227715005900083E-004 
     17.04000000 -0.865026905112145E+003  0.227714810618078E-004 
     17.06000000 -0.865026905112164E+003  0.227714617269558E-004 
     17.08000000 -0.865026905112184E+003  0.227714417153840E-004 
     17.10000000 -0.865026905112204E+003  0.227714222838577E-004 
     17.12000000 -0.865026905112223E+003  0.227714027556572E-004 
     17.14000000 -0.865026905112242E+003  0.227713834208053E-004 
     17.16000000 -0.865026905112262E+003  0.227713640859533E-004 
     17.18000000 -0.865026905112281E+003  0.227713448477756E-004 
     17.20000000 -0.865026905112300E+003  0.227713256095979E-004 
     17.22000000 -0.865026905112319E+003  0.227713065647687E-004 
     17.24000000 -0.865026905112338E+003  0.227712876166137E-004 
     17.26000000 -0.865026905112357E+003  0.227712686684588E-004 
     17.28000000 -0.865026905112376E+003  0.227712500103266E-004 
     17.30000000 -0.865026905112394E+003  0.227712314488687E-004 
     17.32000000 -0.865026905112413E+003  0.227712128874108E-004 
     17.34000000 -0.865026905112432E+003  0.227711941326044E-004 
     17.36000000 -0.865026905112450E+003  0.227711754744723E-004 
     17.38000000 -0.865026905112469E+003  0.227711567196658E-004 
     17.40000000 -0.865026905112488E+003  0.227711381582079E-004 
     17.42000000 -0.865026905112506E+003  0.227711195000758E-004 
     17.44000000 -0.865026905112525E+003  0.227711005519208E-004 
     17.46000000 -0.865026905112544E+003  0.227710817971144E-004 
     17.48000000 -0.865026905112563E+003  0.227710629456337E-004 
     17.50000000 -0.865026905112582E+003  0.227710437074560E-004 
     17.52000000 -0.865026905112601E+003  0.227710245659526E-004 
     17.54000000 -0.865026905112620E+003  0.227710054244491E-004 
     17.56000000 -0.865026905112640E+003  0.227709860895971E-004 
     17.58000000 -0.865026905112659E+003  0.227709665613966E-004 
     17.60000000 -0.865026905112679E+003  0.227709472265447E-004 
     17.62000000 -0.865026905112698E+003  0.227709278916927E-004 
     17.64000000 -0.865026905112718E+003  0.227709081701437E-004 
     17.66000000 -0.865026905112737E+003  0.227708888352917E-004 
     17.68000000 -0.865026905112757E+003  0.227708691137427E-004 
     17.70000000 -0.865026905112776E+003  0.227708497788907E-004 
     17.72000000 -0.865026905112796E+003  0.227708301540159E-004 
     17.74000000 -0.865026905112815E+003  0.227708106258154E-004 
     17.76000000 -0.865026905112834E+003  0.227707913876377E-004 
     17.78000000 -0.865026905112854E+003  0.227707720527858E-004 
     17.80000000 -0.865026905112873E+003  0.227707529112823E-004 
     17.82000000 -0.865026905112892E+003  0.227707337697788E-004 
     17.84000000 -0.865026905112911E+003  0.227707148216239E-004 
     17.86000000 -0.865026905112930E+003  0.227706956801204E-004 
     17.88000000 -0.865026905112949E+003  0.227706769253140E-004 
     17.90000000 -0.865026905112968E+003  0.227706579771591E-004 
     17.92000000 -0.865026905112987E+003  0.227706391256784E-004 
     17.94000000 -0.865026905113006E+003  0.227706200808492E-004 
     17.96000000 -0.865026905113025E+003  0.227706013260428E-004 
     17.98000000 -0.865026905113043E+003  0.227705823778879E-004 
     18.00000000 -0.865026905113063E+003  0.227705632363844E-004 
     18.02000000 -0.865026905113082E+003  0.227705442882295E-004 
     18.04000000 -0.865026905113100E+003  0.227705253400745E-004 
     18.06000000 -0.865026905113120E+003  0.227705059085483E-004 
     18.08000000 -0.865026905113139E+003  0.227704866703706E-004 
     18.10000000 -0.865026905113159E+003  0.227704671421701E-004 
     18.12000000 -0.865026905113178E+003  0.227704477106438E-004 
     18.14000000 -0.865026905113198E+003  0.227704280857691E-004 
     18.16000000 -0.865026905113217E+003  0.227704089442656E-004 
     18.18000000 -0.865026905113237E+003  0.227703889326938E-004 
     18.20000000 -0.865026905113256E+003  0.227703695011676E-004 
     18.22000000 -0.865026905113276E+003  0.227703500696413E-004 
     18.24000000 -0.865026905113295E+003  0.227703306381151E-004 
     18.26000000 -0.865026905113315E+003  0.227703112065889E-004 
     18.28000000 -0.865026905113334E+003  0.227702917750626E-004 
     18.30000000 -0.865026905113353E+003  0.227702724402107E-004 
     18.32000000 -0.865026905113373E+003  0.227702532987072E-004 
     18.34000000 -0.865026905113392E+003  0.227702339638552E-004 
     18.36000000 -0.865026905113411E+003  0.227702144356547E-004 
     18.38000000 -0.865026905113430E+003  0.227701953908255E-004 
     18.40000000 -0.865026905113449E+003  0.227701765393448E-004 
     18.42000000 -0.865026905113469E+003  0.227701571078186E-004 
     18.44000000 -0.865026905113488E+003  0.227701378696409E-004 
     18.46000000 -0.865026905113507E+003  0.227701185347889E-004 
     18.48000000 -0.865026905113527E+003  0.227700991999369E-004 
     18.50000000 -0.865026905113546E+003  0.227700796717364E-004 
     18.52000000 -0.865026905113565E+003  0.227700603368845E-004 
     18.54000000 -0.865026905113585E+003  0.227700409053582E-004 
     18.56000000 -0.865026905113604E+003  0.227700213771577E-004 
     18.58000000 -0.865026905113624E+003  0.227700017522830E-004 
     18.60000000 -0.865026905113644E+003  0.227699821274082E-004 
     18.62000000 -0.865026905113663E+003  0.227699625025335E-004 
     18.64000000 -0.865026905113683E+003  0.227699427809844E-004 
     18.66000000 -0.865026905113703E+003  0.227699232527839E-004 
     18.68000000 -0.865026905113722E+003  0.227699039179320E-004 
     18.70000000 -0.865026905113742E+003  0.227698842930572E-004 
     18.72000000 -0.865026905113761E+003  0.227698646681825E-004 
     18.74000000 -0.865026905113781E+003  0.227698452366562E-004 
     18.76000000 -0.865026905113800E+003  0.227698256117815E-004 
     18.78000000 -0.865026905113820E+003  0.227698061802552E-004 
     18.80000000 -0.865026905113839E+003  0.227697867487290E-004 
     18.82000000 -0.865026905113859E+003  0.227697672205285E-004 
     18.84000000 -0.865026905113878E+003  0.227697478856765E-004 
     18.86000000 -0.865026905113898E+003  0.227697282608018E-004 
     18.88000000 -0.865026905113917E+003  0.227697088292755E-004 
     18.90000000 -0.865026905113936E+003  0.227696894944235E-004 
     18.92000000 -0.865026905113956E+003  0.227696699662230E-004 
     18.94000000 -0.865026905113975E+003  0.227696506313711E-004 
     18.96000000 -0.865026905113995E+003  0.227696309098221E-004 
     18.98000000 -0.865026905114014E+003  0.227696115749701E-004 
     19.00000000 -0.865026905114034E+003  0.227695920467696E-004 
     19.02000000 -0.865026905114053E+003  0.227695725185691E-004 
     19.04000000 -0.865026905114073E+003  0.227695531837171E-004 
     19.06000000 -0.865026905114092E+003  0.227695335588423E-004 
     19.08000000 -0.865026905114112E+003  0.227695141273161E-004 
     19.10000000 -0.865026905114131E+003  0.227694945991156E-004 
     19.12000000 -0.865026905114151E+003  0.227694750709151E-004 
     19.14000000 -0.865026905114170E+003  0.227694554460404E-004 
     19.16000000 -0.865026905114190E+003  0.227694358211656E-004 
     19.18000000 -0.865026905114210E+003  0.227694160996166E-004 
     19.20000000 -0.865026905114229E+003  0.227693965714161E-004 
     19.22000000 -0.865026905114249E+003  0.227693772365641E-004 
     19.24000000 -0.865026905114269E+003  0.227693573216666E-004 
     19.26000000 -0.865026905114288E+003  0.227693379868146E-004 
     19.28000000 -0.865026905114307E+003  0.227693184586141E-004 
     19.30000000 -0.865026905114327E+003  0.227692988337393E-004 
     19.32000000 -0.865026905114346E+003  0.227692794022131E-004 
     19.34000000 -0.865026905114366E+003  0.227692597773383E-004 
     19.36000000 -0.865026905114385E+003  0.227692403458121E-004 
     19.38000000 -0.865026905114405E+003  0.227692208176116E-004 
     19.40000000 -0.865026905114424E+003  0.227692014827596E-004 
     19.42000000 -0.865026905114444E+003  0.227691821479077E-004 
     19.44000000 -0.865026905114463E+003  0.227691626197072E-004 
     19.46000000 -0.865026905114482E+003  0.227691433815294E-004 
     19.48000000 -0.865026905114502E+003  0.227691239500032E-004 
     19.50000000 -0.865026905114521E+003  0.227691045184770E-004 
     19.52000000 -0.865026905114541E+003  0.227690848936022E-004 
     19.54000000 -0.865026905114560E+003  0.227690657520988E-004 
     19.56000000 -0.865026905114580E+003  0.227690462238983E-004 
     19.58000000 -0.865026905114599E+003  0.227690268890463E-004 
     19.60000000 -0.865026905114618E+003  0.227690075541943E-004 
     19.62000000 -0.865026905114638E+003  0.227689880259938E-004 
     19.64000000 -0.865026905114657E+003  0.227689686911418E-004 
     19.66000000 -0.865026905114677E+003  0.227689489695928E-004 
     19.68000000 -0.865026905114696E+003  0.227689296347408E-004 
     19.70000000 -0.865026905114716E+003  0.227689102998889E-004 
     19.72000000 -0.865026905114735E+003  0.227688906750141E-004 
     19.74000000 -0.865026905114755E+003  0.227688710501393E-004 
     19.76000000 -0.865026905114774E+003  0.227688517152874E-004 
     19.78000000 -0.865026905114794E+003  0.227688319937384E-004 
     19.80000000 -0.865026905114813E+003  0.227688126588864E-004 
     19.82000000 -0.865026905114833E+003  0.227687931306859E-004 
     19.84000000 -0.865026905114852E+003  0.227687736024854E-004 
     19.86000000 -0.865026905114872E+003  0.227687542676334E-004 
     19.88000000 -0.865026905114891E+003  0.227687348361072E-004 
     19.90000000 -0.865026905114911E+003  0.227687152112324E-004 
     19.92000000 -0.865026905114930E+003  0.227686956830319E-004 
     19.94000000 -0.865026905114949E+003  0.227686763481799E-004 
     19.96000000 -0.865026905114969E+003  0.227686567233052E-004 
     19.98000000 -0.865026905114988E+003  0.227686375818017E-004 
     20.00000000 -0.865026905115008E+003  0.227686179569270E-004 
     20.02000000 -0.865026905115027E+003  0.227685983320522E-004 
     20.04000000 -0.865026905115047E+003  0.227685789005260E-004 
     20.06000000 -0.865026905115066E+003  0.227685595656740E-004 
     20.08000000 -0.865026905115086E+003  0.227685400374735E-004 
     20.10000000 -0.865026905115105E+003  0.227685205092730E-004 
     20.12000000 -0.865026905115125E+003  0.227685011744210E-004 
     20.14000000 -0.865026905115144E+003  0.227684817428948E-004 
     20.16000000 -0.865026905115163E+003  0.227684626980656E-004 
     20.18000000 -0.865026905115183E+003  0.227684431698651E-004 
     20.20000000 -0.865026905115202E+003  0.227684242217102E-004 
     20.22000000 -0.865026905115221E+003  0.227684048868582E-004 
     20.24000000 -0.865026905115240E+003  0.227683857453547E-004 
     20.26000000 -0.865026905115259E+003  0.227683668938740E-004 
     20.28000000 -0.865026905115278E+003  0.227683476556963E-004 
     20.30000000 -0.865026905115297E+003  0.227683284175186E-004 
     20.32000000 -0.865026905115316E+003  0.227683093726894E-004 
     20.34000000 -0.865026905115336E+003  0.227682902311859E-004 
     20.36000000 -0.865026905115355E+003  0.227682707996597E-004 
     20.38000000 -0.865026905115374E+003  0.227682517548305E-004 
     20.40000000 -0.865026905115393E+003  0.227682324199785E-004 
     20.42000000 -0.865026905115413E+003  0.227682128917780E-004 
     20.44000000 -0.865026905115432E+003  0.227681937502746E-004 
     20.46000000 -0.865026905115452E+003  0.227681740287256E-004 
     20.48000000 -0.865026905115471E+003  0.227681545005251E-004 
     20.50000000 -0.865026905115491E+003  0.227681349723246E-004 
     20.52000000 -0.865026905115511E+003  0.227681153474498E-004 
     20.54000000 -0.865026905115530E+003  0.227680959159236E-004 
     20.56000000 -0.865026905115550E+003  0.227680761943746E-004 
     20.58000000 -0.865026905115569E+003  0.227680567628483E-004 
     20.60000000 -0.865026905115589E+003  0.227680371379736E-004 
     20.62000000 -0.865026905115608E+003  0.227680174164246E-004 
     20.64000000 -0.865026905115628E+003  0.227679978882241E-004 
     20.66000000 -0.865026905115647E+003  0.227679785533721E-004 
     20.68000000 -0.865026905115667E+003  0.227679590251716E-004 
     20.70000000 -0.865026905115686E+003  0.227679397869939E-004 
     20.72000000 -0.865026905115705E+003  0.227679204521419E-004 
     20.74000000 -0.865026905115725E+003  0.227679012139642E-004 
     20.76000000 -0.865026905115744E+003  0.227678820724607E-004 
     20.78000000 -0.865026905115763E+003  0.227678629309573E-004 
     20.80000000 -0.865026905115782E+003  0.227678440794766E-004 
     20.82000000 -0.865026905115801E+003  0.227678252279959E-004 
     20.84000000 -0.865026905115820E+003  0.227678060864924E-004 
     20.86000000 -0.865026905115839E+003  0.227677873316860E-004 
     20.88000000 -0.865026905115857E+003  0.227677683835311E-004 
     20.90000000 -0.865026905115877E+003  0.227677493387019E-004 
     20.92000000 -0.865026905115895E+003  0.227677302938727E-004 
     20.94000000 -0.865026905115915E+003  0.227677110556950E-004 
     20.96000000 -0.865026905115934E+003  0.227676920108658E-004 
     20.98000000 -0.865026905115953E+003  0.227676728693623E-004 
     21.00000000 -0.865026905115972E+003  0.227676536311846E-004 
     21.02000000 -0.865026905115992E+003  0.227676341996584E-004 
     21.04000000 -0.865026905116011E+003  0.227676148648064E-004 
     21.06000000 -0.865026905116030E+003  0.227675954332801E-004 
     21.08000000 -0.865026905116050E+003  0.227675760017539E-004 
     21.10000000 -0.865026905116069E+003  0.227675565702277E-004 
     21.12000000 -0.865026905116089E+003  0.227675369453529E-004 
     21.14000000 -0.865026905116109E+003  0.227675172238039E-004 
     21.16000000 -0.865026905116128E+003  0.227674977922777E-004 
     21.18000000 -0.865026905116148E+003  0.227674781674029E-004 
     21.20000000 -0.865026905116167E+003  0.227674588325509E-004 
     21.22000000 -0.865026905116187E+003  0.227674393043504E-004 
     21.24000000 -0.865026905116206E+003  0.227674197761499E-004 
     21.26000000 -0.865026905116226E+003  0.227674003446237E-004 
     21.28000000 -0.865026905116245E+003  0.227673811064460E-004 
     21.30000000 -0.865026905116264E+003  0.227673617715940E-004 
     21.32000000 -0.865026905116283E+003  0.227673424367420E-004 
     21.34000000 -0.865026905116303E+003  0.227673231985643E-004 
     21.36000000 -0.865026905116322E+003  0.227673038637123E-004 
     21.38000000 -0.865026905116341E+003  0.227672844321861E-004 
     21.40000000 -0.865026905116360E+003  0.227672653873569E-004 
     21.42000000 -0.865026905116380E+003  0.227672461491792E-004 
     21.44000000 -0.865026905116399E+003  0.227672268143272E-004 
     21.46000000 -0.865026905116418E+003  0.227672074794752E-004 
     21.48000000 -0.865026905116438E+003  0.227671881446232E-004 
     21.50000000 -0.865026905116457E+003  0.227671691964683E-004 
     21.52000000 -0.865026905116476E+003  0.227671495715936E-004 
     21.54000000 -0.865026905116495E+003  0.227671304300901E-004 
     21.56000000 -0.865026905116515E+003  0.227671109018896E-004 
     21.58000000 -0.865026905116534E+003  0.227670914703634E-004 
     21.60000000 -0.865026905116554E+003  0.227670721355114E-004 
     21.62000000 -0.865026905116573E+003  0.227670526073109E-004 
     21.64000000 -0.865026905116593E+003  0.227670330791104E-004 
     21.66000000 -0.865026905116612E+003  0.227670135509099E-004 
     21.68000000 -0.865026905116632E+003  0.227669942160579E-004 
     21.70000000 -0.865026905116651E+003  0.227669746878574E-004 
     21.72000000 -0.865026905116670E+003  0.227669553530054E-004 
     21.74000000 -0.865026905116690E+003  0.227669358248049E-004 
     21.76000000 -0.865026905116709E+003  0.227669164899530E-004 
     21.78000000 -0.865026905116729E+003  0.227668968650782E-004 
     21.80000000 -0.865026905116748E+003  0.227668774335520E-004 
     21.82000000 -0.865026905116768E+003  0.227668582920485E-004 
     21.84000000 -0.865026905116787E+003  0.227668388605223E-004 
     21.86000000 -0.865026905116807E+003  0.227668192356475E-004 
     21.88000000 -0.865026905116826E+003  0.227668000941441E-004 
     21.90000000 -0.865026905116845E+003  0.227667805659436E-004 
     21.92000000 -0.865026905116865E+003  0.227667611344173E-004 
     21.94000000 -0.865026905116884E+003  0.227667415095426E-004 
     21.96000000 -0.865026905116904E+003  0.227667219813421E-004 
     21.98000000 -0.865026905116923E+003  0.227667025498158E-004 
     22.00000000 -0.865026905116943E+003  0.227666831182896E-004 
     22.02000000 -0.865026905116962E+003  0.227666635900891E-004 
     22.04000000 -0.865026905116982E+003  0.227666440618886E-004 
     22.06000000 -0.865026905117001E+003  0.227666247270366E-004 
     22.08000000 -0.865026905117021E+003  0.227666051988361E-004 
     22.10000000 -0.865026905117040E+003  0.227665854772871E-004 
     22.12000000 -0.865026905117060E+003  0.227665661424351E-004 
     22.14000000 -0.865026905117079E+003  0.227665468075832E-004 
     22.16000000 -0.865026905117098E+003  0.227665274727312E-004 
     22.18000000 -0.865026905117118E+003  0.227665079445307E-004 
     22.20000000 -0.865026905117137E+003  0.227664888030272E-004 
     22.22000000 -0.865026905117156E+003  0.227664694681753E-004 
     22.24000000 -0.865026905117175E+003  0.227664503266718E-004 
     22.26000000 -0.865026905117195E+003  0.227664310884941E-004 
     22.28000000 -0.865026905117214E+003  0.227664118503164E-004 
     22.30000000 -0.865026905117233E+003  0.227663925154644E-004 
     22.32000000 -0.865026905117253E+003  0.227663729872639E-004 
     22.34000000 -0.865026905117272E+003  0.227663540391089E-004 
     22.36000000 -0.865026905117291E+003  0.227663346075827E-004 
     22.38000000 -0.865026905117311E+003  0.227663152727307E-004 
     22.40000000 -0.865026905117330E+003  0.227662960345530E-004 
     22.42000000 -0.865026905117349E+003  0.227662766030268E-004 
     22.44000000 -0.865026905117369E+003  0.227662572681748E-004 
     22.46000000 -0.865026905117388E+003  0.227662376433000E-004 
     22.48000000 -0.865026905117408E+003  0.227662182117738E-004 
     22.50000000 -0.865026905117427E+003  0.227661985868991E-004 
     22.52000000 -0.865026905117447E+003  0.227661789620243E-004 
     22.54000000 -0.865026905117466E+003  0.227661594338238E-004 
     22.56000000 -0.865026905117486E+003  0.227661396156005E-004 
     22.58000000 -0.865026905117506E+003  0.227661200874000E-004 
     22.60000000 -0.865026905117525E+003  0.227661005591995E-004 
     22.62000000 -0.865026905117545E+003  0.227660810309990E-004 
     22.64000000 -0.865026905117565E+003  0.227660613094500E-004 
     22.66000000 -0.865026905117584E+003  0.227660417812495E-004 
     22.68000000 -0.865026905117604E+003  0.227660220597005E-004 
     22.70000000 -0.865026905117623E+003  0.227660027248485E-004 
     22.72000000 -0.865026905117643E+003  0.227659831966480E-004 
     22.74000000 -0.865026905117662E+003  0.227659636684475E-004 
     22.76000000 -0.865026905117682E+003  0.227659439468985E-004 
     22.78000000 -0.865026905117701E+003  0.227659247087208E-004 
     22.80000000 -0.865026905117721E+003  0.227659052771946E-004 
     22.82000000 -0.865026905117740E+003  0.227658858456683E-004 
     22.84000000 -0.865026905117759E+003  0.227658664141421E-004 
     22.86000000 -0.865026905117779E+003  0.227658470792901E-004 
     22.88000000 -0.865026905117798E+003  0.227658279377866E-004 
     22.90000000 -0.865026905117817E+003  0.227658084095861E-004 
     22.92000000 -0.865026905117837E+003  0.227657890747342E-004 
     22.94000000 -0.865026905117856E+003  0.227657695465337E-004 
     22.96000000 -0.865026905117876E+003  0.227657503083560E-004 
     22.98000000 -0.865026905117895E+003  0.227657308768297E-004 
     23.00000000 -0.865026905117914E+003  0.227657116386520E-004 
     23.02000000 -0.865026905117934E+003  0.227656918204287E-004 
     23.04000000 -0.865026905117953E+003  0.227656724855767E-004 
     23.06000000 -0.865026905117973E+003  0.227656529573763E-004 
     23.08000000 -0.865026905117992E+003  0.227656336225243E-004 
     23.10000000 -0.865026905118012E+003  0.227656137076267E-004 
     23.12000000 -0.865026905118032E+003  0.227655941794262E-004 
     23.14000000 -0.865026905118051E+003  0.227655744578772E-004 
     23.16000000 -0.865026905118071E+003  0.227655551230252E-004 
     23.18000000 -0.865026905118090E+003  0.227655354014762E-004 
     23.20000000 -0.865026905118110E+003  0.227655159699500E-004 
     23.22000000 -0.865026905118130E+003  0.227654961517267E-004 
     23.24000000 -0.865026905118149E+003  0.227654766235262E-004 
     23.26000000 -0.865026905118169E+003  0.227654570953257E-004 
     23.28000000 -0.865026905118188E+003  0.227654374704510E-004 
     23.30000000 -0.865026905118208E+003  0.227654179422505E-004 
     23.32000000 -0.865026905118227E+003  0.227653985107242E-004 
     23.34000000 -0.865026905118247E+003  0.227653789825237E-004 
     23.36000000 -0.865026905118266E+003  0.227653594543232E-004 
     23.38000000 -0.865026905118286E+003  0.227653398294485E-004 
     23.40000000 -0.865026905118305E+003  0.227653205912708E-004 
     23.42000000 -0.865026905118325E+003  0.227653012564188E-004 
     23.44000000 -0.865026905118344E+003  0.227652820182411E-004 
     23.46000000 -0.865026905118363E+003  0.227652625867148E-004 
     23.48000000 -0.865026905118383E+003  0.227652430585143E-004 
     23.50000000 -0.865026905118402E+003  0.227652237236624E-004 
     23.52000000 -0.865026905118421E+003  0.227652043888104E-004 
     23.54000000 -0.865026905118441E+003  0.227651850539584E-004 
     23.56000000 -0.865026905118460E+003  0.227651657191064E-004 
     23.58000000 -0.865026905118480E+003  0.227651461909059E-004 
     23.60000000 -0.865026905118499E+003  0.227651266627054E-004 
     23.62000000 -0.865026905118519E+003  0.227651071345049E-004 
     23.64000000 -0.865026905118538E+003  0.227650876063044E-004 
     23.66000000 -0.865026905118558E+003  0.227650680781039E-004 
     23.68000000 -0.865026905118577E+003  0.227650483565549E-004 
     23.70000000 -0.865026905118597E+003  0.227650289250287E-004 
     23.72000000 -0.865026905118617E+003  0.227650091068054E-004 
     23.74000000 -0.865026905118636E+003  0.227649896752792E-004 
     23.76000000 -0.865026905118656E+003  0.227649700504044E-004 
     23.78000000 -0.865026905118675E+003  0.227649505222039E-004 
     23.80000000 -0.865026905118695E+003  0.227649309940034E-004 
     23.82000000 -0.865026905118714E+003  0.227649114658029E-004 
     23.84000000 -0.865026905118734E+003  0.227648916475797E-004 
     23.86000000 -0.865026905118754E+003  0.227648722160534E-004 
     23.88000000 -0.865026905118773E+003  0.227648526878529E-004 
     23.90000000 -0.865026905118792E+003  0.227648334496752E-004 
     23.92000000 -0.865026905118812E+003  0.227648139214747E-004 
     23.94000000 -0.865026905118831E+003  0.227647943932742E-004 
     23.96000000 -0.865026905118851E+003  0.227647751550965E-004 
     23.98000000 -0.865026905118870E+003  0.227647556268960E-004 
     24.00000000 -0.865026905118890E+003  0.227647362920440E-004 
     24.02000000 -0.865026905118909E+003  0.227647168605178E-004 
     24.04000000 -0.865026905118928E+003  0.227646975256658E-004 
     24.06000000 -0.865026905118948E+003  0.227646781908138E-004 
     24.08000000 -0.865026905118967E+003  0.227646586626133E-004 
     24.10000000 -0.865026905118987E+003  0.227646391344128E-004 
     24.12000000 -0.865026905119006E+003  0.227646197028866E-004 
     24.14000000 -0.865026905119026E+003  0.227646002713604E-004 
     24.16000000 -0.865026905119045E+003  0.227645808398341E-004 
     24.18000000 -0.865026905119064E+003  0.227645616016564E-004 
     24.20000000 -0.865026905119084E+003  0.227645419767816E-004 
     24.22000000 -0.865026905119104E+003  0.227645222552326E-004 
     24.24000000 -0.865026905119123E+003  0.227645027270321E-004 
     24.26000000 -0.865026905119142E+003  0.227644833921801E-004 
     24.28000000 -0.865026905119162E+003  0.227644636706311E-004 
     24.30000000 -0.865026905119182E+003  0.227644439490821E-004 
     24.32000000 -0.865026905119202E+003  0.227644242275331E-004 
     24.34000000 -0.865026905119221E+003  0.227644048926811E-004 
     24.36000000 -0.865026905119241E+003  0.227643852678064E-004 
     24.38000000 -0.865026905119260E+003  0.227643659329544E-004 
     24.40000000 -0.865026905119279E+003  0.227643464047539E-004 
     24.42000000 -0.865026905119299E+003  0.227643269732277E-004 
     24.44000000 -0.865026905119318E+003  0.227643073483529E-004 
     24.46000000 -0.865026905119338E+003  0.227642879168267E-004 
     24.48000000 -0.865026905119357E+003  0.227642685819747E-004 
     24.50000000 -0.865026905119377E+003  0.227642492471227E-004 
     24.52000000 -0.865026905119396E+003  0.227642297189222E-004 
     24.54000000 -0.865026905119415E+003  0.227642104807445E-004 
     24.56000000 -0.865026905119435E+003  0.227641911458925E-004 
     24.58000000 -0.865026905119454E+003  0.227641718110405E-004 
     24.60000000 -0.865026905119473E+003  0.227641523795143E-004 
     24.62000000 -0.865026905119493E+003  0.227641328513138E-004 
     24.64000000 -0.865026905119512E+003  0.227641134197876E-004 
     24.66000000 -0.865026905119532E+003  0.227640937949128E-004 
     24.68000000 -0.865026905119552E+003  0.227640742667123E-004 
     24.70000000 -0.865026905119571E+003  0.227640548351861E-004 
     24.72000000 -0.865026905119591E+003  0.227640353069856E-004 
     24.74000000 -0.865026905119610E+003  0.227640158754593E-004 
     24.76000000 -0.865026905119630E+003  0.227639962505846E-004 
     24.78000000 -0.865026905119649E+003  0.227639764323613E-004 
     24.80000000 -0.865026905119669E+003  0.227639570975093E-004 
     24.82000000 -0.865026905119688E+003  0.227639374726346E-004 
     24.84000000 -0.865026905119708E+003  0.227639180411083E-004 
     24.86000000 -0.865026905119727E+003  0.227638986095821E-004 
     24.88000000 -0.865026905119747E+003  0.227638789847073E-004 
     24.90000000 -0.865026905119766E+003  0.227638595531811E-004 
     24.92000000 -0.865026905119786E+003  0.227638399283063E-004 
     24.94000000 -0.865026905119806E+003  0.227638203034316E-004 
     24.96000000 -0.865026905119825E+003  0.227638008719054E-004 
     24.98000000 -0.865026905119845E+003  0.227637813437049E-004 
     25.00000000 -0.865026905119864E+003  0.227637618155044E-004 
     25.02000000 -0.865026905119884E+003  0.227637422873039E-004 
     25.04000000 -0.865026905119903E+003  0.227637227591034E-004 
     25.06000000 -0.865026905119923E+003  0.227637030375543E-004 
     25.08000000 -0.865026905119942E+003  0.227636837027024E-004 
     25.10000000 -0.865026905119962E+003  0.227636641745019E-004 
     25.12000000 -0.865026905119982E+003  0.227636442596043E-004 
     25.14000000 -0.865026905120001E+003  0.227636247314038E-004 
     25.16000000 -0.865026905120021E+003  0.227636050098548E-004 
     25.18000000 -0.865026905120040E+003  0.227635853849801E-004 
     25.20000000 -0.865026905120060E+003  0.227635659534538E-004 
     25.22000000 -0.865026905120080E+003  0.227635462319048E-004 
     25.24000000 -0.865026905120099E+003  0.227635267037043E-004 
     25.26000000 -0.865026905120119E+003  0.227635071755038E-004 
     25.28000000 -0.865026905120138E+003  0.227634876473033E-004 
     25.30000000 -0.865026905120158E+003  0.227634681191028E-004 
     25.32000000 -0.865026905120177E+003  0.227634483975538E-004 
     25.34000000 -0.865026905120197E+003  0.227634290627018E-004 
     25.36000000 -0.865026905120216E+003  0.227634095345013E-004 
     25.38000000 -0.865026905120236E+003  0.227633900063008E-004 
     25.40000000 -0.865026905120255E+003  0.227633704781003E-004 
     25.42000000 -0.865026905120275E+003  0.227633509498998E-004 
     25.44000000 -0.865026905120294E+003  0.227633314216993E-004 
     25.46000000 -0.865026905120314E+003  0.227633118934988E-004 
     25.48000000 -0.865026905120334E+003  0.227632921719498E-004 
     25.50000000 -0.865026905120353E+003  0.227632727404236E-004 
     25.52000000 -0.865026905120372E+003  0.227632533088974E-004 
     25.54000000 -0.865026905120392E+003  0.227632337806969E-004 
     25.56000000 -0.865026905120412E+003  0.227632142524964E-004 
     25.58000000 -0.865026905120431E+003  0.227631947242959E-004 
     25.60000000 -0.865026905120451E+003  0.227631750994211E-004 
     25.62000000 -0.865026905120470E+003  0.227631555712206E-004 
     25.64000000 -0.865026905120490E+003  0.227631357529973E-004 
     25.66000000 -0.865026905120510E+003  0.227631162247968E-004 
     25.68000000 -0.865026905120529E+003  0.227630966965963E-004 
     25.70000000 -0.865026905120549E+003  0.227630769750473E-004 
     25.72000000 -0.865026905120568E+003  0.227630575435211E-004 
     25.74000000 -0.865026905120588E+003  0.227630378219721E-004 
     25.76000000 -0.865026905120607E+003  0.227630183904458E-004 
     25.78000000 -0.865026905120627E+003  0.227629986688968E-004 
     25.80000000 -0.865026905120647E+003  0.227629791406963E-004 
     25.82000000 -0.865026905120666E+003  0.227629598058443E-004 
     25.84000000 -0.865026905120686E+003  0.227629400842953E-004 
     25.86000000 -0.865026905120705E+003  0.227629205560948E-004 
     25.88000000 -0.865026905120725E+003  0.227629012212429E-004 
     25.90000000 -0.865026905120744E+003  0.227628814996938E-004 
     25.92000000 -0.865026905120764E+003  0.227628619714933E-004 
     25.94000000 -0.865026905120783E+003  0.227628423466186E-004 
     25.96000000 -0.865026905120803E+003  0.227628231084409E-004 
     25.98000000 -0.865026905120823E+003  0.227628031935433E-004 
     26.00000000 -0.865026905120842E+003  0.227627840520399E-004 
     26.02000000 -0.865026905120862E+003  0.227627643304909E-004 
     26.04000000 -0.865026905120881E+003  0.227627449956389E-004 
     26.06000000 -0.865026905120900E+003  0.227627253707641E-004 
     26.08000000 -0.865026905120920E+003  0.227627057458894E-004 
     26.10000000 -0.865026905120940E+003  0.227626863143631E-004 
     26.12000000 -0.865026905120959E+003  0.227626668828369E-004 
     26.14000000 -0.865026905120978E+003  0.227626474513107E-004 
     26.16000000 -0.865026905120998E+003  0.227626278264359E-004 
     26.18000000 -0.865026905121017E+003  0.227626084915839E-004 
     26.20000000 -0.865026905121037E+003  0.227625889633834E-004 
     26.22000000 -0.865026905121056E+003  0.227625696285314E-004 
     26.24000000 -0.865026905121076E+003  0.227625500036567E-004 
     26.26000000 -0.865026905121096E+003  0.227625302821077E-004 
     26.28000000 -0.865026905121115E+003  0.227625106572329E-004 
     26.30000000 -0.865026905121135E+003  0.227624911290324E-004 
     26.32000000 -0.865026905121154E+003  0.227624716975062E-004 
     26.34000000 -0.865026905121174E+003  0.227624518792829E-004 
     26.36000000 -0.865026905121193E+003  0.227624325444309E-004 
     26.38000000 -0.865026905121213E+003  0.227624128228819E-004 
     26.40000000 -0.865026905121233E+003  0.227623932946814E-004 
     26.42000000 -0.865026905121252E+003  0.227623737664809E-004 
     26.44000000 -0.865026905121272E+003  0.227623542382804E-004 
     26.46000000 -0.865026905121291E+003  0.227623348067542E-004 
     26.48000000 -0.865026905121311E+003  0.227623153752279E-004 
     26.50000000 -0.865026905121330E+003  0.227622958470274E-004 
     26.52000000 -0.865026905121349E+003  0.227622765121755E-004 
     26.54000000 -0.865026905121369E+003  0.227622568873007E-004 
     26.56000000 -0.865026905121388E+003  0.227622376491230E-004 
     26.58000000 -0.865026905121407E+003  0.227622183142710E-004 
     26.60000000 -0.865026905121427E+003  0.227621985927220E-004 
     26.62000000 -0.865026905121447E+003  0.227621792578700E-004 
     26.64000000 -0.865026905121466E+003  0.227621598263438E-004 
     26.66000000 -0.865026905121485E+003  0.227621405881661E-004 
     26.68000000 -0.865026905121505E+003  0.227621208666171E-004 
     26.70000000 -0.865026905121524E+003  0.227621015317651E-004 
     26.72000000 -0.865026905121544E+003  0.227620820035646E-004 
     26.74000000 -0.865026905121563E+003  0.227620623786898E-004 
     26.76000000 -0.865026905121583E+003  0.227620428504893E-004 
     26.78000000 -0.865026905121602E+003  0.227620234189631E-004 
     26.80000000 -0.865026905121622E+003  0.227620038907626E-004 
     26.82000000 -0.865026905121642E+003  0.227619842658878E-004 
     26.84000000 -0.865026905121661E+003  0.227619646410131E-004 
     26.86000000 -0.865026905121681E+003  0.227619450161383E-004 
     26.88000000 -0.865026905121700E+003  0.227619254879378E-004 
     26.90000000 -0.865026905121720E+003  0.227619059597373E-004 
     26.92000000 -0.865026905121740E+003  0.227618863348626E-004 
     26.94000000 -0.865026905121759E+003  0.227618668066621E-004 
     26.96000000 -0.865026905121778E+003  0.227618474718101E-004 
     26.98000000 -0.865026905121798E+003  0.227618279436096E-004 
     27.00000000 -0.865026905121817E+003  0.227618084154091E-004 
     27.02000000 -0.865026905121837E+003  0.227617886938601E-004 
     27.04000000 -0.865026905121856E+003  0.227617695523566E-004 
     27.06000000 -0.865026905121876E+003  0.227617501208304E-004 
     27.08000000 -0.865026905121895E+003  0.227617308826527E-004 
     27.10000000 -0.865026905121915E+003  0.227617111611037E-004 
     27.12000000 -0.865026905121934E+003  0.227616918262517E-004 
     27.14000000 -0.865026905121953E+003  0.227616723947254E-004 
     27.16000000 -0.865026905121973E+003  0.227616529631992E-004 
     27.18000000 -0.865026905121992E+003  0.227616334349987E-004 
     27.20000000 -0.865026905122012E+003  0.227616141968210E-004 
     27.22000000 -0.865026905122031E+003  0.227615945719462E-004 
     27.24000000 -0.865026905122051E+003  0.227615752370943E-004 
     27.26000000 -0.865026905122070E+003  0.227615556122195E-004 
     27.28000000 -0.865026905122090E+003  0.227615359873447E-004 
     27.30000000 -0.865026905122109E+003  0.227615166524928E-004 
     27.32000000 -0.865026905122129E+003  0.227614970276180E-004 
     27.34000000 -0.865026905122148E+003  0.227614775960918E-004 
     27.36000000 -0.865026905122168E+003  0.227614578745427E-004 
     27.38000000 -0.865026905122187E+003  0.227614384430165E-004 
     27.40000000 -0.865026905122207E+003  0.227614188181418E-004 
     27.42000000 -0.865026905122226E+003  0.227613993866155E-004 
     27.44000000 -0.865026905122246E+003  0.227613800517635E-004 
     27.46000000 -0.865026905122265E+003  0.227613604268888E-004 
     27.48000000 -0.865026905122285E+003  0.227613409953625E-004 
     27.50000000 -0.865026905122304E+003  0.227613215638363E-004 
     27.52000000 -0.865026905122324E+003  0.227613021323101E-004 
     27.54000000 -0.865026905122343E+003  0.227612827974581E-004 
     27.56000000 -0.865026905122362E+003  0.227612634626061E-004 
     27.58000000 -0.865026905122382E+003  0.227612442244284E-004 
     27.60000000 -0.865026905122401E+003  0.227612246962279E-004 
     27.62000000 -0.865026905122421E+003  0.227612051680274E-004 
     27.64000000 -0.865026905122440E+003  0.227611858331754E-004 
     27.66000000 -0.865026905122459E+003  0.227611664983235E-004 
     27.68000000 -0.865026905122479E+003  0.227611469701230E-004 
     27.70000000 -0.865026905122498E+003  0.227611274419225E-004 
     27.72000000 -0.865026905122518E+003  0.227611077203734E-004 
     27.74000000 -0.865026905122538E+003  0.227610881921729E-004 
     27.76000000 -0.865026905122557E+003  0.227610685672982E-004 
     27.78000000 -0.865026905122577E+003  0.227610491357719E-004 
     27.80000000 -0.865026905122596E+003  0.227610295108972E-004 
     27.82000000 -0.865026905122616E+003  0.227610098860224E-004 
     27.84000000 -0.865026905122636E+003  0.227609903578219E-004 
     27.86000000 -0.865026905122655E+003  0.227609706362729E-004 
     27.88000000 -0.865026905122675E+003  0.227609513014209E-004 
     27.90000000 -0.865026905122694E+003  0.227609319665690E-004 
     27.92000000 -0.865026905122713E+003  0.227609124383685E-004 
     27.94000000 -0.865026905122733E+003  0.227608927168195E-004 
     27.96000000 -0.865026905122753E+003  0.227608733819675E-004 
     27.98000000 -0.865026905122772E+003  0.227608538537670E-004 
     28.00000000 -0.865026905122791E+003  0.227608345189150E-004 
     28.02000000 -0.865026905122811E+003  0.227608149907145E-004 
     28.04000000 -0.865026905122830E+003  0.227607953658398E-004 
     28.06000000 -0.865026905122850E+003  0.227607759343135E-004 
     28.08000000 -0.865026905122869E+003  0.227607563094388E-004 
     28.10000000 -0.865026905122889E+003  0.227607367812383E-004 
     28.12000000 -0.865026905122908E+003  0.227607173497120E-004 
     28.14000000 -0.865026905122928E+003  0.227606978215115E-004 
     28.16000000 -0.865026905122947E+003  0.227606783899853E-004 
     28.18000000 -0.865026905122967E+003  0.227606585717620E-004 
     28.20000000 -0.865026905122987E+003  0.227606391402358E-004 
     28.22000000 -0.865026905123006E+003  0.227606195153610E-004 
     28.24000000 -0.865026905123026E+003  0.227605999871605E-004 
     28.26000000 -0.865026905123045E+003  0.227605806523085E-004 
     28.28000000 -0.865026905123065E+003  0.227605611241080E-004 
     28.30000000 -0.865026905123084E+003  0.227605415959075E-004 
     28.32000000 -0.865026905123104E+003  0.227605219710328E-004 
     28.34000000 -0.865026905123123E+003  0.227605025395066E-004 
     28.36000000 -0.865026905123142E+003  0.227604833980031E-004 
     28.38000000 -0.865026905123162E+003  0.227604636764541E-004 
     28.40000000 -0.865026905123182E+003  0.227604442449278E-004 
     28.42000000 -0.865026905123201E+003  0.227604249100759E-004 
     28.44000000 -0.865026905123221E+003  0.227604052852011E-004 
     28.46000000 -0.865026905123240E+003  0.227603857570006E-004 
     28.48000000 -0.865026905123260E+003  0.227603663254744E-004 
     28.50000000 -0.865026905123279E+003  0.227603469906224E-004 
     28.52000000 -0.865026905123298E+003  0.227603273657476E-004 
     28.54000000 -0.865026905123318E+003  0.227603079342214E-004 
     28.56000000 -0.865026905123338E+003  0.227602883093466E-004 
     28.58000000 -0.865026905123357E+003  0.227602687811461E-004 
     28.60000000 -0.865026905123377E+003  0.227602492529457E-004 
     28.62000000 -0.865026905123396E+003  0.227602297247452E-004 
     28.64000000 -0.865026905123416E+003  0.227602101965447E-004 
     28.66000000 -0.865026905123435E+003  0.227601905716699E-004 
     28.68000000 -0.865026905123455E+003  0.227601709467951E-004 
     28.70000000 -0.865026905123474E+003  0.227601515152689E-004 
     28.72000000 -0.865026905123494E+003  0.227601318903942E-004 
     28.74000000 -0.865026905123513E+003  0.227601127488907E-004 
     28.76000000 -0.865026905123533E+003  0.227600932206902E-004 
     28.78000000 -0.865026905123552E+003  0.227600738858382E-004 
     28.80000000 -0.865026905123572E+003  0.227600542609635E-004 
     28.82000000 -0.865026905123591E+003  0.227600352161343E-004 
     28.84000000 -0.865026905123610E+003  0.227600156879338E-004 
     28.86000000 -0.865026905123629E+003  0.227599965464303E-004 
     28.88000000 -0.865026905123649E+003  0.227599770182298E-004 
     28.90000000 -0.865026905123668E+003  0.227599575867036E-004 
     28.92000000 -0.865026905123687E+003  0.227599385418744E-004 
     28.94000000 -0.865026905123707E+003  0.227599190136739E-004 
     28.96000000 -0.865026905123726E+003  0.227598996788219E-004 
     28.98000000 -0.865026905123745E+003  0.227598803439699E-004 
     29.00000000 -0.865026905123765E+003  0.227598608157694E-004 
     29.02000000 -0.865026905123784E+003  0.227598414809175E-004 
     29.04000000 -0.865026905123804E+003  0.227598219527170E-004 
     29.06000000 -0.865026905123823E+003  0.227598025211907E-004 
     29.08000000 -0.865026905123843E+003  0.227597828963160E-004 
     29.10000000 -0.865026905123862E+003  0.227597635614640E-004 
     29.12000000 -0.865026905123882E+003  0.227597441299377E-004 
     29.14000000 -0.865026905123901E+003  0.227597245050630E-004 
     29.16000000 -0.865026905123921E+003  0.227597050735368E-004 
     29.18000000 -0.865026905123940E+003  0.227596856420105E-004 
     29.20000000 -0.865026905123960E+003  0.227596659204615E-004 
     29.22000000 -0.865026905123979E+003  0.227596463922610E-004 
     29.24000000 -0.865026905123999E+003  0.227596270574090E-004 
     29.26000000 -0.865026905124018E+003  0.227596075292085E-004 
     29.28000000 -0.865026905124038E+003  0.227595880010080E-004 
     29.30000000 -0.865026905124057E+003  0.227595686661561E-004 
     29.32000000 -0.865026905124077E+003  0.227595493313041E-004 
     29.34000000 -0.865026905124096E+003  0.227595299964521E-004 
     29.36000000 -0.865026905124115E+003  0.227595108549486E-004 
     29.38000000 -0.865026905124134E+003  0.227594915200967E-004 
     29.40000000 -0.865026905124153E+003  0.227594723785932E-004 
     29.42000000 -0.865026905124172E+003  0.227594534304383E-004 
     29.44000000 -0.865026905124192E+003  0.227594342889348E-004 
     29.46000000 -0.865026905124211E+003  0.227594151474314E-004 
     29.48000000 -0.865026905124230E+003  0.227593961992764E-004 
     29.50000000 -0.865026905124249E+003  0.227593772511215E-004 
     29.52000000 -0.865026905124268E+003  0.227593579162695E-004 
     29.54000000 -0.865026905124287E+003  0.227593387747660E-004 
     29.56000000 -0.865026905124306E+003  0.227593196332626E-004 
     29.58000000 -0.865026905124325E+003  0.227593004917591E-004 
     29.60000000 -0.865026905124344E+003  0.227592814469299E-004 
     29.62000000 -0.865026905124364E+003  0.227592620154037E-004 
     29.64000000 -0.865026905124383E+003  0.227592426805517E-004 
     29.66000000 -0.865026905124402E+003  0.227592233456997E-004 
     29.68000000 -0.865026905124422E+003  0.227592039141735E-004 
     29.70000000 -0.865026905124441E+003  0.227591843859730E-004 
     29.72000000 -0.865026905124461E+003  0.227591651477953E-004 
     29.74000000 -0.865026905124480E+003  0.227591456195948E-004 
     29.76000000 -0.865026905124499E+003  0.227591263814171E-004 
     29.78000000 -0.865026905124519E+003  0.227591069498908E-004 
     29.80000000 -0.865026905124538E+003  0.227590878083874E-004 
     29.82000000 -0.865026905124558E+003  0.227590682801869E-004 
     29.84000000 -0.865026905124577E+003  0.227590491386834E-004 
     29.86000000 -0.865026905124596E+003  0.227590299971800E-004 
     29.88000000 -0.865026905124615E+003  0.227590108556765E-004 
     29.90000000 -0.865026905124634E+003  0.227589919075216E-004 
     29.92000000 -0.865026905124653E+003  0.227589727660181E-004 
     29.94000000 -0.865026905124672E+003  0.227589536245147E-004 
     29.96000000 -0.865026905124691E+003  0.227589346763597E-004 
     29.98000000 -0.865026905124710E+003  0.227589157282048E-004 
     30.00000000 -0.865026905124729E+003  0.227588969733984E-004 
