# Real time calculation: 
# Eall: Total energy
# Eall0: Initial total energy
# 1:Time[fs] 2:Eall[eV] 3:Eall-Eall0[eV] 
      0.00000000 -0.865026927883626E+003  0.000000000000000E+000 
      0.02000000 -0.865026927887522E+003 -0.389606934767546E-008 
      0.04000000 -0.865026927887607E+003 -0.398114269637535E-008 
      0.06000000 -0.865026927887663E+003 -0.403682707006983E-008 
      0.08000000 -0.865026927887705E+003 -0.407955709293955E-008 
      0.10000000 -0.865026927887741E+003 -0.411503654631780E-008 
      0.12000000 -0.865026927887772E+003 -0.414664902930060E-008 
      0.14000000 -0.865026927887801E+003 -0.417545795874670E-008 
      0.16000000 -0.865026927887829E+003 -0.420272010003462E-008 
      0.18000000 -0.865026927887854E+003 -0.422843545316436E-008 
      0.20000000 -0.865026927887879E+003 -0.425337741221501E-008 
      0.22000000 -0.865026927887903E+003 -0.427735262866680E-008 
      0.24000000 -0.865026927887927E+003 -0.430123117085870E-008 
      0.26000000 -0.865026927887950E+003 -0.432433631897151E-008 
      0.28000000 -0.865026927887973E+003 -0.434695809578489E-008 
      0.30000000 -0.865026927887995E+003 -0.436967654685816E-008 
      0.32000000 -0.865026927888018E+003 -0.439191162663199E-008 
      0.34000000 -0.865026927888040E+003 -0.441376000936629E-008 
      0.36000000 -0.865026927888061E+003 -0.443560839210058E-008 
      0.38000000 -0.865026927888083E+003 -0.445726342631509E-008 
      0.40000000 -0.865026927888105E+003 -0.447882178626973E-008 
      0.42000000 -0.865026927888126E+003 -0.450028347196447E-008 
      0.44000000 -0.865026927888147E+003 -0.452155180913945E-008 
      0.46000000 -0.865026927888169E+003 -0.454282014631442E-008 
      0.48000000 -0.865026927888190E+003 -0.456370178644985E-008 
      0.50000000 -0.865026927888211E+003 -0.458477677510505E-008 
      0.52000000 -0.865026927888231E+003 -0.460546506672070E-008 
      0.54000000 -0.865026927888252E+003 -0.462654005537591E-008 
      0.56000000 -0.865026927888273E+003 -0.464722834699156E-008 
      0.58000000 -0.865026927888294E+003 -0.466810998712699E-008 
      0.60000000 -0.865026927888315E+003 -0.468879827874265E-008 
      0.62000000 -0.865026927888335E+003 -0.470948657035830E-008 
      0.64000000 -0.865026927888356E+003 -0.473017486197396E-008 
      0.66000000 -0.865026927888376E+003 -0.475066980506984E-008 
      0.68000000 -0.865026927888397E+003 -0.477145477094538E-008 
      0.70000000 -0.865026927888418E+003 -0.479185303978138E-008 
      0.72000000 -0.865026927888438E+003 -0.481234798287726E-008 
      0.74000000 -0.865026927888459E+003 -0.483284292597315E-008 
      0.76000000 -0.865026927888479E+003 -0.485343454332892E-008 
      0.78000000 -0.865026927888500E+003 -0.487383281216491E-008 
      0.80000000 -0.865026927888520E+003 -0.489423108100091E-008 
      0.82000000 -0.865026927888541E+003 -0.491462934983691E-008 
      0.84000000 -0.865026927888561E+003 -0.493493094441302E-008 
      0.86000000 -0.865026927888581E+003 -0.495542588750890E-008 
      0.88000000 -0.865026927888602E+003 -0.497572748208501E-008 
      0.90000000 -0.865026927888622E+003 -0.499612575092101E-008 
      0.92000000 -0.865026927888642E+003 -0.501633067123723E-008 
      0.94000000 -0.865026927888662E+003 -0.503663226581335E-008 
      0.96000000 -0.865026927888683E+003 -0.505693386038946E-008 
      0.98000000 -0.865026927888703E+003 -0.507713878070568E-008 
      1.00000000 -0.865026927888723E+003 -0.509753704954168E-008 
      1.02000000 -0.865026927888744E+003 -0.511783864411779E-008 
      1.04000000 -0.865026927888764E+003 -0.513785021591424E-008 
      1.06000000 -0.865026927888784E+003 -0.515824848475024E-008 
      1.08000000 -0.865026927888804E+003 -0.517826005654669E-008 
      1.10000000 -0.865026927888824E+003 -0.519856165112280E-008 
      1.12000000 -0.865026927888845E+003 -0.521876657143903E-008 
      1.14000000 -0.865026927888865E+003 -0.523887481749537E-008 
      1.16000000 -0.865026927888885E+003 -0.525898306355170E-008 
      1.18000000 -0.865026927888905E+003 -0.527909130960804E-008 
      1.20000000 -0.865026927888925E+003 -0.529939290418415E-008 
      1.22000000 -0.865026927888946E+003 -0.531969449876026E-008 
      1.24000000 -0.865026927888966E+003 -0.533980274481660E-008 
      1.26000000 -0.865026927888986E+003 -0.535991099087294E-008 
      1.28000000 -0.865026927889006E+003 -0.537982588840951E-008 
      1.30000000 -0.865026927889026E+003 -0.540003080872573E-008 
      1.32000000 -0.865026927889046E+003 -0.542033240330184E-008 
      1.34000000 -0.865026927889066E+003 -0.544034397509829E-008 
      1.36000000 -0.865026927889086E+003 -0.546045222115463E-008 
      1.38000000 -0.865026927889107E+003 -0.548075381573074E-008 
      1.40000000 -0.865026927889126E+003 -0.550066871326731E-008 
      1.42000000 -0.865026927889147E+003 -0.552097030784342E-008 
      1.44000000 -0.865026927889167E+003 -0.554069185686021E-008 
      1.46000000 -0.865026927889187E+003 -0.556109012569621E-008 
      1.48000000 -0.865026927889207E+003 -0.558110169749266E-008 
      1.50000000 -0.865026927889227E+003 -0.560120994354900E-008 
      1.52000000 -0.865026927889247E+003 -0.562131818960534E-008 
      1.54000000 -0.865026927889267E+003 -0.564142643566168E-008 
      1.56000000 -0.865026927889287E+003 -0.566124465893836E-008 
      1.58000000 -0.865026927889307E+003 -0.568144957925458E-008 
      1.60000000 -0.865026927889327E+003 -0.570155782531092E-008 
      1.62000000 -0.865026927889347E+003 -0.572127937432771E-008 
      1.64000000 -0.865026927889367E+003 -0.574158096890383E-008 
      1.66000000 -0.865026927889387E+003 -0.576159254070028E-008 
      1.68000000 -0.865026927889407E+003 -0.578160411249673E-008 
      1.70000000 -0.865026927889428E+003 -0.580180903281295E-008 
      1.72000000 -0.865026927889448E+003 -0.582162725608963E-008 
      1.74000000 -0.865026927889467E+003 -0.584154215362620E-008 
      1.76000000 -0.865026927889488E+003 -0.586165039968254E-008 
      1.78000000 -0.865026927889508E+003 -0.588175864573888E-008 
      1.80000000 -0.865026927889528E+003 -0.590167354327544E-008 
      1.82000000 -0.865026927889547E+003 -0.592158844081201E-008 
      1.84000000 -0.865026927889568E+003 -0.594179336112823E-008 
      1.86000000 -0.865026927889588E+003 -0.596180493292469E-008 
      1.88000000 -0.865026927889608E+003 -0.598171983046125E-008 
      1.90000000 -0.865026927889628E+003 -0.600173140225770E-008 
      1.92000000 -0.865026927889648E+003 -0.602174297405416E-008 
      1.94000000 -0.865026927889668E+003 -0.604175454585061E-008 
      1.96000000 -0.865026927889687E+003 -0.606157276912729E-008 
      1.98000000 -0.865026927889708E+003 -0.608187436370340E-008 
      2.00000000 -0.865026927889727E+003 -0.610159591272019E-008 
      2.02000000 -0.865026927889748E+003 -0.612170415877653E-008 
      2.04000000 -0.865026927889768E+003 -0.614181240483287E-008 
      2.06000000 -0.865026927889788E+003 -0.616172730236944E-008 
      2.08000000 -0.865026927889807E+003 -0.618164219990600E-008 
      2.10000000 -0.865026927889828E+003 -0.620175044596234E-008 
      2.12000000 -0.865026927889847E+003 -0.622166534349891E-008 
      2.14000000 -0.865026927889867E+003 -0.624138689251570E-008 
      2.16000000 -0.865026927889887E+003 -0.626149513857204E-008 
      2.18000000 -0.865026927889907E+003 -0.628150671036849E-008 
      2.20000000 -0.865026927889927E+003 -0.630151828216494E-008 
      2.22000000 -0.865026927889947E+003 -0.632143317970151E-008 
      2.24000000 -0.865026927889967E+003 -0.634125140297819E-008 
      2.26000000 -0.865026927889987E+003 -0.636126297477464E-008 
      2.28000000 -0.865026927890007E+003 -0.638137122083098E-008 
      2.30000000 -0.865026927890027E+003 -0.640128611836754E-008 
      2.32000000 -0.865026927890047E+003 -0.642100766738434E-008 
      2.34000000 -0.865026927890067E+003 -0.644111591344068E-008 
      2.36000000 -0.865026927890087E+003 -0.646103081097724E-008 
      2.38000000 -0.865026927890107E+003 -0.648104238277369E-008 
      2.40000000 -0.865026927890127E+003 -0.650105395457015E-008 
      2.42000000 -0.865026927890147E+003 -0.652087217784683E-008 
      2.44000000 -0.865026927890167E+003 -0.654078707538339E-008 
      2.46000000 -0.865026927890187E+003 -0.656070197291996E-008 
      2.48000000 -0.865026927890207E+003 -0.658071354471641E-008 
      2.50000000 -0.865026927890226E+003 -0.660062844225298E-008 
      2.52000000 -0.865026927890246E+003 -0.662064001404943E-008 
      2.54000000 -0.865026927890266E+003 -0.664045823732611E-008 
      2.56000000 -0.865026927890286E+003 -0.666037313486267E-008 
      2.58000000 -0.865026927890306E+003 -0.668028803239924E-008 
      2.60000000 -0.865026927890326E+003 -0.670020292993581E-008 
      2.62000000 -0.865026927890346E+003 -0.672011782747237E-008 
      2.64000000 -0.865026927890366E+003 -0.674003272500894E-008 
      2.66000000 -0.865026927890386E+003 -0.675994762254550E-008 
      2.68000000 -0.865026927890406E+003 -0.677986252008207E-008 
      2.70000000 -0.865026927890426E+003 -0.679977741761864E-008 
      2.72000000 -0.865026927890446E+003 -0.681978898941509E-008 
      2.74000000 -0.865026927890466E+003 -0.683970388695165E-008 
      2.76000000 -0.865026927890485E+003 -0.685952211022833E-008 
      2.78000000 -0.865026927890505E+003 -0.687943700776490E-008 
      2.80000000 -0.865026927890525E+003 -0.689954525382124E-008 
      2.82000000 -0.865026927890545E+003 -0.691936347709792E-008 
      2.84000000 -0.865026927890565E+003 -0.693898835185482E-008 
      2.86000000 -0.865026927890585E+003 -0.695899992365128E-008 
      2.88000000 -0.865026927890605E+003 -0.697881814692796E-008 
      2.90000000 -0.865026927890625E+003 -0.699873304446452E-008 
      2.92000000 -0.865026927890645E+003 -0.701864794200109E-008 
      2.94000000 -0.865026927890664E+003 -0.703856283953765E-008 
      2.96000000 -0.865026927890684E+003 -0.705847773707422E-008 
      2.98000000 -0.865026927890704E+003 -0.707839263461079E-008 
      3.00000000 -0.865026927890724E+003 -0.709811418362758E-008 
      3.02000000 -0.865026927890744E+003 -0.711822242968392E-008 
      3.04000000 -0.865026927890764E+003 -0.713813732722048E-008 
      3.06000000 -0.865026927890784E+003 -0.715785887623728E-008 
      3.08000000 -0.865026927890804E+003 -0.717777377377384E-008 
      3.10000000 -0.865026927890824E+003 -0.719768867131041E-008 
      3.12000000 -0.865026927890843E+003 -0.721760356884698E-008 
      3.14000000 -0.865026927890864E+003 -0.723771181490331E-008 
      3.16000000 -0.865026927890883E+003 -0.725743336392011E-008 
      3.18000000 -0.865026927890903E+003 -0.727676821589736E-008 
      3.20000000 -0.865026927890922E+003 -0.729610306787460E-008 
      3.22000000 -0.865026927890941E+003 -0.731553459411174E-008 
      3.24000000 -0.865026927890962E+003 -0.733641623424717E-008 
      3.26000000 -0.865026927890973E+003 -0.734676038005500E-008 
      3.28000000 -0.865026927890899E+003 -0.727357796532111E-008 
      3.30000000 -0.865026927890483E+003 -0.685758862503061E-008 
      3.32000000 -0.865026927889007E+003 -0.538098597952814E-008 
      3.34000000 -0.865026927884780E+003 -0.115458068582139E-008 
      3.36000000 -0.865026927874266E+003  0.936009851644588E-008 
      3.38000000 -0.865026927850685E+003  0.329410773364179E-007 
      3.40000000 -0.865026927801951E+003  0.816747650935925E-007 
      3.42000000 -0.865026927707750E+003  0.175875324017866E-006 
      3.44000000 -0.865026927535616E+003  0.348009837549433E-006 
      3.46000000 -0.865026927235862E+003  0.647764138231090E-006 
      3.48000000 -0.865026926735308E+003  0.114831783724318E-005 
      3.50000000 -0.865026925929792E+003  0.195383425936256E-005 
      3.52000000 -0.865026924675564E+003  0.320806155186466E-005 
      3.54000000 -0.865026922779795E+003  0.510383131725435E-005 
      3.56000000 -0.865026919990528E+003  0.789309823515513E-005 
      3.58000000 -0.865026915986591E+003  0.118970345951779E-004 
      3.60000000 -0.865026910368086E+003  0.175155393704721E-004 
      3.62000000 -0.865026902648218E+003  0.252354080627539E-004 
      3.64000000 -0.865026892247346E+003  0.356362801027751E-004 
      3.66000000 -0.865026878490202E+003  0.493934243257728E-004 
      3.68000000 -0.865026860607248E+003  0.672763777012159E-004 
      3.70000000 -0.865026837741148E+003  0.901424775347962E-004 
      3.72000000 -0.865026808959199E+003  0.118924426355053E-003 
      3.74000000 -0.865026773272477E+003  0.154611148766455E-003 
      3.76000000 -0.865026729662169E+003  0.198221456607609E-003 
      3.78000000 -0.865026677113307E+003  0.250770318721946E-003 
      3.80000000 -0.865026614655722E+003  0.313227903747423E-003 
      3.82000000 -0.865026541411620E+003  0.386472006133194E-003 
      3.84000000 -0.865026456648722E+003  0.471234903718898E-003 
      3.86000000 -0.865026359837345E+003  0.568046280381559E-003 
      3.88000000 -0.865026250709359E+003  0.677174267014684E-003 
      3.90000000 -0.865026129316338E+003  0.798567288190648E-003 
      3.92000000 -0.865025996083867E+003  0.931799759068820E-003 
      3.94000000 -0.865025851858459E+003  0.107602516686371E-002 
      3.96000000 -0.865025697943301E+003  0.122994032486067E-002 
      3.98000000 -0.865025536118805E+003  0.139176482091834E-002 
      4.00000000 -0.865025368643976E+003  0.155923965020457E-002 
      4.02000000 -0.865025198234648E+003  0.172964897773248E-002 
      4.04000000 -0.865025028015074E+003  0.189986855186299E-002 
      4.06000000 -0.865024861439759E+003  0.206644386641073E-002 
      4.08000000 -0.865024702183236E+003  0.222570039018194E-002 
      4.10000000 -0.865024553996392E+003  0.237388723343198E-002 
      4.12000000 -0.865024420529040E+003  0.250735458592879E-002 
      4.14000000 -0.865024305119725E+003  0.262276390061825E-002 
      4.16000000 -0.865024210555169E+003  0.271732845640243E-002 
      4.18000000 -0.865024138803280E+003  0.278908034556991E-002 
      4.20000000 -0.865024090725198E+003  0.283715842803631E-002 
      4.22000000 -0.865024065773396E+003  0.286211022959003E-002 
      4.24000000 -0.865024061684386E+003  0.286619924026550E-002 
      4.26000000 -0.865024074175867E+003  0.285370775912655E-002 
      4.28000000 -0.865024096659407E+003  0.283122421886754E-002 
      4.30000000 -0.865024119980604E+003  0.280790302215199E-002 
      4.32000000 -0.865024132199278E+003  0.279568434736379E-002 
      4.34000000 -0.865024118422509E+003  0.280946111636487E-002 
      4.36000000 -0.865024060703103E+003  0.286718052296307E-002 
      4.38000000 -0.865023938015496E+003  0.298986813013148E-002 
      4.40000000 -0.865023726319950E+003  0.320156367549634E-002 
      4.42000000 -0.865023398724388E+003  0.352915923823926E-002 
      4.44000000 -0.865022925751063E+003  0.400213256247465E-002 
      4.46000000 -0.865022275712891E+003  0.465217073529171E-002 
      4.48000000 -0.865021415201217E+003  0.551268240894556E-002 
      4.50000000 -0.865020309683715E+003  0.661819991038967E-002 
      4.52000000 -0.865018924207396E+003  0.800367623031161E-002 
      4.54000000 -0.865017224198149E+003  0.970368547711987E-002 
      4.56000000 -0.865015176344292E+003  0.117515393339532E-001 
      4.58000000 -0.865012749547893E+003  0.141783357329193E-001 
      4.60000000 -0.865009915924008E+003  0.170119596179572E-001 
      4.62000000 -0.865006651824495E+003  0.202760591305886E-001 
      4.64000000 -0.865002938860195E+003  0.239890234306254E-001 
      4.66000000 -0.864998764892759E+003  0.281629908670832E-001 
      4.68000000 -0.864994124965659E+003  0.328029179666795E-001 
      4.70000000 -0.864989022142803E+003  0.379057408230083E-001 
      4.72000000 -0.864983468223260E+003  0.434596603654655E-001 
      4.74000000 -0.864977484300770E+003  0.494435828554233E-001 
      4.76000000 -0.864971101139559E+003  0.558267440669780E-001 
      4.78000000 -0.864964359339481E+003  0.625685441447892E-001 
      4.80000000 -0.864957309268641E+003  0.696186149846856E-001 
      4.82000000 -0.864950010745310E+003  0.769171383153749E-001 
      4.84000000 -0.864942532457709E+003  0.843954259165669E-001 
      4.86000000 -0.864934951116051E+003  0.919767675750091E-001 
      4.88000000 -0.864927350338838E+003  0.995775447882015E-001 
      4.90000000 -0.864919819283043E+003  0.107108600583265E+000 
      4.92000000 -0.864912451035435E+003  0.114476848191031E+000 
      4.94000000 -0.864905340790460E+003  0.121587093165971E+000 
      4.96000000 -0.864898583847837E+003  0.128344035788637E+000 
      4.98000000 -0.864892273469557E+003  0.134654414068925E+000 
      5.00000000 -0.864886498642784E+003  0.140429240841907E+000 
      5.02000000 -0.864881341799950E+003  0.145586083675667E+000 
      5.04000000 -0.864876876551200E+003  0.150051332425528E+000 
      5.06000000 -0.864873165486794E+003  0.153762396832256E+000 
      5.08000000 -0.864870258107401E+003  0.156669776224484E+000 
      5.10000000 -0.864868188939585E+003  0.158738944041009E+000 
      5.12000000 -0.864866975890427E+003  0.159951993198657E+000 
      5.14000000 -0.864866618891404E+003  0.160308992221593E+000 
      5.16000000 -0.864867098875366E+003  0.159829008259458E+000 
      5.18000000 -0.864868377122841E+003  0.158550760784986E+000 
      5.20000000 -0.864870395006748E+003  0.156532876878240E+000 
      5.22000000 -0.864873074153961E+003  0.153853729664593E+000 
      5.24000000 -0.864876317034420E+003  0.150610849205469E+000 
      5.26000000 -0.864880007977601E+003  0.146919906025154E+000 
      5.28000000 -0.864884014607721E+003  0.142913275904455E+000 
      5.30000000 -0.864888189679784E+003  0.138738203841898E+000 
      5.32000000 -0.864892373290725E+003  0.134554592901014E+000 
      5.34000000 -0.864896395432341E+003  0.130532451285204E+000 
      5.36000000 -0.864900078846676E+003  0.126849036949787E+000 
      5.38000000 -0.864903242138660E+003  0.123685744965484E+000 
      5.40000000 -0.864905703096478E+003  0.121224787147860E+000 
      5.42000000 -0.864907282166079E+003  0.119645717547308E+000 
      5.44000000 -0.864907806022932E+003  0.119121860693897E+000 
      5.46000000 -0.864907111181276E+003  0.119816702349926E+000 
      5.48000000 -0.864905047578494E+003  0.121880305131629E+000 
      5.50000000 -0.864901482069925E+003  0.125445813700654E+000 
      5.52000000 -0.864896301767300E+003  0.130626116326153E+000 
      5.54000000 -0.864889417152160E+003  0.137510731465494E+000 
      5.56000000 -0.864880764894185E+003  0.146162989441218E+000 
      5.58000000 -0.864870310303869E+003  0.156617579757158E+000 
      5.60000000 -0.864858049349050E+003  0.168878534575560E+000 
      5.62000000 -0.864844010166918E+003  0.182917716707880E+000 
      5.64000000 -0.864828254006492E+003  0.198673877133554E+000 
      5.66000000 -0.864810875542481E+003  0.216052341144408E+000 
      5.68000000 -0.864792002509780E+003  0.234925373846342E+000 
      5.70000000 -0.864771794619580E+003  0.255133264045714E+000 
      5.72000000 -0.864750441731411E+003  0.276486152214966E+000 
      5.74000000 -0.864728161273797E+003  0.298766609829163E+000 
      5.76000000 -0.864705194925318E+003  0.321732958307411E+000 
      5.78000000 -0.864681804590573E+003  0.345123293052629E+000 
      5.80000000 -0.864658267729598E+003  0.368660154028279E+000 
      5.82000000 -0.864634872123667E+003  0.392055759958593E+000 
      5.84000000 -0.864611910185565E+003  0.415017698060817E+000 
      5.86000000 -0.864589672944652E+003  0.437254938974102E+000 
      5.88000000 -0.864568443858983E+003  0.458484024642700E+000 
      5.90000000 -0.864548492621443E+003  0.478435262182435E+000 
      5.92000000 -0.864530069140158E+003  0.496858743467550E+000 
      5.94000000 -0.864513397876442E+003  0.513530007184140E+000 
      5.96000000 -0.864498672722875E+003  0.528255160751159E+000 
      5.98000000 -0.864486052593282E+003  0.540875290344163E+000 
      6.00000000 -0.864475657878350E+003  0.551270005275495E+000 
      6.02000000 -0.864467567895282E+003  0.559359988343720E+000 
      6.04000000 -0.864461819426291E+003  0.565108457334499E+000 
      6.06000000 -0.864458406402807E+003  0.568521480818465E+000 
      6.08000000 -0.864457280748717E+003  0.569647134908345E+000 
      6.10000000 -0.864458354351207E+003  0.568573532418542E+000 
      6.12000000 -0.864461502081949E+003  0.565425801677246E+000 
      6.14000000 -0.864466565749738E+003  0.560362133887565E+000 
      6.16000000 -0.864473358827003E+003  0.553569056623282E+000 
      6.18000000 -0.864481671763398E+003  0.545256120227840E+000 
      6.20000000 -0.864491277676878E+003  0.535650206747601E+000 
      6.22000000 -0.864501938204026E+003  0.524989679599587E+000 
      6.24000000 -0.864513409290274E+003  0.513518593351761E+000 
      6.26000000 -0.864525446714767E+003  0.501481168858866E+000 
      6.28000000 -0.864537811166366E+003  0.489116717260057E+000 
      6.30000000 -0.864550272720466E+003  0.476655163160105E+000 
      6.32000000 -0.864562614606112E+003  0.464313277514332E+000 
      6.34000000 -0.864574636196981E+003  0.452291686644366E+000 
      6.36000000 -0.864586155206232E+003  0.440772677393506E+000 
      6.38000000 -0.864597009109422E+003  0.429918774203719E+000 
      6.40000000 -0.864607055860436E+003  0.419872023190243E+000 
      6.42000000 -0.864616173998610E+003  0.410753885015688E+000 
      6.44000000 -0.864624262269198E+003  0.402665614428342E+000 
      6.46000000 -0.864631238893653E+003  0.395688989972537E+000 
      6.48000000 -0.864637040629111E+003  0.389887254514829E+000 
      6.50000000 -0.864641621748573E+003  0.385306135052459E+000 
      6.52000000 -0.864644953056851E+003  0.381974826774363E+000 
      6.54000000 -0.864647021031817E+003  0.379906851809157E+000 
      6.56000000 -0.864647827150739E+003  0.379100732887334E+000 
      6.58000000 -0.864647387428158E+003  0.379540455467824E+000 
      6.60000000 -0.864645732158547E+003  0.381195725079259E+000 
      6.62000000 -0.864642905826239E+003  0.384022057386938E+000 
      6.64000000 -0.864638967119142E+003  0.387960764484029E+000 
      6.66000000 -0.864633988963176E+003  0.392938920449817E+000 
      6.68000000 -0.864628058482847E+003  0.398869400778691E+000 
      6.70000000 -0.864621276790017E+003  0.405651093608947E+000 
      6.72000000 -0.864613758508103E+003  0.413169375522664E+000 
      6.74000000 -0.864605630951841E+003  0.421296931785322E+000 
      6.76000000 -0.864597032902090E+003  0.429894981535628E+000 
      6.78000000 -0.864588112939817E+003  0.438814943808807E+000 
      6.80000000 -0.864579027331271E+003  0.447900552354769E+000 
      6.82000000 -0.864569937485149E+003  0.456990398476929E+000 
      6.84000000 -0.864561007031750E+003  0.465920851876270E+000 
      6.86000000 -0.864552398599694E+003  0.474529283931745E+000 
      6.88000000 -0.864544270388478E+003  0.482657495148206E+000 
      6.90000000 -0.864536772652194E+003  0.490155231432126E+000 
      6.92000000 -0.864530044220314E+003  0.496883663312267E+000 
      6.94000000 -0.864524209186396E+003  0.502718697229911E+000 
      6.96000000 -0.864519373892503E+003  0.507553991123217E+000 
      6.98000000 -0.864515624328690E+003  0.511303554936293E+000 
      7.00000000 -0.864513024051912E+003  0.513903831713518E+000 
      7.02000000 -0.864511612708375E+003  0.515315175251101E+000 
      7.04000000 -0.864511405220690E+003  0.515522662936195E+000 
      7.06000000 -0.864512391673243E+003  0.514536210382944E+000 
      7.08000000 -0.864514537902956E+003  0.512389980670287E+000 
      7.10000000 -0.864517786773389E+003  0.509141110236607E+000 
      7.12000000 -0.864522060085436E+003  0.504867798189839E+000 
      7.14000000 -0.864527261052717E+003  0.499666830908904E+000 
      7.16000000 -0.864533277250141E+003  0.493650633484878E+000 
      7.18000000 -0.864539983928392E+003  0.486943955234322E+000 
      7.20000000 -0.864547247575433E+003  0.479680308192479E+000 
      7.22000000 -0.864554929601047E+003  0.471998282578905E+000 
      7.24000000 -0.864562890019374E+003  0.464037864252075E+000 
      7.26000000 -0.864570991009356E+003  0.455936874269479E+000 
      7.28000000 -0.864579100242056E+003  0.447827641569570E+000 
      7.30000000 -0.864587093877274E+003  0.439834006351614E+000 
      7.32000000 -0.864594859148671E+003  0.432068734954641E+000 
      7.34000000 -0.864602296475541E+003  0.424631408084521E+000 
      7.36000000 -0.864609321060276E+003  0.417606823349731E+000 
      7.38000000 -0.864615863951408E+003  0.411063932218246E+000 
      7.40000000 -0.864621872573227E+003  0.405055310398525E+000 
      7.42000000 -0.864627310741828E+003  0.399617141797387E+000 
      7.44000000 -0.864632158205182E+003  0.394769678444031E+000 
      7.46000000 -0.864636409758972E+003  0.390518124653872E+000 
      7.48000000 -0.864640074001602E+003  0.386853882023628E+000 
      7.50000000 -0.864643171799180E+003  0.383756084445915E+000 
      7.52000000 -0.864645734536191E+003  0.381193347435002E+000 
      7.54000000 -0.864647802227866E+003  0.379125655760179E+000 
      7.56000000 -0.864649421568504E+003  0.377506315121577E+000 
      7.58000000 -0.864650643984554E+003  0.376283899071822E+000 
      7.60000000 -0.864651523754169E+003  0.375404129456945E+000 
      7.62000000 -0.864652116245890E+003  0.374811637736222E+000 
      7.64000000 -0.864652476319005E+003  0.374451564621183E+000 
      7.66000000 -0.864652656917605E+003  0.374270966020495E+000 
      7.68000000 -0.864652707879694E+003  0.374220003932076E+000 
      7.70000000 -0.864652674972800E+003  0.374252910826071E+000 
      7.72000000 -0.864652599158336E+003  0.374328725289371E+000 
      7.74000000 -0.864652516079057E+003  0.374411804568565E+000 
      7.76000000 -0.864652455757378E+003  0.374472126247380E+000 
      7.78000000 -0.864652442487247E+003  0.374485396378777E+000 
      7.80000000 -0.864652494898526E+003  0.374432985099409E+000 
      7.82000000 -0.864652626170484E+003  0.374301713141629E+000 
      7.84000000 -0.864652844369890E+003  0.374083513735372E+000 
      7.86000000 -0.864653152888917E+003  0.373774994709147E+000 
      7.88000000 -0.864653550958823E+003  0.373376924803327E+000 
      7.90000000 -0.864654034216449E+003  0.372893667176971E+000 
      7.92000000 -0.864654595302348E+003  0.372332581278279E+000 
      7.94000000 -0.864655224471155E+003  0.371703412471156E+000 
      7.96000000 -0.864655910196927E+003  0.371017686698416E+000 
      7.98000000 -0.864656639758281E+003  0.370288125344766E+000 
      8.00000000 -0.864657399790200E+003  0.369528093425942E+000 
      8.02000000 -0.864658176791598E+003  0.368751092027954E+000 
      8.04000000 -0.864658957579668E+003  0.367970303958178E+000 
      8.06000000 -0.864659729684193E+003  0.367198199432799E+000 
      8.08000000 -0.864660481676899E+003  0.366446206726846E+000 
      8.10000000 -0.864661203432979E+003  0.365724450646444E+000 
      8.12000000 -0.864661886323856E+003  0.365041559770099E+000 
      8.14000000 -0.864662523342111E+003  0.364404541514619E+000 
      8.16000000 -0.864663109161346E+003  0.363818722279929E+000 
      8.18000000 -0.864663640135352E+003  0.363287748273789E+000 
      8.20000000 -0.864664114242511E+003  0.362813641115068E+000 
      8.22000000 -0.864664530982519E+003  0.362396901107270E+000 
      8.24000000 -0.864664891233572E+003  0.362036650053588E+000 
      8.26000000 -0.864665197078707E+003  0.361730804919256E+000 
      8.28000000 -0.864665451610413E+003  0.361476273212545E+000 
      8.30000000 -0.864665658722518E+003  0.361269161107530E+000 
      8.32000000 -0.864665822898087E+003  0.361104985539102E+000 
      8.34000000 -0.864665949001358E+003  0.360978882268016E+000 
      8.36000000 -0.864666042080927E+003  0.360885802698759E+000 
      8.38000000 -0.864666107190226E+003  0.360820693399883E+000 
      8.40000000 -0.864666149230147E+003  0.360778653478484E+000 
      8.42000000 -0.864666172817308E+003  0.360755066317828E+000 
      8.44000000 -0.864666182180103E+003  0.360745703522390E+000 
      8.46000000 -0.864666181083351E+003  0.360746800275047E+000 
      8.48000000 -0.864666172781082E+003  0.360755102543897E+000 
      8.50000000 -0.864666159995908E+003  0.360767887717667E+000 
      8.52000000 -0.864666144922416E+003  0.360782961209548E+000 
      8.54000000 -0.864666129251283E+003  0.360798632343058E+000 
      8.56000000 -0.864666114210245E+003  0.360813673380713E+000 
      8.58000000 -0.864666100617734E+003  0.360827265891669E+000 
      8.60000000 -0.864666088944869E+003  0.360838938756733E+000 
      8.62000000 -0.864666079381630E+003  0.360848501995905E+000 
      8.64000000 -0.864666071903322E+003  0.360855980303851E+000 
      8.66000000 -0.864666066333916E+003  0.360861549709607E+000 
      8.68000000 -0.864666062403449E+003  0.360865480176526E+000 
      8.70000000 -0.864666059797349E+003  0.360868086277141E+000 
      8.72000000 -0.864666058196285E+003  0.360869687340548E+000 
      8.74000000 -0.864666057305892E+003  0.360870577734070E+000 
      8.76000000 -0.864666056876383E+003  0.360871007243016E+000 
      8.78000000 -0.864666056712750E+003  0.360871170876092E+000 
      8.80000000 -0.864666056676719E+003  0.360871206906492E+000 
      8.82000000 -0.864666056682075E+003  0.360871201550834E+000 
      8.84000000 -0.864666056685201E+003  0.360871198424969E+000 
      8.86000000 -0.864666056672824E+003  0.360871210802174E+000 
      8.88000000 -0.864666056648903E+003  0.360871234722480E+000 
      8.90000000 -0.864666056622476E+003  0.360871261149549E+000 
      8.92000000 -0.864666056598382E+003  0.360871285243385E+000 
      8.94000000 -0.864666056576661E+003  0.360871306965027E+000 
      8.96000000 -0.864666056556783E+003  0.360871326842415E+000 
      8.98000000 -0.864666056538235E+003  0.360871345390726E+000 
      9.00000000 -0.864666056520544E+003  0.360871363081535E+000 
      9.02000000 -0.864666056503309E+003  0.360871380317105E+000 
      9.04000000 -0.864666056486213E+003  0.360871397413272E+000 
      9.06000000 -0.864666056469036E+003  0.360871414589774E+000 
      9.08000000 -0.864666056451656E+003  0.360871431969679E+000 
      9.10000000 -0.864666056434039E+003  0.360871449586436E+000 
      9.12000000 -0.864666056416229E+003  0.360871467396735E+000 
      9.14000000 -0.864666056398326E+003  0.360871485300035E+000 
      9.16000000 -0.864666056380466E+003  0.360871503160024E+000 
      9.18000000 -0.864666056362798E+003  0.360871520827728E+000 
      9.20000000 -0.864666056345461E+003  0.360871538164614E+000 
      9.22000000 -0.864666056328564E+003  0.360871555061437E+000 
      9.24000000 -0.864666056312173E+003  0.360871571452558E+000 
      9.26000000 -0.864666056296301E+003  0.360871587325118E+000 
      9.28000000 -0.864666056280906E+003  0.360871602720011E+000 
      9.30000000 -0.864666056265899E+003  0.360871617726756E+000 
      9.32000000 -0.864666056251153E+003  0.360871632472771E+000 
      9.34000000 -0.864666056236518E+003  0.360871647107417E+000 
      9.36000000 -0.864666056221840E+003  0.360871661786243E+000 
      9.38000000 -0.864666056206975E+003  0.360871676650974E+000 
      9.40000000 -0.864666056191811E+003  0.360871691815009E+000 
      9.42000000 -0.864666056176274E+003  0.360871707351432E+000 
      9.44000000 -0.864666056160342E+003  0.360871723284027E+000 
      9.46000000 -0.864666056144042E+003  0.360871739583887E+000 
      9.48000000 -0.864666056127455E+003  0.360871756170387E+000 
      9.50000000 -0.864666056110710E+003  0.360871772915722E+000 
      9.52000000 -0.864666056093973E+003  0.360871789652646E+000 
      9.54000000 -0.864666056077441E+003  0.360871806185202E+000 
      9.56000000 -0.864666056061325E+003  0.360871822300897E+000 
      9.58000000 -0.864666056045843E+003  0.360871837783087E+000 
      9.60000000 -0.864666056031202E+003  0.360871852423823E+000 
      9.62000000 -0.864666056017590E+003  0.360871866035656E+000 
      9.64000000 -0.864666056005163E+003  0.360871878462842E+000 
      9.66000000 -0.864666055994039E+003  0.360871889586859E+000 
      9.68000000 -0.864666055984291E+003  0.360871899334428E+000 
      9.70000000 -0.864666055975949E+003  0.360871907677127E+000 
      9.72000000 -0.864666055968994E+003  0.360871914631873E+000 
      9.74000000 -0.864666055963369E+003  0.360871920257058E+000 
      9.76000000 -0.864666055958978E+003  0.360871924647810E+000 
      9.78000000 -0.864666055955697E+003  0.360871927928547E+000 
      9.80000000 -0.864666055953380E+003  0.360871930246023E+000 
      9.82000000 -0.864666055951862E+003  0.360871931763422E+000 
      9.84000000 -0.864666055950974E+003  0.360871932651665E+000 
      9.86000000 -0.864666055950540E+003  0.360871933085539E+000 
      9.88000000 -0.864666055950388E+003  0.360871933237994E+000 
      9.90000000 -0.864666055950349E+003  0.360871933277051E+000 
      9.92000000 -0.864666055950264E+003  0.360871933362221E+000 
      9.94000000 -0.864666055949984E+003  0.360871933641996E+000 
      9.96000000 -0.864666055949374E+003  0.360871934252204E+000 
      9.98000000 -0.864666055948312E+003  0.360871935314364E+000 
     10.00000000 -0.864666055946694E+003  0.360871936932111E+000 
     10.02000000 -0.864666055944434E+003  0.360871939191872E+000 
     10.04000000 -0.864666055941467E+003  0.360871942158998E+000 
     10.06000000 -0.864666055937749E+003  0.360871945876897E+000 
     10.08000000 -0.864666055933261E+003  0.360871950365290E+000 
     10.10000000 -0.864666055928006E+003  0.360871955619439E+000 
     10.12000000 -0.864666055922016E+003  0.360871961609376E+000 
     10.14000000 -0.864666055915344E+003  0.360871968281350E+000 
     10.16000000 -0.864666055908069E+003  0.360871975557055E+000 
     10.18000000 -0.864666055900286E+003  0.360871983339720E+000 
     10.20000000 -0.864666055892112E+003  0.360871991513915E+000 
     10.22000000 -0.864666055883672E+003  0.360871999953384E+000 
     10.24000000 -0.864666055875101E+003  0.360872008524911E+000 
     10.26000000 -0.864666055866532E+003  0.360872017094311E+000 
     10.28000000 -0.864666055858094E+003  0.360872025532234E+000 
     10.30000000 -0.864666055849904E+003  0.360872033721510E+000 
     10.32000000 -0.864666055842066E+003  0.360872041559472E+000 
     10.34000000 -0.864666055834662E+003  0.360872048964334E+000 
     10.36000000 -0.864666055827749E+003  0.360872055877027E+000 
     10.38000000 -0.864666055821364E+003  0.360872062261395E+000 
     10.40000000 -0.864666055815520E+003  0.360872068105451E+000 
     10.42000000 -0.864666055810208E+003  0.360872073417895E+000 
     10.44000000 -0.864666055805399E+003  0.360872078226666E+000 
     10.46000000 -0.864666055801051E+003  0.360872082574397E+000 
     10.48000000 -0.864666055797112E+003  0.360872086514163E+000 
     10.50000000 -0.864666055793522E+003  0.360872090104259E+000 
     10.52000000 -0.864666055790219E+003  0.360872093406845E+000 
     10.54000000 -0.864666055787144E+003  0.360872096481860E+000 
     10.56000000 -0.864666055784239E+003  0.360872099386921E+000 
     10.58000000 -0.864666055781451E+003  0.360872102174910E+000 
     10.60000000 -0.864666055778731E+003  0.360872104895034E+000 
     10.62000000 -0.864666055776034E+003  0.360872107592246E+000 
     10.64000000 -0.864666055773316E+003  0.360872110309566E+000 
     10.66000000 -0.864666055770537E+003  0.360872113088371E+000 
     10.68000000 -0.864666055767653E+003  0.360872115972937E+000 
     10.70000000 -0.864666055764618E+003  0.360872119008122E+000 
     10.72000000 -0.864666055761381E+003  0.360872122244486E+000 
     10.74000000 -0.864666055757889E+003  0.360872125736651E+000 
     10.76000000 -0.864666055754079E+003  0.360872129546777E+000 
     10.78000000 -0.864666055749885E+003  0.360872133741183E+000 
     10.80000000 -0.864666055745235E+003  0.360872138390925E+000 
     10.82000000 -0.864666055740058E+003  0.360872143567638E+000 
     10.84000000 -0.864666055734287E+003  0.360872149339091E+000 
     10.86000000 -0.864666055727863E+003  0.360872155762806E+000 
     10.88000000 -0.864666055720747E+003  0.360872162878418E+000 
     10.90000000 -0.864666055712929E+003  0.360872170697142E+000 
     10.92000000 -0.864666055704432E+003  0.360872179193939E+000 
     10.94000000 -0.864666055695326E+003  0.360872188299398E+000 
     10.96000000 -0.864666055685732E+003  0.360872197894318E+000 
     10.98000000 -0.864666055675815E+003  0.360872207810584E+000 
     11.00000000 -0.864666055665791E+003  0.360872217835318E+000 
     11.02000000 -0.864666055655900E+003  0.360872227725965E+000 
     11.04000000 -0.864666055646398E+003  0.360872237227788E+000 
     11.06000000 -0.864666055637526E+003  0.360872246099778E+000 
     11.08000000 -0.864666055629484E+003  0.360872254141723E+000 
     11.10000000 -0.864666055622403E+003  0.360872261223209E+000 
     11.12000000 -0.864666055616322E+003  0.360872267303827E+000 
     11.14000000 -0.864666055611175E+003  0.360872272450378E+000 
     11.16000000 -0.864666055606785E+003  0.360872276840646E+000 
     11.18000000 -0.864666055602871E+003  0.360872280754987E+000 
     11.20000000 -0.864666055599073E+003  0.360872284552738E+000 
     11.22000000 -0.864666055594982E+003  0.360872288643413E+000 
     11.24000000 -0.864666055590184E+003  0.360872293441550E+000 
     11.26000000 -0.864666055584300E+003  0.360872299325628E+000 
     11.28000000 -0.864666055577033E+003  0.360872306593213E+000 
     11.30000000 -0.864666055568199E+003  0.360872315427016E+000 
     11.32000000 -0.864666055557755E+003  0.360872325871123E+000 
     11.34000000 -0.864666055545804E+003  0.360872337821609E+000 
     11.36000000 -0.864666055532589E+003  0.360872351037173E+000 
     11.38000000 -0.864666055518464E+003  0.360872365161669E+000 
     11.40000000 -0.864666055503861E+003  0.360872379764993E+000 
     11.42000000 -0.864666055489239E+003  0.360872394386492E+000 
     11.44000000 -0.864666055475038E+003  0.360872408587844E+000 
     11.46000000 -0.864666055461629E+003  0.360872421997047E+000 
     11.48000000 -0.864666055449281E+003  0.360872434344863E+000 
     11.50000000 -0.864666055438139E+003  0.360872445487345E+000 
     11.52000000 -0.864666055428211E+003  0.360872455414535E+000 
     11.54000000 -0.864666055419384E+003  0.360872464241572E+000 
     11.56000000 -0.864666055411435E+003  0.360872472190419E+000 
     11.58000000 -0.864666055404064E+003  0.360872479561735E+000 
     11.60000000 -0.864666055396921E+003  0.360872486704803E+000 
     11.62000000 -0.864666055389638E+003  0.360872493987661E+000 
     11.64000000 -0.864666055381852E+003  0.360872501773613E+000 
     11.66000000 -0.864666055373225E+003  0.360872510400921E+000 
     11.68000000 -0.864666055363455E+003  0.360872520170435E+000 
     11.70000000 -0.864666055352291E+003  0.360872531334475E+000 
     11.72000000 -0.864666055339536E+003  0.360872544089677E+000 
     11.74000000 -0.864666055325055E+003  0.360872558570997E+000 
     11.76000000 -0.864666055308781E+003  0.360872574844466E+000 
     11.78000000 -0.864666055290725E+003  0.360872592901284E+000 
     11.80000000 -0.864666055270968E+003  0.360872612657636E+000 
     11.82000000 -0.864666055249668E+003  0.360872633957295E+000 
     11.84000000 -0.864666055227042E+003  0.360872656583519E+000 
     11.86000000 -0.864666055203345E+003  0.360872680280410E+000 
     11.88000000 -0.864666055178847E+003  0.360872704778538E+000 
     11.90000000 -0.864666055153799E+003  0.360872729826839E+000 
     11.92000000 -0.864666055128405E+003  0.360872755221136E+000 
     11.94000000 -0.864666055102801E+003  0.360872780824637E+000 
     11.96000000 -0.864666055077049E+003  0.360872806576533E+000 
     11.98000000 -0.864666055051143E+003  0.360872832483302E+000 
     12.00000000 -0.864666055025032E+003  0.360872858593666E+000 
     12.02000000 -0.864666054998665E+003  0.360872884960700E+000 
     12.04000000 -0.864666054972028E+003  0.360872911598036E+000 
     12.06000000 -0.864666054945189E+003  0.360872938437034E+000 
     12.08000000 -0.864666054918326E+003  0.360872965299620E+000 
     12.10000000 -0.864666054891738E+003  0.360872991887942E+000 
     12.12000000 -0.864666054865823E+003  0.360873017803218E+000 
     12.14000000 -0.864666054841039E+003  0.360873042586824E+000 
     12.16000000 -0.864666054817839E+003  0.360873065786906E+000 
     12.18000000 -0.864666054796591E+003  0.360873087035135E+000 
     12.20000000 -0.864666054777499E+003  0.360873106126561E+000 
     12.22000000 -0.864666054760542E+003  0.360873123084000E+000 
     12.24000000 -0.864666054745426E+003  0.360873138200277E+000 
     12.26000000 -0.864666054731582E+003  0.360873152043645E+000 
     12.28000000 -0.864666054718200E+003  0.360873165425972E+000 
     12.30000000 -0.864666054704294E+003  0.360873179331695E+000 
     12.32000000 -0.864666054688810E+003  0.360873194816108E+000 
     12.34000000 -0.864666054670742E+003  0.360873212883947E+000 
     12.36000000 -0.864666054649261E+003  0.360873234364967E+000 
     12.38000000 -0.864666054623827E+003  0.360873259798418E+000 
     12.40000000 -0.864666054594278E+003  0.360873289347872E+000 
     12.42000000 -0.864666054560872E+003  0.360873322753856E+000 
     12.44000000 -0.864666054524291E+003  0.360873359334623E+000 
     12.46000000 -0.864666054485589E+003  0.360873398037293E+000 
     12.48000000 -0.864666054446094E+003  0.360873437532111E+000 
     12.50000000 -0.864666054407278E+003  0.360873476347504E+000 
     12.52000000 -0.864666054370605E+003  0.360873513021174E+000 
     12.54000000 -0.864666054337366E+003  0.360873546259718E+000 
     12.56000000 -0.864666054308543E+003  0.360873575083149E+000 
     12.58000000 -0.864666054284689E+003  0.360873598936846E+000 
     12.60000000 -0.864666054265867E+003  0.360873617759227E+000 
     12.62000000 -0.864666054251633E+003  0.360873631993159E+000 
     12.64000000 -0.864666054241082E+003  0.360873642544187E+000 
     12.66000000 -0.864666054232945E+003  0.360873650680680E+000 
     12.68000000 -0.864666054225728E+003  0.360873657897993E+000 
     12.70000000 -0.864666054217873E+003  0.360873665753164E+000 
     12.72000000 -0.864666054207933E+003  0.360873675692824E+000 
     12.74000000 -0.864666054194730E+003  0.360873688896305E+000 
     12.76000000 -0.864666054177478E+003  0.360873706148116E+000 
     12.78000000 -0.864666054155872E+003  0.360873727754040E+000 
     12.80000000 -0.864666054130112E+003  0.360873753514250E+000 
     12.82000000 -0.864666054100877E+003  0.360873782749223E+000 
     12.84000000 -0.864666054069246E+003  0.360873814379687E+000 
     12.86000000 -0.864666054036579E+003  0.360873847046597E+000 
     12.88000000 -0.864666054004366E+003  0.360873879259717E+000 
     12.90000000 -0.864666053974067E+003  0.360873909558687E+000 
     12.92000000 -0.864666053946962E+003  0.360873936663829E+000 
     12.94000000 -0.864666053924021E+003  0.360873959604824E+000 
     12.96000000 -0.864666053905813E+003  0.360873977812648E+000 
     12.98000000 -0.864666053892460E+003  0.360873991165876E+000 
     13.00000000 -0.864666053883639E+003  0.360873999986436E+000 
     13.02000000 -0.864666053878638E+003  0.360874004988362E+000 
     13.04000000 -0.864666053876438E+003  0.360874007187895E+000 
     13.06000000 -0.864666053875840E+003  0.360874007786308E+000 
     13.08000000 -0.864666053875584E+003  0.360874008041528E+000 
     13.10000000 -0.864666053874484E+003  0.360874009141488E+000 
     13.12000000 -0.864666053871527E+003  0.360874012098367E+000 
     13.14000000 -0.864666053865957E+003  0.360874017669318E+000 
     13.16000000 -0.864666053857312E+003  0.360874026313640E+000 
     13.18000000 -0.864666053845441E+003  0.360874038184563E+000 
     13.20000000 -0.864666053830471E+003  0.360874053155055E+000 
     13.22000000 -0.864666053812758E+003  0.360874070868197E+000 
     13.24000000 -0.864666053792823E+003  0.360874090803202E+000 
     13.26000000 -0.864666053771282E+003  0.360874112343387E+000 
     13.28000000 -0.864666053748781E+003  0.360874134845288E+000 
     13.30000000 -0.864666053725935E+003  0.360874157690479E+000 
     13.32000000 -0.864666053703301E+003  0.360874180325307E+000 
     13.34000000 -0.864666053681343E+003  0.360874202283125E+000 
     13.36000000 -0.864666053660436E+003  0.360874223189901E+000 
     13.38000000 -0.864666053640864E+003  0.360874242761411E+000 
     13.40000000 -0.864666053622833E+003  0.360874260793094E+000 
     13.42000000 -0.864666053606477E+003  0.360874277148445E+000 
     13.44000000 -0.864666053591874E+003  0.360874291751866E+000 
     13.46000000 -0.864666053579037E+003  0.360874304588467E+000 
     13.48000000 -0.864666053567917E+003  0.360874315709101E+000 
     13.50000000 -0.864666053558383E+003  0.360874325242923E+000 
     13.52000000 -0.864666053550214E+003  0.360874333411511E+000 
     13.54000000 -0.864666053543084E+003  0.360874340541528E+000 
     13.56000000 -0.864666053536555E+003  0.360874347071197E+000 
     13.58000000 -0.864666053530082E+003  0.360874353543926E+000 
     13.60000000 -0.864666053523036E+003  0.360874360590126E+000 
     13.62000000 -0.864666053514734E+003  0.360874368891545E+000 
     13.64000000 -0.864666053504495E+003  0.360874379130509E+000 
     13.66000000 -0.864666053491695E+003  0.360874391931244E+000 
     13.68000000 -0.864666053475831E+003  0.360874407794524E+000 
     13.70000000 -0.864666053456590E+003  0.360874427035988E+000 
     13.72000000 -0.864666053433891E+003  0.360874449734428E+000 
     13.74000000 -0.864666053407927E+003  0.360874475699007E+000 
     13.76000000 -0.864666053379165E+003  0.360874504461146E+000 
     13.78000000 -0.864666053348334E+003  0.360874535291438E+000 
     13.80000000 -0.864666053316377E+003  0.360874567249241E+000 
     13.82000000 -0.864666053284373E+003  0.360874599253352E+000 
     13.84000000 -0.864666053253448E+003  0.360874630177417E+000 
     13.86000000 -0.864666053224676E+003  0.360874658949900E+000 
     13.88000000 -0.864666053198964E+003  0.360874684661773E+000 
     13.90000000 -0.864666053176968E+003  0.360874706657681E+000 
     13.92000000 -0.864666053159015E+003  0.360874724610478E+000 
     13.94000000 -0.864666053145062E+003  0.360874738563860E+000 
     13.96000000 -0.864666053134685E+003  0.360874748941069E+000 
     13.98000000 -0.864666053127111E+003  0.360874756514820E+000 
     14.00000000 -0.864666053121282E+003  0.360874762344278E+000 
     14.02000000 -0.864666053115944E+003  0.360874767681374E+000 
     14.04000000 -0.864666053109768E+003  0.360874773857602E+000 
     14.06000000 -0.864666053101463E+003  0.360874782163081E+000 
     14.08000000 -0.864666053089897E+003  0.360874793728513E+000 
     14.10000000 -0.864666053074203E+003  0.360874809422806E+000 
     14.12000000 -0.864666053053849E+003  0.360874829777281E+000 
     14.14000000 -0.864666053028685E+003  0.360874854940721E+000 
     14.16000000 -0.864666052998953E+003  0.360874884672696E+000 
     14.18000000 -0.864666052965256E+003  0.360874918369380E+000 
     14.20000000 -0.864666052928501E+003  0.360874955124450E+000 
     14.22000000 -0.864666052889816E+003  0.360874993809718E+000 
     14.24000000 -0.864666052850451E+003  0.360875033174994E+000 
     14.26000000 -0.864666052811677E+003  0.360875071949202E+000 
     14.28000000 -0.864666052774686E+003  0.360875108939481E+000 
     14.30000000 -0.864666052740511E+003  0.360875143115185E+000 
     14.32000000 -0.864666052709952E+003  0.360875173673822E+000 
     14.34000000 -0.864666052683540E+003  0.360875200086197E+000 
     14.36000000 -0.864666052661512E+003  0.360875222113427E+000 
     14.38000000 -0.864666052643818E+003  0.360875239807910E+000 
     14.40000000 -0.864666052630134E+003  0.360875253491378E+000 
     14.42000000 -0.864666052619905E+003  0.360875263720482E+000 
     14.44000000 -0.864666052612385E+003  0.360875271241256E+000 
     14.46000000 -0.864666052606687E+003  0.360875276938367E+000 
     14.48000000 -0.864666052601846E+003  0.360875281780297E+000 
     14.50000000 -0.864666052596863E+003  0.360875286762792E+000 
     14.52000000 -0.864666052590769E+003  0.360875292856750E+000 
     14.54000000 -0.864666052582671E+003  0.360875300954766E+000 
     14.56000000 -0.864666052571804E+003  0.360875311821726E+000 
     14.58000000 -0.864666052557573E+003  0.360875326052758E+000 
     14.60000000 -0.864666052539591E+003  0.360875344034363E+000 
     14.62000000 -0.864666052517707E+003  0.360875365918515E+000 
     14.64000000 -0.864666052492020E+003  0.360875391605446E+000 
     14.66000000 -0.864666052462882E+003  0.360875420744035E+000 
     14.68000000 -0.864666052430881E+003  0.360875452745342E+000 
     14.70000000 -0.864666052396810E+003  0.360875486815865E+000 
     14.72000000 -0.864666052361621E+003  0.360875522004328E+000 
     14.74000000 -0.864666052326363E+003  0.360875557262591E+000 
     14.76000000 -0.864666052292111E+003  0.360875591514668E+000 
     14.78000000 -0.864666052259895E+003  0.360875623731365E+000 
     14.80000000 -0.864666052230623E+003  0.360875653003268E+000 
     14.82000000 -0.864666052205018E+003  0.360875678607349E+000 
     14.84000000 -0.864666052183565E+003  0.360875700061010E+000 
     14.86000000 -0.864666052166463E+003  0.360875717163170E+000 
     14.88000000 -0.864666052153614E+003  0.360875730012050E+000 
     14.90000000 -0.864666052144618E+003  0.360875739007880E+000 
     14.92000000 -0.864666052138798E+003  0.360875744828057E+000 
     14.94000000 -0.864666052135241E+003  0.360875748384606E+000 
     14.96000000 -0.864666052132866E+003  0.360875750759796E+000 
     14.98000000 -0.864666052130498E+003  0.360875753127735E+000 
     15.00000000 -0.864666052126961E+003  0.360875756664660E+000 
     15.02000000 -0.864666052121170E+003  0.360875762455738E+000 
     15.04000000 -0.864666052112221E+003  0.360875771404874E+000 
     15.06000000 -0.864666052099466E+003  0.360875784159689E+000 
     15.08000000 -0.864666052082572E+003  0.360875801054193E+000 
     15.10000000 -0.864666052061547E+003  0.360875822078718E+000 
     15.12000000 -0.864666052036746E+003  0.360875846880112E+000 
     15.14000000 -0.864666052008835E+003  0.360875874790744E+000 
     15.16000000 -0.864666051978739E+003  0.360875904886795E+000 
     15.18000000 -0.864666051947557E+003  0.360875936068497E+000 
     15.20000000 -0.864666051916472E+003  0.360875967153332E+000 
     15.22000000 -0.864666051886650E+003  0.360875996975505E+000 
     15.24000000 -0.864666051859144E+003  0.360876024481362E+000 
     15.26000000 -0.864666051834816E+003  0.360876048809343E+000 
     15.28000000 -0.864666051814272E+003  0.360876069353493E+000 
     15.30000000 -0.864666051797826E+003  0.360876085800298E+000 
     15.32000000 -0.864666051785485E+003  0.360876098141154E+000 
     15.34000000 -0.864666051776969E+003  0.360876106657190E+000 
     15.36000000 -0.864666051771740E+003  0.360876111885720E+000 
     15.38000000 -0.864666051769059E+003  0.360876114566691E+000 
     15.40000000 -0.864666051768046E+003  0.360876115579450E+000 
     15.42000000 -0.864666051767754E+003  0.360876115871793E+000 
     15.44000000 -0.864666051767237E+003  0.360876116388711E+000 
     15.46000000 -0.864666051765617E+003  0.360876118008875E+000 
     15.48000000 -0.864666051762139E+003  0.360876121486924E+000 
     15.50000000 -0.864666051756219E+003  0.360876127407159E+000 
     15.52000000 -0.864666051747472E+003  0.360876136153860E+000 
     15.54000000 -0.864666051735732E+003  0.360876147893595E+000 
     15.56000000 -0.864666051721050E+003  0.360876162575902E+000 
     15.58000000 -0.864666051703682E+003  0.360876179943433E+000 
     15.60000000 -0.864666051684065E+003  0.360876199561153E+000 
     15.62000000 -0.864666051662774E+003  0.360876220851532E+000 
     15.64000000 -0.864666051640486E+003  0.360876243140170E+000 
     15.66000000 -0.864666051617922E+003  0.360876265704232E+000 
     15.68000000 -0.864666051595802E+003  0.360876287823593E+000 
     15.70000000 -0.864666051574799E+003  0.360876308826849E+000 
     15.72000000 -0.864666051555491E+003  0.360876328135309E+000 
     15.74000000 -0.864666051538332E+003  0.360876345293927E+000 
     15.76000000 -0.864666051523629E+003  0.360876359997115E+000 
     15.78000000 -0.864666051511525E+003  0.360876372100925E+000 
     15.80000000 -0.864666051502002E+003  0.360876381623340E+000 
     15.82000000 -0.864666051494890E+003  0.360876388736245E+000 
     15.84000000 -0.864666051489878E+003  0.360876393748032E+000 
     15.86000000 -0.864666051486551E+003  0.360876397075174E+000 
     15.88000000 -0.864666051484413E+003  0.360876399213125E+000 
     15.90000000 -0.864666051482925E+003  0.360876400700845E+000 
     15.92000000 -0.864666051481541E+003  0.360876402085220E+000 
     15.94000000 -0.864666051479739E+003  0.360876403886939E+000 
     15.96000000 -0.864666051477056E+003  0.360876406569746E+000 
     15.98000000 -0.864666051473111E+003  0.360876410514636E+000 
     16.00000000 -0.864666051467627E+003  0.360876415998773E+000 
     16.02000000 -0.864666051460442E+003  0.360876423184184E+000 
     16.04000000 -0.864666051451515E+003  0.360876432111279E+000 
     16.06000000 -0.864666051440926E+003  0.360876442700204E+000 
     16.08000000 -0.864666051428865E+003  0.360876454760801E+000 
     16.10000000 -0.864666051415621E+003  0.360876468004691E+000 
     16.12000000 -0.864666051401557E+003  0.360876482068573E+000 
     16.14000000 -0.864666051387089E+003  0.360876496536746E+000 
     16.16000000 -0.864666051372657E+003  0.360876510968859E+000 
     16.18000000 -0.864666051358697E+003  0.360876524928332E+000 
     16.20000000 -0.864666051345616E+003  0.360876538010293E+000 
     16.22000000 -0.864666051333757E+003  0.360876549868648E+000 
     16.24000000 -0.864666051323390E+003  0.360876560235609E+000 
     16.26000000 -0.864666051314685E+003  0.360876568940546E+000 
     16.28000000 -0.864666051307708E+003  0.360876575917334E+000 
     16.30000000 -0.864666051302421E+003  0.360876581204836E+000 
     16.32000000 -0.864666051298685E+003  0.360876584940716E+000 
     16.34000000 -0.864666051296277E+003  0.360876587348389E+000 
     16.36000000 -0.864666051294913E+003  0.360876588712559E+000 
     16.38000000 -0.864666051294267E+003  0.360876589358536E+000 
     16.40000000 -0.864666051294004E+003  0.360876589622070E+000 
     16.42000000 -0.864666051293799E+003  0.360876589826440E+000 
     16.44000000 -0.864666051293368E+003  0.360876590257607E+000 
     16.46000000 -0.864666051292478E+003  0.360876591147977E+000 
     16.48000000 -0.864666051290961E+003  0.360876592664409E+000 
     16.50000000 -0.864666051288723E+003  0.360876594903289E+000 
     16.52000000 -0.864666051285733E+003  0.360876597892650E+000 
     16.54000000 -0.864666051282026E+003  0.360876601599818E+000 
     16.56000000 -0.864666051277685E+003  0.360876605940879E+000 
     16.58000000 -0.864666051272832E+003  0.360876610793637E+000 
     16.60000000 -0.864666051267614E+003  0.360876616011823E+000 
     16.62000000 -0.864666051262188E+003  0.360876621437473E+000 
     16.64000000 -0.864666051256715E+003  0.360876626911073E+000 
     16.66000000 -0.864666051251342E+003  0.360876632283455E+000 
     16.68000000 -0.864666051246205E+003  0.360876637421305E+000 
     16.70000000 -0.864666051241412E+003  0.360876642214028E+000 
     16.72000000 -0.864666051237046E+003  0.360876646580321E+000 
     16.74000000 -0.864666051233156E+003  0.360876650470203E+000 
     16.76000000 -0.864666051229757E+003  0.360876653869270E+000 
     16.78000000 -0.864666051226827E+003  0.360876656799080E+000 
     16.80000000 -0.864666051224309E+003  0.360876659317251E+000 
     16.82000000 -0.864666051222114E+003  0.360876661511370E+000 
     16.84000000 -0.864666051220133E+003  0.360876663492419E+000 
     16.86000000 -0.864666051218242E+003  0.360876665383561E+000 
     16.88000000 -0.864666051216321E+003  0.360876667304769E+000 
     16.90000000 -0.864666051214267E+003  0.360876669358903E+000 
     16.92000000 -0.864666051212010E+003  0.360876671615571E+000 
     16.94000000 -0.864666051209526E+003  0.360876674100099E+000 
     16.96000000 -0.864666051206839E+003  0.360876676787257E+000 
     16.98000000 -0.864666051204024E+003  0.360876679602025E+000 
     17.00000000 -0.864666051201195E+003  0.360876682430713E+000 
     17.02000000 -0.864666051198487E+003  0.360876685138559E+000 
     17.04000000 -0.864666051196032E+003  0.360876687593699E+000 
     17.06000000 -0.864666051193929E+003  0.360876689696944E+000 
     17.08000000 -0.864666051192217E+003  0.360876691408562E+000 
     17.10000000 -0.864666051190856E+003  0.360876692769832E+000 
     17.12000000 -0.864666051189710E+003  0.360876693915712E+000 
     17.14000000 -0.864666051188553E+003  0.360876695072613E+000 
     17.16000000 -0.864666051187083E+003  0.360876696542448E+000 
     17.18000000 -0.864666051184954E+003  0.360876698672376E+000 
     17.20000000 -0.864666051181813E+003  0.360876701812742E+000 
     17.22000000 -0.864666051177356E+003  0.360876706270006E+000 
     17.24000000 -0.864666051171365E+003  0.360876712260910E+000 
     17.26000000 -0.864666051163752E+003  0.360876719874201E+000 
     17.28000000 -0.864666051154581E+003  0.360876729044915E+000 
     17.30000000 -0.864666051144075E+003  0.360876739551087E+000 
     17.32000000 -0.864666051132600E+003  0.360876751025934E+000 
     17.34000000 -0.864666051120634E+003  0.360876762991694E+000 
     17.36000000 -0.864666051108718E+003  0.360876774907570E+000 
     17.38000000 -0.864666051097399E+003  0.360876786227256E+000 
     17.40000000 -0.864666051087169E+003  0.360876796456939E+000 
     17.42000000 -0.864666051078416E+003  0.360876805209344E+000 
     17.44000000 -0.864666051071381E+003  0.360876812244620E+000 
     17.46000000 -0.864666051066130E+003  0.360876817495482E+000 
     17.48000000 -0.864666051062554E+003  0.360876821072236E+000 
     17.50000000 -0.864666051060373E+003  0.360876823252531E+000 
     17.52000000 -0.864666051059176E+003  0.360876824449455E+000 
     17.54000000 -0.864666051058455E+003  0.360876825170451E+000 
     17.56000000 -0.864666051057661E+003  0.360876825965114E+000 
     17.58000000 -0.864666051056252E+003  0.360876827374238E+000 
     17.60000000 -0.864666051053750E+003  0.360876829875394E+000 
     17.62000000 -0.864666051049784E+003  0.360876833841746E+000 
     17.64000000 -0.864666051044119E+003  0.360876839506567E+000 
     17.66000000 -0.864666051036680E+003  0.360876846945748E+000 
     17.68000000 -0.864666051027555E+003  0.360876856071219E+000 
     17.70000000 -0.864666051016983E+003  0.360876866642549E+000 
     17.72000000 -0.864666051005333E+003  0.360876878292571E+000 
     17.74000000 -0.864666050993063E+003  0.360876890562371E+000 
     17.76000000 -0.864666050980678E+003  0.360876902947987E+000 
     17.78000000 -0.864666050968679E+003  0.360876914947196E+000 
     17.80000000 -0.864666050957517E+003  0.360876926108433E+000 
     17.82000000 -0.864666050947555E+003  0.360876936071102E+000 
     17.84000000 -0.864666050939028E+003  0.360876944597385E+000 
     17.86000000 -0.864666050932036E+003  0.360876951590221E+000 
     17.88000000 -0.864666050926530E+003  0.360876957095627E+000 
     17.90000000 -0.864666050922337E+003  0.360876961288583E+000 
     17.92000000 -0.864666050919177E+003  0.360876964448961E+000 
     17.94000000 -0.864666050916700E+003  0.360876966925369E+000 
     17.96000000 -0.864666050914533E+003  0.360876969093096E+000 
     17.98000000 -0.864666050912311E+003  0.360876971315057E+000 
     18.00000000 -0.864666050909720E+003  0.360876973906024E+000 
     18.02000000 -0.864666050906519E+003  0.360876977107005E+000 
     18.04000000 -0.864666050902555E+003  0.360876981070457E+000 
     18.06000000 -0.864666050897766E+003  0.360876985860279E+000 
     18.08000000 -0.864666050892166E+003  0.360876991459943E+000 
     18.10000000 -0.864666050885835E+003  0.360876997791140E+000 
     18.12000000 -0.864666050878891E+003  0.360877004734962E+000 
     18.14000000 -0.864666050871472E+003  0.360877012154131E+000 
     18.16000000 -0.864666050863717E+003  0.360877019909147E+000 
     18.18000000 -0.864666050855757E+003  0.360877027869112E+000 
     18.20000000 -0.864666050847711E+003  0.360877035915021E+000 
     18.22000000 -0.864666050839692E+003  0.360877043934054E+000 
     18.24000000 -0.864666050831813E+003  0.360877051813200E+000 
     18.26000000 -0.864666050824196E+003  0.360877059429585E+000 
     18.28000000 -0.864666050816980E+003  0.360877066645545E+000 
     18.30000000 -0.864666050810315E+003  0.360877073310848E+000 
     18.32000000 -0.864666050804356E+003  0.360877079269753E+000 
     18.34000000 -0.864666050799245E+003  0.360877084380631E+000 
     18.36000000 -0.864666050795087E+003  0.360877088538978E+000 
     18.38000000 -0.864666050791924E+003  0.360877091701676E+000 
     18.40000000 -0.864666050789715E+003  0.360877093910779E+000 
     18.42000000 -0.864666050788318E+003  0.360877095308303E+000 
     18.44000000 -0.864666050787486E+003  0.360877096139895E+000 
     18.46000000 -0.864666050786883E+003  0.360877096742949E+000 
     18.48000000 -0.864666050786105E+003  0.360877097520596E+000 
     18.50000000 -0.864666050784724E+003  0.360877098901491E+000 
     18.52000000 -0.864666050782334E+003  0.360877101292246E+000 
     18.54000000 -0.864666050778601E+003  0.360877105025226E+000 
     18.56000000 -0.864666050773313E+003  0.360877110312534E+000 
     18.58000000 -0.864666050766415E+003  0.360877117210630E+000 
     18.60000000 -0.864666050758022E+003  0.360877125603309E+000 
     18.62000000 -0.864666050748420E+003  0.360877135205673E+000 
     18.64000000 -0.864666050738035E+003  0.360877145591195E+000 
     18.66000000 -0.864666050727387E+003  0.360877156238995E+000 
     18.68000000 -0.864666050717032E+003  0.360877166594258E+000 
     18.70000000 -0.864666050707492E+003  0.360877176134171E+000 
     18.72000000 -0.864666050699192E+003  0.360877184433560E+000 
     18.74000000 -0.864666050692412E+003  0.360877191213809E+000 
     18.76000000 -0.864666050687249E+003  0.360877196376794E+000 
     18.78000000 -0.864666050683615E+003  0.360877200010586E+000 
     18.80000000 -0.864666050681253E+003  0.360877202372725E+000 
     18.82000000 -0.864666050679773E+003  0.360877203852421E+000 
     18.84000000 -0.864666050678712E+003  0.360877204914292E+000 
     18.86000000 -0.864666050677588E+003  0.360877206037936E+000 
     18.88000000 -0.864666050675968E+003  0.360877207657520E+000 
     18.90000000 -0.864666050673516E+003  0.360877210110340E+000 
     18.92000000 -0.864666050670022E+003  0.360877213603761E+000 
     18.94000000 -0.864666050665426E+003  0.360877218199752E+000 
     18.96000000 -0.864666050659804E+003  0.360877223821457E+000 
     18.98000000 -0.864666050653350E+003  0.360877230275624E+000 
     19.00000000 -0.864666050646336E+003  0.360877237289438E+000 
     19.02000000 -0.864666050639073E+003  0.360877244553058E+000 
     19.04000000 -0.864666050631863E+003  0.360877251762831E+000 
     19.06000000 -0.864666050624968E+003  0.360877258657736E+000 
     19.08000000 -0.864666050618581E+003  0.360877265045101E+000 
     19.10000000 -0.864666050612811E+003  0.360877270815008E+000 
     19.12000000 -0.864666050607686E+003  0.360877275940290E+000 
     19.14000000 -0.864666050603161E+003  0.360877280464356E+000 
     19.16000000 -0.864666050599142E+003  0.360877284484168E+000 
     19.18000000 -0.864666050595501E+003  0.360877288125307E+000 
     19.20000000 -0.864666050592106E+003  0.360877291520121E+000 
     19.22000000 -0.864666050588840E+003  0.360877294786164E+000 
     19.24000000 -0.864666050585613E+003  0.360877298012957E+000 
     19.26000000 -0.864666050582373E+003  0.360877301252995E+000 
     19.28000000 -0.864666050579103E+003  0.360877304522615E+000 
     19.30000000 -0.864666050575821E+003  0.360877307804320E+000 
     19.32000000 -0.864666050572567E+003  0.360877311059149E+000 
     19.34000000 -0.864666050569390E+003  0.360877314236251E+000 
     19.36000000 -0.864666050566339E+003  0.360877317286711E+000 
     19.38000000 -0.864666050563452E+003  0.360877320174081E+000 
     19.40000000 -0.864666050560742E+003  0.360877322884054E+000 
     19.42000000 -0.864666050558198E+003  0.360877325427457E+000 
     19.44000000 -0.864666050555785E+003  0.360877327840833E+000 
     19.46000000 -0.864666050553443E+003  0.360877330182961E+000 
     19.48000000 -0.864666050551101E+003  0.360877332524895E+000 
     19.50000000 -0.864666050548684E+003  0.360877334942041E+000 
     19.52000000 -0.864666050546125E+003  0.360877337500912E+000 
     19.54000000 -0.864666050543376E+003  0.360877340249651E+000 
     19.56000000 -0.864666050540414E+003  0.360877343211847E+000 
     19.58000000 -0.864666050537243E+003  0.360877346382570E+000 
     19.60000000 -0.864666050533897E+003  0.360877349728853E+000 
     19.62000000 -0.864666050530430E+003  0.360877353195978E+000 
     19.64000000 -0.864666050526910E+003  0.360877356716275E+000 
     19.66000000 -0.864666050523408E+003  0.360877360217430E+000 
     19.68000000 -0.864666050519992E+003  0.360877363633898E+000 
     19.70000000 -0.864666050516714E+003  0.360877366912122E+000 
     19.72000000 -0.864666050513608E+003  0.360877370018266E+000 
     19.74000000 -0.864666050510692E+003  0.360877372933865E+000 
     19.76000000 -0.864666050507968E+003  0.360877375657469E+000 
     19.78000000 -0.864666050505429E+003  0.360877378196909E+000 
     19.80000000 -0.864666050503062E+003  0.360877380563688E+000 
     19.82000000 -0.864666050500860E+003  0.360877382765927E+000 
     19.84000000 -0.864666050498819E+003  0.360877384806334E+000 
     19.86000000 -0.864666050496946E+003  0.360877386679495E+000 
     19.88000000 -0.864666050495254E+003  0.360877388371488E+000 
     19.90000000 -0.864666050493760E+003  0.360877389865975E+000 
     19.92000000 -0.864666050492479E+003  0.360877391146812E+000 
     19.94000000 -0.864666050491422E+003  0.360877392203462E+000 
     19.96000000 -0.864666050490590E+003  0.360877393035634E+000 
     19.98000000 -0.864666050489969E+003  0.360877393656669E+000 
     20.00000000 -0.864666050489531E+003  0.360877394094411E+000 
     20.02000000 -0.864666050489234E+003  0.360877394391587E+000 
     20.04000000 -0.864666050489023E+003  0.360877394602724E+000 
     20.06000000 -0.864666050488836E+003  0.360877394790079E+000 
     20.08000000 -0.864666050488605E+003  0.360877395020453E+000 
     20.10000000 -0.864666050488266E+003  0.360877395359587E+000 
     20.12000000 -0.864666050487758E+003  0.360877395868383E+000 
     20.14000000 -0.864666050487029E+003  0.360877396596727E+000 
     20.16000000 -0.864666050486044E+003  0.360877397582321E+000 
     20.18000000 -0.864666050484780E+003  0.360877398846144E+000 
     20.20000000 -0.864666050483234E+003  0.360877400391385E+000 
     20.22000000 -0.864666050481422E+003  0.360877402203737E+000 
     20.24000000 -0.864666050479374E+003  0.360877404251685E+000 
     20.26000000 -0.864666050477137E+003  0.360877406489017E+000 
     20.28000000 -0.864666050474768E+003  0.360877408858310E+000 
     20.30000000 -0.864666050472332E+003  0.360877411294308E+000 
     20.32000000 -0.864666050469895E+003  0.360877413730500E+000 
     20.34000000 -0.864666050467522E+003  0.360877416104046E+000 
     20.36000000 -0.864666050465265E+003  0.360877418360423E+000 
     20.38000000 -0.864666050463167E+003  0.360877420459028E+000 
     20.40000000 -0.864666050461249E+003  0.360877422376659E+000 
     20.42000000 -0.864666050459516E+003  0.360877424109448E+000 
     20.44000000 -0.864666050457953E+003  0.360877425672671E+000 
     20.46000000 -0.864666050456526E+003  0.360877427099970E+000 
     20.48000000 -0.864666050455187E+003  0.360877428439005E+000 
     20.50000000 -0.864666050453880E+003  0.360877429745847E+000 
     20.52000000 -0.864666050452547E+003  0.360877431078986E+000 
     20.54000000 -0.864666050451134E+003  0.360877432492073E+000 
     20.56000000 -0.864666050449597E+003  0.360877434028420E+000 
     20.58000000 -0.864666050447912E+003  0.360877435713646E+000 
     20.60000000 -0.864666050446071E+003  0.360877437554517E+000 
     20.62000000 -0.864666050444090E+003  0.360877439535953E+000 
     20.64000000 -0.864666050442001E+003  0.360877441624697E+000 
     20.66000000 -0.864666050439856E+003  0.360877443770286E+000 
     20.68000000 -0.864666050437713E+003  0.360877445913264E+000 
     20.70000000 -0.864666050435633E+003  0.360877447992631E+000 
     20.72000000 -0.864666050433672E+003  0.360877449953378E+000 
     20.74000000 -0.864666050431872E+003  0.360877451754226E+000 
     20.76000000 -0.864666050430250E+003  0.360877453375647E+000 
     20.78000000 -0.864666050428803E+003  0.360877454822667E+000 
     20.80000000 -0.864666050427497E+003  0.360877456129026E+000 
     20.82000000 -0.864666050426272E+003  0.360877457354179E+000 
     20.84000000 -0.864666050425044E+003  0.360877458581942E+000 
     20.86000000 -0.864666050423715E+003  0.360877459911117E+000 
     20.88000000 -0.864666050422178E+003  0.360877461447947E+000 
     20.90000000 -0.864666050420329E+003  0.360877463296939E+000 
     20.92000000 -0.864666050418078E+003  0.360877465548096E+000 
     20.94000000 -0.864666050415357E+003  0.360877468268510E+000 
     20.96000000 -0.864666050412133E+003  0.360877471492790E+000 
     20.98000000 -0.864666050408411E+003  0.360877475214942E+000 
     21.00000000 -0.864666050404238E+003  0.360877479387887E+000 
     21.02000000 -0.864666050399703E+003  0.360877483922779E+000 
     21.04000000 -0.864666050394934E+003  0.360877488691914E+000 
     21.06000000 -0.864666050390085E+003  0.360877493540515E+000 
     21.08000000 -0.864666050385329E+003  0.360877498296888E+000 
     21.10000000 -0.864666050380839E+003  0.360877502786924E+000 
     21.12000000 -0.864666050376775E+003  0.360877506851207E+000 
     21.14000000 -0.864666050373266E+003  0.360877510359903E+000 
     21.16000000 -0.864666050370400E+003  0.360877513226198E+000 
     21.18000000 -0.864666050368210E+003  0.360877515415773E+000 
     21.20000000 -0.864666050366674E+003  0.360877516952314E+000 
     21.22000000 -0.864666050365709E+003  0.360877517916736E+000 
     21.24000000 -0.864666050365187E+003  0.360877518439260E+000 
     21.26000000 -0.864666050364935E+003  0.360877518690517E+000 
     21.28000000 -0.864666050364762E+003  0.360877518864337E+000 
     21.30000000 -0.864666050364466E+003  0.360877519159677E+000 
     21.32000000 -0.864666050363863E+003  0.360877519763118E+000 
     21.34000000 -0.864666050362795E+003  0.360877520831272E+000 
     21.36000000 -0.864666050361149E+003  0.360877522476474E+000 
     21.38000000 -0.864666050358866E+003  0.360877524759727E+000 
     21.40000000 -0.864666050355942E+003  0.360877527683447E+000 
     21.42000000 -0.864666050352429E+003  0.360877531196493E+000 
     21.44000000 -0.864666050348427E+003  0.360877535199000E+000 
     21.46000000 -0.864666050344071E+003  0.360877539554562E+000 
     21.48000000 -0.864666050339523E+003  0.360877544102506E+000 
     21.50000000 -0.864666050334951E+003  0.360877548675102E+000 
     21.52000000 -0.864666050330516E+003  0.360877553109647E+000 
     21.54000000 -0.864666050326362E+003  0.360877557264030E+000 
     21.56000000 -0.864666050322601E+003  0.360877561025142E+000 
     21.58000000 -0.864666050319308E+003  0.360877564317481E+000 
     21.60000000 -0.864666050316520E+003  0.360877567105663E+000 
     21.62000000 -0.864666050314231E+003  0.360877569394329E+000 
     21.64000000 -0.864666050312401E+003  0.360877571225050E+000 
     21.66000000 -0.864666050310955E+003  0.360877572670523E+000 
     21.68000000 -0.864666050309802E+003  0.360877573824331E+000 
     21.70000000 -0.864666050308831E+003  0.360877574795037E+000 
     21.72000000 -0.864666050307933E+003  0.360877575692754E+000 
     21.74000000 -0.864666050307002E+003  0.360877576624114E+000 
     21.76000000 -0.864666050305943E+003  0.360877577682890E+000 
     21.78000000 -0.864666050304680E+003  0.360877578946230E+000 
     21.80000000 -0.864666050303154E+003  0.360877580471749E+000 
     21.82000000 -0.864666050301329E+003  0.360877582297056E+000 
     21.84000000 -0.864666050299186E+003  0.360877584440228E+000 
     21.86000000 -0.864666050296723E+003  0.360877586902328E+000 
     21.88000000 -0.864666050293958E+003  0.360877589667888E+000 
     21.90000000 -0.864666050290919E+003  0.360877592706940E+000 
     21.92000000 -0.864666050287650E+003  0.360877595975594E+000 
     21.94000000 -0.864666050284210E+003  0.360877599415941E+000 
     21.96000000 -0.864666050280668E+003  0.360877602957602E+000 
     21.98000000 -0.864666050277108E+003  0.360877606518115E+000 
     22.00000000 -0.864666050273616E+003  0.360877610009990E+000 
     22.02000000 -0.864666050270283E+003  0.360877613343318E+000 
     22.04000000 -0.864666050267189E+003  0.360877616436894E+000 
     22.06000000 -0.864666050264399E+003  0.360877619227300E+000 
     22.08000000 -0.864666050261949E+003  0.360877621677219E+000 
     22.10000000 -0.864666050259840E+003  0.360877623785588E+000 
     22.12000000 -0.864666050258035E+003  0.360877625590593E+000 
     22.14000000 -0.864666050256457E+003  0.360877627169187E+000 
     22.16000000 -0.864666050254994E+003  0.360877628631869E+000 
     22.18000000 -0.864666050253515E+003  0.360877630110888E+000 
     22.20000000 -0.864666050251881E+003  0.360877631744683E+000 
     22.22000000 -0.864666050249965E+003  0.360877633661154E+000 
     22.24000000 -0.864666050247667E+003  0.360877635958908E+000 
     22.26000000 -0.864666050244932E+003  0.360877638694016E+000 
     22.28000000 -0.864666050241753E+003  0.360877641872569E+000 
     22.30000000 -0.864666050238180E+003  0.360877645445649E+000 
     22.32000000 -0.864666050234310E+003  0.360877649316197E+000 
     22.34000000 -0.864666050230274E+003  0.360877653351767E+000 
     22.36000000 -0.864666050226228E+003  0.360877657397778E+000 
     22.38000000 -0.864666050222325E+003  0.360877661300711E+000 
     22.40000000 -0.864666050218703E+003  0.360877664922806E+000 
     22.42000000 -0.864666050215465E+003  0.360877668161297E+000 
     22.44000000 -0.864666050212668E+003  0.360877670957890E+000 
     22.46000000 -0.864666050210320E+003  0.360877673306301E+000 
     22.48000000 -0.864666050208377E+003  0.360877675248680E+000 
     22.50000000 -0.864666050206755E+003  0.360877676870584E+000 
     22.52000000 -0.864666050205337E+003  0.360877678288699E+000 
     22.54000000 -0.864666050203991E+003  0.360877679634985E+000 
     22.56000000 -0.864666050202584E+003  0.360877681041692E+000 
     22.58000000 -0.864666050200999E+003  0.360877682626570E+000 
     22.60000000 -0.864666050199147E+003  0.360877684478365E+000 
     22.62000000 -0.864666050196975E+003  0.360877686650539E+000 
     22.64000000 -0.864666050194469E+003  0.360877689157303E+000 
     22.66000000 -0.864666050191652E+003  0.360877691973811E+000 
     22.68000000 -0.864666050188584E+003  0.360877695042058E+000 
     22.70000000 -0.864666050185345E+003  0.360877698280549E+000 
     22.72000000 -0.864666050182034E+003  0.360877701592223E+000 
     22.74000000 -0.864666050178749E+003  0.360877704877021E+000 
     22.76000000 -0.864666050175584E+003  0.360877708041943E+000 
     22.78000000 -0.864666050172618E+003  0.360877711008296E+000 
     22.80000000 -0.864666050169908E+003  0.360877713718269E+000 
     22.82000000 -0.864666050167487E+003  0.360877716139185E+000 
     22.84000000 -0.864666050165362E+003  0.360877718263506E+000 
     22.86000000 -0.864666050163516E+003  0.360877720109597E+000 
     22.88000000 -0.864666050161908E+003  0.360877721717677E+000 
     22.90000000 -0.864666050160479E+003  0.360877723146909E+000 
     22.92000000 -0.864666050159154E+003  0.360877724471540E+000 
     22.94000000 -0.864666050157851E+003  0.360877725774515E+000 
     22.96000000 -0.864666050156484E+003  0.360877727142070E+000 
     22.98000000 -0.864666050154967E+003  0.360877728658309E+000 
     23.00000000 -0.864666050153226E+003  0.360877730399702E+000 
     23.02000000 -0.864666050151199E+003  0.360877732426671E+000 
     23.04000000 -0.864666050148846E+003  0.360877734779723E+000 
     23.06000000 -0.864666050146152E+003  0.360877737473841E+000 
     23.08000000 -0.864666050143131E+003  0.360877740494815E+000 
     23.10000000 -0.864666050139828E+003  0.360877743797981E+000 
     23.12000000 -0.864666050136317E+003  0.360877747308610E+000 
     23.14000000 -0.864666050132698E+003  0.360877750928191E+000 
     23.16000000 -0.864666050129085E+003  0.360877754540812E+000 
     23.18000000 -0.864666050125603E+003  0.360877758022535E+000 
     23.20000000 -0.864666050122371E+003  0.360877761254742E+000 
     23.22000000 -0.864666050119489E+003  0.360877764136699E+000 
     23.24000000 -0.864666050117031E+003  0.360877766594835E+000 
     23.26000000 -0.864666050115033E+003  0.360877768593092E+000 
     23.28000000 -0.864666050113489E+003  0.360877770136593E+000 
     23.30000000 -0.864666050112356E+003  0.360877771269712E+000 
     23.32000000 -0.864666050111552E+003  0.360877772073462E+000 
     23.34000000 -0.864666050110974E+003  0.360877772652251E+000 
     23.36000000 -0.864666050110501E+003  0.360877773125181E+000 
     23.38000000 -0.864666050110016E+003  0.360877773609906E+000 
     23.40000000 -0.864666050109414E+003  0.360877774212187E+000 
     23.42000000 -0.864666050108612E+003  0.360877775013810E+000 
     23.44000000 -0.864666050107556E+003  0.360877776069396E+000 
     23.46000000 -0.864666050106224E+003  0.360877777402051E+000 
     23.48000000 -0.864666050104620E+003  0.360877779006070E+000 
     23.50000000 -0.864666050102773E+003  0.360877780852452E+000 
     23.52000000 -0.864666050100732E+003  0.360877782893729E+000 
     23.54000000 -0.864666050098553E+003  0.360877785073346E+000 
     23.56000000 -0.864666050096295E+003  0.360877787330497E+000 
     23.58000000 -0.864666050094021E+003  0.360877789604662E+000 
     23.60000000 -0.864666050091785E+003  0.360877791841318E+000 
     23.62000000 -0.864666050089633E+003  0.360877793992514E+000 
     23.64000000 -0.864666050087609E+003  0.360877796017066E+000 
     23.66000000 -0.864666050085743E+003  0.360877797882879E+000 
     23.68000000 -0.864666050084061E+003  0.360877799564625E+000 
     23.70000000 -0.864666050082580E+003  0.360877801045964E+000 
     23.72000000 -0.864666050081309E+003  0.360877802316747E+000 
     23.74000000 -0.864666050080251E+003  0.360877803375331E+000 
     23.76000000 -0.864666050079397E+003  0.360877804229351E+000 
     23.78000000 -0.864666050078730E+003  0.360877804896017E+000 
     23.80000000 -0.864666050078222E+003  0.360877805403363E+000 
     23.82000000 -0.864666050077835E+003  0.360877805790834E+000 
     23.84000000 -0.864666050077515E+003  0.360877806111115E+000 
     23.86000000 -0.864666050077198E+003  0.360877806427917E+000 
     23.88000000 -0.864666050076811E+003  0.360877806814807E+000 
     23.90000000 -0.864666050076274E+003  0.360877807351446E+000 
     23.92000000 -0.864666050075506E+003  0.360877808119717E+000 
     23.94000000 -0.864666050074431E+003  0.360877809194734E+000 
     23.96000000 -0.864666050072987E+003  0.360877810638854E+000 
     23.98000000 -0.864666050071131E+003  0.360877812494807E+000 
     24.00000000 -0.864666050068849E+003  0.360877814776319E+000 
     24.02000000 -0.864666050066160E+003  0.360877817465991E+000 
     24.04000000 -0.864666050063115E+003  0.360877820511230E+000 
     24.06000000 -0.864666050059799E+003  0.360877823826384E+000 
     24.08000000 -0.864666050056327E+003  0.360877827299310E+000 
     24.10000000 -0.864666050052827E+003  0.360877830798435E+000 
     24.12000000 -0.864666050049440E+003  0.360877834185707E+000 
     24.14000000 -0.864666050046296E+003  0.360877837330038E+000 
     24.16000000 -0.864666050043503E+003  0.360877840122570E+000 
     24.18000000 -0.864666050041136E+003  0.360877842489833E+000 
     24.20000000 -0.864666050039224E+003  0.360877844401953E+000 
     24.22000000 -0.864666050037745E+003  0.360877845881263E+000 
     24.24000000 -0.864666050036625E+003  0.360877847001234E+000 
     24.26000000 -0.864666050035745E+003  0.360877847880486E+000 
     24.28000000 -0.864666050034951E+003  0.360877848675052E+000 
     24.30000000 -0.864666050034066E+003  0.360877849559718E+000 
     24.32000000 -0.864666050032913E+003  0.360877850712655E+000 
     24.34000000 -0.864666050031330E+003  0.360877852295503E+000 
     24.36000000 -0.864666050029189E+003  0.360877854436741E+000 
     24.38000000 -0.864666050026407E+003  0.360877857218833E+000 
     24.40000000 -0.864666050022958E+003  0.360877860667977E+000 
     24.42000000 -0.864666050018874E+003  0.360877864752078E+000 
     24.44000000 -0.864666050014241E+003  0.360877869384902E+000 
     24.46000000 -0.864666050009194E+003  0.360877874432265E+000 
     24.48000000 -0.864666050003900E+003  0.360877879725857E+000 
     24.50000000 -0.864666049998547E+003  0.360877885078615E+000 
     24.52000000 -0.864666049993326E+003  0.360877890299991E+000 
     24.54000000 -0.864666049988413E+003  0.360877895213171E+000 
     24.56000000 -0.864666049983958E+003  0.360877899667340E+000 
     24.58000000 -0.864666049980076E+003  0.360877903549972E+000 
     24.60000000 -0.864666049976831E+003  0.360877906794360E+000 
     24.62000000 -0.864666049974241E+003  0.360877909385230E+000 
     24.64000000 -0.864666049972268E+003  0.360877911357385E+000 
     24.66000000 -0.864666049970833E+003  0.360877912793288E+000 
     24.68000000 -0.864666049969809E+003  0.360877913816488E+000 
     24.70000000 -0.864666049969045E+003  0.360877914580892E+000 
     24.72000000 -0.864666049968368E+003  0.360877915257418E+000 
     24.74000000 -0.864666049967607E+003  0.360877916019211E+000 
     24.76000000 -0.864666049966599E+003  0.360877917026557E+000 
     24.78000000 -0.864666049965216E+003  0.360877918410159E+000 
     24.80000000 -0.864666049963365E+003  0.360877920260311E+000 
     24.82000000 -0.864666049961010E+003  0.360877922615683E+000 
     24.84000000 -0.864666049958164E+003  0.360877925461386E+000 
     24.86000000 -0.864666049954897E+003  0.360877928729170E+000 
     24.88000000 -0.864666049951320E+003  0.360877932305731E+000 
     24.90000000 -0.864666049947579E+003  0.360877936046735E+000 
     24.92000000 -0.864666049943834E+003  0.360877939792089E+000 
     24.94000000 -0.864666049940241E+003  0.360877943384601E+000 
     24.96000000 -0.864666049936938E+003  0.360877946688057E+000 
     24.98000000 -0.864666049934024E+003  0.360877949601336E+000 
     25.00000000 -0.864666049931558E+003  0.360877952068270E+000 
     25.02000000 -0.864666049929546E+003  0.360877954080158E+000 
     25.04000000 -0.864666049927951E+003  0.360877955674606E+000 
     25.06000000 -0.864666049926701E+003  0.360877956924701E+000 
     25.08000000 -0.864666049925698E+003  0.360877957928180E+000 
     25.10000000 -0.864666049924835E+003  0.360877958790998E+000 
     25.12000000 -0.864666049924011E+003  0.360877959614662E+000 
     25.14000000 -0.864666049923144E+003  0.360877960481637E+000 
     25.16000000 -0.864666049922179E+003  0.360877961447026E+000 
     25.18000000 -0.864666049921090E+003  0.360877962536158E+000 
     25.20000000 -0.864666049919883E+003  0.360877963742460E+000 
     25.22000000 -0.864666049918591E+003  0.360877965034415E+000 
     25.24000000 -0.864666049917265E+003  0.360877966361076E+000 
     25.26000000 -0.864666049915963E+003  0.360877967662601E+000 
     25.28000000 -0.864666049914747E+003  0.360877968878570E+000 
     25.30000000 -0.864666049913670E+003  0.360877969956295E+000 
     25.32000000 -0.864666049912768E+003  0.360877970857395E+000 
     25.34000000 -0.864666049912066E+003  0.360877971560121E+000 
     25.36000000 -0.864666049911563E+003  0.360877972062827E+000 
     25.38000000 -0.864666049911244E+003  0.360877972381658E+000 
     25.40000000 -0.864666049911077E+003  0.360877972549195E+000 
     25.42000000 -0.864666049911015E+003  0.360877972611163E+000 
     25.44000000 -0.864666049911005E+003  0.360877972620831E+000 
     25.46000000 -0.864666049910989E+003  0.360877972636298E+000 
     25.48000000 -0.864666049910909E+003  0.360877972717118E+000 
     25.50000000 -0.864666049910707E+003  0.360877972919361E+000 
     25.52000000 -0.864666049910332E+003  0.360877973294167E+000 
     25.54000000 -0.864666049909740E+003  0.360877973885523E+000 
     25.56000000 -0.864666049908898E+003  0.360877974728136E+000 
     25.58000000 -0.864666049907780E+003  0.360877975845691E+000 
     25.60000000 -0.864666049906377E+003  0.360877977248821E+000 
     25.62000000 -0.864666049904692E+003  0.360877978933660E+000 
     25.64000000 -0.864666049902746E+003  0.360877980879519E+000 
     25.66000000 -0.864666049900577E+003  0.360877983048986E+000 
     25.68000000 -0.864666049898240E+003  0.360877985386087E+000 
     25.70000000 -0.864666049895805E+003  0.360877987820441E+000 
     25.72000000 -0.864666049893357E+003  0.360877990268717E+000 
     25.74000000 -0.864666049890984E+003  0.360877992642263E+000 
     25.76000000 -0.864666049888773E+003  0.360877994852623E+000 
     25.78000000 -0.864666049886805E+003  0.360877996821298E+000 
     25.80000000 -0.864666049885139E+003  0.360877998486996E+000 
     25.82000000 -0.864666049883813E+003  0.360877999812400E+000 
     25.84000000 -0.864666049882835E+003  0.360878000790937E+000 
     25.86000000 -0.864666049882179E+003  0.360878001446968E+000 
     25.88000000 -0.864666049881790E+003  0.360878001836275E+000 
     25.90000000 -0.864666049881586E+003  0.360878002039775E+000 
     25.92000000 -0.864666049881469E+003  0.360878002156847E+000 
     25.94000000 -0.864666049881332E+003  0.360878002294221E+000 
     25.96000000 -0.864666049881070E+003  0.360878002556208E+000 
     25.98000000 -0.864666049880593E+003  0.360878003032716E+000 
     26.00000000 -0.864666049879836E+003  0.360878003789965E+000 
     26.02000000 -0.864666049878760E+003  0.360878004865563E+000 
     26.04000000 -0.864666049877361E+003  0.360878006264440E+000 
     26.06000000 -0.864666049875665E+003  0.360878007960493E+000 
     26.08000000 -0.864666049873725E+003  0.360878009900359E+000 
     26.10000000 -0.864666049871614E+003  0.360878012011531E+000 
     26.12000000 -0.864666049869417E+003  0.360878014208937E+000 
     26.14000000 -0.864666049867220E+003  0.360878016405860E+000 
     26.16000000 -0.864666049865106E+003  0.360878018519642E+000 
     26.18000000 -0.864666049863144E+003  0.360878020481840E+000 
     26.20000000 -0.864666049861386E+003  0.360878022240151E+000 
     26.22000000 -0.864666049859862E+003  0.360878023763738E+000 
     26.24000000 -0.864666049858582E+003  0.360878025043608E+000 
     26.26000000 -0.864666049857533E+003  0.360878026093297E+000 
     26.28000000 -0.864666049856680E+003  0.360878026946158E+000 
     26.30000000 -0.864666049855974E+003  0.360878027652266E+000 
     26.32000000 -0.864666049855350E+003  0.360878028275622E+000 
     26.34000000 -0.864666049854738E+003  0.360878028887957E+000 
     26.36000000 -0.864666049854063E+003  0.360878029562646E+000 
     26.38000000 -0.864666049853258E+003  0.360878030368040E+000 
     26.40000000 -0.864666049852264E+003  0.360878031361851E+000 
     26.42000000 -0.864666049851041E+003  0.360878032584780E+000 
     26.44000000 -0.864666049849569E+003  0.360878034056549E+000 
     26.46000000 -0.864666049847851E+003  0.360878035774451E+000 
     26.48000000 -0.864666049845911E+003  0.360878037714897E+000 
     26.50000000 -0.864666049843791E+003  0.360878039835157E+000 
     26.52000000 -0.864666049841544E+003  0.360878042081770E+000 
     26.54000000 -0.864666049839231E+003  0.360878044394991E+000 
     26.56000000 -0.864666049836908E+003  0.360878046717590E+000 
     26.58000000 -0.864666049834626E+003  0.360878048999683E+000 
     26.60000000 -0.864666049832424E+003  0.360878051201923E+000 
     26.62000000 -0.864666049830328E+003  0.360878053297627E+000 
     26.64000000 -0.864666049828357E+003  0.360878055268622E+000 
     26.66000000 -0.864666049826520E+003  0.360878057105433E+000 
     26.68000000 -0.864666049824826E+003  0.360878058799746E+000 
     26.70000000 -0.864666049823282E+003  0.360878060343731E+000 
     26.72000000 -0.864666049821898E+003  0.360878061727623E+000 
     26.74000000 -0.864666049820685E+003  0.360878062941271E+000 
     26.76000000 -0.864666049819647E+003  0.360878063978393E+000 
     26.78000000 -0.864666049818784E+003  0.360878064841887E+000 
     26.80000000 -0.864666049818077E+003  0.360878065548383E+000 
     26.82000000 -0.864666049817491E+003  0.360878066135002E+000 
     26.84000000 -0.864666049816965E+003  0.360878066660524E+000 
     26.86000000 -0.864666049816421E+003  0.360878067205186E+000 
     26.88000000 -0.864666049815760E+003  0.360878067866245E+000 
     26.90000000 -0.864666049814873E+003  0.360878068752941E+000 
     26.92000000 -0.864666049813651E+003  0.360878069975291E+000 
     26.94000000 -0.864666049811990E+003  0.360878071635574E+000 
     26.96000000 -0.864666049809807E+003  0.360878073819059E+000 
     26.98000000 -0.864666049807040E+003  0.360878076586166E+000 
     27.00000000 -0.864666049803659E+003  0.360878079966382E+000 
     27.02000000 -0.864666049799669E+003  0.360878083957289E+000 
     27.04000000 -0.864666049795102E+003  0.360878088523697E+000 
     27.06000000 -0.864666049790025E+003  0.360878093600836E+000 
     27.08000000 -0.864666049784528E+003  0.360878099098218E+000 
     27.10000000 -0.864666049778719E+003  0.360878104906794E+000 
     27.12000000 -0.864666049772723E+003  0.360878110903112E+000 
     27.14000000 -0.864666049766668E+003  0.360878116958014E+000 
     27.16000000 -0.864666049760687E+003  0.360878122939057E+000 
     27.18000000 -0.864666049754907E+003  0.360878128718438E+000 
     27.20000000 -0.864666049749449E+003  0.360878134177053E+000 
     27.22000000 -0.864666049744417E+003  0.360878139209239E+000 
     27.24000000 -0.864666049739899E+003  0.360878143727310E+000 
     27.26000000 -0.864666049735960E+003  0.360878147666109E+000 
     27.28000000 -0.864666049732638E+003  0.360878150987934E+000 
     27.30000000 -0.864666049729939E+003  0.360878153686692E+000 
     27.32000000 -0.864666049727837E+003  0.360878155789067E+000 
     27.34000000 -0.864666049726266E+003  0.360878157359637E+000 
     27.36000000 -0.864666049725128E+003  0.360878158497493E+000 
     27.38000000 -0.864666049724289E+003  0.360878159336916E+000 
     27.40000000 -0.864666049723584E+003  0.360878160041478E+000 
     27.42000000 -0.864666049722828E+003  0.360878160797857E+000 
     27.44000000 -0.864666049721820E+003  0.360878161805687E+000 
     27.46000000 -0.864666049720359E+003  0.360878163266628E+000 
     27.48000000 -0.864666049718253E+003  0.360878165372483E+000 
     27.50000000 -0.864666049715335E+003  0.360878168290886E+000 
     27.52000000 -0.864666049711473E+003  0.360878172152636E+000 
     27.54000000 -0.864666049706584E+003  0.360878177041550E+000 
     27.56000000 -0.864666049700641E+003  0.360878182984407E+000 
     27.58000000 -0.864666049693679E+003  0.360878189946887E+000 
     27.60000000 -0.864666049685794E+003  0.360878197831640E+000 
     27.62000000 -0.864666049677143E+003  0.360878206482632E+000 
     27.64000000 -0.864666049667933E+003  0.360878215693176E+000 
     27.66000000 -0.864666049658409E+003  0.360878225217137E+000 
     27.68000000 -0.864666049648840E+003  0.360878234785762E+000 
     27.70000000 -0.864666049639502E+003  0.360878244123819E+000 
     27.72000000 -0.864666049630659E+003  0.360878252967194E+000 
     27.74000000 -0.864666049622544E+003  0.360878261081934E+000 
     27.76000000 -0.864666049615348E+003  0.360878268278173E+000 
     27.78000000 -0.864666049609204E+003  0.360878274422209E+000 
     27.80000000 -0.864666049604182E+003  0.360878279444243E+000 
     27.82000000 -0.864666049600284E+003  0.360878283342246E+000 
     27.84000000 -0.864666049597447E+003  0.360878286178765E+000 
     27.86000000 -0.864666049595549E+003  0.360878288076385E+000 
     27.88000000 -0.864666049594420E+003  0.360878289205830E+000 
     27.90000000 -0.864666049593852E+003  0.360878289773501E+000 
     27.92000000 -0.864666049593619E+003  0.360878290007066E+000 
     27.94000000 -0.864666049593484E+003  0.360878290141443E+000 
     27.96000000 -0.864666049593224E+003  0.360878290402077E+000 
     27.98000000 -0.864666049592629E+003  0.360878290997204E+000 
     28.00000000 -0.864666049591520E+003  0.360878292106058E+000 
     28.02000000 -0.864666049589753E+003  0.360878293873070E+000 
     28.04000000 -0.864666049587221E+003  0.360878296404389E+000 
     28.06000000 -0.864666049583857E+003  0.360878299768459E+000 
     28.08000000 -0.864666049579632E+003  0.360878303994285E+000 
     28.10000000 -0.864666049574550E+003  0.360878309075774E+000 
     28.12000000 -0.864666049568652E+003  0.360878314973484E+000 
     28.14000000 -0.864666049562009E+003  0.360878321617036E+000 
     28.16000000 -0.864666049554715E+003  0.360878328910528E+000 
     28.18000000 -0.864666049546892E+003  0.360878336733990E+000 
     28.20000000 -0.864666049538677E+003  0.360878344948595E+000 
     28.22000000 -0.864666049530224E+003  0.360878353401889E+000 
     28.24000000 -0.864666049521693E+003  0.360878361932329E+000 
     28.26000000 -0.864666049513252E+003  0.360878370374022E+000 
     28.28000000 -0.864666049505061E+003  0.360878378564942E+000 
     28.30000000 -0.864666049497273E+003  0.360878386352730E+000 
     28.32000000 -0.864666049490025E+003  0.360878393600690E+000 
     28.34000000 -0.864666049483431E+003  0.360878400194357E+000 
     28.36000000 -0.864666049477577E+003  0.360878406048854E+000 
     28.38000000 -0.864666049472513E+003  0.360878411113232E+000 
     28.40000000 -0.864666049468251E+003  0.360878415375213E+000 
     28.42000000 -0.864666049464759E+003  0.360878418866604E+000 
     28.44000000 -0.864666049461963E+003  0.360878421663294E+000 
     28.46000000 -0.864666049459740E+003  0.360878423886028E+000 
     28.48000000 -0.864666049457930E+003  0.360878425695577E+000 
     28.50000000 -0.864666049456339E+003  0.360878427286932E+000 
     28.52000000 -0.864666049454748E+003  0.360878428878287E+000 
     28.54000000 -0.864666049452928E+003  0.360878430697890E+000 
     28.56000000 -0.864666049450657E+003  0.360878432969155E+000 
     28.58000000 -0.864666049447732E+003  0.360878435893938E+000 
     28.60000000 -0.864666049443987E+003  0.360878439638422E+000 
     28.62000000 -0.864666049439307E+003  0.360878444318906E+000 
     28.64000000 -0.864666049433632E+003  0.360878449993686E+000 
     28.66000000 -0.864666049426969E+003  0.360878456657056E+000 
     28.68000000 -0.864666049419387E+003  0.360878464238638E+000 
     28.70000000 -0.864666049411014E+003  0.360878472612175E+000 
     28.72000000 -0.864666049402025E+003  0.360878481600948E+000 
     28.74000000 -0.864666049392633E+003  0.360878490993239E+000 
     28.76000000 -0.864666049383068E+003  0.360878500557417E+000 
     28.78000000 -0.864666049373569E+003  0.360878510057016E+000 
     28.80000000 -0.864666049364360E+003  0.360878519265820E+000 
     28.82000000 -0.864666049355644E+003  0.360878527982164E+000 
     28.84000000 -0.864666049347590E+003  0.360878536035904E+000 
     28.86000000 -0.864666049340328E+003  0.360878543297687E+000 
     28.88000000 -0.864666049333945E+003  0.360878549681089E+000 
     28.90000000 -0.864666049328483E+003  0.360878555143184E+000 
     28.92000000 -0.864666049323941E+003  0.360878559684748E+000 
     28.94000000 -0.864666049320276E+003  0.360878563349476E+000 
     28.96000000 -0.864666049317405E+003  0.360878566220894E+000 
     28.98000000 -0.864666049315202E+003  0.360878568423618E+000 
     29.00000000 -0.864666049313508E+003  0.360878570117641E+000 
     29.02000000 -0.864666049312128E+003  0.360878571498052E+000 
     29.04000000 -0.864666049310841E+003  0.360878572785173E+000 
     29.06000000 -0.864666049309410E+003  0.360878574216049E+000 
     29.08000000 -0.864666049307598E+003  0.360878576027531E+000 
     29.10000000 -0.864666049305187E+003  0.360878578438781E+000 
     29.12000000 -0.864666049301995E+003  0.360878581630868E+000 
     29.14000000 -0.864666049297900E+003  0.360878585725506E+000 
     29.16000000 -0.864666049292855E+003  0.360878590771129E+000 
     29.18000000 -0.864666049286895E+003  0.360878596730324E+000 
     29.20000000 -0.864666049280145E+003  0.360878603481281E+000 
     29.22000000 -0.864666049272802E+003  0.360878610823691E+000 
     29.24000000 -0.864666049265126E+003  0.360878618499821E+000 
     29.26000000 -0.864666049257409E+003  0.360878626217327E+000 
     29.28000000 -0.864666049249946E+003  0.360878633679806E+000 
     29.30000000 -0.864666049243012E+003  0.360878640614251E+000 
     29.32000000 -0.864666049236827E+003  0.360878646799083E+000 
     29.34000000 -0.864666049231547E+003  0.360878652079238E+000 
     29.36000000 -0.864666049227249E+003  0.360878656376506E+000 
     29.38000000 -0.864666049223937E+003  0.360878659688953E+000 
     29.40000000 -0.864666049221543E+003  0.360878662082511E+000 
     29.42000000 -0.864666049219950E+003  0.360878663675702E+000 
     29.44000000 -0.864666049219004E+003  0.360878664622143E+000 
     29.46000000 -0.864666049218533E+003  0.360878665093334E+000 
     29.48000000 -0.864666049218364E+003  0.360878665262030E+000 
     29.50000000 -0.864666049218333E+003  0.360878665292579E+000 
     29.52000000 -0.864666049218295E+003  0.360878665331152E+000 
     29.54000000 -0.864666049218121E+003  0.360878665505166E+000 
     29.56000000 -0.864666049217706E+003  0.360878665919705E+000 
     29.58000000 -0.864666049216967E+003  0.360878666659167E+000 
     29.60000000 -0.864666049215838E+003  0.360878667787452E+000 
     29.62000000 -0.864666049214277E+003  0.360878669348355E+000 
     29.64000000 -0.864666049212264E+003  0.360878671361499E+000 
     29.66000000 -0.864666049209803E+003  0.360878673822633E+000 
     29.68000000 -0.864666049206926E+003  0.360878676699562E+000 
     29.70000000 -0.864666049203695E+003  0.360878679931189E+000 
     29.72000000 -0.864666049200196E+003  0.360878683430024E+000 
     29.74000000 -0.864666049196540E+003  0.360878687086148E+000 
     29.76000000 -0.864666049192849E+003  0.360878690776398E+000 
     29.78000000 -0.864666049189249E+003  0.360878694376450E+000 
     29.80000000 -0.864666049185852E+003  0.360878697773681E+000 
     29.82000000 -0.864666049182743E+003  0.360878700883015E+000 
     29.84000000 -0.864666049179969E+003  0.360878703656889E+000 
     29.86000000 -0.864666049177532E+003  0.360878706093854E+000 
     29.88000000 -0.864666049175386E+003  0.360878708240313E+000 
     29.90000000 -0.864666049173443E+003  0.360878710182595E+000 
     29.92000000 -0.864666049171587E+003  0.360878712038451E+000 
     29.94000000 -0.864666049169687E+003  0.360878713938390E+000 
     29.96000000 -0.864666049167618E+003  0.360878716007703E+000 
     29.98000000 -0.864666049165279E+003  0.360878718346736E+000 
     30.00000000 -0.864666049162608E+003  0.360878721017943E+000 
