# Real time calculation: 
# Eall: Total energy
# Eall0: Initial total energy
# 1:Time[fs] 2:Eall[eV] 3:Eall-Eall0[eV] 
      0.00000000 -0.233295708745035E+005  0.000000000000000E+000 
      0.02000000 -0.233295708745252E+005 -0.216271920276711E-007 
      0.04000000 -0.233295708745262E+005 -0.226202300252226E-007 
      0.06000000 -0.233295708745267E+005 -0.231554187279528E-007 
      0.08000000 -0.233295708745264E+005 -0.228553418252659E-007 
      0.10000000 -0.233295708745244E+005 -0.208073943038357E-007 
      0.12000000 -0.233295708745190E+005 -0.154121972081043E-007 
      0.14000000 -0.233295708745076E+005 -0.408970789022760E-008 
      0.16000000 -0.233295708744866E+005  0.169033009925897E-007 
      0.18000000 -0.233295708744509E+005  0.526526689044431E-007 
      0.20000000 -0.233295708743937E+005  0.109852894993935E-006 
      0.22000000 -0.233295708743065E+005  0.197026782012637E-006 
      0.24000000 -0.233295708741790E+005  0.324571839959833E-006 
      0.26000000 -0.233295708739984E+005  0.505187199614181E-006 
      0.28000000 -0.233295708737498E+005  0.753768430938953E-006 
      0.30000000 -0.233295708734161E+005  0.108746632103205E-005 
      0.32000000 -0.233295708729774E+005  0.152609831977607E-005 
      0.34000000 -0.233295708724119E+005  0.209164738047506E-005 
      0.36000000 -0.233295708716949E+005  0.280869506053882E-005 
      0.38000000 -0.233295708707994E+005  0.370411835100389E-005 
      0.40000000 -0.233295708696965E+005  0.480700924354931E-005 
      0.42000000 -0.233295708683549E+005  0.614864998188610E-005 
      0.44000000 -0.233295708667413E+005  0.776226248207567E-005 
      0.46000000 -0.233295708648207E+005  0.968286912159551E-005 
      0.48000000 -0.233295708625565E+005  0.119470947504550E-004 
      0.50000000 -0.233295708599106E+005  0.145929872637691E-004 
      0.52000000 -0.233295708568439E+005  0.176596092496844E-004 
      0.54000000 -0.233295708533164E+005  0.211871246095163E-004 
      0.56000000 -0.233295708492873E+005  0.252161984039432E-004 
      0.58000000 -0.233295708447156E+005  0.297879287943281E-004 
      0.60000000 -0.233295708395600E+005  0.349435407786627E-004 
      0.62000000 -0.233295708337794E+005  0.407241108632757E-004 
      0.64000000 -0.233295708273333E+005  0.471702886409640E-004 
      0.66000000 -0.233295708201815E+005  0.543220740534982E-004 
      0.68000000 -0.233295708122849E+005  0.622186812742644E-004 
      0.70000000 -0.233295708036054E+005  0.708981241690381E-004 
      0.72000000 -0.233295707941063E+005  0.803972286702892E-004 
      0.74000000 -0.233295707837521E+005  0.907514842855190E-004 
      0.76000000 -0.233295707725087E+005  0.101994802798307E-003 
      0.78000000 -0.233295707603440E+005  0.114159505894008E-003 
      0.80000000 -0.233295707472273E+005  0.127276263288221E-003 
      0.82000000 -0.233295707331296E+005  0.141373956609435E-003 
      0.84000000 -0.233295707180237E+005  0.156479858826457E-003 
      0.86000000 -0.233295707018842E+005  0.172619300142164E-003 
      0.88000000 -0.233295706846875E+005  0.189816073252005E-003 
      0.90000000 -0.233295706664113E+005  0.208092238448692E-003 
      0.92000000 -0.233295706470352E+005  0.227468306143204E-003 
      0.94000000 -0.233295706265401E+005  0.247963400824327E-003 
      0.96000000 -0.233295706049083E+005  0.269595214655014E-003 
      0.98000000 -0.233295705821231E+005  0.292380400356578E-003 
      1.00000000 -0.233295705581690E+005  0.316334530992194E-003 
      1.02000000 -0.233295705330312E+005  0.341472378388772E-003 
      1.04000000 -0.233295705066954E+005  0.367808108032267E-003 
      1.06000000 -0.233295704791482E+005  0.395355359500655E-003 
      1.08000000 -0.233295704503761E+005  0.424127425891370E-003 
      1.10000000 -0.233295704203661E+005  0.454137461090907E-003 
      1.12000000 -0.233295703891048E+005  0.485398711793054E-003 
      1.14000000 -0.233295703565791E+005  0.517924406130140E-003 
      1.16000000 -0.233295703227754E+005  0.551728189867295E-003 
      1.18000000 -0.233295702876796E+005  0.586823965536486E-003 
      1.20000000 -0.233295702512774E+005  0.623226180139110E-003 
      1.22000000 -0.233295702135537E+005  0.660949825145995E-003 
      1.24000000 -0.233295701744930E+005  0.700010520023964E-003 
      1.26000000 -0.233295701340790E+005  0.740424580294509E-003 
      1.28000000 -0.233295700922945E+005  0.782208998972336E-003 
      1.30000000 -0.233295700491221E+005  0.825381492969007E-003 
      1.32000000 -0.233295700045432E+005  0.869960366975589E-003 
      1.34000000 -0.233295699585388E+005  0.915964742387290E-003 
      1.36000000 -0.233295699110893E+005  0.963414207729348E-003 
      1.38000000 -0.233295698621747E+005  0.101232888980928E-002 
      1.40000000 -0.233295698117742E+005  0.106272938565819E-002 
      1.42000000 -0.233295697598670E+005  0.111463652123185E-002 
      1.44000000 -0.233295697064321E+005  0.116807146587298E-002 
      1.46000000 -0.233295696514483E+005  0.122305528374274E-002 
      1.48000000 -0.233295695948946E+005  0.127960896475642E-002 
      1.50000000 -0.233295695367503E+005  0.133775326990468E-002 
      1.52000000 -0.233295694769952E+005  0.139750839405371E-002 
      1.54000000 -0.233295694156096E+005  0.145889393191591E-002 
      1.56000000 -0.233295693525749E+005  0.152192868934170E-002 
      1.58000000 -0.233295692878731E+005  0.158663041417841E-002 
      1.60000000 -0.233295692214879E+005  0.165301567252721E-002 
      1.62000000 -0.233295691534039E+005  0.172109964456709E-002 
      1.64000000 -0.233295690836076E+005  0.179089589872377E-002 
      1.66000000 -0.233295690120873E+005  0.186241624627162E-002 
      1.68000000 -0.233295689388330E+005  0.193567050622188E-002 
      1.70000000 -0.233295688638372E+005  0.201066631970804E-002 
      1.72000000 -0.233295687870945E+005  0.208740909120793E-002 
      1.74000000 -0.233295687086019E+005  0.216590167609249E-002 
      1.76000000 -0.233295686283593E+005  0.224614429400564E-002 
      1.78000000 -0.233295685463692E+005  0.232813434943685E-002 
      1.80000000 -0.233295684626372E+005  0.241186639150465E-002 
      1.82000000 -0.233295683771717E+005  0.249733188812556E-002 
      1.84000000 -0.233295682899842E+005  0.258451935594429E-002 
      1.86000000 -0.233295682010894E+005  0.267341410047334E-002 
      1.88000000 -0.233295681105053E+005  0.276399826559021E-002 
      1.90000000 -0.233295680182528E+005  0.285625079022735E-002 
      1.92000000 -0.233295679243561E+005  0.295014747643079E-002 
      1.94000000 -0.233295678288427E+005  0.304566085943001E-002 
      1.96000000 -0.233295677317432E+005  0.314276038087816E-002 
      1.98000000 -0.233295676330911E+005  0.324141242597498E-002 
      2.00000000 -0.233295675329232E+005  0.334158035130900E-002 
      2.02000000 -0.233295674312790E+005  0.344322458694556E-002 
      2.04000000 -0.233295673282006E+005  0.354630289938079E-002 
      2.06000000 -0.233295672237332E+005  0.365077033895082E-002 
      2.08000000 -0.233295671179241E+005  0.375657949041143E-002 
      2.10000000 -0.233295670108230E+005  0.386368056265183E-002 
      2.12000000 -0.233295669024818E+005  0.397202173517513E-002 
      2.14000000 -0.233295667929544E+005  0.408154910860118E-002 
      2.16000000 -0.233295666822966E+005  0.419220693049759E-002 
      2.18000000 -0.233295665705656E+005  0.430393798207684E-002 
      2.20000000 -0.233295664578201E+005  0.441668347920174E-002 
      2.22000000 -0.233295663441201E+005  0.453038344361468E-002 
      2.24000000 -0.233295662295268E+005  0.464497675862195E-002 
      2.26000000 -0.233295661141021E+005  0.476040145370279E-002 
      2.28000000 -0.233295659979088E+005  0.487659475710016E-002 
      2.30000000 -0.233295658810103E+005  0.499349329071606E-002 
      2.32000000 -0.233295657634703E+005  0.511103323407109E-002 
      2.34000000 -0.233295656453531E+005  0.522915047588967E-002 
      2.36000000 -0.233295655267230E+005  0.534778058935144E-002 
      2.38000000 -0.233295654076444E+005  0.546685914763602E-002 
      2.40000000 -0.233295652881819E+005  0.558632163730292E-002 
      2.42000000 -0.233295651683999E+005  0.570610359750244E-002 
      2.44000000 -0.233295650483628E+005  0.582614073753156E-002 
      2.46000000 -0.233295649281347E+005  0.594636880999735E-002 
      2.48000000 -0.233295648077797E+005  0.606672383974159E-002 
      2.50000000 -0.233295646873616E+005  0.618714198462984E-002 
      2.52000000 -0.233295645669441E+005  0.630755948296063E-002 
      2.54000000 -0.233295644465908E+005  0.642791277411498E-002 
      2.56000000 -0.233295643263652E+005  0.654813838409403E-002 
      2.58000000 -0.233295642063307E+005  0.666817280796314E-002 
      2.60000000 -0.233295640865510E+005  0.678795252841341E-002 
      2.62000000 -0.233295639670897E+005  0.690741386417634E-002 
      2.64000000 -0.233295638480105E+005  0.702649308448626E-002 
      2.66000000 -0.233295637293775E+005  0.714512606878684E-002 
      2.68000000 -0.233295636112551E+005  0.726324843356780E-002 
      2.70000000 -0.233295634937081E+005  0.738079540862180E-002 
      2.72000000 -0.233295633768018E+005  0.749770172567571E-002 
      2.74000000 -0.233295632606019E+005  0.761390162148421E-002 
      2.76000000 -0.233295631451748E+005  0.772932869552524E-002 
      2.78000000 -0.233295630305877E+005  0.784391588215783E-002 
      2.80000000 -0.233295629169081E+005  0.795759540731205E-002 
      2.82000000 -0.233295628042049E+005  0.807029868640096E-002 
      2.84000000 -0.233295626925471E+005  0.818195642640866E-002 
      2.86000000 -0.233295625820051E+005  0.829249844027567E-002 
      2.88000000 -0.233295624726497E+005  0.840185382941999E-002 
      2.90000000 -0.233295623645527E+005  0.850995079812245E-002 
      2.92000000 -0.233295622577867E+005  0.861671683604778E-002 
      2.94000000 -0.233295621524249E+005  0.872207862543729E-002 
      2.96000000 -0.233295620485414E+005  0.882596214319687E-002 
      2.98000000 -0.233295619462107E+005  0.892829279701439E-002 
      3.00000000 -0.233295618455082E+005  0.902899536967528E-002 
      3.02000000 -0.233295617465093E+005  0.912799426036154E-002 
      3.04000000 -0.233295616492900E+005  0.922521354342962E-002 
      3.06000000 -0.233295615539265E+005  0.932057699934625E-002 
      3.08000000 -0.233295614604951E+005  0.941400846426251E-002 
      3.10000000 -0.233295613690716E+005  0.950543191663401E-002 
      3.12000000 -0.233295612797321E+005  0.959477146794014E-002 
      3.14000000 -0.233295611925516E+005  0.968195192262136E-002 
      3.16000000 -0.233295611076049E+005  0.976689862030686E-002 
      3.18000000 -0.233295610249658E+005  0.984953777920150E-002 
      3.20000000 -0.233295609447070E+005  0.992979650846010E-002 
      3.22000000 -0.233295608669006E+005  0.100076029009948E-001 
      3.24000000 -0.233295607916172E+005  0.100828863211775E-001 
      3.26000000 -0.233295607189255E+005  0.101555780266489E-001 
      3.28000000 -0.233295606488905E+005  0.102256129997156E-001 
      3.30000000 -0.233295605815692E+005  0.102929343371348E-001 
      3.32000000 -0.233295605170009E+005  0.103575026019957E-001 
      3.34000000 -0.233295604551909E+005  0.104193126558679E-001 
      3.36000000 -0.233295603960809E+005  0.104784226177697E-001 
      3.38000000 -0.233295603395042E+005  0.105349993521141E-001 
      3.40000000 -0.233295602851175E+005  0.105893860633512E-001 
      3.42000000 -0.233295602323064E+005  0.106421971357373E-001 
      3.44000000 -0.233295601800572E+005  0.106944463527929E-001 
      3.46000000 -0.233295601267917E+005  0.107477118529785E-001 
      3.48000000 -0.233295600701623E+005  0.108043412585532E-001 
      3.50000000 -0.233295600068067E+005  0.108676968755274E-001 
      3.52000000 -0.233295599320650E+005  0.109424385145962E-001 
      3.54000000 -0.233295598396663E+005  0.110348372633051E-001 
      3.56000000 -0.233295597213943E+005  0.111531092581853E-001 
      3.58000000 -0.233295595667490E+005  0.113077545458232E-001 
      3.60000000 -0.233295593626227E+005  0.115118808070600E-001 
      3.62000000 -0.233295590930157E+005  0.117814878762995E-001 
      3.64000000 -0.233295587388184E+005  0.121356850961797E-001 
      3.66000000 -0.233295582776925E+005  0.125968110204151E-001 
      3.68000000 -0.233295576840801E+005  0.131904234586679E-001 
      3.70000000 -0.233295569293755E+005  0.139451280676717E-001 
      3.72000000 -0.233295559822872E+005  0.148922163409307E-001 
      3.74000000 -0.233295548094158E+005  0.160650877008217E-001 
      3.76000000 -0.233295533760661E+005  0.174984374626534E-001 
      3.78000000 -0.233295516473021E+005  0.192272014549185E-001 
      3.80000000 -0.233295495892448E+005  0.212852587899377E-001 
      3.82000000 -0.233295471705947E+005  0.237039088931448E-001 
      3.84000000 -0.233295443643511E+005  0.265101524862546E-001 
      3.86000000 -0.233295411496800E+005  0.297248235064559E-001 
      3.88000000 -0.233295375138677E+005  0.333606358192312E-001 
      3.90000000 -0.233295334542793E+005  0.374202242266227E-001 
      3.92000000 -0.233295289802263E+005  0.418942772433457E-001 
      3.94000000 -0.233295241146329E+005  0.467598706583790E-001 
      3.96000000 -0.233295188953792E+005  0.519791243567191E-001 
      3.98000000 -0.233295133761926E+005  0.574983109022714E-001 
      4.00000000 -0.233295076269547E+005  0.632475488685360E-001 
      4.02000000 -0.233295017332923E+005  0.691412112680211E-001 
      4.04000000 -0.233294957953316E+005  0.750791719479538E-001 
      4.06000000 -0.233294899255043E+005  0.809489992297778E-001 
      4.08000000 -0.233294842453187E+005  0.866291848541825E-001 
      4.10000000 -0.233294788810328E+005  0.919934707157169E-001 
      4.12000000 -0.233294739582027E+005  0.969163008857888E-001 
      4.14000000 -0.233294695951137E+005  0.101279389810373E+000 
      4.16000000 -0.233294658951516E+005  0.104979351947783E+000 
      4.18000000 -0.233294629382115E+005  0.107936291999012E+000 
      4.20000000 -0.233294607712997E+005  0.110103203885544E+000 
      4.22000000 -0.233294593985264E+005  0.111475977123031E+000 
      4.24000000 -0.233294587707453E+005  0.112103758223066E+000 
      4.26000000 -0.233294587751346E+005  0.112099368967275E+000 
      4.28000000 -0.233294592250629E+005  0.111649440684898E+000 
      4.30000000 -0.233294598506146E+005  0.111023888964448E+000 
      4.32000000 -0.233294602901765E+005  0.110584326996446E+000 
      4.34000000 -0.233294600835041E+005  0.110790999484448E+000 
      4.36000000 -0.233294586666864E+005  0.112207817097106E+000 
      4.38000000 -0.233294553694233E+005  0.115505080232187E+000 
      4.40000000 -0.233294494149973E+005  0.121459506249326E+000 
      4.42000000 -0.233294399232890E+005  0.130951214535513E+000 
      4.44000000 -0.233294259171247E+005  0.144957378851532E+000 
      4.46000000 -0.233294063321772E+005  0.164542326365712E+000 
      4.48000000 -0.233293800305554E+005  0.190843948123824E+000 
      4.50000000 -0.233293458181222E+005  0.225056381357352E+000 
      4.52000000 -0.233293024654696E+005  0.268409033953323E+000 
      4.54000000 -0.233292487323675E+005  0.322142136025850E+000 
      4.56000000 -0.233291833953762E+005  0.387479127346903E+000 
      4.58000000 -0.233291052781913E+005  0.465596312289163E+000 
      4.60000000 -0.233290132841645E+005  0.557590339019538E+000 
      4.62000000 -0.233289064303273E+005  0.664444176278777E+000 
      4.64000000 -0.233287838821327E+005  0.786992370796312E+000 
      4.66000000 -0.233286449880394E+005  0.925886464141844E+000 
      4.68000000 -0.233284893129782E+005  0.108156152532781E+001 
      4.70000000 -0.233283166696920E+005  0.125420481149538E+001 
      4.72000000 -0.233281271469021E+005  0.144372760145585E+001 
      4.74000000 -0.233279211332553E+005  0.164974124828232E+001 
      4.76000000 -0.233276993360320E+005  0.187153847155662E+001 
      4.78000000 -0.233274627936576E+005  0.210808084591959E+001 
      4.80000000 -0.233272128811516E+005  0.235799335190034E+001 
      4.82000000 -0.233269513077801E+005  0.261956672343028E+001 
      4.84000000 -0.233266801063332E+005  0.289076817033946E+001 
      4.86000000 -0.233264016136412E+005  0.316926086230657E+001 
      4.88000000 -0.233261184421571E+005  0.345243234640767E+001 
      4.90000000 -0.233258334426698E+005  0.373743183379354E+001 
      4.92000000 -0.233255496584606E+005  0.402121604296400E+001 
      4.94000000 -0.233252702714767E+005  0.430060302688216E+001 
      4.96000000 -0.233249985413454E+005  0.457233315814159E+001 
      4.98000000 -0.233247377383064E+005  0.483313619711931E+001 
      5.00000000 -0.233244910713608E+005  0.507980314271106E+001 
      5.02000000 -0.233242616131405E+005  0.530926136304641E+001 
      5.04000000 -0.233240522231640E+005  0.551865133958737E+001 
      5.06000000 -0.233238654712680E+005  0.570540323549646E+001 
      5.08000000 -0.233237035630785E+005  0.586731142502548E+001 
      5.10000000 -0.233235682694055E+005  0.600260509799743E+001 
      5.12000000 -0.233234608614184E+005  0.611001308518470E+001 
      5.14000000 -0.233233820533691E+005  0.618882113446386E+001 
      5.16000000 -0.233233319544995E+005  0.623892000401094E+001 
      5.18000000 -0.233233100315850E+005  0.626084291858414E+001 
      5.20000000 -0.233233150833470E+005  0.625579115652133E+001 
      5.22000000 -0.233233452277192E+005  0.622564678430158E+001 
      5.24000000 -0.233233979026732E+005  0.617297183036538E+001 
      5.26000000 -0.233234698810296E+005  0.610099347390036E+001 
      5.28000000 -0.233235572993906E+005  0.601357511295448E+001 
      5.30000000 -0.233236557010437E+005  0.591517345987058E+001 
      5.32000000 -0.233237600924224E+005  0.581078208117049E+001 
      5.34000000 -0.233238650124474E+005  0.570586205616187E+001 
      5.36000000 -0.233239646138458E+005  0.560626065775565E+001 
      5.38000000 -0.233240527553288E+005  0.551811917469462E+001 
      5.40000000 -0.233241231033200E+005  0.544777118355923E+001 
      5.42000000 -0.233241692417493E+005  0.540163275424832E+001 
      5.44000000 -0.233241847882724E+005  0.538608623118781E+001 
      5.46000000 -0.233241635151226E+005  0.540735938092499E+001 
      5.48000000 -0.233240994726660E+005  0.547140183753658E+001 
      5.50000000 -0.233239871135919E+005  0.558376091166949E+001 
      5.52000000 -0.233238214155444E+005  0.574945895912153E+001 
      5.54000000 -0.233235979998800E+005  0.597287462355102E+001 
      5.56000000 -0.233233132441264E+005  0.625763037713548E+001 
      5.58000000 -0.233229643856355E+005  0.660648886802954E+001 
      5.60000000 -0.233225496138664E+005  0.702126063719227E+001 
      5.62000000 -0.233220681487264E+005  0.750272577714004E+001 
      5.64000000 -0.233215203024459E+005  0.805057205764833E+001 
      5.66000000 -0.233209075225812E+005  0.866335192236500E+001 
      5.68000000 -0.233202324139463E+005  0.933846055720728E+001 
      5.70000000 -0.233194987375709E+005  0.100721369326000E+002 
      5.72000000 -0.233187113851830E+005  0.108594893205520E+002 
      5.74000000 -0.233178763282198E+005  0.116945462837114E+002 
      5.76000000 -0.233170005409737E+005  0.125703335298210E+002 
      5.78000000 -0.233160918981723E+005  0.134789763311950E+002 
      5.80000000 -0.233151590480643E+005  0.144118264392444E+002 
      5.82000000 -0.233142112628929E+005  0.153596116106877E+002 
      5.84000000 -0.233132582694784E+005  0.163126050251725E+002 
      5.86000000 -0.233123100634506E+005  0.172608110529280E+002 
      5.88000000 -0.233113767114357E+005  0.181941630678075E+002 
      5.90000000 -0.233104681461690E+005  0.191027283345566E+002 
      5.92000000 -0.233095939600329E+005  0.199769144706753E+002 
      5.94000000 -0.233087632028730E+005  0.208076716305906E+002 
      5.96000000 -0.233079841900826E+005  0.215866844209257E+002 
      5.98000000 -0.233072643268519E+005  0.223065476516193E+002 
      6.00000000 -0.233066099541329E+005  0.229609203706338E+002 
      6.02000000 -0.233060262212724E+005  0.235446532311728E+002 
      6.04000000 -0.233055169894274E+005  0.240538850761133E+002 
      6.06000000 -0.233050847688289E+005  0.244861056746191E+002 
      6.08000000 -0.233047306917351E+005  0.248401827684189E+002 
      6.10000000 -0.233044545215824E+005  0.251163529211096E+002 
      6.12000000 -0.233042546974467E+005  0.253161770568536E+002 
      6.14000000 -0.233041284115627E+005  0.254424629408751E+002 
      6.16000000 -0.233040717163749E+005  0.254991581286527E+002 
      6.18000000 -0.233040796564830E+005  0.254912180205764E+002 
      6.20000000 -0.233041464199685E+005  0.254244545350628E+002 
      6.22000000 -0.233042655029960E+005  0.253053715075504E+002 
      6.24000000 -0.233044298813083E+005  0.251409931952909E+002 
      6.26000000 -0.233046321822894E+005  0.249386922141193E+002 
      6.28000000 -0.233048648516622E+005  0.247060228413943E+002 
      6.30000000 -0.233051203095696E+005  0.244505649339209E+002 
      6.32000000 -0.233053910917356E+005  0.241797827679450E+002 
      6.34000000 -0.233056699725233E+005  0.239009019802335E+002 
      6.36000000 -0.233059500679557E+005  0.236208065478680E+002 
      6.38000000 -0.233062249180227E+005  0.233459564808750E+002 
      6.40000000 -0.233064885488075E+005  0.230823256960617E+002 
      6.42000000 -0.233067355160308E+005  0.228353584727076E+002 
      6.44000000 -0.233069609324739E+005  0.226099420296439E+002 
      6.46000000 -0.233071604823416E+005  0.224103921619152E+002 
      6.48000000 -0.233073304259448E+005  0.222404485587379E+002 
      6.50000000 -0.233074675980992E+005  0.221032764043304E+002 
      6.52000000 -0.233075694033783E+005  0.220014711252655E+002 
      6.54000000 -0.233076338108520E+005  0.219370636515518E+002 
      6.56000000 -0.233076593502475E+005  0.219115242560376E+002 
      6.58000000 -0.233076451106466E+005  0.219257638569233E+002 
      6.60000000 -0.233075907419632E+005  0.219801325403351E+002 
      6.62000000 -0.233074964585952E+005  0.220744159082989E+002 
      6.64000000 -0.233073630438896E+005  0.222078306139458E+002 
      6.66000000 -0.233071918534539E+005  0.223790210496560E+002 
      6.68000000 -0.233069848149417E+005  0.225860595618583E+002 
      6.70000000 -0.233067444217550E+005  0.228264527485923E+002 
      6.72000000 -0.233064737181570E+005  0.230971563464969E+002 
      6.74000000 -0.233061762735663E+005  0.233946009372107E+002 
      6.76000000 -0.233058561442760E+005  0.237147302275047E+002 
      6.78000000 -0.233055178214857E+005  0.240530530178473E+002 
      6.80000000 -0.233051661652822E+005  0.244047092213895E+002 
      6.82000000 -0.233048063250230E+005  0.247645494805506E+002 
      6.84000000 -0.233044436473942E+005  0.251272271093508E+002 
      6.86000000 -0.233040835741862E+005  0.254873003173608E+002 
      6.88000000 -0.233037315325078E+005  0.258393419957230E+002 
      6.90000000 -0.233033928206994E+005  0.261780538041197E+002 
      6.92000000 -0.233030724935788E+005  0.264983809247552E+002 
      6.94000000 -0.233027752508445E+005  0.267956236590358E+002 
      6.96000000 -0.233025053324613E+005  0.270655420422196E+002 
      6.98000000 -0.233022664246605E+005  0.273044498429984E+002 
      7.00000000 -0.233020615798295E+005  0.275092946740167E+002 
      7.02000000 -0.233018931530493E+005  0.276777214542296E+002 
      7.04000000 -0.233017627574089E+005  0.278081170946597E+002 
      7.06000000 -0.233016712395053E+005  0.278996349982038E+002 
      7.08000000 -0.233016186757744E+005  0.279521987291589E+002 
      7.10000000 -0.233016043895181E+005  0.279664849854507E+002 
      7.12000000 -0.233016269877483E+005  0.279438867552172E+002 
      7.14000000 -0.233016844162702E+005  0.278864582333022E+002 
      7.16000000 -0.233017740308269E+005  0.277968436766950E+002 
      7.18000000 -0.233018926816290E+005  0.276781928745797E+002 
      7.20000000 -0.233020368082245E+005  0.275340662790323E+002 
      7.22000000 -0.233022025414230E+005  0.273683330804945E+002 
      7.24000000 -0.233023858088908E+005  0.271850656127752E+002 
      7.26000000 -0.233025824410644E+005  0.269884334391749E+002 
      7.28000000 -0.233027882741856E+005  0.267826003179542E+002 
      7.30000000 -0.233029992475228E+005  0.265716269807762E+002 
      7.32000000 -0.233032114922001E+005  0.263593823034134E+002 
      7.34000000 -0.233034214094830E+005  0.261494650205774E+002 
      7.36000000 -0.233036257368418E+005  0.259451376617462E+002 
      7.38000000 -0.233038216006226E+005  0.257492738808990E+002 
      7.40000000 -0.233040065546619E+005  0.255643198416519E+002 
      7.42000000 -0.233041786046835E+005  0.253922698200345E+002 
      7.44000000 -0.233043362187841E+005  0.252346557194284E+002 
      7.46000000 -0.233044783247382E+005  0.250925497653880E+002 
      7.48000000 -0.233046042952220E+005  0.249665792815106E+002 
      7.50000000 -0.233047139223591E+005  0.248569521444092E+002 
      7.52000000 -0.233048073832185E+005  0.247634912850361E+002 
      7.54000000 -0.233048851980561E+005  0.246856764474681E+002 
      7.56000000 -0.233049481831671E+005  0.246226913364759E+002 
      7.58000000 -0.233049974002282E+005  0.245734742753651E+002 
      7.60000000 -0.233050341039494E+005  0.245367705541821E+002 
      7.62000000 -0.233050596897379E+005  0.245111847656835E+002 
      7.64000000 -0.233050756429107E+005  0.244952315928793E+002 
      7.66000000 -0.233050834907870E+005  0.244873837165389E+002 
      7.68000000 -0.233050847587607E+005  0.244861157428179E+002 
      7.70000000 -0.233050809312085E+005  0.244899432950866E+002 
      7.72000000 -0.233050734178400E+005  0.244974566635892E+002 
      7.74000000 -0.233050635258583E+005  0.245073486452416E+002 
      7.76000000 -0.233050524380735E+005  0.245184364300659E+002 
      7.78000000 -0.233050411969121E+005  0.245296775914156E+002 
      7.80000000 -0.233050306940948E+005  0.245401804087882E+002 
      7.82000000 -0.233050216656095E+005  0.245492088940303E+002 
      7.84000000 -0.233050146915006E+005  0.245561830029714E+002 
      7.86000000 -0.233050101999098E+005  0.245606745937414E+002 
      7.88000000 -0.233050084747577E+005  0.245623997458843E+002 
      7.90000000 -0.233050096664225E+005  0.245612080810019E+002 
      7.92000000 -0.233050138047742E+005  0.245570697293093E+002 
      7.94000000 -0.233050208139296E+005  0.245500605739382E+002 
      7.96000000 -0.233050305281286E+005  0.245403463749813E+002 
      7.98000000 -0.233050427081698E+005  0.245281663337640E+002 
      8.00000000 -0.233050570578944E+005  0.245138166091098E+002 
      8.02000000 -0.233050732402648E+005  0.244976342387305E+002 
      8.04000000 -0.233050908926438E+005  0.244799818597812E+002 
      8.06000000 -0.233051096409471E+005  0.244612335564876E+002 
      8.08000000 -0.233051291124035E+005  0.244417621000379E+002 
      8.10000000 -0.233051489467241E+005  0.244219277794266E+002 
      8.12000000 -0.233051688055439E+005  0.244020689596614E+002 
      8.14000000 -0.233051883800616E+005  0.243824944419418E+002 
      8.16000000 -0.233052073968601E+005  0.243634776434382E+002 
      8.18000000 -0.233052256219422E+005  0.243452525613349E+002 
      8.20000000 -0.233052428630663E+005  0.243280114372023E+002 
      8.22000000 -0.233052589705054E+005  0.243119039981199E+002 
      8.24000000 -0.233052738363888E+005  0.242970381147368E+002 
      8.26000000 -0.233052873928120E+005  0.242834816915727E+002 
      8.28000000 -0.233052996089188E+005  0.242712655847777E+002 
      8.30000000 -0.233053104871704E+005  0.242603873331612E+002 
      8.32000000 -0.233053200590199E+005  0.242508154836119E+002 
      8.34000000 -0.233053283802061E+005  0.242424942974361E+002 
      8.36000000 -0.233053355258689E+005  0.242353486346195E+002 
      8.38000000 -0.233053415856748E+005  0.242292888286970E+002 
      8.40000000 -0.233053466591176E+005  0.242242153859913E+002 
      8.42000000 -0.233053508511354E+005  0.242200233681649E+002 
      8.44000000 -0.233053542681608E+005  0.242166063426953E+002 
      8.46000000 -0.233053570146878E+005  0.242138598157268E+002 
      8.48000000 -0.233053591904141E+005  0.242116840894122E+002 
      8.50000000 -0.233053608879889E+005  0.242099865146429E+002 
      8.52000000 -0.233053621913675E+005  0.242086831360763E+002 
      8.54000000 -0.233053631747528E+005  0.242076997507669E+002 
      8.56000000 -0.233053639020809E+005  0.242069724226038E+002 
      8.58000000 -0.233053644269930E+005  0.242064475105543E+002 
      8.60000000 -0.233053647932195E+005  0.242060812840402E+002 
      8.62000000 -0.233053650352996E+005  0.242058392039750E+002 
      8.64000000 -0.233053651795477E+005  0.242056949558076E+002 
      8.66000000 -0.233053652451863E+005  0.242056293172024E+002 
      8.68000000 -0.233053652455607E+005  0.242056289428797E+002 
      8.70000000 -0.233053651893646E+005  0.242056851388938E+002 
      8.72000000 -0.233053650818124E+005  0.242057926911456E+002 
      8.74000000 -0.233053649257039E+005  0.242059487996329E+002 
      8.76000000 -0.233053647223452E+005  0.242061521583037E+002 
      8.78000000 -0.233053644722981E+005  0.242064022054323E+002 
      8.80000000 -0.233053641759457E+005  0.242066985578362E+002 
      8.82000000 -0.233053638338760E+005  0.242070406275656E+002 
      8.84000000 -0.233053634470923E+005  0.242074274112129E+002 
      8.86000000 -0.233053630170735E+005  0.242078574300239E+002 
      8.88000000 -0.233053625457094E+005  0.242083287941668E+002 
      8.90000000 -0.233053620351453E+005  0.242088393582247E+002 
      8.92000000 -0.233053614875805E+005  0.242093869230549E+002 
      8.94000000 -0.233053609051842E+005  0.242099693193145E+002 
      8.96000000 -0.233053602901347E+005  0.242105843688476E+002 
      8.98000000 -0.233053596445999E+005  0.242112299036542E+002 
      9.00000000 -0.233053589707118E+005  0.242119037917498E+002 
      9.02000000 -0.233053582705450E+005  0.242126039585202E+002 
      9.04000000 -0.233053575460999E+005  0.242133284036156E+002 
      9.06000000 -0.233053567992901E+005  0.242140752134055E+002 
      9.08000000 -0.233053560319342E+005  0.242148425693681E+002 
      9.10000000 -0.233053552457508E+005  0.242156287527124E+002 
      9.12000000 -0.233053544423578E+005  0.242164321457950E+002 
      9.14000000 -0.233053536232729E+005  0.242172512306537E+002 
      9.16000000 -0.233053527899180E+005  0.242180845855797E+002 
      9.18000000 -0.233053519436241E+005  0.242189308794692E+002 
      9.20000000 -0.233053510856385E+005  0.242197888650353E+002 
      9.22000000 -0.233053502171329E+005  0.242206573706418E+002 
      9.24000000 -0.233053493392125E+005  0.242215352910282E+002 
      9.26000000 -0.233053484529268E+005  0.242224215767913E+002 
      9.28000000 -0.233053475592804E+005  0.242233152231006E+002 
      9.30000000 -0.233053466592467E+005  0.242242152568809E+002 
      9.32000000 -0.233053457537806E+005  0.242251207229069E+002 
      9.34000000 -0.233053448438345E+005  0.242260306690657E+002 
      9.36000000 -0.233053439303731E+005  0.242269441304118E+002 
      9.38000000 -0.233053430143904E+005  0.242278601131712E+002 
      9.40000000 -0.233053420969252E+005  0.242287775783476E+002 
      9.42000000 -0.233053411790772E+005  0.242296954263726E+002 
      9.44000000 -0.233053402620206E+005  0.242306124829247E+002 
      9.46000000 -0.233053393470166E+005  0.242315274869477E+002 
      9.48000000 -0.233053384354218E+005  0.242324390817073E+002 
      9.50000000 -0.233053375286943E+005  0.242333458092659E+002 
      9.52000000 -0.233053366283942E+005  0.242342461093320E+002 
      9.54000000 -0.233053357361812E+005  0.242351383222945E+002 
      9.56000000 -0.233053348538063E+005  0.242360206972823E+002 
      9.58000000 -0.233053339830990E+005  0.242368914045747E+002 
      9.60000000 -0.233053331259510E+005  0.242377485525148E+002 
      9.62000000 -0.233053322842953E+005  0.242385902082795E+002 
      9.64000000 -0.233053314600817E+005  0.242394144218144E+002 
      9.66000000 -0.233053306552513E+005  0.242402192522406E+002 
      9.68000000 -0.233053298717077E+005  0.242410027958301E+002 
      9.70000000 -0.233053291112888E+005  0.242417632147510E+002 
      9.72000000 -0.233053283757383E+005  0.242424987652316E+002 
      9.74000000 -0.233053276666787E+005  0.242432078248924E+002 
      9.76000000 -0.233053269855859E+005  0.242438889176735E+002 
      9.78000000 -0.233053263337673E+005  0.242445407362018E+002 
      9.80000000 -0.233053257123429E+005  0.242451621606058E+002 
      9.82000000 -0.233053251222302E+005  0.242457522733708E+002 
      9.84000000 -0.233053245641339E+005  0.242463103696164E+002 
      9.86000000 -0.233053240385405E+005  0.242468359630694E+002 
      9.88000000 -0.233053235457166E+005  0.242473287869923E+002 
      9.90000000 -0.233053230857130E+005  0.242477887905640E+002 
      9.92000000 -0.233053226583726E+005  0.242482161309071E+002 
      9.94000000 -0.233053222633426E+005  0.242486111609894E+002 
      9.96000000 -0.233053219000896E+005  0.242489744139796E+002 
      9.98000000 -0.233053215679183E+005  0.242493065851990E+002 
     10.00000000 -0.233053212659921E+005  0.242496085114076E+002 
     10.02000000 -0.233053209933538E+005  0.242498811497392E+002 
     10.04000000 -0.233053207489475E+005  0.242501255560625E+002 
     10.06000000 -0.233053205316395E+005  0.242503428640277E+002 
     10.08000000 -0.233053203402378E+005  0.242505342657908E+002 
     10.10000000 -0.233053201735084E+005  0.242507009951691E+002 
     10.12000000 -0.233053200301904E+005  0.242508443131662E+002 
     10.14000000 -0.233053199090063E+005  0.242509654972620E+002 
     10.16000000 -0.233053198086699E+005  0.242510658336419E+002 
     10.18000000 -0.233053197278904E+005  0.242511466131500E+002 
     10.20000000 -0.233053196653733E+005  0.242512091302438E+002 
     10.22000000 -0.233053196198185E+005  0.242512546849988E+002 
     10.24000000 -0.233053195899162E+005  0.242512845873714E+002 
     10.26000000 -0.233053195743401E+005  0.242513001634570E+002 
     10.28000000 -0.233053195717405E+005  0.242513027630727E+002 
     10.30000000 -0.233053195807357E+005  0.242512937678746E+002 
     10.32000000 -0.233053195999041E+005  0.242512745994447E+002 
     10.34000000 -0.233053196277767E+005  0.242512467268233E+002 
     10.36000000 -0.233053196628314E+005  0.242512116721241E+002 
     10.38000000 -0.233053197034889E+005  0.242511710146055E+002 
     10.40000000 -0.233053197481124E+005  0.242511263911129E+002 
     10.42000000 -0.233053197950101E+005  0.242510794934457E+002 
     10.44000000 -0.233053198424421E+005  0.242510320614219E+002 
     10.46000000 -0.233053198886322E+005  0.242509858713422E+002 
     10.48000000 -0.233053199317840E+005  0.242509427195752E+002 
     10.50000000 -0.233053199701018E+005  0.242509044016975E+002 
     10.52000000 -0.233053200018167E+005  0.242508726868635E+002 
     10.54000000 -0.233053200252148E+005  0.242508492887135E+002 
     10.56000000 -0.233053200386701E+005  0.242508358334632E+002 
     10.58000000 -0.233053200406774E+005  0.242508338261281E+002 
     10.60000000 -0.233053200298863E+005  0.242508446172091E+002 
     10.62000000 -0.233053200051334E+005  0.242508693701382E+002 
     10.64000000 -0.233053199654715E+005  0.242509090320851E+002 
     10.66000000 -0.233053199101945E+005  0.242509643090874E+002 
     10.68000000 -0.233053198388567E+005  0.242510356468181E+002 
     10.70000000 -0.233053197512858E+005  0.242511232177749E+002 
     10.72000000 -0.233053196475870E+005  0.242512269165226E+002 
     10.74000000 -0.233053195281417E+005  0.242513463618027E+002 
     10.76000000 -0.233053193935968E+005  0.242514809067700E+002 
     10.78000000 -0.233053192448474E+005  0.242516296561250E+002 
     10.80000000 -0.233053190830135E+005  0.242517914900333E+002 
     10.82000000 -0.233053189094104E+005  0.242519650931340E+002 
     10.84000000 -0.233053187255154E+005  0.242521489881672E+002 
     10.86000000 -0.233053185329313E+005  0.242523415722766E+002 
     10.88000000 -0.233053183333483E+005  0.242525411552374E+002 
     10.90000000 -0.233053181285058E+005  0.242527459977049E+002 
     10.92000000 -0.233053179201549E+005  0.242529543486004E+002 
     10.94000000 -0.233053177100233E+005  0.242531644802295E+002 
     10.96000000 -0.233053174997829E+005  0.242533747206597E+002 
     10.98000000 -0.233053172910216E+005  0.242535834819614E+002 
     11.00000000 -0.233053170852193E+005  0.242537892842233E+002 
     11.02000000 -0.233053168837286E+005  0.242539907749864E+002 
     11.04000000 -0.233053166877597E+005  0.242541867438365E+002 
     11.06000000 -0.233053164983713E+005  0.242543761322042E+002 
     11.08000000 -0.233053163164646E+005  0.242545580389154E+002 
     11.10000000 -0.233053161427823E+005  0.242547317212891E+002 
     11.12000000 -0.233053159779106E+005  0.242548965929624E+002 
     11.14000000 -0.233053158222853E+005  0.242550522182053E+002 
     11.16000000 -0.233053156761998E+005  0.242551983037900E+002 
     11.18000000 -0.233053155398147E+005  0.242553346888104E+002 
     11.20000000 -0.233053154131706E+005  0.242554613329075E+002 
     11.22000000 -0.233053152961998E+005  0.242555783037566E+002 
     11.24000000 -0.233053151887399E+005  0.242556857636930E+002 
     11.26000000 -0.233053150905469E+005  0.242557839566544E+002 
     11.28000000 -0.233053150013086E+005  0.242558731949715E+002 
     11.30000000 -0.233053149206563E+005  0.242559538472532E+002 
     11.32000000 -0.233053148481769E+005  0.242560263266218E+002 
     11.34000000 -0.233053147834233E+005  0.242560910802104E+002 
     11.36000000 -0.233053147259240E+005  0.242561485795358E+002 
     11.38000000 -0.233053146751916E+005  0.242561993119879E+002 
     11.40000000 -0.233053146307301E+005  0.242562437734885E+002 
     11.42000000 -0.233053145920414E+005  0.242562824621097E+002 
     11.44000000 -0.233053145586312E+005  0.242563158723410E+002 
     11.46000000 -0.233053145300129E+005  0.242563444906567E+002 
     11.48000000 -0.233053145057123E+005  0.242563687912122E+002 
     11.50000000 -0.233053144852709E+005  0.242563892326086E+002 
     11.52000000 -0.233053144682487E+005  0.242564062548638E+002 
     11.54000000 -0.233053144542269E+005  0.242564202766871E+002 
     11.56000000 -0.233053144428101E+005  0.242564316934439E+002 
     11.58000000 -0.233053144336285E+005  0.242564408750608E+002 
     11.60000000 -0.233053144263392E+005  0.242564481643650E+002 
     11.62000000 -0.233053144206279E+005  0.242564538756699E+002 
     11.64000000 -0.233053144162099E+005  0.242564582935970E+002 
     11.66000000 -0.233053144128310E+005  0.242564616725062E+002 
     11.68000000 -0.233053144102676E+005  0.242564642359054E+002 
     11.70000000 -0.233053144083270E+005  0.242564661765677E+002 
     11.72000000 -0.233053144068463E+005  0.242564676572400E+002 
     11.74000000 -0.233053144056922E+005  0.242564688113790E+002 
     11.76000000 -0.233053144047586E+005  0.242564697449028E+002 
     11.78000000 -0.233053144039654E+005  0.242564705381143E+002 
     11.80000000 -0.233053144032553E+005  0.242564712482881E+002 
     11.82000000 -0.233053144025911E+005  0.242564719124201E+002 
     11.84000000 -0.233053144019530E+005  0.242564725505754E+002 
     11.86000000 -0.233053144013343E+005  0.242564731692567E+002 
     11.88000000 -0.233053144007384E+005  0.242564737651042E+002 
     11.90000000 -0.233053144001752E+005  0.242564743283579E+002 
     11.92000000 -0.233053143996569E+005  0.242564748466958E+002 
     11.94000000 -0.233053143991953E+005  0.242564753082296E+002 
     11.96000000 -0.233053143987987E+005  0.242564757048756E+002 
     11.98000000 -0.233053143984689E+005  0.242564760346199E+002 
     12.00000000 -0.233053143981997E+005  0.242564763038817E+002 
     12.02000000 -0.233053143979583E+005  0.242564765452146E+002 
     12.04000000 -0.233053143977177E+005  0.242564767858454E+002 
     12.06000000 -0.233053143974781E+005  0.242564770254552E+002 
     12.08000000 -0.233053143972400E+005  0.242564772635802E+002 
     12.10000000 -0.233053143970036E+005  0.242564774999542E+002 
     12.12000000 -0.233053143967691E+005  0.242564777344008E+002 
     12.14000000 -0.233053143965367E+005  0.242564779668924E+002 
     12.16000000 -0.233053143963061E+005  0.242564781974597E+002 
     12.18000000 -0.233053143960773E+005  0.242564784262359E+002 
     12.20000000 -0.233053143958502E+005  0.242564786533632E+002 
     12.22000000 -0.233053143956246E+005  0.242564788789498E+002 
     12.24000000 -0.233053143954004E+005  0.242564791031630E+002 
     12.26000000 -0.233053143951774E+005  0.242564793261294E+002 
     12.28000000 -0.233053143949556E+005  0.242564795479419E+002 
     12.30000000 -0.233053143947349E+005  0.242564797686593E+002 
     12.32000000 -0.233053143945151E+005  0.242564799884424E+002 
     12.34000000 -0.233053143942961E+005  0.242564802074027E+002 
     12.36000000 -0.233053143940778E+005  0.242564804257040E+002 
     12.38000000 -0.233053143938600E+005  0.242564806435010E+002 
     12.40000000 -0.233053143936424E+005  0.242564808611805E+002 
     12.42000000 -0.233053143934247E+005  0.242564810788755E+002 
     12.44000000 -0.233053143932065E+005  0.242564812970005E+002 
     12.46000000 -0.233053143929877E+005  0.242564815158679E+002 
     12.48000000 -0.233053143927678E+005  0.242564817357717E+002 
     12.50000000 -0.233053143925466E+005  0.242564819569531E+002 
     12.52000000 -0.233053143923240E+005  0.242564821795452E+002 
     12.54000000 -0.233053143921000E+005  0.242564824035263E+002 
     12.56000000 -0.233053143918747E+005  0.242564826288191E+002 
     12.58000000 -0.233053143916485E+005  0.242564828550709E+002 
     12.60000000 -0.233053143914217E+005  0.242564830818269E+002 
     12.62000000 -0.233053143911951E+005  0.242564833084592E+002 
     12.64000000 -0.233053143909693E+005  0.242564835342223E+002 
     12.66000000 -0.233053143907452E+005  0.242564837583024E+002 
     12.68000000 -0.233053143905236E+005  0.242564839799416E+002 
     12.70000000 -0.233053143903051E+005  0.242564841984193E+002 
     12.72000000 -0.233053143900904E+005  0.242564844131692E+002 
     12.74000000 -0.233053143898798E+005  0.242564846237675E+002 
     12.76000000 -0.233053143896735E+005  0.242564848300595E+002 
     12.78000000 -0.233053143894713E+005  0.242564850322123E+002 
     12.80000000 -0.233053143892730E+005  0.242564852305910E+002 
     12.82000000 -0.233053143890777E+005  0.242564854257988E+002 
     12.84000000 -0.233053143888849E+005  0.242564856186709E+002 
     12.86000000 -0.233053143886935E+005  0.242564858100735E+002 
     12.88000000 -0.233053143885025E+005  0.242564860010338E+002 
     12.90000000 -0.233053143883112E+005  0.242564861923932E+002 
     12.92000000 -0.233053143881186E+005  0.242564863849188E+002 
     12.94000000 -0.233053143879243E+005  0.242564865792047E+002 
     12.96000000 -0.233053143877280E+005  0.242564867755261E+002 
     12.98000000 -0.233053143875296E+005  0.242564869739759E+002 
     13.00000000 -0.233053143873291E+005  0.242564871743964E+002 
     13.02000000 -0.233053143871271E+005  0.242564873764564E+002 
     13.04000000 -0.233053143869239E+005  0.242564875796363E+002 
     13.06000000 -0.233053143867202E+005  0.242564877833731E+002 
     13.08000000 -0.233053143865164E+005  0.242564879871129E+002 
     13.10000000 -0.233053143863133E+005  0.242564881902681E+002 
     13.12000000 -0.233053143861112E+005  0.242564883923281E+002 
     13.14000000 -0.233053143859107E+005  0.242564885928877E+002 
     13.16000000 -0.233053143857119E+005  0.242564887916438E+002 
     13.18000000 -0.233053143855152E+005  0.242564889883056E+002 
     13.20000000 -0.233053143853207E+005  0.242564891828761E+002 
     13.22000000 -0.233053143851283E+005  0.242564893752408E+002 
     13.24000000 -0.233053143849380E+005  0.242564895655174E+002 
     13.26000000 -0.233053143847497E+005  0.242564897538172E+002 
     13.28000000 -0.233053143845632E+005  0.242564899403351E+002 
     13.30000000 -0.233053143843782E+005  0.242564901253341E+002 
     13.32000000 -0.233053143841945E+005  0.242564903090461E+002 
     13.34000000 -0.233053143840118E+005  0.242564904917651E+002 
     13.36000000 -0.233053143838299E+005  0.242564906736550E+002 
     13.38000000 -0.233053143836486E+005  0.242564908549355E+002 
     13.40000000 -0.233053143834678E+005  0.242564910357241E+002 
     13.42000000 -0.233053143832875E+005  0.242564912160579E+002 
     13.44000000 -0.233053143831076E+005  0.242564913959927E+002 
     13.46000000 -0.233053143829281E+005  0.242564915754789E+002 
     13.48000000 -0.233053143827490E+005  0.242564917545351E+002 
     13.50000000 -0.233053143825704E+005  0.242564919331304E+002 
     13.52000000 -0.233053143823922E+005  0.242564921112987E+002 
     13.54000000 -0.233053143822144E+005  0.242564922891484E+002 
     13.56000000 -0.233053143820367E+005  0.242564924668929E+002 
     13.58000000 -0.233053143818589E+005  0.242564926446560E+002 
     13.60000000 -0.233053143816808E+005  0.242564928227285E+002 
     13.62000000 -0.233053143815021E+005  0.242564930014072E+002 
     13.64000000 -0.233053143813227E+005  0.242564931807975E+002 
     13.66000000 -0.233053143811424E+005  0.242564933611438E+002 
     13.68000000 -0.233053143809612E+005  0.242564935423902E+002 
     13.70000000 -0.233053143807790E+005  0.242564937244998E+002 
     13.72000000 -0.233053143805963E+005  0.242564939072621E+002 
     13.74000000 -0.233053143804131E+005  0.242564940904080E+002 
     13.76000000 -0.233053143802300E+005  0.242564942735508E+002 
     13.78000000 -0.233053143800472E+005  0.242564944563286E+002 
     13.80000000 -0.233053143798652E+005  0.242564946383298E+002 
     13.82000000 -0.233053143796843E+005  0.242564948192638E+002 
     13.84000000 -0.233053143795047E+005  0.242564949988057E+002 
     13.86000000 -0.233053143793268E+005  0.242564951767823E+002 
     13.88000000 -0.233053143791504E+005  0.242564953531687E+002 
     13.90000000 -0.233053143789756E+005  0.242564955279434E+002 
     13.92000000 -0.233053143788022E+005  0.242564957013167E+002 
     13.94000000 -0.233053143786300E+005  0.242564958735020E+002 
     13.96000000 -0.233053143784587E+005  0.242564960448924E+002 
     13.98000000 -0.233053143782877E+005  0.242564962158620E+002 
     14.00000000 -0.233053143781167E+005  0.242564963868872E+002 
     14.02000000 -0.233053143779451E+005  0.242564965584724E+002 
     14.04000000 -0.233053143777725E+005  0.242564967310228E+002 
     14.06000000 -0.233053143775985E+005  0.242564969049963E+002 
     14.08000000 -0.233053143774229E+005  0.242564970806279E+002 
     14.10000000 -0.233053143772455E+005  0.242564972580136E+002 
     14.12000000 -0.233053143770664E+005  0.242564974371626E+002 
     14.14000000 -0.233053143768857E+005  0.242564976178212E+002 
     14.16000000 -0.233053143767039E+005  0.242564977996431E+002 
     14.18000000 -0.233053143765215E+005  0.242564979820837E+002 
     14.20000000 -0.233053143763390E+005  0.242564981645614E+002 
     14.22000000 -0.233053143761570E+005  0.242564983465503E+002 
     14.24000000 -0.233053143759761E+005  0.242564985274750E+002 
     14.26000000 -0.233053143757966E+005  0.242564987069210E+002 
     14.28000000 -0.233053143756189E+005  0.242564988846748E+002 
     14.30000000 -0.233053143754430E+005  0.242564990605477E+002 
     14.32000000 -0.233053143752689E+005  0.242564992346820E+002 
     14.34000000 -0.233053143750964E+005  0.242564994071705E+002 
     14.36000000 -0.233053143749252E+005  0.242564995783257E+002 
     14.38000000 -0.233053143747551E+005  0.242564997484415E+002 
     14.40000000 -0.233053143745857E+005  0.242564999178643E+002 
     14.42000000 -0.233053143744167E+005  0.242565000868200E+002 
     14.44000000 -0.233053143742479E+005  0.242565002556179E+002 
     14.46000000 -0.233053143740792E+005  0.242565004243384E+002 
     14.48000000 -0.233053143739105E+005  0.242565005930064E+002 
     14.50000000 -0.233053143737419E+005  0.242565007616620E+002 
     14.52000000 -0.233053143735734E+005  0.242565009301041E+002 
     14.54000000 -0.233053143734053E+005  0.242565010982586E+002 
     14.56000000 -0.233053143732376E+005  0.242565012659799E+002 
     14.58000000 -0.233053143730704E+005  0.242565014331227E+002 
     14.60000000 -0.233053143729038E+005  0.242565015996994E+002 
     14.62000000 -0.233053143727379E+005  0.242565017656574E+002 
     14.64000000 -0.233053143725724E+005  0.242565019311576E+002 
     14.66000000 -0.233053143724072E+005  0.242565020963051E+002 
     14.68000000 -0.233053143722422E+005  0.242565022613412E+002 
     14.70000000 -0.233053143720770E+005  0.242565024265041E+002 
     14.72000000 -0.233053143719115E+005  0.242565025920878E+002 
     14.74000000 -0.233053143717453E+005  0.242565027582159E+002 
     14.76000000 -0.233053143715785E+005  0.242565029250618E+002 
     14.78000000 -0.233053143714109E+005  0.242565030926594E+002 
     14.80000000 -0.233053143712426E+005  0.242565032609530E+002 
     14.82000000 -0.233053143710738E+005  0.242565034297416E+002 
     14.84000000 -0.233053143709048E+005  0.242565035987746E+002 
     14.86000000 -0.233053143707358E+005  0.242565037676963E+002 
     14.88000000 -0.233053143705674E+005  0.242565039361384E+002 
     14.90000000 -0.233053143703998E+005  0.242565041037329E+002 
     14.92000000 -0.233053143702334E+005  0.242565042701178E+002 
     14.94000000 -0.233053143700685E+005  0.242565044350054E+002 
     14.96000000 -0.233053143699053E+005  0.242565045982442E+002 
     14.98000000 -0.233053143697438E+005  0.242565047597381E+002 
     15.00000000 -0.233053143695839E+005  0.242565049196142E+002 
     15.02000000 -0.233053143694256E+005  0.242565050779836E+002 
     15.04000000 -0.233053143692683E+005  0.242565052352085E+002 
     15.06000000 -0.233053143691119E+005  0.242565053916754E+002 
     15.08000000 -0.233053143689557E+005  0.242565055478020E+002 
     15.10000000 -0.233053143687994E+005  0.242565057041327E+002 
     15.12000000 -0.233053143686424E+005  0.242565058611534E+002 
     15.14000000 -0.233053143684843E+005  0.242565060192506E+002 
     15.16000000 -0.233053143683247E+005  0.242565061788513E+002 
     15.18000000 -0.233053143681634E+005  0.242565063401535E+002 
     15.20000000 -0.233053143680003E+005  0.242565065032654E+002 
     15.22000000 -0.233053143678354E+005  0.242565066681901E+002 
     15.24000000 -0.233053143676688E+005  0.242565068347854E+002 
     15.26000000 -0.233053143675007E+005  0.242565070028408E+002 
     15.28000000 -0.233053143673315E+005  0.242565071720564E+002 
     15.30000000 -0.233053143671615E+005  0.242565073420453E+002 
     15.32000000 -0.233053143669911E+005  0.242565075124518E+002 
     15.34000000 -0.233053143668207E+005  0.242565076828924E+002 
     15.36000000 -0.233053143666506E+005  0.242565078529865E+002 
     15.38000000 -0.233053143664812E+005  0.242565080223908E+002 
     15.40000000 -0.233053143663128E+005  0.242565081907556E+002 
     15.42000000 -0.233053143661456E+005  0.242565083578953E+002 
     15.44000000 -0.233053143659800E+005  0.242565085235904E+002 
     15.46000000 -0.233053143658158E+005  0.242565086877046E+002 
     15.48000000 -0.233053143656533E+005  0.242565088502380E+002 
     15.50000000 -0.233053143654923E+005  0.242565090112153E+002 
     15.52000000 -0.233053143653328E+005  0.242565091707449E+002 
     15.54000000 -0.233053143651745E+005  0.242565093290370E+002 
     15.56000000 -0.233053143650172E+005  0.242565094863051E+002 
     15.58000000 -0.233053143648607E+005  0.242565096428215E+002 
     15.60000000 -0.233053143647047E+005  0.242565097988213E+002 
     15.62000000 -0.233053143645490E+005  0.242565099545086E+002 
     15.64000000 -0.233053143643934E+005  0.242565101101031E+002 
     15.66000000 -0.233053143642378E+005  0.242565102657781E+002 
     15.68000000 -0.233053143640819E+005  0.242565104216356E+002 
     15.70000000 -0.233053143639258E+005  0.242565105777529E+002 
     15.72000000 -0.233053143637694E+005  0.242565107341888E+002 
     15.74000000 -0.233053143636125E+005  0.242565108910579E+002 
     15.76000000 -0.233053143634550E+005  0.242565110484962E+002 
     15.78000000 -0.233053143632969E+005  0.242565112066367E+002 
     15.80000000 -0.233053143631379E+005  0.242565113656930E+002 
     15.82000000 -0.233053143629777E+005  0.242565115258598E+002 
     15.84000000 -0.233053143628161E+005  0.242565116874032E+002 
     15.86000000 -0.233053143626531E+005  0.242565118504502E+002 
     15.88000000 -0.233053143624884E+005  0.242565120151893E+002 
     15.90000000 -0.233053143623219E+005  0.242565121816670E+002 
     15.92000000 -0.233053143621537E+005  0.242565123498338E+002 
     15.94000000 -0.233053143619841E+005  0.242565125194113E+002 
     15.96000000 -0.233053143618134E+005  0.242565126901891E+002 
     15.98000000 -0.233053143616418E+005  0.242565128617248E+002 
     16.00000000 -0.233053143614701E+005  0.242565130334461E+002 
     16.02000000 -0.233053143612987E+005  0.242565132048488E+002 
     16.04000000 -0.233053143611282E+005  0.242565133753791E+002 
     16.06000000 -0.233053143609590E+005  0.242565135445482E+002 
     16.08000000 -0.233053143607916E+005  0.242565137119726E+002 
     16.10000000 -0.233053143606261E+005  0.242565138774418E+002 
     16.12000000 -0.233053143604627E+005  0.242565140408445E+002 
     16.14000000 -0.233053143603013E+005  0.242565142022859E+002 
     16.16000000 -0.233053143601416E+005  0.242565143619701E+002 
     16.18000000 -0.233053143599833E+005  0.242565145202839E+002 
     16.20000000 -0.233053143598260E+005  0.242565146775613E+002 
     16.22000000 -0.233053143596693E+005  0.242565148342231E+002 
     16.24000000 -0.233053143595129E+005  0.242565149906838E+002 
     16.26000000 -0.233053143593563E+005  0.242565151472250E+002 
     16.28000000 -0.233053143591995E+005  0.242565153040569E+002 
     16.30000000 -0.233053143590423E+005  0.242565154612601E+002 
     16.32000000 -0.233053143588847E+005  0.242565156188345E+002 
     16.34000000 -0.233053143587270E+005  0.242565157765450E+002 
     16.36000000 -0.233053143585693E+005  0.242565159342370E+002 
     16.38000000 -0.233053143584120E+005  0.242565160915391E+002 
     16.40000000 -0.233053143582553E+005  0.242565162481978E+002 
     16.42000000 -0.233053143580997E+005  0.242565164038666E+002 
     16.44000000 -0.233053143579452E+005  0.242565165583165E+002 
     16.46000000 -0.233053143577922E+005  0.242565167113743E+002 
     16.48000000 -0.233053143576406E+005  0.242565168629440E+002 
     16.50000000 -0.233053143574904E+005  0.242565170131062E+002 
     16.52000000 -0.233053143573415E+005  0.242565171619970E+002 
     16.54000000 -0.233053143571937E+005  0.242565173098885E+002 
     16.56000000 -0.233053143570464E+005  0.242565174571303E+002 
     16.58000000 -0.233053143568995E+005  0.242565176040412E+002 
     16.60000000 -0.233053143567526E+005  0.242565177509768E+002 
     16.62000000 -0.233053143566053E+005  0.242565178982001E+002 
     16.64000000 -0.233053143564576E+005  0.242565180459647E+002 
     16.66000000 -0.233053143563091E+005  0.242565181944440E+002 
     16.68000000 -0.233053143561599E+005  0.242565183436008E+002 
     16.70000000 -0.233053143560101E+005  0.242565184934289E+002 
     16.72000000 -0.233053143558598E+005  0.242565186437798E+002 
     16.74000000 -0.233053143557091E+005  0.242565187944153E+002 
     16.76000000 -0.233053143555584E+005  0.242565189451344E+002 
     16.78000000 -0.233053143554079E+005  0.242565190956183E+002 
     16.80000000 -0.233053143552579E+005  0.242565192456877E+002 
     16.82000000 -0.233053143551085E+005  0.242565193950424E+002 
     16.84000000 -0.233053143549599E+005  0.242565195436795E+002 
     16.86000000 -0.233053143548120E+005  0.242565196915339E+002 
     16.88000000 -0.233053143546649E+005  0.242565198386520E+002 
     16.90000000 -0.233053143545182E+005  0.242565199853061E+002 
     16.92000000 -0.233053143543718E+005  0.242565201317684E+002 
     16.94000000 -0.233053143542252E+005  0.242565202783729E+002 
     16.96000000 -0.233053143540781E+005  0.242565204254385E+002 
     16.98000000 -0.233053143539303E+005  0.242565205732898E+002 
     17.00000000 -0.233053143537815E+005  0.242565207220784E+002 
     17.02000000 -0.233053143536317E+005  0.242565208718817E+002 
     17.04000000 -0.233053143534810E+005  0.242565210225822E+002 
     17.06000000 -0.233053143533295E+005  0.242565211740190E+002 
     17.08000000 -0.233053143531777E+005  0.242565213258455E+002 
     17.10000000 -0.233053143530259E+005  0.242565214776442E+002 
     17.12000000 -0.233053143528744E+005  0.242565216291521E+002 
     17.14000000 -0.233053143527235E+005  0.242565217800042E+002 
     17.16000000 -0.233053143525736E+005  0.242565219299777E+002 
     17.18000000 -0.233053143524246E+005  0.242565220789581E+002 
     17.20000000 -0.233053143522765E+005  0.242565222270352E+002 
     17.22000000 -0.233053143521293E+005  0.242565223742585E+002 
     17.24000000 -0.233053143519827E+005  0.242565225208569E+002 
     17.26000000 -0.233053143518365E+005  0.242565226670470E+002 
     17.28000000 -0.233053143516904E+005  0.242565228131380E+002 
     17.30000000 -0.233053143515442E+005  0.242565229593250E+002 
     17.32000000 -0.233053143513977E+005  0.242565231058893E+002 
     17.34000000 -0.233053143512506E+005  0.242565232529394E+002 
     17.36000000 -0.233053143511029E+005  0.242565234006638E+002 
     17.38000000 -0.233053143509544E+005  0.242565235491400E+002 
     17.40000000 -0.233053143508051E+005  0.242565236984453E+002 
     17.42000000 -0.233053143506549E+005  0.242565238486786E+002 
     17.44000000 -0.233053143505038E+005  0.242565239997596E+002 
     17.46000000 -0.233053143503518E+005  0.242565241517625E+002 
     17.48000000 -0.233053143501989E+005  0.242565243045976E+002 
     17.50000000 -0.233053143500454E+005  0.242565244581286E+002 
     17.52000000 -0.233053143498913E+005  0.242565246122197E+002 
     17.54000000 -0.233053143497369E+005  0.242565247666139E+002 
     17.56000000 -0.233053143495824E+005  0.242565249211071E+002 
     17.58000000 -0.233053143494282E+005  0.242565250753250E+002 
     17.60000000 -0.233053143492746E+005  0.242565252289891E+002 
     17.62000000 -0.233053143491218E+005  0.242565253817839E+002 
     17.64000000 -0.233053143489701E+005  0.242565255334496E+002 
     17.66000000 -0.233053143488196E+005  0.242565256839180E+002 
     17.68000000 -0.233053143486705E+005  0.242565258330315E+002 
     17.70000000 -0.233053143485226E+005  0.242565259809199E+002 
     17.72000000 -0.233053143483758E+005  0.242565261277565E+002 
     17.74000000 -0.233053143482297E+005  0.242565262738321E+002 
     17.76000000 -0.233053143480840E+005  0.242565264195179E+002 
     17.78000000 -0.233053143479383E+005  0.242565265652161E+002 
     17.80000000 -0.233053143477922E+005  0.242565267113535E+002 
     17.82000000 -0.233053143476452E+005  0.242565268583634E+002 
     17.84000000 -0.233053143474969E+005  0.242565270066106E+002 
     17.86000000 -0.233053143473473E+005  0.242565271562469E+002 
     17.88000000 -0.233053143471960E+005  0.242565273075568E+002 
     17.90000000 -0.233053143470430E+005  0.242565274605032E+002 
     17.92000000 -0.233053143468886E+005  0.242565276149810E+002 
     17.94000000 -0.233053143467327E+005  0.242565277708106E+002 
     17.96000000 -0.233053143465759E+005  0.242565279276859E+002 
     17.98000000 -0.233053143464183E+005  0.242565280852077E+002 
     18.00000000 -0.233053143462605E+005  0.242565282430450E+002 
     18.02000000 -0.233053143461028E+005  0.242565284007555E+002 
     18.04000000 -0.233053143459456E+005  0.242565285579835E+002 
     18.06000000 -0.233053143457890E+005  0.242565287144999E+002 
     18.08000000 -0.233053143456334E+005  0.242565288701068E+002 
     18.10000000 -0.233053143454788E+005  0.242565290247330E+002 
     18.12000000 -0.233053143453251E+005  0.242565291784744E+002 
     18.14000000 -0.233053143451721E+005  0.242565293314858E+002 
     18.16000000 -0.233053143450196E+005  0.242565294839744E+002 
     18.18000000 -0.233053143448673E+005  0.242565296362588E+002 
     18.20000000 -0.233053143447150E+005  0.242565297885648E+002 
     18.22000000 -0.233053143445624E+005  0.242565299411276E+002 
     18.24000000 -0.233053143444095E+005  0.242565300940431E+002 
     18.26000000 -0.233053143442562E+005  0.242565302472989E+002 
     18.28000000 -0.233053143441028E+005  0.242565304007712E+002 
     18.30000000 -0.233053143439493E+005  0.242565305542064E+002 
     18.32000000 -0.233053143437962E+005  0.242565307072951E+002 
     18.34000000 -0.233053143436438E+005  0.242565308597125E+002 
     18.36000000 -0.233053143434924E+005  0.242565310111400E+002 
     18.38000000 -0.233053143433422E+005  0.242565311613269E+002 
     18.40000000 -0.233053143431933E+005  0.242565313102300E+002 
     18.42000000 -0.233053143430457E+005  0.242565314578308E+002 
     18.44000000 -0.233053143428992E+005  0.242565316043333E+002 
     18.46000000 -0.233053143427535E+005  0.242565317500283E+002 
     18.48000000 -0.233053143426082E+005  0.242565318953645E+002 
     18.50000000 -0.233053143424628E+005  0.242565320407688E+002 
     18.52000000 -0.233053143423168E+005  0.242565321867361E+002 
     18.54000000 -0.233053143421698E+005  0.242565323337150E+002 
     18.56000000 -0.233053143420215E+005  0.242565324820427E+002 
     18.58000000 -0.233053143418716E+005  0.242565326319729E+002 
     18.60000000 -0.233053143417199E+005  0.242565327836757E+002 
     18.62000000 -0.233053143415664E+005  0.242565329371449E+002 
     18.64000000 -0.233053143414113E+005  0.242565330922259E+002 
     18.66000000 -0.233053143412548E+005  0.242565332487918E+002 
     18.68000000 -0.233053143410969E+005  0.242565334066075E+002 
     18.70000000 -0.233053143409383E+005  0.242565335652894E+002 
     18.72000000 -0.233053143407789E+005  0.242565337246179E+002 
     18.74000000 -0.233053143406193E+005  0.242565338842371E+002 
     18.76000000 -0.233053143404597E+005  0.242565340438688E+002 
     18.78000000 -0.233053143403003E+005  0.242565342032282E+002 
     18.80000000 -0.233053143401415E+005  0.242565343620895E+002 
     18.82000000 -0.233053143399833E+005  0.242565345202145E+002 
     18.84000000 -0.233053143398260E+005  0.242565346775043E+002 
     18.86000000 -0.233053143396697E+005  0.242565348338166E+002 
     18.88000000 -0.233053143395145E+005  0.242565349890770E+002 
     18.90000000 -0.233053143393602E+005  0.242565351433474E+002 
     18.92000000 -0.233053143392069E+005  0.242565352966249E+002 
     18.94000000 -0.233053143390545E+005  0.242565354490732E+002 
     18.96000000 -0.233053143389028E+005  0.242565356007265E+002 
     18.98000000 -0.233053143387518E+005  0.242565357517673E+002 
     19.00000000 -0.233053143386013E+005  0.242565359022388E+002 
     19.02000000 -0.233053143384512E+005  0.242565360523515E+002 
     19.04000000 -0.233053143383014E+005  0.242565362021487E+002 
     19.06000000 -0.233053143381518E+005  0.242565363517478E+002 
     19.08000000 -0.233053143380023E+005  0.242565365012728E+002 
     19.10000000 -0.233053143378527E+005  0.242565366508905E+002 
     19.12000000 -0.233053143377028E+005  0.242565368007557E+002 
     19.14000000 -0.233053143375524E+005  0.242565369510942E+002 
     19.16000000 -0.233053143374015E+005  0.242565371020453E+002 
     19.18000000 -0.233053143372497E+005  0.242565372538347E+002 
     19.20000000 -0.233053143370970E+005  0.242565374065058E+002 
     19.22000000 -0.233053143369434E+005  0.242565375601482E+002 
     19.24000000 -0.233053143367888E+005  0.242565377147188E+002 
     19.26000000 -0.233053143366336E+005  0.242565378699637E+002 
     19.28000000 -0.233053143364779E+005  0.242565380256882E+002 
     19.30000000 -0.233053143363220E+005  0.242565381815487E+002 
     19.32000000 -0.233053143361663E+005  0.242565383372948E+002 
     19.34000000 -0.233053143360109E+005  0.242565384926016E+002 
     19.36000000 -0.233053143358563E+005  0.242565386472866E+002 
     19.38000000 -0.233053143357022E+005  0.242565388013344E+002 
     19.40000000 -0.233053143355487E+005  0.242565389548253E+002 
     19.42000000 -0.233053143353956E+005  0.242565391079511E+002 
     19.44000000 -0.233053143352425E+005  0.242565392610460E+002 
     19.46000000 -0.233053143350891E+005  0.242565394144843E+002 
     19.48000000 -0.233053143349349E+005  0.242565395686279E+002 
     19.50000000 -0.233053143347797E+005  0.242565397238821E+002 
     19.52000000 -0.233053143346231E+005  0.242565398804573E+002 
     19.54000000 -0.233053143344650E+005  0.242565400385143E+002 
     19.56000000 -0.233053143343055E+005  0.242565401980222E+002 
     19.58000000 -0.233053143341447E+005  0.242565403588603E+002 
     19.60000000 -0.233053143339828E+005  0.242565405207317E+002 
     19.62000000 -0.233053143338203E+005  0.242565406832125E+002 
     19.64000000 -0.233053143336576E+005  0.242565408459161E+002 
     19.66000000 -0.233053143334952E+005  0.242565410083536E+002 
     19.68000000 -0.233053143333334E+005  0.242565411701662E+002 
     19.70000000 -0.233053143331726E+005  0.242565413309950E+002 
     19.72000000 -0.233053143330129E+005  0.242565414906607E+002 
     19.74000000 -0.233053143328545E+005  0.242565416490858E+002 
     19.76000000 -0.233053143326972E+005  0.242565418063849E+002 
     19.78000000 -0.233053143325409E+005  0.242565419626848E+002 
     19.80000000 -0.233053143323853E+005  0.242565421182855E+002 
     19.82000000 -0.233053143322300E+005  0.242565422735459E+002 
     19.84000000 -0.233053143320748E+005  0.242565424287568E+002 
     19.86000000 -0.233053143319193E+005  0.242565425842028E+002 
     19.88000000 -0.233053143317634E+005  0.242565427401438E+002 
     19.90000000 -0.233053143316068E+005  0.242565428966973E+002 
     19.92000000 -0.233053143314496E+005  0.242565430539283E+002 
     19.94000000 -0.233053143312917E+005  0.242565432118802E+002 
     19.96000000 -0.233053143311331E+005  0.242565433704785E+002 
     19.98000000 -0.233053143309739E+005  0.242565435296863E+002 
     20.00000000 -0.233053143308141E+005  0.242565436894634E+002 
     20.02000000 -0.233053143306538E+005  0.242565438497168E+002 
     20.04000000 -0.233053143304931E+005  0.242565440104931E+002 
     20.06000000 -0.233053143303319E+005  0.242565441716746E+002 
     20.08000000 -0.233053143301703E+005  0.242565443332675E+002 
     20.10000000 -0.233053143300084E+005  0.242565444951915E+002 
     20.12000000 -0.233053143298462E+005  0.242565446573382E+002 
     20.14000000 -0.233053143296840E+005  0.242565448195839E+002 
     20.16000000 -0.233053143295219E+005  0.242565449816688E+002 
     20.18000000 -0.233053143293601E+005  0.242565451434319E+002 
     20.20000000 -0.233053143291990E+005  0.242565453045917E+002 
     20.22000000 -0.233053143290386E+005  0.242565454649070E+002 
     20.24000000 -0.233053143288795E+005  0.242565456240623E+002 
     20.26000000 -0.233053143287217E+005  0.242565457818130E+002 
     20.28000000 -0.233053143285656E+005  0.242565459379210E+002 
     20.30000000 -0.233053143284114E+005  0.242565460921822E+002 
     20.32000000 -0.233053143282591E+005  0.242565462444481E+002 
     20.34000000 -0.233053143281089E+005  0.242565463946505E+002 
     20.36000000 -0.233053143279607E+005  0.242565465428235E+002 
     20.38000000 -0.233053143278145E+005  0.242565466890630E+002 
     20.40000000 -0.233053143276699E+005  0.242565468336104E+002 
     20.42000000 -0.233053143275267E+005  0.242565469768028E+002 
     20.44000000 -0.233053143273845E+005  0.242565471190825E+002 
     20.46000000 -0.233053143272426E+005  0.242565472609168E+002 
     20.48000000 -0.233053143271007E+005  0.242565474028470E+002 
     20.50000000 -0.233053143269581E+005  0.242565475454145E+002 
     20.52000000 -0.233053143268145E+005  0.242565476890925E+002 
     20.54000000 -0.233053143266692E+005  0.242565478343174E+002 
     20.56000000 -0.233053143265221E+005  0.242565479814107E+002 
     20.58000000 -0.233053143263729E+005  0.242565481306139E+002 
     20.60000000 -0.233053143262216E+005  0.242565482819517E+002 
     20.62000000 -0.233053143260682E+005  0.242565484353497E+002 
     20.64000000 -0.233053143259129E+005  0.242565485906256E+002 
     20.66000000 -0.233053143257561E+005  0.242565487474576E+002 
     20.68000000 -0.233053143255982E+005  0.242565489053877E+002 
     20.70000000 -0.233053143254397E+005  0.242565490638160E+002 
     20.72000000 -0.233053143252813E+005  0.242565492222163E+002 
     20.74000000 -0.233053143251236E+005  0.242565493799856E+002 
     20.76000000 -0.233053143249671E+005  0.242565495364618E+002 
     20.78000000 -0.233053143248124E+005  0.242565496911375E+002 
     20.80000000 -0.233053143246600E+005  0.242565498435333E+002 
     20.82000000 -0.233053143245102E+005  0.242565499933181E+002 
     20.84000000 -0.233053143243633E+005  0.242565501402444E+002 
     20.86000000 -0.233053143242193E+005  0.242565502842627E+002 
     20.88000000 -0.233053143240781E+005  0.242565504254226E+002 
     20.90000000 -0.233053143239395E+005  0.242565505640179E+002 
     20.92000000 -0.233053143238032E+005  0.242565507003426E+002 
     20.94000000 -0.233053143236686E+005  0.242565508349131E+002 
     20.96000000 -0.233053143235353E+005  0.242565509682401E+002 
     20.98000000 -0.233053143234026E+005  0.242565511009483E+002 
     21.00000000 -0.233053143232698E+005  0.242565512336999E+002 
     21.02000000 -0.233053143231365E+005  0.242565513670763E+002 
     21.04000000 -0.233053143230019E+005  0.242565515016283E+002 
     21.06000000 -0.233053143228658E+005  0.242565516377704E+002 
     21.08000000 -0.233053143227277E+005  0.242565517758801E+002 
     21.10000000 -0.233053143225875E+005  0.242565519160500E+002 
     21.12000000 -0.233053143224452E+005  0.242565520583916E+002 
     21.14000000 -0.233053143223008E+005  0.242565522027039E+002 
     21.16000000 -0.233053143221547E+005  0.242565523488290E+002 
     21.18000000 -0.233053143220071E+005  0.242565524964173E+002 
     21.20000000 -0.233053143218585E+005  0.242565526450946E+002 
     21.22000000 -0.233053143217092E+005  0.242565527943906E+002 
     21.24000000 -0.233053143215596E+005  0.242565529439835E+002 
     21.26000000 -0.233053143214102E+005  0.242565530933352E+002 
     21.28000000 -0.233053143212614E+005  0.242565532421919E+002 
     21.30000000 -0.233053143211133E+005  0.242565533902103E+002 
     21.32000000 -0.233053143209664E+005  0.242565535371892E+002 
     21.34000000 -0.233053143208205E+005  0.242565536830296E+002 
     21.36000000 -0.233053143206759E+005  0.242565538276512E+002 
     21.38000000 -0.233053143205324E+005  0.242565539711066E+002 
     21.40000000 -0.233053143203900E+005  0.242565541135410E+002 
     21.42000000 -0.233053143202484E+005  0.242565542551340E+002 
     21.44000000 -0.233053143201074E+005  0.242565543961206E+002 
     21.46000000 -0.233053143199667E+005  0.242565545368351E+002 
     21.48000000 -0.233053143198259E+005  0.242565546776113E+002 
     21.50000000 -0.233053143196847E+005  0.242565548188145E+002 
     21.52000000 -0.233053143195427E+005  0.242565549608778E+002 
     21.54000000 -0.233053143193993E+005  0.242565551042093E+002 
     21.56000000 -0.233053143192544E+005  0.242565552491619E+002 
     21.58000000 -0.233053143191075E+005  0.242565553960140E+002 
     21.60000000 -0.233053143189585E+005  0.242565555450006E+002 
     21.62000000 -0.233053143188073E+005  0.242565556962456E+002 
     21.64000000 -0.233053143186539E+005  0.242565558496870E+002 
     21.66000000 -0.233053143184984E+005  0.242565560051330E+002 
     21.68000000 -0.233053143183413E+005  0.242565561622310E+002 
     21.70000000 -0.233053143181830E+005  0.242565563205912E+002 
     21.72000000 -0.233053143180239E+005  0.242565564796443E+002 
     21.74000000 -0.233053143178647E+005  0.242565566388212E+002 
     21.76000000 -0.233053143177059E+005  0.242565567976052E+002 
     21.78000000 -0.233053143175481E+005  0.242565569554920E+002 
     21.80000000 -0.233053143173915E+005  0.242565571120610E+002 
     21.82000000 -0.233053143172366E+005  0.242565572669842E+002 
     21.84000000 -0.233053143170834E+005  0.242565574201224E+002 
     21.86000000 -0.233053143169321E+005  0.242565575714726E+002 
     21.88000000 -0.233053143167824E+005  0.242565577211862E+002 
     21.90000000 -0.233053143166340E+005  0.242565578695448E+002 
     21.92000000 -0.233053143164867E+005  0.242565580168826E+002 
     21.94000000 -0.233053143163399E+005  0.242565581636573E+002 
     21.96000000 -0.233053143161934E+005  0.242565583101938E+002 
     21.98000000 -0.233053143160466E+005  0.242565584569407E+002 
     22.00000000 -0.233053143158994E+005  0.242565586041733E+002 
     22.02000000 -0.233053143157515E+005  0.242565587520246E+002 
     22.04000000 -0.233053143156030E+005  0.242565589005658E+002 
     22.06000000 -0.233053143154538E+005  0.242565590497442E+002 
     22.08000000 -0.233053143153042E+005  0.242565591993434E+002 
     22.10000000 -0.233053143151544E+005  0.242565593491096E+002 
     22.12000000 -0.233053143150048E+005  0.242565594987582E+002 
     22.14000000 -0.233053143148555E+005  0.242565596480233E+002 
     22.16000000 -0.233053143147070E+005  0.242565597965583E+002 
     22.18000000 -0.233053143145593E+005  0.242565599442332E+002 
     22.20000000 -0.233053143144127E+005  0.242565600908749E+002 
     22.22000000 -0.233053143142671E+005  0.242565602364586E+002 
     22.24000000 -0.233053143141225E+005  0.242565603809967E+002 
     22.26000000 -0.233053143139789E+005  0.242565605246314E+002 
     22.28000000 -0.233053143138359E+005  0.242565606676258E+002 
     22.30000000 -0.233053143136933E+005  0.242565608101995E+002 
     22.32000000 -0.233053143135508E+005  0.242565609527515E+002 
     22.34000000 -0.233053143134079E+005  0.242565610956066E+002 
     22.36000000 -0.233053143132644E+005  0.242565612391238E+002 
     22.38000000 -0.233053143131199E+005  0.242565613836805E+002 
     22.40000000 -0.233053143129741E+005  0.242565615294683E+002 
     22.42000000 -0.233053143128268E+005  0.242565616767659E+002 
     22.44000000 -0.233053143126779E+005  0.242565618256535E+002 
     22.46000000 -0.233053143125274E+005  0.242565619761065E+002 
     22.48000000 -0.233053143123755E+005  0.242565621280506E+002 
     22.50000000 -0.233053143122222E+005  0.242565622813497E+002 
     22.52000000 -0.233053143120678E+005  0.242565624357192E+002 
     22.54000000 -0.233053143119126E+005  0.242565625909486E+002 
     22.56000000 -0.233053143117568E+005  0.242565627467349E+002 
     22.58000000 -0.233053143116007E+005  0.242565629028399E+002 
     22.60000000 -0.233053143114445E+005  0.242565630590284E+002 
     22.62000000 -0.233053143112885E+005  0.242565632150838E+002 
     22.64000000 -0.233053143111327E+005  0.242565633708083E+002 
     22.66000000 -0.233053143109775E+005  0.242565635260470E+002 
     22.68000000 -0.233053143108229E+005  0.242565636806052E+002 
     22.70000000 -0.233053143106693E+005  0.242565638342941E+002 
     22.72000000 -0.233053143105167E+005  0.242565639868754E+002 
     22.74000000 -0.233053143103654E+005  0.242565641381328E+002 
     22.76000000 -0.233053143102157E+005  0.242565642878247E+002 
     22.78000000 -0.233053143100678E+005  0.242565644356977E+002 
     22.80000000 -0.233053143099220E+005  0.242565645815722E+002 
     22.82000000 -0.233053143097782E+005  0.242565647253709E+002 
     22.84000000 -0.233053143096364E+005  0.242565648671278E+002 
     22.86000000 -0.233053143094966E+005  0.242565650069822E+002 
     22.88000000 -0.233053143093582E+005  0.242565651453703E+002 
     22.90000000 -0.233053143092208E+005  0.242565652827807E+002 
     22.92000000 -0.233053143090836E+005  0.242565654199561E+002 
     22.94000000 -0.233053143089458E+005  0.242565655576945E+002 
     22.96000000 -0.233053143088067E+005  0.242565656968343E+002 
     22.98000000 -0.233053143086653E+005  0.242565658382107E+002 
     23.00000000 -0.233053143085211E+005  0.242565659824301E+002 
     23.02000000 -0.233053143083736E+005  0.242565661299937E+002 
     23.04000000 -0.233053143082225E+005  0.242565662810469E+002 
     23.06000000 -0.233053143080680E+005  0.242565664355586E+002 
     23.08000000 -0.233053143079104E+005  0.242565665931207E+002 
     23.10000000 -0.233053143077503E+005  0.242565667532071E+002 
     23.12000000 -0.233053143075886E+005  0.242565669149702E+002 
     23.14000000 -0.233053143074260E+005  0.242565670775438E+002 
     23.16000000 -0.233053143072635E+005  0.242565672400803E+002 
     23.18000000 -0.233053143071018E+005  0.242565674017382E+002 
     23.20000000 -0.233053143069418E+005  0.242565675617070E+002 
     23.22000000 -0.233053143067840E+005  0.242565677195351E+002 
     23.24000000 -0.233053143066288E+005  0.242565678747862E+002 
     23.26000000 -0.233053143064762E+005  0.242565680272965E+002 
     23.28000000 -0.233053143063265E+005  0.242565681770936E+002 
     23.30000000 -0.233053143061792E+005  0.242565683243355E+002 
     23.32000000 -0.233053143060341E+005  0.242565684693933E+002 
     23.34000000 -0.233053143058908E+005  0.242565686127434E+002 
     23.36000000 -0.233053143057486E+005  0.242565687549520E+002 
     23.38000000 -0.233053143056069E+005  0.242565688966533E+002 
     23.40000000 -0.233053143054650E+005  0.242565690385061E+002 
     23.42000000 -0.233053143053224E+005  0.242565691811571E+002 
     23.44000000 -0.233053143051784E+005  0.242565693251074E+002 
     23.46000000 -0.233053143050327E+005  0.242565694708705E+002 
     23.48000000 -0.233053143048848E+005  0.242565696187652E+002 
     23.50000000 -0.233053143047347E+005  0.242565697688809E+002 
     23.52000000 -0.233053143045823E+005  0.242565699212736E+002 
     23.54000000 -0.233053143044278E+005  0.242565700757885E+002 
     23.56000000 -0.233053143042714E+005  0.242565702321192E+002 
     23.58000000 -0.233053143041136E+005  0.242565703898978E+002 
     23.60000000 -0.233053143039548E+005  0.242565705487344E+002 
     23.62000000 -0.233053143037954E+005  0.242565707081835E+002 
     23.64000000 -0.233053143036359E+005  0.242565708676852E+002 
     23.66000000 -0.233053143034767E+005  0.242565710268343E+002 
     23.68000000 -0.233053143033184E+005  0.242565711851759E+002 
     23.70000000 -0.233053143031613E+005  0.242565713422800E+002 
     23.72000000 -0.233053143030057E+005  0.242565714978282E+002 
     23.74000000 -0.233053143028520E+005  0.242565716515016E+002 
     23.76000000 -0.233053143027004E+005  0.242565718031177E+002 
     23.78000000 -0.233053143025509E+005  0.242565719526179E+002 
     23.80000000 -0.233053143024036E+005  0.242565720999649E+002 
     23.82000000 -0.233053143022581E+005  0.242565722454002E+002 
     23.84000000 -0.233053143021144E+005  0.242565723891834E+002 
     23.86000000 -0.233053143019718E+005  0.242565725317323E+002 
     23.88000000 -0.233053143018300E+005  0.242565726735418E+002 
     23.90000000 -0.233053143016884E+005  0.242565728151194E+002 
     23.92000000 -0.233053143015464E+005  0.242565729571145E+002 
     23.94000000 -0.233053143014035E+005  0.242565731000254E+002 
     23.96000000 -0.233053143012592E+005  0.242565732443654E+002 
     23.98000000 -0.233053143011131E+005  0.242565733904225E+002 
     24.00000000 -0.233053143009650E+005  0.242565735385089E+002 
     24.02000000 -0.233053143008149E+005  0.242565736886216E+002 
     24.04000000 -0.233053143006628E+005  0.242565738407575E+002 
     24.06000000 -0.233053143005090E+005  0.242565739945824E+002 
     24.08000000 -0.233053143003538E+005  0.242565741497810E+002 
     24.10000000 -0.233053143001976E+005  0.242565743059200E+002 
     24.12000000 -0.233053143000410E+005  0.242565744625013E+002 
     24.14000000 -0.233053142998844E+005  0.242565746191600E+002 
     24.16000000 -0.233053142997280E+005  0.242565747755249E+002 
     24.18000000 -0.233053142995722E+005  0.242565749313359E+002 
     24.20000000 -0.233053142994170E+005  0.242565750865468E+002 
     24.22000000 -0.233053142992624E+005  0.242565752411514E+002 
     24.24000000 -0.233053142991082E+005  0.242565753953229E+002 
     24.26000000 -0.233053142989543E+005  0.242565755492623E+002 
     24.28000000 -0.233053142988003E+005  0.242565757032265E+002 
     24.30000000 -0.233053142986461E+005  0.242565758574320E+002 
     24.32000000 -0.233053142984915E+005  0.242565760120706E+002 
     24.34000000 -0.233053142983364E+005  0.242565761671454E+002 
     24.36000000 -0.233053142981809E+005  0.242565763225976E+002 
     24.38000000 -0.233053142980254E+005  0.242565764781921E+002 
     24.40000000 -0.233053142978699E+005  0.242565766336505E+002 
     24.42000000 -0.233053142977149E+005  0.242565767886140E+002 
     24.44000000 -0.233053142975609E+005  0.242565769426926E+002 
     24.46000000 -0.233053142974080E+005  0.242565770955772E+002 
     24.48000000 -0.233053142972565E+005  0.242565772470510E+002 
     24.50000000 -0.233053142971065E+005  0.242565773969936E+002 
     24.52000000 -0.233053142969581E+005  0.242565775454512E+002 
     24.54000000 -0.233053142968110E+005  0.242565776925570E+002 
     24.56000000 -0.233053142966649E+005  0.242565778385985E+002 
     24.58000000 -0.233053142965196E+005  0.242565779839842E+002 
     24.60000000 -0.233053142963744E+005  0.242565781291101E+002 
     24.62000000 -0.233053142962291E+005  0.242565782744123E+002 
     24.64000000 -0.233053142960832E+005  0.242565784203424E+002 
     24.66000000 -0.233053142959363E+005  0.242565785672069E+002 
     24.68000000 -0.233053142957883E+005  0.242565787152871E+002 
     24.70000000 -0.233053142956388E+005  0.242565788647594E+002 
     24.72000000 -0.233053142954879E+005  0.242565790156300E+002 
     24.74000000 -0.233053142953357E+005  0.242565791678340E+002 
     24.76000000 -0.233053142951823E+005  0.242565793212506E+002 
     24.78000000 -0.233053142950280E+005  0.242565794755799E+002 
     24.80000000 -0.233053142948729E+005  0.242565796306299E+002 
     24.82000000 -0.233053142947174E+005  0.242565797861626E+002 
     24.84000000 -0.233053142945615E+005  0.242565799420262E+002 
     24.86000000 -0.233053142944055E+005  0.242565800980415E+002 
     24.88000000 -0.233053142942493E+005  0.242565802542052E+002 
     24.90000000 -0.233053142940931E+005  0.242565804104834E+002 
     24.92000000 -0.233053142939366E+005  0.242565805669348E+002 
     24.94000000 -0.233053142937800E+005  0.242565807235224E+002 
     24.96000000 -0.233053142936234E+005  0.242565808801780E+002 
     24.98000000 -0.233053142934667E+005  0.242565810368181E+002 
     25.00000000 -0.233053142933104E+005  0.242565811931551E+002 
     25.02000000 -0.233053142931546E+005  0.242565813489631E+002 
     25.04000000 -0.233053142929997E+005  0.242565815038894E+002 
     25.06000000 -0.233053142928459E+005  0.242565816576834E+002 
     25.08000000 -0.233053142926934E+005  0.242565818100947E+002 
     25.10000000 -0.233053142925426E+005  0.242565819609869E+002 
     25.12000000 -0.233053142923931E+005  0.242565821104345E+002 
     25.14000000 -0.233053142922450E+005  0.242565822585611E+002 
     25.16000000 -0.233053142920979E+005  0.242565824056112E+002 
     25.18000000 -0.233053142919515E+005  0.242565825520271E+002 
     25.20000000 -0.233053142918054E+005  0.242565826981738E+002 
     25.22000000 -0.233053142916591E+005  0.242565828444505E+002 
     25.24000000 -0.233053142915125E+005  0.242565829910922E+002 
     25.26000000 -0.233053142913651E+005  0.242565831384021E+002 
     25.28000000 -0.233053142912173E+005  0.242565832862812E+002 
     25.30000000 -0.233053142910688E+005  0.242565834346986E+002 
     25.32000000 -0.233053142909203E+005  0.242565835832800E+002 
     25.34000000 -0.233053142907718E+005  0.242565837317624E+002 
     25.36000000 -0.233053142906239E+005  0.242565838796539E+002 
     25.38000000 -0.233053142904770E+005  0.242565840265833E+002 
     25.40000000 -0.233053142903313E+005  0.242565841722134E+002 
     25.42000000 -0.233053142901872E+005  0.242565843163122E+002 
     25.44000000 -0.233053142900447E+005  0.242565844588673E+002 
     25.46000000 -0.233053142899036E+005  0.242565845999931E+002 
     25.48000000 -0.233053142897635E+005  0.242565847400053E+002 
     25.50000000 -0.233053142896242E+005  0.242565848793214E+002 
     25.52000000 -0.233053142894851E+005  0.242565850184303E+002 
     25.54000000 -0.233053142893457E+005  0.242565851578083E+002 
     25.56000000 -0.233053142892055E+005  0.242565852980215E+002 
     25.58000000 -0.233053142890641E+005  0.242565854394011E+002 
     25.60000000 -0.233053142889213E+005  0.242565855822531E+002 
     25.62000000 -0.233053142887768E+005  0.242565857267231E+002 
     25.64000000 -0.233053142886308E+005  0.242565858727956E+002 
     25.66000000 -0.233053142884832E+005  0.242565860203654E+002 
     25.68000000 -0.233053142883344E+005  0.242565861691664E+002 
     25.70000000 -0.233053142881846E+005  0.242565863189512E+002 
     25.72000000 -0.233053142880343E+005  0.242565864692774E+002 
     25.74000000 -0.233053142878837E+005  0.242565866198541E+002 
     25.76000000 -0.233053142877332E+005  0.242565867703566E+002 
     25.78000000 -0.233053142875831E+005  0.242565869204631E+002 
     25.80000000 -0.233053142874335E+005  0.242565870700313E+002 
     25.82000000 -0.233053142872846E+005  0.242565872189251E+002 
     25.84000000 -0.233053142871365E+005  0.242565873670796E+002 
     25.86000000 -0.233053142869890E+005  0.242565875145504E+002 
     25.88000000 -0.233053142868422E+005  0.242565876613653E+002 
     25.90000000 -0.233053142866959E+005  0.242565878076915E+002 
     25.92000000 -0.233053142865500E+005  0.242565879535907E+002 
     25.94000000 -0.233053142864043E+005  0.242565880992054E+002 
     25.96000000 -0.233053142862589E+005  0.242565882446591E+002 
     25.98000000 -0.233053142861135E+005  0.242565883900046E+002 
     26.00000000 -0.233053142859683E+005  0.242565885352914E+002 
     26.02000000 -0.233053142858230E+005  0.242565886805657E+002 
     26.04000000 -0.233053142856778E+005  0.242565888257658E+002 
     26.06000000 -0.233053142855327E+005  0.242565889708174E+002 
     26.08000000 -0.233053142853880E+005  0.242565891155937E+002 
     26.10000000 -0.233053142852435E+005  0.242565892600390E+002 
     26.12000000 -0.233053142850996E+005  0.242565894039398E+002 
     26.14000000 -0.233053142849563E+005  0.242565895472373E+002 
     26.16000000 -0.233053142848137E+005  0.242565896898914E+002 
     26.18000000 -0.233053142846716E+005  0.242565898319082E+002 
     26.20000000 -0.233053142845301E+005  0.242565899734486E+002 
     26.22000000 -0.233053142843888E+005  0.242565901147601E+002 
     26.24000000 -0.233053142842474E+005  0.242565902561427E+002 
     26.26000000 -0.233053142841056E+005  0.242565903979120E+002 
     26.28000000 -0.233053142839631E+005  0.242565905404238E+002 
     26.30000000 -0.233053142838195E+005  0.242565906839998E+002 
     26.32000000 -0.233053142836748E+005  0.242565908287729E+002 
     26.34000000 -0.233053142835287E+005  0.242565909748887E+002 
     26.36000000 -0.233053142833814E+005  0.242565911221492E+002 
     26.38000000 -0.233053142832331E+005  0.242565912703995E+002 
     26.40000000 -0.233053142830843E+005  0.242565914192562E+002 
     26.42000000 -0.233053142829352E+005  0.242565915683604E+002 
     26.44000000 -0.233053142827863E+005  0.242565917172419E+002 
     26.46000000 -0.233053142826381E+005  0.242565918654922E+002 
     26.48000000 -0.233053142824907E+005  0.242565920127960E+002 
     26.50000000 -0.233053142823446E+005  0.242565921588994E+002 
     26.52000000 -0.233053142821999E+005  0.242565923036416E+002 
     26.54000000 -0.233053142820566E+005  0.242565924469918E+002 
     26.56000000 -0.233053142819145E+005  0.242565925890890E+002 
     26.58000000 -0.233053142817735E+005  0.242565927300385E+002 
     26.60000000 -0.233053142816335E+005  0.242565928700445E+002 
     26.62000000 -0.233053142814941E+005  0.242565930094627E+002 
     26.64000000 -0.233053142813550E+005  0.242565931484973E+002 
     26.66000000 -0.233053142812160E+005  0.242565932874979E+002 
     26.68000000 -0.233053142810767E+005  0.242565934268078E+002 
     26.70000000 -0.233053142809368E+005  0.242565935667179E+002 
     26.72000000 -0.233053142807960E+005  0.242565937075004E+002 
     26.74000000 -0.233053142806542E+005  0.242565938493409E+002 
     26.76000000 -0.233053142805111E+005  0.242565939923940E+002 
     26.78000000 -0.233053142803668E+005  0.242565941367465E+002 
     26.80000000 -0.233053142802212E+005  0.242565942823116E+002 
     26.82000000 -0.233053142800745E+005  0.242565944290709E+002 
     26.84000000 -0.233053142799267E+005  0.242565945768386E+002 
     26.86000000 -0.233053142797782E+005  0.242565947253581E+002 
     26.88000000 -0.233053142796292E+005  0.242565948743726E+002 
     26.90000000 -0.233053142794799E+005  0.242565950236593E+002 
     26.92000000 -0.233053142793306E+005  0.242565951729584E+002 
     26.94000000 -0.233053142791815E+005  0.242565953220069E+002 
     26.96000000 -0.233053142790329E+005  0.242565954706409E+002 
     26.98000000 -0.233053142788848E+005  0.242565956187644E+002 
     27.00000000 -0.233053142787372E+005  0.242565957663187E+002 
     27.02000000 -0.233053142785902E+005  0.242565959133874E+002 
     27.04000000 -0.233053142784435E+005  0.242565960600755E+002 
     27.06000000 -0.233053142782970E+005  0.242565962065903E+002 
     27.08000000 -0.233053142781504E+005  0.242565963531887E+002 
     27.10000000 -0.233053142780035E+005  0.242565965000624E+002 
     27.12000000 -0.233053142778561E+005  0.242565966474435E+002 
     27.14000000 -0.233053142777080E+005  0.242565967955021E+002 
     27.16000000 -0.233053142775593E+005  0.242565969442907E+002 
     27.18000000 -0.233053142774097E+005  0.242565970937971E+002 
     27.20000000 -0.233053142772596E+005  0.242565972439314E+002 
     27.22000000 -0.233053142771089E+005  0.242565973946010E+002 
     27.24000000 -0.233053142769580E+005  0.242565975455582E+002 
     27.26000000 -0.233053142768069E+005  0.242565976966237E+002 
     27.28000000 -0.233053142766559E+005  0.242565978476274E+002 
     27.30000000 -0.233053142765051E+005  0.242565979984083E+002 
     27.32000000 -0.233053142763546E+005  0.242565981489386E+002 
     27.34000000 -0.233053142762044E+005  0.242565982991163E+002 
     27.36000000 -0.233053142760546E+005  0.242565984489722E+002 
     27.38000000 -0.233053142759049E+005  0.242565985985961E+002 
     27.40000000 -0.233053142757556E+005  0.242565987479818E+002 
     27.42000000 -0.233053142756063E+005  0.242565988972809E+002 
     27.44000000 -0.233053142754570E+005  0.242565990465676E+002 
     27.46000000 -0.233053142753077E+005  0.242565991958884E+002 
     27.48000000 -0.233053142751582E+005  0.242565993453081E+002 
     27.50000000 -0.233053142750086E+005  0.242565994948980E+002 
     27.52000000 -0.233053142748589E+005  0.242565996446240E+002 
     27.54000000 -0.233053142747090E+005  0.242565997945851E+002 
     27.56000000 -0.233053142745587E+005  0.242565999448649E+002 
     27.58000000 -0.233053142744079E+005  0.242566000955994E+002 
     27.60000000 -0.233053142742567E+005  0.242566002468876E+002 
     27.62000000 -0.233053142741046E+005  0.242566003989555E+002 
     27.64000000 -0.233053142739516E+005  0.242566005519730E+002 
     27.66000000 -0.233053142737974E+005  0.242566007060981E+002 
     27.68000000 -0.233053142736421E+005  0.242566008614699E+002 
     27.70000000 -0.233053142734854E+005  0.242566010181409E+002 
     27.72000000 -0.233053142733275E+005  0.242566011760278E+002 
     27.74000000 -0.233053142731684E+005  0.242566013351768E+002 
     27.76000000 -0.233053142730082E+005  0.242566014953467E+002 
     27.78000000 -0.233053142728472E+005  0.242566016563550E+002 
     27.80000000 -0.233053142726856E+005  0.242566018178985E+002 
     27.82000000 -0.233053142725238E+005  0.242566019797606E+002 
     27.84000000 -0.233053142723619E+005  0.242566021416351E+002 
     27.86000000 -0.233053142722003E+005  0.242566023032528E+002 
     27.88000000 -0.233053142720392E+005  0.242566024643910E+002 
     27.90000000 -0.233053142718788E+005  0.242566026247898E+002 
     27.92000000 -0.233053142717192E+005  0.242566027843410E+002 
     27.94000000 -0.233053142715607E+005  0.242566029428837E+002 
     27.96000000 -0.233053142714032E+005  0.242566031003777E+002 
     27.98000000 -0.233053142712467E+005  0.242566032568384E+002 
     28.00000000 -0.233053142710913E+005  0.242566034122442E+002 
     28.02000000 -0.233053142709368E+005  0.242566035667590E+002 
     28.04000000 -0.233053142707831E+005  0.242566037204696E+002 
     28.06000000 -0.233053142706299E+005  0.242566038736109E+002 
     28.08000000 -0.233053142704773E+005  0.242566040262912E+002 
     28.10000000 -0.233053142703248E+005  0.242566041787551E+002 
     28.12000000 -0.233053142701723E+005  0.242566043311972E+002 
     28.14000000 -0.233053142700198E+005  0.242566044837879E+002 
     28.16000000 -0.233053142698669E+005  0.242566046366786E+002 
     28.18000000 -0.233053142697135E+005  0.242566047900829E+002 
     28.20000000 -0.233053142695594E+005  0.242566049441368E+002 
     28.22000000 -0.233053142694045E+005  0.242566050990136E+002 
     28.24000000 -0.233053142692487E+005  0.242566052548556E+002 
     28.26000000 -0.233053142690918E+005  0.242566054117401E+002 
     28.28000000 -0.233053142689338E+005  0.242566055697693E+002 
     28.30000000 -0.233053142687746E+005  0.242566057289214E+002 
     28.32000000 -0.233053142686144E+005  0.242566058891501E+002 
     28.34000000 -0.233053142684532E+005  0.242566060503038E+002 
     28.36000000 -0.233053142682915E+005  0.242566062120947E+002 
     28.38000000 -0.233053142681293E+005  0.242566063742229E+002 
     28.40000000 -0.233053142679673E+005  0.242566065362396E+002 
     28.42000000 -0.233053142678058E+005  0.242566066977367E+002 
     28.44000000 -0.233053142676454E+005  0.242566068581758E+002 
     28.46000000 -0.233053142674864E+005  0.242566070171763E+002 
     28.48000000 -0.233053142673292E+005  0.242566071743733E+002 
     28.50000000 -0.233053142671739E+005  0.242566073296337E+002 
     28.52000000 -0.233053142670207E+005  0.242566074828369E+002 
     28.54000000 -0.233053142668693E+005  0.242566076342117E+002 
     28.56000000 -0.233053142667196E+005  0.242566077839749E+002 
     28.58000000 -0.233053142665709E+005  0.242566079325996E+002 
     28.60000000 -0.233053142664230E+005  0.242566080805591E+002 
     28.62000000 -0.233053142662751E+005  0.242566082283949E+002 
     28.64000000 -0.233053142661270E+005  0.242566083765680E+002 
     28.66000000 -0.233053142659781E+005  0.242566085254773E+002 
     28.68000000 -0.233053142658281E+005  0.242566086754044E+002 
     28.70000000 -0.233053142656770E+005  0.242566088265379E+002 
     28.72000000 -0.233053142655247E+005  0.242566089788471E+002 
     28.74000000 -0.233053142653713E+005  0.242566091322575E+002 
     28.76000000 -0.233053142652170E+005  0.242566092865187E+002 
     28.78000000 -0.233053142650623E+005  0.242566094412377E+002 
     28.80000000 -0.233053142649075E+005  0.242566095960465E+002 
     28.82000000 -0.233053142647530E+005  0.242566097505180E+002 
     28.84000000 -0.233053142645993E+005  0.242566099042533E+002 
     28.86000000 -0.233053142644467E+005  0.242566100568347E+002 
     28.88000000 -0.233053142642956E+005  0.242566102079373E+002 
     28.90000000 -0.233053142641461E+005  0.242566103573942E+002 
     28.92000000 -0.233053142639985E+005  0.242566105050939E+002 
     28.94000000 -0.233053142638524E+005  0.242566106510952E+002 
     28.96000000 -0.233053142637080E+005  0.242566107955590E+002 
     28.98000000 -0.233053142635648E+005  0.242566109387545E+002 
     29.00000000 -0.233053142634224E+005  0.242566110810961E+002 
     29.02000000 -0.233053142632806E+005  0.242566112229706E+002 
     29.04000000 -0.233053142631387E+005  0.242566113648297E+002 
     29.06000000 -0.233053142629964E+005  0.242566115071063E+002 
     29.08000000 -0.233053142628534E+005  0.242566116501595E+002 
     29.10000000 -0.233053142627092E+005  0.242566117943202E+002 
     29.12000000 -0.233053142625638E+005  0.242566119397399E+002 
     29.14000000 -0.233053142624170E+005  0.242566120865796E+002 
     29.16000000 -0.233053142622688E+005  0.242566122347866E+002 
     29.18000000 -0.233053142621193E+005  0.242566123842342E+002 
     29.20000000 -0.233053142619688E+005  0.242566125347831E+002 
     29.22000000 -0.233053142618174E+005  0.242566126861425E+002 
     29.24000000 -0.233053142616656E+005  0.242566128379691E+002 
     29.26000000 -0.233053142615136E+005  0.242566129899472E+002 
     29.28000000 -0.233053142613618E+005  0.242566131417304E+002 
     29.30000000 -0.233053142612105E+005  0.242566132930496E+002 
     29.32000000 -0.233053142610599E+005  0.242566134436387E+002 
     29.34000000 -0.233053142609102E+005  0.242566135933431E+002 
     29.36000000 -0.233053142607615E+005  0.242566137420575E+002 
     29.38000000 -0.233053142606137E+005  0.242566138898500E+002 
     29.40000000 -0.233053142604667E+005  0.242566140368196E+002 
     29.42000000 -0.233053142603205E+005  0.242566141830901E+002 
     29.44000000 -0.233053142601746E+005  0.242566143289305E+002 
     29.46000000 -0.233053142600290E+005  0.242566144745792E+002 
     29.48000000 -0.233053142598833E+005  0.242566146202743E+002 
     29.50000000 -0.233053142597373E+005  0.242566147662756E+002 
     29.52000000 -0.233053142595908E+005  0.242566149127843E+002 
     29.54000000 -0.233053142594435E+005  0.242566150600076E+002 
     29.56000000 -0.233053142592955E+005  0.242566152080136E+002 
     29.58000000 -0.233053142591466E+005  0.242566153569198E+002 
     29.60000000 -0.233053142589969E+005  0.242566155066829E+002 
     29.62000000 -0.233053142588463E+005  0.242566156572720E+002 
     29.64000000 -0.233053142586950E+005  0.242566158085726E+002 
     29.66000000 -0.233053142585432E+005  0.242566159603806E+002 
     29.68000000 -0.233053142583911E+005  0.242566161124856E+002 
     29.70000000 -0.233053142582389E+005  0.242566162646215E+002 
     29.72000000 -0.233053142580870E+005  0.242566164165315E+002 
     29.74000000 -0.233053142579357E+005  0.242566165678291E+002 
     29.76000000 -0.233053142577852E+005  0.242566167183130E+002 
     29.78000000 -0.233053142576358E+005  0.242566168677018E+002 
     29.80000000 -0.233053142574878E+005  0.242566170157170E+002 
     29.82000000 -0.233053142573413E+005  0.242566171622536E+002 
     29.84000000 -0.233053142571964E+005  0.242566173071814E+002 
     29.86000000 -0.233053142570531E+005  0.242566174504326E+002 
     29.88000000 -0.233053142569115E+005  0.242566175920286E+002 
     29.90000000 -0.233053142567715E+005  0.242566177320841E+002 
     29.92000000 -0.233053142566328E+005  0.242566178707197E+002 
     29.94000000 -0.233053142564953E+005  0.242566180082415E+002 
     29.96000000 -0.233053142563586E+005  0.242566181449033E+002 
     29.98000000 -0.233053142562224E+005  0.242566182811290E+002 
     30.00000000 -0.233053142560862E+005  0.242566184173113E+002 
