# Real time calculation: 
# Eall: Total energy
# Eall0: Initial total energy
# 1:Time[fs] 2:Eall[eV] 3:Eall-Eall0[eV] 
      0.00000000 -0.233295708745035E+005  0.000000000000000E+000 
      0.02000000 -0.233295708745252E+005 -0.216271920276711E-007 
      0.04000000 -0.233295708745262E+005 -0.226202300252226E-007 
      0.06000000 -0.233295708745267E+005 -0.231554187279528E-007 
      0.08000000 -0.233295708745264E+005 -0.228553418252659E-007 
      0.10000000 -0.233295708745244E+005 -0.208073943038357E-007 
      0.12000000 -0.233295708745190E+005 -0.154121972081043E-007 
      0.14000000 -0.233295708745076E+005 -0.408970789022760E-008 
      0.16000000 -0.233295708744866E+005  0.169033009925897E-007 
      0.18000000 -0.233295708744509E+005  0.526526689044431E-007 
      0.20000000 -0.233295708743937E+005  0.109852894993935E-006 
      0.22000000 -0.233295708743065E+005  0.197026782012637E-006 
      0.24000000 -0.233295708741790E+005  0.324571839959833E-006 
      0.26000000 -0.233295708739984E+005  0.505187199614181E-006 
      0.28000000 -0.233295708737498E+005  0.753768430938953E-006 
      0.30000000 -0.233295708734161E+005  0.108746632103205E-005 
      0.32000000 -0.233295708729774E+005  0.152609831977607E-005 
      0.34000000 -0.233295708724119E+005  0.209164738047506E-005 
      0.36000000 -0.233295708716949E+005  0.280869506053882E-005 
      0.38000000 -0.233295708707994E+005  0.370411835100389E-005 
      0.40000000 -0.233295708696965E+005  0.480700924354931E-005 
      0.42000000 -0.233295708683549E+005  0.614864998188610E-005 
      0.44000000 -0.233295708667413E+005  0.776226248207567E-005 
      0.46000000 -0.233295708648207E+005  0.968286912159551E-005 
      0.48000000 -0.233295708625565E+005  0.119470947504550E-004 
      0.50000000 -0.233295708599106E+005  0.145929872637691E-004 
      0.52000000 -0.233295708568439E+005  0.176596092496844E-004 
      0.54000000 -0.233295708533164E+005  0.211871246095163E-004 
      0.56000000 -0.233295708492873E+005  0.252161984039432E-004 
      0.58000000 -0.233295708447156E+005  0.297879287943281E-004 
      0.60000000 -0.233295708395600E+005  0.349435407786627E-004 
      0.62000000 -0.233295708337794E+005  0.407241108632757E-004 
      0.64000000 -0.233295708273333E+005  0.471702886409640E-004 
      0.66000000 -0.233295708201815E+005  0.543220740534982E-004 
      0.68000000 -0.233295708122849E+005  0.622186812742644E-004 
      0.70000000 -0.233295708036054E+005  0.708981241690381E-004 
      0.72000000 -0.233295707941063E+005  0.803972286702892E-004 
      0.74000000 -0.233295707837521E+005  0.907514842855190E-004 
      0.76000000 -0.233295707725087E+005  0.101994802798307E-003 
      0.78000000 -0.233295707603440E+005  0.114159505894008E-003 
      0.80000000 -0.233295707472273E+005  0.127276263288221E-003 
      0.82000000 -0.233295707331296E+005  0.141373956609435E-003 
      0.84000000 -0.233295707180237E+005  0.156479858826457E-003 
      0.86000000 -0.233295707018842E+005  0.172619300142164E-003 
      0.88000000 -0.233295706846875E+005  0.189816073252005E-003 
      0.90000000 -0.233295706664113E+005  0.208092238448692E-003 
      0.92000000 -0.233295706470352E+005  0.227468306143204E-003 
      0.94000000 -0.233295706265401E+005  0.247963400824327E-003 
      0.96000000 -0.233295706049083E+005  0.269595214655014E-003 
      0.98000000 -0.233295705821231E+005  0.292380400356578E-003 
      1.00000000 -0.233295705581690E+005  0.316334530992194E-003 
      1.02000000 -0.233295705330312E+005  0.341472378388772E-003 
      1.04000000 -0.233295705066954E+005  0.367808108032267E-003 
      1.06000000 -0.233295704791482E+005  0.395355359500655E-003 
      1.08000000 -0.233295704503761E+005  0.424127425891370E-003 
      1.10000000 -0.233295704203661E+005  0.454137461090907E-003 
      1.12000000 -0.233295703891048E+005  0.485398711793054E-003 
      1.14000000 -0.233295703565791E+005  0.517924406130140E-003 
      1.16000000 -0.233295703227754E+005  0.551728189867295E-003 
      1.18000000 -0.233295702876796E+005  0.586823965536486E-003 
      1.20000000 -0.233295702512774E+005  0.623226180139110E-003 
      1.22000000 -0.233295702135537E+005  0.660949825145995E-003 
      1.24000000 -0.233295701744930E+005  0.700010520023964E-003 
      1.26000000 -0.233295701340790E+005  0.740424580294509E-003 
      1.28000000 -0.233295700922945E+005  0.782208998972336E-003 
      1.30000000 -0.233295700491221E+005  0.825381492969007E-003 
      1.32000000 -0.233295700045432E+005  0.869960366975589E-003 
      1.34000000 -0.233295699585388E+005  0.915964742387290E-003 
      1.36000000 -0.233295699110893E+005  0.963414207729348E-003 
      1.38000000 -0.233295698621747E+005  0.101232888980928E-002 
      1.40000000 -0.233295698117742E+005  0.106272938565819E-002 
      1.42000000 -0.233295697598670E+005  0.111463652123185E-002 
      1.44000000 -0.233295697064321E+005  0.116807146587298E-002 
      1.46000000 -0.233295696514483E+005  0.122305528374274E-002 
      1.48000000 -0.233295695948946E+005  0.127960896475642E-002 
      1.50000000 -0.233295695367503E+005  0.133775326990468E-002 
      1.52000000 -0.233295694769952E+005  0.139750839405371E-002 
      1.54000000 -0.233295694156096E+005  0.145889393191591E-002 
      1.56000000 -0.233295693525749E+005  0.152192868934170E-002 
      1.58000000 -0.233295692878731E+005  0.158663041417841E-002 
      1.60000000 -0.233295692214879E+005  0.165301567252721E-002 
      1.62000000 -0.233295691534039E+005  0.172109964456709E-002 
      1.64000000 -0.233295690836076E+005  0.179089589872377E-002 
      1.66000000 -0.233295690120873E+005  0.186241624627162E-002 
      1.68000000 -0.233295689388330E+005  0.193567050622188E-002 
      1.70000000 -0.233295688638372E+005  0.201066631970804E-002 
      1.72000000 -0.233295687870945E+005  0.208740909120793E-002 
      1.74000000 -0.233295687086019E+005  0.216590167609249E-002 
      1.76000000 -0.233295686283593E+005  0.224614429400564E-002 
      1.78000000 -0.233295685463692E+005  0.232813434943685E-002 
      1.80000000 -0.233295684626372E+005  0.241186639150465E-002 
      1.82000000 -0.233295683771717E+005  0.249733188812556E-002 
      1.84000000 -0.233295682899842E+005  0.258451935594429E-002 
      1.86000000 -0.233295682010894E+005  0.267341410047334E-002 
      1.88000000 -0.233295681105053E+005  0.276399826559021E-002 
      1.90000000 -0.233295680182528E+005  0.285625079022735E-002 
      1.92000000 -0.233295679243561E+005  0.295014747643079E-002 
      1.94000000 -0.233295678288427E+005  0.304566085943001E-002 
      1.96000000 -0.233295677317432E+005  0.314276038087816E-002 
      1.98000000 -0.233295676330911E+005  0.324141242597498E-002 
      2.00000000 -0.233295675329232E+005  0.334158035130900E-002 
      2.02000000 -0.233295674312790E+005  0.344322458694556E-002 
      2.04000000 -0.233295673282006E+005  0.354630289938079E-002 
      2.06000000 -0.233295672237332E+005  0.365077033895082E-002 
      2.08000000 -0.233295671179241E+005  0.375657949041143E-002 
      2.10000000 -0.233295670108230E+005  0.386368056265183E-002 
      2.12000000 -0.233295669024818E+005  0.397202173517513E-002 
      2.14000000 -0.233295667929544E+005  0.408154910860118E-002 
      2.16000000 -0.233295666822966E+005  0.419220693049759E-002 
      2.18000000 -0.233295665705656E+005  0.430393798207684E-002 
      2.20000000 -0.233295664578201E+005  0.441668347920174E-002 
      2.22000000 -0.233295663441201E+005  0.453038344361468E-002 
      2.24000000 -0.233295662295268E+005  0.464497675862195E-002 
      2.26000000 -0.233295661141021E+005  0.476040145370279E-002 
      2.28000000 -0.233295659979088E+005  0.487659475710016E-002 
      2.30000000 -0.233295658810103E+005  0.499349329071606E-002 
      2.32000000 -0.233295657634703E+005  0.511103323407109E-002 
      2.34000000 -0.233295656453531E+005  0.522915047588967E-002 
      2.36000000 -0.233295655267230E+005  0.534778058935144E-002 
      2.38000000 -0.233295654076444E+005  0.546685914763602E-002 
      2.40000000 -0.233295652881819E+005  0.558632163730292E-002 
      2.42000000 -0.233295651683999E+005  0.570610359750244E-002 
      2.44000000 -0.233295650483628E+005  0.582614073753156E-002 
      2.46000000 -0.233295649281347E+005  0.594636880999735E-002 
      2.48000000 -0.233295648077797E+005  0.606672383974159E-002 
      2.50000000 -0.233295646873616E+005  0.618714198462984E-002 
      2.52000000 -0.233295645669441E+005  0.630755948296063E-002 
      2.54000000 -0.233295644465908E+005  0.642791277411498E-002 
      2.56000000 -0.233295643263652E+005  0.654813838409403E-002 
      2.58000000 -0.233295642063307E+005  0.666817280796314E-002 
      2.60000000 -0.233295640865510E+005  0.678795252841341E-002 
      2.62000000 -0.233295639670897E+005  0.690741386417634E-002 
      2.64000000 -0.233295638480105E+005  0.702649308448626E-002 
      2.66000000 -0.233295637293775E+005  0.714512606878684E-002 
      2.68000000 -0.233295636112551E+005  0.726324843356780E-002 
      2.70000000 -0.233295634937081E+005  0.738079540862180E-002 
      2.72000000 -0.233295633768018E+005  0.749770172567571E-002 
      2.74000000 -0.233295632606019E+005  0.761390162148421E-002 
      2.76000000 -0.233295631451748E+005  0.772932869552524E-002 
      2.78000000 -0.233295630305877E+005  0.784391588215783E-002 
      2.80000000 -0.233295629169081E+005  0.795759540731205E-002 
      2.82000000 -0.233295628042049E+005  0.807029868640096E-002 
      2.84000000 -0.233295626925471E+005  0.818195642640866E-002 
      2.86000000 -0.233295625820051E+005  0.829249844027567E-002 
      2.88000000 -0.233295624726497E+005  0.840185382941999E-002 
      2.90000000 -0.233295623645527E+005  0.850995079812245E-002 
      2.92000000 -0.233295622577867E+005  0.861671683604778E-002 
      2.94000000 -0.233295621524249E+005  0.872207862543729E-002 
      2.96000000 -0.233295620485414E+005  0.882596214319687E-002 
      2.98000000 -0.233295619462107E+005  0.892829279701439E-002 
      3.00000000 -0.233295618455082E+005  0.902899536967528E-002 
      3.02000000 -0.233295617465093E+005  0.912799426036154E-002 
      3.04000000 -0.233295616492900E+005  0.922521354342962E-002 
      3.06000000 -0.233295615539265E+005  0.932057699934625E-002 
      3.08000000 -0.233295614604951E+005  0.941400846426251E-002 
      3.10000000 -0.233295613690716E+005  0.950543191663401E-002 
      3.12000000 -0.233295612797321E+005  0.959477146794014E-002 
      3.14000000 -0.233295611925517E+005  0.968195184218837E-002 
      3.16000000 -0.233295611076051E+005  0.976689840066294E-002 
      3.18000000 -0.233295610249663E+005  0.984953724091922E-002 
      3.20000000 -0.233295609447079E+005  0.992979566391377E-002 
      3.22000000 -0.233295608669015E+005  0.100076020533549E-001 
      3.24000000 -0.233295607916172E+005  0.100828863366454E-001 
      3.26000000 -0.233295607189234E+005  0.101555801024386E-001 
      3.28000000 -0.233295606488868E+005  0.102256167862530E-001 
      3.30000000 -0.233295605815717E+005  0.102929318560866E-001 
      3.32000000 -0.233295605170404E+005  0.103574631217747E-001 
      3.34000000 -0.233295604553527E+005  0.104191508092358E-001 
      3.36000000 -0.233295603965657E+005  0.104779378048637E-001 
      3.38000000 -0.233295603407338E+005  0.105337697761779E-001 
      3.40000000 -0.233295602879081E+005  0.105865954873671E-001 
      3.42000000 -0.233295602381368E+005  0.106363667033896E-001 
      3.44000000 -0.233295601914649E+005  0.106830385952310E-001 
      3.46000000 -0.233295601479340E+005  0.107265695233540E-001 
      3.48000000 -0.233295601075822E+005  0.107669213934599E-001 
      3.50000000 -0.233295600704440E+005  0.108040595822425E-001 
      3.52000000 -0.233295600365505E+005  0.108379530147277E-001 
      3.54000000 -0.233295600059294E+005  0.108685741735542E-001 
      3.56000000 -0.233295599786043E+005  0.108958992103422E-001 
      3.58000000 -0.233295599545957E+005  0.109199078033889E-001 
      3.60000000 -0.233295599339204E+005  0.109405831947913E-001 
      3.62000000 -0.233295599165914E+005  0.109579121718850E-001 
      3.64000000 -0.233295599026186E+005  0.109718849589689E-001 
      3.66000000 -0.233295598920084E+005  0.109824951337785E-001 
      3.68000000 -0.233295598847639E+005  0.109897396151117E-001 
      3.70000000 -0.233295598808851E+005  0.109936184493724E-001 
      3.72000000 -0.233295598803688E+005  0.109941347146688E-001 
      3.74000000 -0.233295598832090E+005  0.109912945331885E-001 
      3.76000000 -0.233295598893969E+005  0.109851066875947E-001 
      3.78000000 -0.233295598989209E+005  0.109755826055582E-001 
      3.80000000 -0.233295599117673E+005  0.109627362886056E-001 
      3.82000000 -0.233295599279195E+005  0.109465840398839E-001 
      3.84000000 -0.233295599473592E+005  0.109271443589796E-001 
      3.86000000 -0.233295599700658E+005  0.109044377191807E-001 
      3.88000000 -0.233295599960170E+005  0.108784865179798E-001 
      3.90000000 -0.233295600251886E+005  0.108493149842665E-001 
      3.92000000 -0.233295600575546E+005  0.108169489432160E-001 
      3.94000000 -0.233295600930877E+005  0.107814158131950E-001 
      3.96000000 -0.233295601317590E+005  0.107427445253295E-001 
      3.98000000 -0.233295601735382E+005  0.107009653842928E-001 
      4.00000000 -0.233295602183936E+005  0.106561099909672E-001 
      4.02000000 -0.233295602662922E+005  0.106082113414376E-001 
      4.04000000 -0.233295603171999E+005  0.105573036475645E-001 
      4.06000000 -0.233295603710812E+005  0.105034223338902E-001 
      4.08000000 -0.233295604278996E+005  0.104466039355512E-001 
      4.10000000 -0.233295604876174E+005  0.103868861137453E-001 
      4.12000000 -0.233295605501959E+005  0.103243076928555E-001 
      4.14000000 -0.233295606155950E+005  0.102589085738291E-001 
      4.16000000 -0.233295606837737E+005  0.101907298826696E-001 
      4.18000000 -0.233295607546897E+005  0.101198138714423E-001 
      4.20000000 -0.233295608282995E+005  0.100462040018009E-001 
      4.22000000 -0.233295609045584E+005  0.996994516463131E-002 
      4.24000000 -0.233295609834200E+005  0.989108350062433E-002 
      4.26000000 -0.233295610648369E+005  0.980966669107169E-002 
      4.28000000 -0.233295611487597E+005  0.972574385577816E-002 
      4.30000000 -0.233295612351379E+005  0.963936566443021E-002 
      4.32000000 -0.233295613239190E+005  0.955058450364919E-002 
      4.34000000 -0.233295614150492E+005  0.945945436252897E-002 
      4.36000000 -0.233295615084725E+005  0.936603104299915E-002 
      4.38000000 -0.233295616041315E+005  0.927037207629848E-002 
      4.40000000 -0.233295617019665E+005  0.917253700758390E-002 
      4.42000000 -0.233295618019164E+005  0.907258718247376E-002 
      4.44000000 -0.233295619039175E+005  0.897058602546970E-002 
      4.46000000 -0.233295620079045E+005  0.886659907089240E-002 
      4.48000000 -0.233295621138096E+005  0.876069393813299E-002 
      4.50000000 -0.233295622215631E+005  0.865294041208602E-002 
      4.52000000 -0.233295623310931E+005  0.854341046789805E-002 
      4.54000000 -0.233295624423252E+005  0.843217833593281E-002 
      4.56000000 -0.233295625551831E+005  0.831932044918034E-002 
      4.58000000 -0.233295626695881E+005  0.820491540304052E-002 
      4.60000000 -0.233295627854596E+005  0.808904397388457E-002 
      4.62000000 -0.233295629027145E+005  0.797178900768622E-002 
      4.64000000 -0.233295630212681E+005  0.785323545095756E-002 
      4.66000000 -0.233295631410334E+005  0.773347015894724E-002 
      4.68000000 -0.233295632619215E+005  0.761258203794501E-002 
      4.70000000 -0.233295633838420E+005  0.749066154721594E-002 
      4.72000000 -0.233295635067026E+005  0.736780097432871E-002 
      4.74000000 -0.233295636304094E+005  0.724409416910802E-002 
      4.76000000 -0.233295637548673E+005  0.711963622499626E-002 
      4.78000000 -0.233295638799798E+005  0.699452374200748E-002 
      4.80000000 -0.233295640056493E+005  0.686885422038645E-002 
      4.82000000 -0.233295641317772E+005  0.674272631118832E-002 
      4.84000000 -0.233295642582641E+005  0.661623946051736E-002 
      4.86000000 -0.233295643850097E+005  0.648949381671965E-002 
      4.88000000 -0.233295645119133E+005  0.636259020563450E-002 
      4.90000000 -0.233295646388738E+005  0.623562970986804E-002 
      4.92000000 -0.233295647657895E+005  0.610871401836737E-002 
      4.94000000 -0.233295648925587E+005  0.598194480151813E-002 
      4.96000000 -0.233295650190796E+005  0.585542398956636E-002 
      4.98000000 -0.233295651452501E+005  0.572925340757653E-002 
      5.00000000 -0.233295652709687E+005  0.560353486823876E-002 
      5.02000000 -0.233295653961337E+005  0.547836980682691E-002 
      5.04000000 -0.233295655206441E+005  0.535385941731586E-002 
      5.06000000 -0.233295656443991E+005  0.523010443892477E-002 
      5.08000000 -0.233295657672986E+005  0.510720497050251E-002 
      5.10000000 -0.233295658892431E+005  0.498526048599554E-002 
      5.12000000 -0.233295660101339E+005  0.486436967358192E-002 
      5.14000000 -0.233295661298732E+005  0.474463032739616E-002 
      5.16000000 -0.233295662483643E+005  0.462613921450544E-002 
      5.18000000 -0.233295663655115E+005  0.450899206253530E-002 
      5.20000000 -0.233295664812203E+005  0.439328323484411E-002 
      5.22000000 -0.233295665953975E+005  0.427910601203854E-002 
      5.24000000 -0.233295667079515E+005  0.416655206606557E-002 
      5.26000000 -0.233295668187918E+005  0.405571170151145E-002 
      5.28000000 -0.233295669278299E+005  0.394667367308070E-002 
      5.30000000 -0.233295670349786E+005  0.383952495357788E-002 
      5.32000000 -0.233295671401526E+005  0.373435096901939E-002 
      5.34000000 -0.233295672432683E+005  0.363123524596576E-002 
      5.36000000 -0.233295673442440E+005  0.353025956001335E-002 
      5.38000000 -0.233295674429998E+005  0.343150375636689E-002 
      5.40000000 -0.233295675394578E+005  0.333504573437158E-002 
      5.42000000 -0.233295676335421E+005  0.324096142585812E-002 
      5.44000000 -0.233295677251788E+005  0.314932478586193E-002 
      5.46000000 -0.233295678142959E+005  0.306020769053514E-002 
      5.48000000 -0.233295679008236E+005  0.297367993405303E-002 
      5.50000000 -0.233295679846943E+005  0.288980927501765E-002 
      5.52000000 -0.233295680658422E+005  0.280866131580836E-002 
      5.54000000 -0.233295681442040E+005  0.273029950567542E-002 
      5.56000000 -0.233295682197184E+005  0.265478514073996E-002 
      5.58000000 -0.233295682923261E+005  0.258217739492975E-002 
      5.60000000 -0.233295683619703E+005  0.251253324573340E-002 
      5.62000000 -0.233295684285961E+005  0.244590743089024E-002 
      5.64000000 -0.233295684921511E+005  0.238235248860685E-002 
      5.66000000 -0.233295685525848E+005  0.232191872971487E-002 
      5.68000000 -0.233295686098493E+005  0.226465422220310E-002 
      5.70000000 -0.233295686638988E+005  0.221060473553314E-002 
      5.72000000 -0.233295687146899E+005  0.215981366020641E-002 
      5.74000000 -0.233295687621814E+005  0.211232216553652E-002 
      5.76000000 -0.233295688063346E+005  0.206816897691180E-002 
      5.78000000 -0.233295688471131E+005  0.202739049025761E-002 
      5.80000000 -0.233295688844830E+005  0.199002052145667E-002 
      5.82000000 -0.233295689184129E+005  0.195609063736170E-002 
      5.84000000 -0.233295689488738E+005  0.192562972888194E-002 
      5.86000000 -0.233295689758393E+005  0.189866421206554E-002 
      5.88000000 -0.233295689992856E+005  0.187521795694735E-002 
      5.90000000 -0.233295690191914E+005  0.185531216999304E-002 
      5.92000000 -0.233295690355381E+005  0.183896544359625E-002 
      5.94000000 -0.233295690483099E+005  0.182619366945854E-002 
      5.96000000 -0.233295690574935E+005  0.181701000765354E-002 
      5.98000000 -0.233295690630786E+005  0.181142491137562E-002 
      6.00000000 -0.233295690650575E+005  0.180944602485188E-002 
      6.02000000 -0.233295690634254E+005  0.181107813693844E-002 
      6.04000000 -0.233295690581802E+005  0.181632333889290E-002 
      6.06000000 -0.233295690493228E+005  0.182518074904600E-002 
      6.08000000 -0.233295690368569E+005  0.183764666129332E-002 
      6.10000000 -0.233295690207890E+005  0.185371452344022E-002 
      6.12000000 -0.233295690011287E+005  0.187337488770463E-002 
      6.14000000 -0.233295689778881E+005  0.189661541071704E-002 
      6.16000000 -0.233295689510826E+005  0.192342090301775E-002 
      6.18000000 -0.233295689207303E+005  0.195377325171742E-002 
      6.20000000 -0.233295688868520E+005  0.198765155352089E-002 
      6.22000000 -0.233295688494715E+005  0.202503204666846E-002 
      6.24000000 -0.233295688086155E+005  0.206588808928090E-002 
      6.26000000 -0.233295687643131E+005  0.211019041303268E-002 
      6.28000000 -0.233295687165967E+005  0.215790683854295E-002 
      6.30000000 -0.233295686655010E+005  0.220900255689102E-002 
      6.32000000 -0.233295686110635E+005  0.226344006465119E-002 
      6.34000000 -0.233295685533243E+005  0.232117925979367E-002 
      6.36000000 -0.233295684923261E+005  0.238217741384238E-002 
      6.38000000 -0.233295684281143E+005  0.244638928015012E-002 
      6.40000000 -0.233295683607364E+005  0.251376719289301E-002 
      6.42000000 -0.233295682902425E+005  0.258426102994757E-002 
      6.44000000 -0.233295682166853E+005  0.265781826238794E-002 
      6.46000000 -0.233295681401194E+005  0.273438414010049E-002 
      6.48000000 -0.233295680606020E+005  0.281390158041502E-002 
      6.50000000 -0.233295679781922E+005  0.289631138774871E-002 
      6.52000000 -0.233295678929513E+005  0.298155220101534E-002 
      6.54000000 -0.233295678049429E+005  0.306956059880684E-002 
      6.56000000 -0.233295677142323E+005  0.316027122004279E-002 
      6.58000000 -0.233295676208869E+005  0.325361663404024E-002 
      6.60000000 -0.233295675249759E+005  0.334952761893552E-002 
      6.62000000 -0.233295674265704E+005  0.344793315859072E-002 
      6.64000000 -0.233295673257432E+005  0.354876039000286E-002 
      6.66000000 -0.233295672225688E+005  0.365193474870199E-002 
      6.68000000 -0.233295671171234E+005  0.375738010177495E-002 
      6.70000000 -0.233295670094850E+005  0.386501858390588E-002 
      6.72000000 -0.233295668997326E+005  0.397477093457595E-002 
      6.74000000 -0.233295667879473E+005  0.408655629079385E-002 
      6.76000000 -0.233295666742110E+005  0.420029249645334E-002 
      6.78000000 -0.233295665586077E+005  0.431589583628572E-002 
      6.80000000 -0.233295664412221E+005  0.443328147205409E-002 
      6.82000000 -0.233295663221403E+005  0.455236321672228E-002 
      6.84000000 -0.233295662014498E+005  0.467305369532081E-002 
      6.86000000 -0.233295660792391E+005  0.479526444394133E-002 
      6.88000000 -0.233295659555977E+005  0.491890582311651E-002 
      6.90000000 -0.233295658306163E+005  0.504388729005471E-002 
      6.92000000 -0.233295657043863E+005  0.517011725324194E-002 
      6.94000000 -0.233295655770002E+005  0.529750330446005E-002 
      6.96000000 -0.233295654485515E+005  0.542595204554648E-002 
      6.98000000 -0.233295653191341E+005  0.555536941631332E-002 
      7.00000000 -0.233295651888429E+005  0.568566063576940E-002 
      7.02000000 -0.233295650577733E+005  0.581673020521382E-002 
      7.04000000 -0.233295649260215E+005  0.594848207528912E-002 
      7.06000000 -0.233295647936839E+005  0.608081968929132E-002 
      7.08000000 -0.233295646608576E+005  0.621364598935706E-002 
      7.10000000 -0.233295645276399E+005  0.634686367323046E-002 
      7.12000000 -0.233295643941286E+005  0.648037499318066E-002 
      7.14000000 -0.233295642604214E+005  0.661408210866950E-002 
      7.16000000 -0.233295641266166E+005  0.674788697498278E-002 
      7.18000000 -0.233295639928120E+005  0.688169155049989E-002 
      7.20000000 -0.233295638591058E+005  0.701539779050663E-002 
      7.22000000 -0.233295637255958E+005  0.714890771834749E-002 
      7.24000000 -0.233295635923799E+005  0.728212365435027E-002 
      7.26000000 -0.233295634595555E+005  0.741494804877300E-002 
      7.28000000 -0.233295633272197E+005  0.754728384375232E-002 
      7.30000000 -0.233295631954692E+005  0.767903437121550E-002 
      7.32000000 -0.233295630644001E+005  0.781010348281063E-002 
      7.34000000 -0.233295629341078E+005  0.794039573861477E-002 
      7.36000000 -0.233295628046873E+005  0.806981626173588E-002 
      7.38000000 -0.233295626762324E+005  0.819827113738414E-002 
      7.40000000 -0.233295625488364E+005  0.832566713135654E-002 
      7.42000000 -0.233295624225914E+005  0.845191211385678E-002 
      7.44000000 -0.233295622975886E+005  0.857691495122018E-002 
      7.46000000 -0.233295621739180E+005  0.870058556469155E-002 
      7.48000000 -0.233295620516684E+005  0.882283515006914E-002 
      7.50000000 -0.233295619309274E+005  0.894357616223680E-002 
      7.52000000 -0.233295618117811E+005  0.906272244200052E-002 
      7.54000000 -0.233295616943143E+005  0.918018919752706E-002 
      7.56000000 -0.233295615786103E+005  0.929589319614562E-002 
      7.58000000 -0.233295614647507E+005  0.940975280456437E-002 
      7.60000000 -0.233295613528155E+005  0.952168804764837E-002 
      7.62000000 -0.233295612428828E+005  0.963162070122690E-002 
      7.64000000 -0.233295611350293E+005  0.973947424878333E-002 
      7.66000000 -0.233295610293294E+005  0.984517414750276E-002 
      7.68000000 -0.233295609258558E+005  0.994864772927751E-002 
      7.70000000 -0.233295608246792E+005  0.100498243027952E-001 
      7.72000000 -0.233295607258683E+005  0.101486352308780E-001 
      7.74000000 -0.233295606294895E+005  0.102450140047288E-001 
      7.76000000 -0.233295605356074E+005  0.103388961696850E-001 
      7.78000000 -0.233295604442840E+005  0.104302195201141E-001 
      7.80000000 -0.233295603555795E+005  0.105189240468226E-001 
      7.82000000 -0.233295602695515E+005  0.106049520174894E-001 
      7.84000000 -0.233295601862557E+005  0.106882478900452E-001 
      7.86000000 -0.233295601057449E+005  0.107687586467791E-001 
      7.88000000 -0.233295600280701E+005  0.108464334231094E-001 
      7.90000000 -0.233295599532797E+005  0.109212238540639E-001 
      7.92000000 -0.233295598814196E+005  0.109930839443500E-001 
      7.94000000 -0.233295598125334E+005  0.110619701240388E-001 
      7.96000000 -0.233295597466623E+005  0.111278412176295E-001 
      7.98000000 -0.233295596838449E+005  0.111906586111026E-001 
      8.00000000 -0.233295596241174E+005  0.112503861250830E-001 
      8.02000000 -0.233295595675135E+005  0.113069900798054E-001 
      8.04000000 -0.233295595140643E+005  0.113604392796462E-001 
      8.06000000 -0.233295594637985E+005  0.114107050131236E-001 
      8.08000000 -0.233295594167424E+005  0.114577611735471E-001 
      8.10000000 -0.233295593729195E+005  0.115015840239056E-001 
      8.12000000 -0.233295593323511E+005  0.115421524103243E-001 
      8.14000000 -0.233295592950559E+005  0.115794476599764E-001 
      8.16000000 -0.233295592610501E+005  0.116134534759021E-001 
      8.18000000 -0.233295592303473E+005  0.116441562278040E-001 
      8.20000000 -0.233295592029590E+005  0.116715445870056E-001 
      8.22000000 -0.233295591788938E+005  0.116956097894053E-001 
      8.24000000 -0.233295591581581E+005  0.117163454560486E-001 
      8.26000000 -0.233295591407558E+005  0.117337477385267E-001 
      8.28000000 -0.233295591266885E+005  0.117478150653028E-001 
      8.30000000 -0.233295591159551E+005  0.117585484572571E-001 
      8.32000000 -0.233295591085524E+005  0.117659511255217E-001 
      8.34000000 -0.233295591044747E+005  0.117700288303359E-001 
      8.36000000 -0.233295591037140E+005  0.117707895221906E-001 
      8.38000000 -0.233295591062600E+005  0.117682435490987E-001 
      8.40000000 -0.233295591121000E+005  0.117624035637874E-001 
      8.42000000 -0.233295591212191E+005  0.117532844401715E-001 
      8.44000000 -0.233295591336003E+005  0.117409032671666E-001 
      8.46000000 -0.233295591492241E+005  0.117252794043734E-001 
      8.48000000 -0.233295591680692E+005  0.117064343614279E-001 
      8.50000000 -0.233295591901117E+005  0.116843918382183E-001 
      8.52000000 -0.233295592153260E+005  0.116591775671124E-001 
      8.54000000 -0.233295592436841E+005  0.116308194923850E-001 
      8.56000000 -0.233295592751560E+005  0.115993475165450E-001 
      8.58000000 -0.233295593097099E+005  0.115647936333584E-001 
      8.60000000 -0.233295593473117E+005  0.115271918659776E-001 
      8.62000000 -0.233295593879255E+005  0.114865780844201E-001 
      8.64000000 -0.233295594315134E+005  0.114429901664342E-001 
      8.66000000 -0.233295594780357E+005  0.113964678521013E-001 
      8.68000000 -0.233295595274508E+005  0.113470527469293E-001 
      8.70000000 -0.233295595797152E+005  0.112947883094783E-001 
      8.72000000 -0.233295596347838E+005  0.112397197616468E-001 
      8.74000000 -0.233295596926095E+005  0.111818940082390E-001 
      8.76000000 -0.233295597531438E+005  0.111213597297717E-001 
      8.78000000 -0.233295598163363E+005  0.110581672834804E-001 
      8.80000000 -0.233295598821350E+005  0.109923685362654E-001 
      8.82000000 -0.233295599504865E+005  0.109240170224649E-001 
      8.84000000 -0.233295600213357E+005  0.108531678108310E-001 
      8.86000000 -0.233295600946261E+005  0.107798774426580E-001 
      8.88000000 -0.233295601702997E+005  0.107042038327881E-001 
      8.90000000 -0.233295602482973E+005  0.106262062850792E-001 
      8.92000000 -0.233295603285580E+005  0.105459455264346E-001 
      8.94000000 -0.233295604110202E+005  0.104634833665089E-001 
      8.96000000 -0.233295604956205E+005  0.103788830936864E-001 
      8.98000000 -0.233295605822946E+005  0.102922089429859E-001 
      9.00000000 -0.233295606709772E+005  0.102035263559206E-001 
      9.02000000 -0.233295607616018E+005  0.101129017670420E-001 
      9.04000000 -0.233295608541009E+005  0.100204026163138E-001 
      9.06000000 -0.233295609484063E+005  0.992609725939822E-002 
      9.08000000 -0.233295610444487E+005  0.983005486556817E-002 
      9.10000000 -0.233295611421581E+005  0.973234544864283E-002 
      9.12000000 -0.233295612414639E+005  0.963303966281169E-002 
      9.14000000 -0.233295613422946E+005  0.953220891090970E-002 
      9.16000000 -0.233295614445785E+005  0.942992505671469E-002 
      9.18000000 -0.233295615482430E+005  0.932626055797116E-002 
      9.20000000 -0.233295616532153E+005  0.922128825602703E-002 
      9.22000000 -0.233295617594222E+005  0.911508133252366E-002 
      9.24000000 -0.233295618667902E+005  0.900771333414438E-002 
      9.26000000 -0.233295619752456E+005  0.889925790037984E-002 
      9.28000000 -0.233295620847146E+005  0.878978890273888E-002 
      9.30000000 -0.233295621951233E+005  0.867938026841475E-002 
      9.32000000 -0.233295623063977E+005  0.856810589366490E-002 
      9.34000000 -0.233295624184639E+005  0.845603961287529E-002 
      9.36000000 -0.233295625312485E+005  0.834325509028516E-002 
      9.38000000 -0.233295626446777E+005  0.822982587876500E-002 
      9.40000000 -0.233295627586784E+005  0.811582509808463E-002 
      9.42000000 -0.233295628731780E+005  0.800132557721769E-002 
      9.44000000 -0.233295629881038E+005  0.788639974297290E-002 
      9.46000000 -0.233295631033840E+005  0.777111950862531E-002 
      9.48000000 -0.233295632189473E+005  0.765555622132550E-002 
      9.50000000 -0.233295633347230E+005  0.753978058785375E-002 
      9.52000000 -0.233295634506408E+005  0.742386272411729E-002 
      9.54000000 -0.233295635666316E+005  0.730787196953566E-002 
      9.56000000 -0.233295636826267E+005  0.719187688704076E-002 
      9.58000000 -0.233295637985584E+005  0.707594516717598E-002 
      9.60000000 -0.233295639143598E+005  0.696014369924842E-002 
      9.62000000 -0.233295640299651E+005  0.684453841355654E-002 
      9.64000000 -0.233295641453093E+005  0.672919422570576E-002 
      9.66000000 -0.233295642603284E+005  0.661417511394787E-002 
      9.68000000 -0.233295643749597E+005  0.649954389334999E-002 
      9.70000000 -0.233295644891412E+005  0.638536237047334E-002 
      9.72000000 -0.233295646028123E+005  0.627169120106875E-002 
      9.74000000 -0.233295647159138E+005  0.615858976014647E-002 
      9.76000000 -0.233295648283872E+005  0.604611629665494E-002 
      9.78000000 -0.233295649401758E+005  0.593432775095986E-002 
      9.80000000 -0.233295650512238E+005  0.582327978577988E-002 
      9.82000000 -0.233295651614768E+005  0.571302670266009E-002 
      9.84000000 -0.233295652708821E+005  0.560362145743986E-002 
      9.86000000 -0.233295653793880E+005  0.549511555197771E-002 
      9.88000000 -0.233295654869445E+005  0.538755909292924E-002 
      9.90000000 -0.233295655935029E+005  0.528100068965911E-002 
      9.92000000 -0.233295656990161E+005  0.517548747589607E-002 
      9.94000000 -0.233295658034386E+005  0.507106497670919E-002 
      9.96000000 -0.233295659067263E+005  0.496777724462523E-002 
      9.98000000 -0.233295660088369E+005  0.486566665545255E-002 
     10.00000000 -0.233295661097295E+005  0.476477404439854E-002 
     10.02000000 -0.233295662093650E+005  0.466513856995221E-002 
     10.04000000 -0.233295663077058E+005  0.456679777884931E-002 
     10.06000000 -0.233295664047161E+005  0.446978746067425E-002 
     10.08000000 -0.233295665003617E+005  0.437414185203611E-002 
     10.10000000 -0.233295665946102E+005  0.427989335814681E-002 
     10.12000000 -0.233295666874308E+005  0.418707276009071E-002 
     10.14000000 -0.233295667787945E+005  0.409570907252006E-002 
     10.16000000 -0.233295668686739E+005  0.400582959933945E-002 
     10.18000000 -0.233295669570437E+005  0.391745988420850E-002 
     10.20000000 -0.233295670438798E+005  0.383062375075845E-002 
     10.22000000 -0.233295671291603E+005  0.374534327165629E-002 
     10.24000000 -0.233295672128647E+005  0.366163880263420E-002 
     10.26000000 -0.233295672949746E+005  0.357952890205649E-002 
     10.28000000 -0.233295673754730E+005  0.349903049487920E-002 
     10.30000000 -0.233295674543449E+005  0.342015868703548E-002 
     10.32000000 -0.233295675315767E+005  0.334292688299149E-002 
     10.34000000 -0.233295676071567E+005  0.326734682596295E-002 
     10.36000000 -0.233295676810750E+005  0.319342851129493E-002 
     10.38000000 -0.233295677533233E+005  0.312118026689487E-002 
     10.40000000 -0.233295678238948E+005  0.305060877798120E-002 
     10.42000000 -0.233295678927846E+005  0.298171899427601E-002 
     10.44000000 -0.233295679599892E+005  0.291451430633896E-002 
     10.46000000 -0.233295680255071E+005  0.284899646513423E-002 
     10.48000000 -0.233295680893379E+005  0.278516560368561E-002 
     10.50000000 -0.233295681514832E+005  0.272302031750945E-002 
     10.52000000 -0.233295682119460E+005  0.266255755943308E-002 
     10.54000000 -0.233295682707306E+005  0.260377292729740E-002 
     10.56000000 -0.233295683278432E+005  0.254666031747634E-002 
     10.58000000 -0.233295683832912E+005  0.249121234869681E-002 
     10.60000000 -0.233295684370835E+005  0.243742004340034E-002 
     10.62000000 -0.233295684892304E+005  0.238527309997779E-002 
     10.64000000 -0.233295685397437E+005  0.233475984945930E-002 
     10.66000000 -0.233295685886363E+005  0.228586723385923E-002 
     10.68000000 -0.233295686359226E+005  0.223858096704217E-002 
     10.70000000 -0.233295686816182E+005  0.219288538932479E-002 
     10.72000000 -0.233295687257399E+005  0.214876364071617E-002 
     10.74000000 -0.233295687683058E+005  0.210619773516361E-002 
     10.76000000 -0.233295688093350E+005  0.206516851414898E-002 
     10.78000000 -0.233295688488479E+005  0.202565561265939E-002 
     10.80000000 -0.233295688868658E+005  0.198763774379621E-002 
     10.82000000 -0.233295689234111E+005  0.195109245128896E-002 
     10.84000000 -0.233295689585071E+005  0.191599640338505E-002 
     10.86000000 -0.233295689921783E+005  0.188232524126458E-002 
     10.88000000 -0.233295690244497E+005  0.185005383271354E-002 
     10.90000000 -0.233295690553475E+005  0.181915605866711E-002 
     10.92000000 -0.233295690848984E+005  0.178960510400577E-002 
     10.94000000 -0.233295691131302E+005  0.176137336784162E-002 
     10.96000000 -0.233295691400710E+005  0.173443251301561E-002 
     10.98000000 -0.233295691657500E+005  0.170875357127912E-002 
     11.00000000 -0.233295691901965E+005  0.168430701444619E-002 
     11.02000000 -0.233295692134409E+005  0.166106262755696E-002 
     11.04000000 -0.233295692355137E+005  0.163898984607741E-002 
     11.06000000 -0.233295692564460E+005  0.161805753006834E-002 
     11.08000000 -0.233295692762694E+005  0.159823416526782E-002 
     11.10000000 -0.233295692950157E+005  0.157948787237191E-002 
     11.12000000 -0.233295693127171E+005  0.156178647199977E-002 
     11.14000000 -0.233295693294060E+005  0.154509752491014E-002 
     11.16000000 -0.233295693451152E+005  0.152938834128209E-002 
     11.18000000 -0.233295693598774E+005  0.151462615704885E-002 
     11.20000000 -0.233295693737255E+005  0.150077801324835E-002 
     11.22000000 -0.233295693866926E+005  0.148781089523413E-002 
     11.24000000 -0.233295693988117E+005  0.147569185332486E-002 
     11.26000000 -0.233295694101157E+005  0.146438787287409E-002 
     11.28000000 -0.233295694206374E+005  0.145386609700775E-002 
     11.30000000 -0.233295694304098E+005  0.144409376165909E-002 
     11.32000000 -0.233295694394652E+005  0.143503831931167E-002 
     11.34000000 -0.233295694478361E+005  0.142666740497008E-002 
     11.36000000 -0.233295694555546E+005  0.141894898155798E-002 
     11.38000000 -0.233295694626523E+005  0.141185126876588E-002 
     11.40000000 -0.233295694691606E+005  0.140534289772993E-002 
     11.42000000 -0.233295694751106E+005  0.139939290793835E-002 
     11.44000000 -0.233295694805328E+005  0.139397075032502E-002 
     11.46000000 -0.233295694854571E+005  0.138904643576113E-002 
     11.48000000 -0.233295694899131E+005  0.138459041440571E-002 
     11.50000000 -0.233295694939297E+005  0.138057383556602E-002 
     11.52000000 -0.233295694975351E+005  0.137696839920593E-002 
     11.54000000 -0.233295695007571E+005  0.137374644875317E-002 
     11.56000000 -0.233295695036225E+005  0.137088108556167E-002 
     11.58000000 -0.233295695061574E+005  0.136834615344367E-002 
     11.60000000 -0.233295695083874E+005  0.136611619226609E-002 
     11.62000000 -0.233295695103369E+005  0.136416661428437E-002 
     11.64000000 -0.233295695120299E+005  0.136247364227094E-002 
     11.66000000 -0.233295695134891E+005  0.136101443325827E-002 
     11.68000000 -0.233295695147366E+005  0.135976693932797E-002 
     11.70000000 -0.233295695157933E+005  0.135871022624910E-002 
     11.72000000 -0.233295695166794E+005  0.135782415174627E-002 
     11.74000000 -0.233295695174139E+005  0.135708965629578E-002 
     11.76000000 -0.233295695180148E+005  0.135648876931282E-002 
     11.78000000 -0.233295695184991E+005  0.135600444209830E-002 
     11.80000000 -0.233295695188828E+005  0.135562076438924E-002 
     11.82000000 -0.233295695191806E+005  0.135532295817157E-002 
     11.84000000 -0.233295695194063E+005  0.135509728177929E-002 
     11.86000000 -0.233295695195724E+005  0.135493118766687E-002 
     11.88000000 -0.233295695196902E+005  0.135481329766061E-002 
     11.90000000 -0.233295695197702E+005  0.135473331633852E-002 
     11.92000000 -0.233295695198213E+005  0.135468223520639E-002 
     11.94000000 -0.233295695198514E+005  0.135465219039320E-002 
     11.96000000 -0.233295695198670E+005  0.135463654308419E-002 
     11.98000000 -0.233295695198737E+005  0.135462984858505E-002 
     12.00000000 -0.233295695198756E+005  0.135462792438058E-002 
     12.02000000 -0.233295695198762E+005  0.135462737991114E-002 
     12.04000000 -0.233295695198767E+005  0.135462682306741E-002 
     12.06000000 -0.233295695198773E+005  0.135462629097228E-002 
     12.08000000 -0.233295695198778E+005  0.135462573412854E-002 
     12.10000000 -0.233295695198784E+005  0.135462518347196E-002 
     12.12000000 -0.233295695198789E+005  0.135462462044107E-002 
     12.14000000 -0.233295695198794E+005  0.135462411309455E-002 
     12.16000000 -0.233295695198800E+005  0.135462355006367E-002 
     12.18000000 -0.233295695198805E+005  0.135462303962357E-002 
     12.20000000 -0.233295695198810E+005  0.135462251371560E-002 
     12.22000000 -0.233295695198816E+005  0.135462197233974E-002 
     12.24000000 -0.233295695198821E+005  0.135462144643177E-002 
     12.26000000 -0.233295695198826E+005  0.135462093908525E-002 
     12.28000000 -0.233295695198831E+005  0.135462039461582E-002 
     12.30000000 -0.233295695198837E+005  0.135461985633354E-002 
     12.32000000 -0.233295695198842E+005  0.135461936136133E-002 
     12.34000000 -0.233295695198847E+005  0.135461884782766E-002 
     12.36000000 -0.233295695198852E+005  0.135461829717108E-002 
     12.38000000 -0.233295695198858E+005  0.135461777745026E-002 
     12.40000000 -0.233295695198863E+005  0.135461725772944E-002 
     12.42000000 -0.233295695198868E+005  0.135461672563431E-002 
     12.44000000 -0.233295695198874E+005  0.135461617807130E-002 
     12.46000000 -0.233295695198879E+005  0.135461565525691E-002 
     12.48000000 -0.233295695198884E+005  0.135461512316178E-002 
     12.50000000 -0.233295695198890E+005  0.135461457869235E-002 
     12.52000000 -0.233295695198895E+005  0.135461403731649E-002 
     12.54000000 -0.233295695198901E+005  0.135461347737918E-002 
     12.56000000 -0.233295695198906E+005  0.135461295147121E-002 
     12.58000000 -0.233295695198911E+005  0.135461240700177E-002 
     12.60000000 -0.233295695198917E+005  0.135461188109380E-002 
     12.62000000 -0.233295695198922E+005  0.135461133043722E-002 
     12.64000000 -0.233295695198928E+005  0.135461077359348E-002 
     12.66000000 -0.233295695198933E+005  0.135461021674974E-002 
     12.68000000 -0.233295695198939E+005  0.135460967228031E-002 
     12.70000000 -0.233295695198944E+005  0.135460914018518E-002 
     12.72000000 -0.233295695198950E+005  0.135460858952860E-002 
     12.74000000 -0.233295695198955E+005  0.135460805124632E-002 
     12.76000000 -0.233295695198960E+005  0.135460749440258E-002 
     12.78000000 -0.233295695198966E+005  0.135460694993315E-002 
     12.80000000 -0.233295695198971E+005  0.135460640855730E-002 
     12.82000000 -0.233295695198977E+005  0.135460586099429E-002 
     12.84000000 -0.233295695198983E+005  0.135460529486982E-002 
     12.86000000 -0.233295695198988E+005  0.135460475349397E-002 
     12.88000000 -0.233295695198993E+005  0.135460421521169E-002 
     12.90000000 -0.233295695198999E+005  0.135460367074226E-002 
     12.92000000 -0.233295695199004E+005  0.135460311389852E-002 
     12.94000000 -0.233295695199010E+005  0.135460258489697E-002 
     12.96000000 -0.233295695199015E+005  0.135460203114681E-002 
     12.98000000 -0.233295695199021E+005  0.135460147739665E-002 
     13.00000000 -0.233295695199026E+005  0.135460092983364E-002 
     13.02000000 -0.233295695199032E+005  0.135460036989633E-002 
     13.04000000 -0.233295695199037E+005  0.135459982852047E-002 
     13.06000000 -0.233295695199043E+005  0.135459928405104E-002 
     13.08000000 -0.233295695199048E+005  0.135459874267518E-002 
     13.10000000 -0.233295695199054E+005  0.135459817655072E-002 
     13.12000000 -0.233295695199059E+005  0.135459764136202E-002 
     13.14000000 -0.233295695199065E+005  0.135459707523755E-002 
     13.16000000 -0.233295695199070E+005  0.135459654932958E-002 
     13.18000000 -0.233295695199076E+005  0.135459598320511E-002 
     13.20000000 -0.233295695199081E+005  0.135459543564210E-002 
     13.22000000 -0.233295695199087E+005  0.135459489426625E-002 
     13.24000000 -0.233295695199092E+005  0.135459431886105E-002 
     13.26000000 -0.233295695199098E+005  0.135459378676593E-002 
     13.28000000 -0.233295695199103E+005  0.135459322682861E-002 
     13.30000000 -0.233295695199109E+005  0.135459269163991E-002 
     13.32000000 -0.233295695199114E+005  0.135459212551544E-002 
     13.34000000 -0.233295695199120E+005  0.135459157485886E-002 
     13.36000000 -0.233295695199125E+005  0.135459103657658E-002 
     13.38000000 -0.233295695199131E+005  0.135459047354569E-002 
     13.40000000 -0.233295695199136E+005  0.135458992288911E-002 
     13.42000000 -0.233295695199142E+005  0.135458936604537E-002 
     13.44000000 -0.233295695199147E+005  0.135458881538879E-002 
     13.46000000 -0.233295695199153E+005  0.135458825545147E-002 
     13.48000000 -0.233295695199158E+005  0.135458771407562E-002 
     13.50000000 -0.233295695199164E+005  0.135458716341903E-002 
     13.52000000 -0.233295695199169E+005  0.135458661276245E-002 
     13.54000000 -0.233295695199175E+005  0.135458605282513E-002 
     13.56000000 -0.233295695199180E+005  0.135458553001074E-002 
     13.58000000 -0.233295695199186E+005  0.135458496079270E-002 
     13.60000000 -0.233295695199191E+005  0.135458441013611E-002 
     13.62000000 -0.233295695199197E+005  0.135458385329237E-002 
     13.64000000 -0.233295695199202E+005  0.135458329644864E-002 
     13.66000000 -0.233295695199208E+005  0.135458273032417E-002 
     13.68000000 -0.233295695199213E+005  0.135458220132262E-002 
     13.70000000 -0.233295695199219E+005  0.135458163210458E-002 
     13.72000000 -0.233295695199225E+005  0.135458109072872E-002 
     13.74000000 -0.233295695199230E+005  0.135458053697856E-002 
     13.76000000 -0.233295695199236E+005  0.135457995847979E-002 
     13.78000000 -0.233295695199241E+005  0.135457942638467E-002 
     13.80000000 -0.233295695199247E+005  0.135457886026020E-002 
     13.82000000 -0.233295695199252E+005  0.135457832816507E-002 
     13.84000000 -0.233295695199258E+005  0.135457777132134E-002 
     13.86000000 -0.233295695199263E+005  0.135457719900972E-002 
     13.88000000 -0.233295695199269E+005  0.135457667310174E-002 
     13.90000000 -0.233295695199274E+005  0.135457611316443E-002 
     13.92000000 -0.233295695199280E+005  0.135457555632069E-002 
     13.94000000 -0.233295695199285E+005  0.135457500875769E-002 
     13.96000000 -0.233295695199291E+005  0.135457445500752E-002 
     13.98000000 -0.233295695199297E+005  0.135457389197664E-002 
     14.00000000 -0.233295695199302E+005  0.135457335988151E-002 
     14.02000000 -0.233295695199307E+005  0.135457280303777E-002 
     14.04000000 -0.233295695199313E+005  0.135457224000688E-002 
     14.06000000 -0.233295695199319E+005  0.135457166150811E-002 
     14.08000000 -0.233295695199324E+005  0.135457113869371E-002 
     14.10000000 -0.233295695199330E+005  0.135457058803713E-002 
     14.12000000 -0.233295695199335E+005  0.135457000953836E-002 
     14.14000000 -0.233295695199341E+005  0.135456948053681E-002 
     14.16000000 -0.233295695199346E+005  0.135456890513161E-002 
     14.18000000 -0.233295695199352E+005  0.135456836994291E-002 
     14.20000000 -0.233295695199357E+005  0.135456781000560E-002 
     14.22000000 -0.233295695199363E+005  0.135456725316186E-002 
     14.24000000 -0.233295695199369E+005  0.135456669013097E-002 
     14.26000000 -0.233295695199374E+005  0.135456615803584E-002 
     14.28000000 -0.233295695199380E+005  0.135456558881780E-002 
     14.30000000 -0.233295695199385E+005  0.135456503197406E-002 
     14.32000000 -0.233295695199390E+005  0.135456449987894E-002 
     14.34000000 -0.233295695199396E+005  0.135456393066090E-002 
     14.36000000 -0.233295695199402E+005  0.135456337381716E-002 
     14.38000000 -0.233295695199407E+005  0.135456282316058E-002 
     14.40000000 -0.233295695199413E+005  0.135456227869114E-002 
     14.42000000 -0.233295695199419E+005  0.135456169400522E-002 
     14.44000000 -0.233295695199424E+005  0.135456115572294E-002 
     14.46000000 -0.233295695199430E+005  0.135456059578563E-002 
     14.48000000 -0.233295695199435E+005  0.135456004512904E-002 
     14.50000000 -0.233295695199441E+005  0.135455948519173E-002 
     14.52000000 -0.233295695199446E+005  0.135455894381587E-002 
     14.54000000 -0.233295695199452E+005  0.135455836841068E-002 
     14.56000000 -0.233295695199457E+005  0.135455782394125E-002 
     14.58000000 -0.233295695199463E+005  0.135455725472321E-002 
     14.60000000 -0.233295695199468E+005  0.135455672881523E-002 
     14.62000000 -0.233295695199474E+005  0.135455615959719E-002 
     14.64000000 -0.233295695199479E+005  0.135455563368922E-002 
     14.66000000 -0.233295695199485E+005  0.135455506447117E-002 
     14.68000000 -0.233295695199490E+005  0.135455451381459E-002 
     14.70000000 -0.233295695199496E+005  0.135455395387728E-002 
     14.72000000 -0.233295695199502E+005  0.135455338775281E-002 
     14.74000000 -0.233295695199507E+005  0.135455284328338E-002 
     14.76000000 -0.233295695199512E+005  0.135455229881395E-002 
     14.78000000 -0.233295695199518E+005  0.135455174506379E-002 
     14.80000000 -0.233295695199523E+005  0.135455120368793E-002 
     14.82000000 -0.233295695199529E+005  0.135455060972128E-002 
     14.84000000 -0.233295695199535E+005  0.135455007143900E-002 
     14.86000000 -0.233295695199540E+005  0.135454953315672E-002 
     14.88000000 -0.233295695199546E+005  0.135454895156437E-002 
     14.90000000 -0.233295695199551E+005  0.135454842565640E-002 
     14.92000000 -0.233295695199557E+005  0.135454786262551E-002 
     14.94000000 -0.233295695199562E+005  0.135454731196892E-002 
     14.96000000 -0.233295695199568E+005  0.135454674893804E-002 
     14.98000000 -0.233295695199573E+005  0.135454619518787E-002 
     15.00000000 -0.233295695199579E+005  0.135454562287626E-002 
     15.02000000 -0.233295695199585E+005  0.135454505984537E-002 
     15.04000000 -0.233295695199590E+005  0.135454452775024E-002 
     15.06000000 -0.233295695199596E+005  0.135454398328081E-002 
     15.08000000 -0.233295695199601E+005  0.135454341096919E-002 
     15.10000000 -0.233295695199607E+005  0.135454288815479E-002 
     15.12000000 -0.233295695199612E+005  0.135454230656244E-002 
     15.14000000 -0.233295695199618E+005  0.135454177137374E-002 
     15.16000000 -0.233295695199623E+005  0.135454121143643E-002 
     15.18000000 -0.233295695199629E+005  0.135454064840554E-002 
     15.20000000 -0.233295695199634E+005  0.135454011631041E-002 
     15.22000000 -0.233295695199640E+005  0.135453953781164E-002 
     15.24000000 -0.233295695199646E+005  0.135453898406148E-002 
     15.26000000 -0.233295695199651E+005  0.135453845196635E-002 
     15.28000000 -0.233295695199657E+005  0.135453786728043E-002 
     15.30000000 -0.233295695199662E+005  0.135453732590458E-002 
     15.32000000 -0.233295695199668E+005  0.135453678143514E-002 
     15.34000000 -0.233295695199673E+005  0.135453621840425E-002 
     15.36000000 -0.233295695199679E+005  0.135453566156052E-002 
     15.38000000 -0.233295695199684E+005  0.135453511090393E-002 
     15.40000000 -0.233295695199690E+005  0.135453456024735E-002 
     15.42000000 -0.233295695199695E+005  0.135453399721646E-002 
     15.44000000 -0.233295695199701E+005  0.135453344037272E-002 
     15.46000000 -0.233295695199707E+005  0.135453288043541E-002 
     15.48000000 -0.233295695199712E+005  0.135453234524671E-002 
     15.50000000 -0.233295695199718E+005  0.135453176365436E-002 
     15.52000000 -0.233295695199723E+005  0.135453124083996E-002 
     15.54000000 -0.233295695199729E+005  0.135453067780907E-002 
     15.56000000 -0.233295695199734E+005  0.135453009931030E-002 
     15.58000000 -0.233295695199740E+005  0.135452956721517E-002 
     15.60000000 -0.233295695199746E+005  0.135452898871640E-002 
     15.62000000 -0.233295695199751E+005  0.135452846590201E-002 
     15.64000000 -0.233295695199757E+005  0.135452789359039E-002 
     15.66000000 -0.233295695199762E+005  0.135452733365307E-002 
     15.68000000 -0.233295695199768E+005  0.135452679537079E-002 
     15.70000000 -0.233295695199773E+005  0.135452625708852E-002 
     15.72000000 -0.233295695199778E+005  0.135452570024478E-002 
     15.74000000 -0.233295695199784E+005  0.135452511246528E-002 
     15.76000000 -0.233295695199790E+005  0.135452455562154E-002 
     15.78000000 -0.233295695199795E+005  0.135452402352642E-002 
     15.80000000 -0.233295695199801E+005  0.135452346358910E-002 
     15.82000000 -0.233295695199806E+005  0.135452290674537E-002 
     15.84000000 -0.233295695199812E+005  0.135452234062090E-002 
     15.86000000 -0.233295695199817E+005  0.135452180233862E-002 
     15.88000000 -0.233295695199823E+005  0.135452123930773E-002 
     15.90000000 -0.233295695199829E+005  0.135452067627684E-002 
     15.92000000 -0.233295695199834E+005  0.135452011943310E-002 
     15.94000000 -0.233295695199840E+005  0.135451958424440E-002 
     15.96000000 -0.233295695199845E+005  0.135451903358782E-002 
     15.98000000 -0.233295695199851E+005  0.135451847674408E-002 
     16.00000000 -0.233295695199856E+005  0.135451791680677E-002 
     16.02000000 -0.233295695199862E+005  0.135451735377588E-002 
     16.04000000 -0.233295695199867E+005  0.135451680311929E-002 
     16.06000000 -0.233295695199873E+005  0.135451624627556E-002 
     16.08000000 -0.233295695199878E+005  0.135451570799328E-002 
     16.10000000 -0.233295695199884E+005  0.135451514186881E-002 
     16.12000000 -0.233295695199889E+005  0.135451459430580E-002 
     16.14000000 -0.233295695199895E+005  0.135451404983637E-002 
     16.16000000 -0.233295695199901E+005  0.135451348989906E-002 
     16.18000000 -0.233295695199906E+005  0.135451294233605E-002 
     16.20000000 -0.233295695199911E+005  0.135451240405377E-002 
     16.22000000 -0.233295695199917E+005  0.135451182864858E-002 
     16.24000000 -0.233295695199923E+005  0.135451128727272E-002 
     16.26000000 -0.233295695199928E+005  0.135451071496110E-002 
     16.28000000 -0.233295695199934E+005  0.135451016430452E-002 
     16.30000000 -0.233295695199940E+005  0.135450958889932E-002 
     16.32000000 -0.233295695199945E+005  0.135450903824274E-002 
     16.34000000 -0.233295695199950E+005  0.135450849996046E-002 
     16.36000000 -0.233295695199956E+005  0.135450793074242E-002 
     16.38000000 -0.233295695199962E+005  0.135450739246014E-002 
     16.40000000 -0.233295695199967E+005  0.135450683870998E-002 
     16.42000000 -0.233295695199973E+005  0.135450628495982E-002 
     16.44000000 -0.233295695199978E+005  0.135450571574178E-002 
     16.46000000 -0.233295695199984E+005  0.135450514652373E-002 
     16.48000000 -0.233295695199989E+005  0.135450460205430E-002 
     16.50000000 -0.233295695199995E+005  0.135450405758487E-002 
     16.52000000 -0.233295695200001E+005  0.135450348836683E-002 
     16.54000000 -0.233295695200006E+005  0.135450293461667E-002 
     16.56000000 -0.233295695200012E+005  0.135450239324081E-002 
     16.58000000 -0.233295695200017E+005  0.135450183639707E-002 
     16.60000000 -0.233295695200023E+005  0.135450127027261E-002 
     16.62000000 -0.233295695200028E+005  0.135450072889675E-002 
     16.64000000 -0.233295695200034E+005  0.135450018442732E-002 
     16.66000000 -0.233295695200039E+005  0.135449962139643E-002 
     16.68000000 -0.233295695200045E+005  0.135449905836554E-002 
     16.70000000 -0.233295695200050E+005  0.135449852008326E-002 
     16.72000000 -0.233295695200056E+005  0.135449796942668E-002 
     16.74000000 -0.233295695200061E+005  0.135449740639579E-002 
     16.76000000 -0.233295695200067E+005  0.135449682480344E-002 
     16.78000000 -0.233295695200073E+005  0.135449628342759E-002 
     16.80000000 -0.233295695200078E+005  0.135449573586458E-002 
     16.82000000 -0.233295695200084E+005  0.135449517283369E-002 
     16.84000000 -0.233295695200089E+005  0.135449460980280E-002 
     16.86000000 -0.233295695200095E+005  0.135449407152052E-002 
     16.88000000 -0.233295695200100E+005  0.135449352086394E-002 
     16.90000000 -0.233295695200106E+005  0.135449295164589E-002 
     16.92000000 -0.233295695200111E+005  0.135449241955077E-002 
     16.94000000 -0.233295695200117E+005  0.135449186580061E-002 
     16.96000000 -0.233295695200123E+005  0.135449127492753E-002 
     16.98000000 -0.233295695200128E+005  0.135449073664525E-002 
     17.00000000 -0.233295695200133E+005  0.135449019836297E-002 
     17.02000000 -0.233295695200139E+005  0.135448964151924E-002 
     17.04000000 -0.233295695200145E+005  0.135448907848835E-002 
     17.06000000 -0.233295695200150E+005  0.135448852164461E-002 
     17.08000000 -0.233295695200156E+005  0.135448797717518E-002 
     17.10000000 -0.233295695200161E+005  0.135448742033144E-002 
     17.12000000 -0.233295695200167E+005  0.135448686967486E-002 
     17.14000000 -0.233295695200172E+005  0.135448631283112E-002 
     17.16000000 -0.233295695200178E+005  0.135448576526811E-002 
     17.18000000 -0.233295695200184E+005  0.135448519295649E-002 
     17.20000000 -0.233295695200189E+005  0.135448464539348E-002 
     17.22000000 -0.233295695200194E+005  0.135448409783048E-002 
     17.24000000 -0.233295695200200E+005  0.135448352861243E-002 
     17.26000000 -0.233295695200206E+005  0.135448297176870E-002 
     17.28000000 -0.233295695200211E+005  0.135448242111211E-002 
     17.30000000 -0.233295695200217E+005  0.135448186426838E-002 
     17.32000000 -0.233295695200223E+005  0.135448128886318E-002 
     17.34000000 -0.233295695200228E+005  0.135448074130017E-002 
     17.36000000 -0.233295695200233E+005  0.135448021229862E-002 
     17.38000000 -0.233295695200239E+005  0.135447965545489E-002 
     17.40000000 -0.233295695200245E+005  0.135447908314327E-002 
     17.42000000 -0.233295695200250E+005  0.135447853248668E-002 
     17.44000000 -0.233295695200256E+005  0.135447798801725E-002 
     17.46000000 -0.233295695200261E+005  0.135447743426709E-002 
     17.48000000 -0.233295695200267E+005  0.135447687432978E-002 
     17.50000000 -0.233295695200272E+005  0.135447631439246E-002 
     17.52000000 -0.233295695200278E+005  0.135447574517442E-002 
     17.54000000 -0.233295695200283E+005  0.135447520070499E-002 
     17.56000000 -0.233295695200289E+005  0.135447464386125E-002 
     17.58000000 -0.233295695200295E+005  0.135447408701752E-002 
     17.60000000 -0.233295695200300E+005  0.135447353017378E-002 
     17.62000000 -0.233295695200306E+005  0.135447298261077E-002 
     17.64000000 -0.233295695200311E+005  0.135447243814134E-002 
     17.66000000 -0.233295695200317E+005  0.135447185345542E-002 
     17.68000000 -0.233295695200322E+005  0.135447131517314E-002 
     17.70000000 -0.233295695200328E+005  0.135447076451655E-002 
     17.72000000 -0.233295695200333E+005  0.135447020767282E-002 
     17.74000000 -0.233295695200339E+005  0.135446965392266E-002 
     17.76000000 -0.233295695200344E+005  0.135446910326607E-002 
     17.78000000 -0.233295695200350E+005  0.135446856498379E-002 
     17.80000000 -0.233295695200356E+005  0.135446798957860E-002 
     17.82000000 -0.233295695200361E+005  0.135446744201559E-002 
     17.84000000 -0.233295695200367E+005  0.135446687898470E-002 
     17.86000000 -0.233295695200372E+005  0.135446635307673E-002 
     17.88000000 -0.233295695200378E+005  0.135446576529723E-002 
     17.90000000 -0.233295695200383E+005  0.135446521154707E-002 
     17.92000000 -0.233295695200389E+005  0.135446464542260E-002 
     17.94000000 -0.233295695200394E+005  0.135446410095317E-002 
     17.96000000 -0.233295695200400E+005  0.135446356576446E-002 
     17.98000000 -0.233295695200405E+005  0.135446300273358E-002 
     18.00000000 -0.233295695200411E+005  0.135446243970269E-002 
     18.02000000 -0.233295695200417E+005  0.135446189213968E-002 
     18.04000000 -0.233295695200422E+005  0.135446132601521E-002 
     18.06000000 -0.233295695200428E+005  0.135446078773293E-002 
     18.08000000 -0.233295695200433E+005  0.135446023088920E-002 
     18.10000000 -0.233295695200439E+005  0.135445967095188E-002 
     18.12000000 -0.233295695200444E+005  0.135445912029530E-002 
     18.14000000 -0.233295695200450E+005  0.135445857582587E-002 
     18.16000000 -0.233295695200455E+005  0.135445800042067E-002 
     18.18000000 -0.233295695200461E+005  0.135445745595124E-002 
     18.20000000 -0.233295695200467E+005  0.135445688982677E-002 
     18.22000000 -0.233295695200472E+005  0.135445632679588E-002 
     18.24000000 -0.233295695200477E+005  0.135445579779433E-002 
     18.26000000 -0.233295695200483E+005  0.135445525332490E-002 
     18.28000000 -0.233295695200489E+005  0.135445467173256E-002 
     18.30000000 -0.233295695200494E+005  0.135445413963743E-002 
     18.32000000 -0.233295695200500E+005  0.135445355185793E-002 
     18.34000000 -0.233295695200505E+005  0.135445301357565E-002 
     18.36000000 -0.233295695200511E+005  0.135445245673191E-002 
     18.38000000 -0.233295695200516E+005  0.135445190607533E-002 
     18.40000000 -0.233295695200522E+005  0.135445134304444E-002 
     18.42000000 -0.233295695200528E+005  0.135445078620070E-002 
     18.44000000 -0.233295695200533E+005  0.135445023863769E-002 
     18.46000000 -0.233295695200538E+005  0.135444969726184E-002 
     18.48000000 -0.233295695200544E+005  0.135444912804380E-002 
     18.50000000 -0.233295695200550E+005  0.135444858976152E-002 
     18.52000000 -0.233295695200555E+005  0.135444802363705E-002 
     18.54000000 -0.233295695200561E+005  0.135444746369974E-002 
     18.56000000 -0.233295695200566E+005  0.135444690994958E-002 
     18.58000000 -0.233295695200572E+005  0.135444635001226E-002 
     18.60000000 -0.233295695200577E+005  0.135444582410429E-002 
     18.62000000 -0.233295695200583E+005  0.135444524251194E-002 
     18.64000000 -0.233295695200588E+005  0.135444469494893E-002 
     18.66000000 -0.233295695200594E+005  0.135444413810520E-002 
     18.68000000 -0.233295695200600E+005  0.135444358435504E-002 
     18.70000000 -0.233295695200605E+005  0.135444302441772E-002 
     18.72000000 -0.233295695200611E+005  0.135444246757399E-002 
     18.74000000 -0.233295695200616E+005  0.135444190763667E-002 
     18.76000000 -0.233295695200622E+005  0.135444136935439E-002 
     18.78000000 -0.233295695200627E+005  0.135444080013635E-002 
     18.80000000 -0.233295695200633E+005  0.135444024947977E-002 
     18.82000000 -0.233295695200639E+005  0.135443969263603E-002 
     18.84000000 -0.233295695200644E+005  0.135443915126018E-002 
     18.86000000 -0.233295695200650E+005  0.135443858513571E-002 
     18.88000000 -0.233295695200655E+005  0.135443802829197E-002 
     18.90000000 -0.233295695200661E+005  0.135443745907393E-002 
     18.92000000 -0.233295695200666E+005  0.135443694554026E-002 
     18.94000000 -0.233295695200672E+005  0.135443636394791E-002 
     18.96000000 -0.233295695200677E+005  0.135443582875921E-002 
     18.98000000 -0.233295695200683E+005  0.135443525026044E-002 
     19.00000000 -0.233295695200688E+005  0.135443470579101E-002 
     19.02000000 -0.233295695200694E+005  0.135443415513443E-002 
     19.04000000 -0.233295695200700E+005  0.135443359210354E-002 
     19.06000000 -0.233295695200705E+005  0.135443303525980E-002 
     19.08000000 -0.233295695200711E+005  0.135443247841606E-002 
     19.10000000 -0.233295695200716E+005  0.135443192157232E-002 
     19.12000000 -0.233295695200722E+005  0.135443137091574E-002 
     19.14000000 -0.233295695200727E+005  0.135443081407200E-002 
     19.16000000 -0.233295695200733E+005  0.135443024794754E-002 
     19.18000000 -0.233295695200738E+005  0.135442970657168E-002 
     19.20000000 -0.233295695200744E+005  0.135442914972795E-002 
     19.22000000 -0.233295695200749E+005  0.135442860525851E-002 
     19.24000000 -0.233295695200755E+005  0.135442803604047E-002 
     19.26000000 -0.233295695200761E+005  0.135442749157104E-002 
     19.28000000 -0.233295695200766E+005  0.135442695019518E-002 
     19.30000000 -0.233295695200772E+005  0.135442638407072E-002 
     19.32000000 -0.233295695200777E+005  0.135442583650771E-002 
     19.34000000 -0.233295695200783E+005  0.135442525800894E-002 
     19.36000000 -0.233295695200788E+005  0.135442470735235E-002 
     19.38000000 -0.233295695200794E+005  0.135442415050862E-002 
     19.40000000 -0.233295695200800E+005  0.135442358747773E-002 
     19.42000000 -0.233295695200805E+005  0.135442305538260E-002 
     19.44000000 -0.233295695200810E+005  0.135442250472602E-002 
     19.46000000 -0.233295695200816E+005  0.135442195097586E-002 
     19.48000000 -0.233295695200822E+005  0.135442137866424E-002 
     19.50000000 -0.233295695200827E+005  0.135442082182050E-002 
     19.52000000 -0.233295695200833E+005  0.135442028044465E-002 
     19.54000000 -0.233295695200838E+005  0.135441970813303E-002 
     19.56000000 -0.233295695200844E+005  0.135441916675717E-002 
     19.58000000 -0.233295695200849E+005  0.135441861300701E-002 
     19.60000000 -0.233295695200855E+005  0.135441806235043E-002 
     19.62000000 -0.233295695200860E+005  0.135441750860027E-002 
     19.64000000 -0.233295695200866E+005  0.135441695175653E-002 
     19.66000000 -0.233295695200871E+005  0.135441639800637E-002 
     19.68000000 -0.233295695200877E+005  0.135441584116263E-002 
     19.70000000 -0.233295695200883E+005  0.135441527194459E-002 
     19.72000000 -0.233295695200888E+005  0.135441471200728E-002 
     19.74000000 -0.233295695200894E+005  0.135441416444427E-002 
     19.76000000 -0.233295695200899E+005  0.135441360760053E-002 
     19.78000000 -0.233295695200905E+005  0.135441305075679E-002 
     19.80000000 -0.233295695200910E+005  0.135441250628736E-002 
     19.82000000 -0.233295695200916E+005  0.135441194944363E-002 
     19.84000000 -0.233295695200922E+005  0.135441139259989E-002 
     19.86000000 -0.233295695200927E+005  0.135441082028827E-002 
     19.88000000 -0.233295695200933E+005  0.135441029128672E-002 
     19.90000000 -0.233295695200938E+005  0.135440972825583E-002 
     19.92000000 -0.233295695200944E+005  0.135440917141209E-002 
     19.94000000 -0.233295695200949E+005  0.135440861456836E-002 
     19.96000000 -0.233295695200955E+005  0.135440805772462E-002 
     19.98000000 -0.233295695200960E+005  0.135440751325519E-002 
     20.00000000 -0.233295695200966E+005  0.135440694403715E-002 
     20.02000000 -0.233295695200971E+005  0.135440639956771E-002 
     20.04000000 -0.233295695200977E+005  0.135440583653683E-002 
     20.06000000 -0.233295695200983E+005  0.135440529206739E-002 
     20.08000000 -0.233295695200988E+005  0.135440473522366E-002 
     20.10000000 -0.233295695200994E+005  0.135440418456707E-002 
     20.12000000 -0.233295695200999E+005  0.135440362772334E-002 
     20.14000000 -0.233295695201005E+005  0.135440309253463E-002 
     20.16000000 -0.233295695201010E+005  0.135440250475513E-002 
     20.18000000 -0.233295695201016E+005  0.135440195719212E-002 
     20.20000000 -0.233295695201021E+005  0.135440140034839E-002 
     20.22000000 -0.233295695201027E+005  0.135440084350465E-002 
     20.24000000 -0.233295695201032E+005  0.135440031759668E-002 
     20.26000000 -0.233295695201038E+005  0.135439973600433E-002 
     20.28000000 -0.233295695201044E+005  0.135439917916059E-002 
     20.30000000 -0.233295695201049E+005  0.135439862231686E-002 
     20.32000000 -0.233295695201055E+005  0.135439806547312E-002 
     20.34000000 -0.233295695201060E+005  0.135439751791011E-002 
     20.36000000 -0.233295695201066E+005  0.135439695797280E-002 
     20.38000000 -0.233295695201071E+005  0.135439641350337E-002 
     20.40000000 -0.233295695201077E+005  0.135439585665963E-002 
     20.42000000 -0.233295695201082E+005  0.135439530600304E-002 
     20.44000000 -0.233295695201088E+005  0.135439474915931E-002 
     20.46000000 -0.233295695201094E+005  0.135439418303484E-002 
     20.48000000 -0.233295695201099E+005  0.135439364165899E-002 
     20.50000000 -0.233295695201105E+005  0.135439309100240E-002 
     20.52000000 -0.233295695201110E+005  0.135439252487794E-002 
     20.54000000 -0.233295695201116E+005  0.135439195875347E-002 
     20.56000000 -0.233295695201121E+005  0.135439141737761E-002 
     20.58000000 -0.233295695201127E+005  0.135439084506600E-002 
     20.60000000 -0.233295695201132E+005  0.135439030059656E-002 
     20.62000000 -0.233295695201138E+005  0.135438973137852E-002 
     20.64000000 -0.233295695201143E+005  0.135438919618982E-002 
     20.66000000 -0.233295695201149E+005  0.135438864243966E-002 
     20.68000000 -0.233295695201155E+005  0.135438807322162E-002 
     20.70000000 -0.233295695201160E+005  0.135438753493934E-002 
     20.72000000 -0.233295695201166E+005  0.135438697809560E-002 
     20.74000000 -0.233295695201171E+005  0.135438641506471E-002 
     20.76000000 -0.233295695201177E+005  0.135438587368886E-002 
     20.78000000 -0.233295695201182E+005  0.135438530756439E-002 
     20.80000000 -0.233295695201188E+005  0.135438475690781E-002 
     20.82000000 -0.233295695201193E+005  0.135438420006407E-002 
     20.84000000 -0.233295695201199E+005  0.135438364940748E-002 
     20.86000000 -0.233295695201205E+005  0.135438308637659E-002 
     20.88000000 -0.233295695201210E+005  0.135438252953286E-002 
     20.90000000 -0.233295695201216E+005  0.135438197578270E-002 
     20.92000000 -0.233295695201221E+005  0.135438143131327E-002 
     20.94000000 -0.233295695201227E+005  0.135438086518880E-002 
     20.96000000 -0.233295695201232E+005  0.135438032690652E-002 
     20.98000000 -0.233295695201238E+005  0.135437978243709E-002 
     21.00000000 -0.233295695201244E+005  0.135437919465759E-002 
     21.02000000 -0.233295695201249E+005  0.135437867493677E-002 
     21.04000000 -0.233295695201254E+005  0.135437812428018E-002 
     21.06000000 -0.233295695201260E+005  0.135437752103280E-002 
     21.08000000 -0.233295695201265E+005  0.135437700749913E-002 
     21.10000000 -0.233295695201271E+005  0.135437643518751E-002 
     21.12000000 -0.233295695201277E+005  0.135437586906305E-002 
     21.14000000 -0.233295695201282E+005  0.135437532768719E-002 
     21.16000000 -0.233295695201288E+005  0.135437478940491E-002 
     21.18000000 -0.233295695201293E+005  0.135437422637402E-002 
     21.20000000 -0.233295695201299E+005  0.135437366024956E-002 
     21.22000000 -0.233295695201304E+005  0.135437310031225E-002 
     21.24000000 -0.233295695201310E+005  0.135437256202997E-002 
     21.26000000 -0.233295695201315E+005  0.135437201137338E-002 
     21.28000000 -0.233295695201321E+005  0.135437143596819E-002 
     21.30000000 -0.233295695201326E+005  0.135437089768591E-002 
     21.32000000 -0.233295695201332E+005  0.135437031918714E-002 
     21.34000000 -0.233295695201338E+005  0.135436977781128E-002 
     21.36000000 -0.233295695201343E+005  0.135436922096754E-002 
     21.38000000 -0.233295695201349E+005  0.135436866412381E-002 
     21.40000000 -0.233295695201354E+005  0.135436811965438E-002 
     21.42000000 -0.233295695201360E+005  0.135436758137210E-002 
     21.44000000 -0.233295695201365E+005  0.135436700596690E-002 
     21.46000000 -0.233295695201371E+005  0.135436644912317E-002 
     21.48000000 -0.233295695201377E+005  0.135436589227943E-002 
     21.50000000 -0.233295695201382E+005  0.135436535090357E-002 
     21.52000000 -0.233295695201388E+005  0.135436478168553E-002 
     21.54000000 -0.233295695201393E+005  0.135436423412252E-002 
     21.56000000 -0.233295695201399E+005  0.135436366799806E-002 
     21.58000000 -0.233295695201404E+005  0.135436313280935E-002 
     21.60000000 -0.233295695201410E+005  0.135436257596562E-002 
     21.62000000 -0.233295695201415E+005  0.135436201293473E-002 
     21.64000000 -0.233295695201421E+005  0.135436146227814E-002 
     21.66000000 -0.233295695201426E+005  0.135436091780871E-002 
     21.68000000 -0.233295695201432E+005  0.135436035477782E-002 
     21.70000000 -0.233295695201438E+005  0.135435979174693E-002 
     21.72000000 -0.233295695201443E+005  0.135435927202611E-002 
     21.74000000 -0.233295695201448E+005  0.135435869662092E-002 
     21.76000000 -0.233295695201454E+005  0.135435813977718E-002 
     21.78000000 -0.233295695201460E+005  0.135435757055914E-002 
     21.80000000 -0.233295695201465E+005  0.135435701990255E-002 
     21.82000000 -0.233295695201471E+005  0.135435648780743E-002 
     21.84000000 -0.233295695201476E+005  0.135435592787011E-002 
     21.86000000 -0.233295695201482E+005  0.135435537102638E-002 
     21.88000000 -0.233295695201487E+005  0.135435480180833E-002 
     21.90000000 -0.233295695201493E+005  0.135435424805817E-002 
     21.92000000 -0.233295695201498E+005  0.135435370668232E-002 
     21.94000000 -0.233295695201504E+005  0.135435316530646E-002 
     21.96000000 -0.233295695201510E+005  0.135435258990127E-002 
     21.98000000 -0.233295695201515E+005  0.135435203924468E-002 
     22.00000000 -0.233295695201521E+005  0.135435149477525E-002 
     22.02000000 -0.233295695201526E+005  0.135435093174436E-002 
     22.04000000 -0.233295695201532E+005  0.135435038727493E-002 
     22.06000000 -0.233295695201537E+005  0.135434980877616E-002 
     22.08000000 -0.233295695201543E+005  0.135434927049388E-002 
     22.10000000 -0.233295695201548E+005  0.135434869508869E-002 
     22.12000000 -0.233295695201554E+005  0.135434816608714E-002 
     22.14000000 -0.233295695201559E+005  0.135434760305625E-002 
     22.16000000 -0.233295695201565E+005  0.135434704311893E-002 
     22.18000000 -0.233295695201571E+005  0.135434648936877E-002 
     22.20000000 -0.233295695201576E+005  0.135434593252504E-002 
     22.22000000 -0.233295695201582E+005  0.135434537568130E-002 
     22.24000000 -0.233295695201587E+005  0.135434481883756E-002 
     22.26000000 -0.233295695201593E+005  0.135434428055528E-002 
     22.28000000 -0.233295695201598E+005  0.135434372371155E-002 
     22.30000000 -0.233295695201604E+005  0.135434317305496E-002 
     22.32000000 -0.233295695201609E+005  0.135434260693049E-002 
     22.34000000 -0.233295695201615E+005  0.135434205318033E-002 
     22.36000000 -0.233295695201620E+005  0.135434149633660E-002 
     22.38000000 -0.233295695201626E+005  0.135434095496074E-002 
     22.40000000 -0.233295695201632E+005  0.135434038883628E-002 
     22.42000000 -0.233295695201637E+005  0.135433985055400E-002 
     22.44000000 -0.233295695201643E+005  0.135433929371026E-002 
     22.46000000 -0.233295695201648E+005  0.135433872449222E-002 
     22.48000000 -0.233295695201654E+005  0.135433816764848E-002 
     22.50000000 -0.233295695201659E+005  0.135433761699190E-002 
     22.52000000 -0.233295695201665E+005  0.135433707252246E-002 
     22.54000000 -0.233295695201670E+005  0.135433649711727E-002 
     22.56000000 -0.233295695201676E+005  0.135433595883499E-002 
     22.58000000 -0.233295695201681E+005  0.135433539889768E-002 
     22.60000000 -0.233295695201687E+005  0.135433483277321E-002 
     22.62000000 -0.233295695201692E+005  0.135433430377166E-002 
     22.64000000 -0.233295695201698E+005  0.135433375620865E-002 
     22.66000000 -0.233295695201704E+005  0.135433318080346E-002 
     22.68000000 -0.233295695201709E+005  0.135433263633403E-002 
     22.70000000 -0.233295695201715E+005  0.135433207330314E-002 
     22.72000000 -0.233295695201720E+005  0.135433152264655E-002 
     22.74000000 -0.233295695201726E+005  0.135433096270924E-002 
     22.76000000 -0.233295695201731E+005  0.135433040277193E-002 
     22.78000000 -0.233295695201737E+005  0.135432987067680E-002 
     22.80000000 -0.233295695201743E+005  0.135432928599088E-002 
     22.82000000 -0.233295695201748E+005  0.135432873224072E-002 
     22.84000000 -0.233295695201753E+005  0.135432820942632E-002 
     22.86000000 -0.233295695201759E+005  0.135432763402112E-002 
     22.88000000 -0.233295695201765E+005  0.135432708027096E-002 
     22.90000000 -0.233295695201770E+005  0.135432651105292E-002 
     22.92000000 -0.233295695201776E+005  0.135432597895779E-002 
     22.94000000 -0.233295695201781E+005  0.135432543448836E-002 
     22.96000000 -0.233295695201787E+005  0.135432486527032E-002 
     22.98000000 -0.233295695201792E+005  0.135432429605228E-002 
     23.00000000 -0.233295695201798E+005  0.135432376086358E-002 
     23.02000000 -0.233295695201803E+005  0.135432320092626E-002 
     23.04000000 -0.233295695201809E+005  0.135432264717610E-002 
     23.06000000 -0.233295695201814E+005  0.135432210270667E-002 
     23.08000000 -0.233295695201820E+005  0.135432154895651E-002 
     23.10000000 -0.233295695201826E+005  0.135432097355131E-002 
     23.12000000 -0.233295695201831E+005  0.135432040742685E-002 
     23.14000000 -0.233295695201837E+005  0.135431985367669E-002 
     23.16000000 -0.233295695201842E+005  0.135431931539441E-002 
     23.18000000 -0.233295695201848E+005  0.135431875855067E-002 
     23.20000000 -0.233295695201853E+005  0.135431820789409E-002 
     23.22000000 -0.233295695201859E+005  0.135431764795677E-002 
     23.24000000 -0.233295695201864E+005  0.135431710039377E-002 
     23.26000000 -0.233295695201870E+005  0.135431654355003E-002 
     23.28000000 -0.233295695201876E+005  0.135431596814483E-002 
     23.30000000 -0.233295695201881E+005  0.135431543604971E-002 
     23.32000000 -0.233295695201887E+005  0.135431487920597E-002 
     23.34000000 -0.233295695201892E+005  0.135431432854939E-002 
     23.36000000 -0.233295695201898E+005  0.135431377789280E-002 
     23.38000000 -0.233295695201903E+005  0.135431320248761E-002 
     23.40000000 -0.233295695201909E+005  0.135431265801818E-002 
     23.42000000 -0.233295695201914E+005  0.135431210426802E-002 
     23.44000000 -0.233295695201920E+005  0.135431156289216E-002 
     23.46000000 -0.233295695201926E+005  0.135431098748697E-002 
     23.48000000 -0.233295695201931E+005  0.135431045539184E-002 
     23.50000000 -0.233295695201937E+005  0.135430989236095E-002 
     23.52000000 -0.233295695201942E+005  0.135430933551721E-002 
     23.54000000 -0.233295695201948E+005  0.135430877557990E-002 
     23.56000000 -0.233295695201953E+005  0.135430819708113E-002 
     23.58000000 -0.233295695201959E+005  0.135430766189243E-002 
     23.60000000 -0.233295695201964E+005  0.135430710814226E-002 
     23.62000000 -0.233295695201970E+005  0.135430654820495E-002 
     23.64000000 -0.233295695201975E+005  0.135430600682910E-002 
     23.66000000 -0.233295695201981E+005  0.135430545926609E-002 
     23.68000000 -0.233295695201986E+005  0.135430489932877E-002 
     23.70000000 -0.233295695201992E+005  0.135430433629789E-002 
     23.72000000 -0.233295695201998E+005  0.135430377326700E-002 
     23.74000000 -0.233295695202003E+005  0.135430324117187E-002 
     23.76000000 -0.233295695202009E+005  0.135430267814098E-002 
     23.78000000 -0.233295695202014E+005  0.135430210892294E-002 
     23.80000000 -0.233295695202020E+005  0.135430156445351E-002 
     23.82000000 -0.233295695202025E+005  0.135430101689050E-002 
     23.84000000 -0.233295695202031E+005  0.135430044457888E-002 
     23.86000000 -0.233295695202036E+005  0.135429989701587E-002 
     23.88000000 -0.233295695202042E+005  0.135429935254644E-002 
     23.90000000 -0.233295695202047E+005  0.135429880807701E-002 
     23.92000000 -0.233295695202053E+005  0.135429824813969E-002 
     23.94000000 -0.233295695202059E+005  0.135429768510881E-002 
     23.96000000 -0.233295695202064E+005  0.135429712517149E-002 
     23.98000000 -0.233295695202070E+005  0.135429656832775E-002 
     24.00000000 -0.233295695202075E+005  0.135429602695190E-002 
     24.02000000 -0.233295695202081E+005  0.135429546392101E-002 
     24.04000000 -0.233295695202086E+005  0.135429490707727E-002 
     24.06000000 -0.233295695202092E+005  0.135429435642069E-002 
     24.08000000 -0.233295695202097E+005  0.135429380267053E-002 
     24.10000000 -0.233295695202103E+005  0.135429323654606E-002 
     24.12000000 -0.233295695202109E+005  0.135429269207663E-002 
     24.14000000 -0.233295695202114E+005  0.135429214142005E-002 
     24.16000000 -0.233295695202120E+005  0.135429158148273E-002 
     24.18000000 -0.233295695202125E+005  0.135429102773257E-002 
     24.20000000 -0.233295695202131E+005  0.135429046470168E-002 
     24.22000000 -0.233295695202136E+005  0.135428992023225E-002 
     24.24000000 -0.233295695202142E+005  0.135428934482706E-002 
     24.26000000 -0.233295695202147E+005  0.135428879726405E-002 
     24.28000000 -0.233295695202153E+005  0.135428825588819E-002 
     24.30000000 -0.233295695202159E+005  0.135428768667015E-002 
     24.32000000 -0.233295695202164E+005  0.135428712363926E-002 
     24.34000000 -0.233295695202169E+005  0.135428659773129E-002 
     24.36000000 -0.233295695202175E+005  0.135428603470040E-002 
     24.38000000 -0.233295695202181E+005  0.135428545310805E-002 
     24.40000000 -0.233295695202186E+005  0.135428492720008E-002 
     24.42000000 -0.233295695202192E+005  0.135428437035634E-002 
     24.44000000 -0.233295695202197E+005  0.135428381041903E-002 
     24.46000000 -0.233295695202203E+005  0.135428326594959E-002 
     24.48000000 -0.233295695202208E+005  0.135428269982513E-002 
     24.50000000 -0.233295695202214E+005  0.135428215844927E-002 
     24.52000000 -0.233295695202219E+005  0.135428160469911E-002 
     24.54000000 -0.233295695202225E+005  0.135428104785538E-002 
     24.56000000 -0.233295695202230E+005  0.135428049719879E-002 
     24.58000000 -0.233295695202236E+005  0.135427993416790E-002 
     24.60000000 -0.233295695202242E+005  0.135427937113701E-002 
     24.62000000 -0.233295695202247E+005  0.135427882048043E-002 
     24.64000000 -0.233295695202253E+005  0.135427827601100E-002 
     24.66000000 -0.233295695202259E+005  0.135427769132507E-002 
     24.68000000 -0.233295695202264E+005  0.135427714376206E-002 
     24.70000000 -0.233295695202269E+005  0.135427661166694E-002 
     24.72000000 -0.233295695202275E+005  0.135427605791678E-002 
     24.74000000 -0.233295695202281E+005  0.135427547941801E-002 
     24.76000000 -0.233295695202286E+005  0.135427495969719E-002 
     24.78000000 -0.233295695202292E+005  0.135427437810484E-002 
     24.80000000 -0.233295695202297E+005  0.135427382126110E-002 
     24.82000000 -0.233295695202303E+005  0.135427327988525E-002 
     24.84000000 -0.233295695202308E+005  0.135427273232224E-002 
     24.86000000 -0.233295695202314E+005  0.135427215072989E-002 
     24.88000000 -0.233295695202319E+005  0.135427161244761E-002 
     24.90000000 -0.233295695202325E+005  0.135427106797818E-002 
     24.92000000 -0.233295695202330E+005  0.135427049876014E-002 
     24.94000000 -0.233295695202336E+005  0.135426995738428E-002 
     24.96000000 -0.233295695202341E+005  0.135426940054054E-002 
     24.98000000 -0.233295695202347E+005  0.135426882513535E-002 
     25.00000000 -0.233295695202353E+005  0.135426827757234E-002 
     25.02000000 -0.233295695202358E+005  0.135426771454145E-002 
     25.04000000 -0.233295695202364E+005  0.135426718244633E-002 
     25.06000000 -0.233295695202369E+005  0.135426661941544E-002 
     25.08000000 -0.233295695202375E+005  0.135426605019739E-002 
     25.10000000 -0.233295695202380E+005  0.135426551191512E-002 
     25.12000000 -0.233295695202386E+005  0.135426496125853E-002 
     25.14000000 -0.233295695202391E+005  0.135426439822764E-002 
     25.16000000 -0.233295695202397E+005  0.135426383210318E-002 
     25.18000000 -0.233295695202403E+005  0.135426327835301E-002 
     25.20000000 -0.233295695202408E+005  0.135426272150928E-002 
     25.22000000 -0.233295695202414E+005  0.135426219250773E-002 
     25.24000000 -0.233295695202419E+005  0.135426163566399E-002 
     25.26000000 -0.233295695202425E+005  0.135426108191383E-002 
     25.28000000 -0.233295695202430E+005  0.135426051888294E-002 
     25.30000000 -0.233295695202436E+005  0.135425996203920E-002 
     25.32000000 -0.233295695202441E+005  0.135425940828904E-002 
     25.34000000 -0.233295695202447E+005  0.135425884835173E-002 
     25.36000000 -0.233295695202453E+005  0.135425829460157E-002 
     25.38000000 -0.233295695202458E+005  0.135425775322571E-002 
     25.40000000 -0.233295695202464E+005  0.135425719019482E-002 
     25.42000000 -0.233295695202469E+005  0.135425663335109E-002 
     25.44000000 -0.233295695202475E+005  0.135425608578808E-002 
     25.46000000 -0.233295695202480E+005  0.135425554441222E-002 
     25.48000000 -0.233295695202486E+005  0.135425495663272E-002 
     25.50000000 -0.233295695202491E+005  0.135425441835044E-002 
     25.52000000 -0.233295695202497E+005  0.135425386769386E-002 
     25.54000000 -0.233295695202502E+005  0.135425331703728E-002 
     25.56000000 -0.233295695202508E+005  0.135425274163208E-002 
     25.58000000 -0.233295695202513E+005  0.135425222191126E-002 
     25.60000000 -0.233295695202519E+005  0.135425162175745E-002 
     25.62000000 -0.233295695202525E+005  0.135425109275590E-002 
     25.64000000 -0.233295695202530E+005  0.135425052663144E-002 
     25.66000000 -0.233295695202535E+005  0.135425000072346E-002 
     25.68000000 -0.233295695202541E+005  0.135424941603754E-002 
     25.70000000 -0.233295695202547E+005  0.135424888084884E-002 
     25.72000000 -0.233295695202552E+005  0.135424831163080E-002 
     25.74000000 -0.233295695202558E+005  0.135424776406779E-002 
     25.76000000 -0.233295695202563E+005  0.135424721031763E-002 
     25.78000000 -0.233295695202569E+005  0.135424667203535E-002 
     25.80000000 -0.233295695202574E+005  0.135424610281731E-002 
     25.82000000 -0.233295695202580E+005  0.135424554597357E-002 
     25.84000000 -0.233295695202585E+005  0.135424500150414E-002 
     25.86000000 -0.233295695202591E+005  0.135424444466040E-002 
     25.88000000 -0.233295695202597E+005  0.135424388162951E-002 
     25.90000000 -0.233295695202602E+005  0.135424332478577E-002 
     25.92000000 -0.233295695202608E+005  0.135424277722277E-002 
     25.94000000 -0.233295695202613E+005  0.135424221109830E-002 
     25.96000000 -0.233295695202619E+005  0.135424165734814E-002 
     25.98000000 -0.233295695202624E+005  0.135424112525301E-002 
     26.00000000 -0.233295695202630E+005  0.135424055294139E-002 
     26.02000000 -0.233295695202636E+005  0.135423998991051E-002 
     26.04000000 -0.233295695202641E+005  0.135423944853465E-002 
     26.06000000 -0.233295695202647E+005  0.135423889169091E-002 
     26.08000000 -0.233295695202652E+005  0.135423833794075E-002 
     26.10000000 -0.233295695202658E+005  0.135423778109702E-002 
     26.12000000 -0.233295695202663E+005  0.135423724281474E-002 
     26.14000000 -0.233295695202669E+005  0.135423669215815E-002 
     26.16000000 -0.233295695202674E+005  0.135423611984653E-002 
     26.18000000 -0.233295695202680E+005  0.135423555372207E-002 
     26.20000000 -0.233295695202685E+005  0.135423501543979E-002 
     26.22000000 -0.233295695202691E+005  0.135423447406393E-002 
     26.24000000 -0.233295695202696E+005  0.135423392650093E-002 
     26.26000000 -0.233295695202702E+005  0.135423334800215E-002 
     26.28000000 -0.233295695202708E+005  0.135423279115842E-002 
     26.30000000 -0.233295695202713E+005  0.135423223740826E-002 
     26.32000000 -0.233295695202719E+005  0.135423167747094E-002 
     26.34000000 -0.233295695202724E+005  0.135423112990794E-002 
     26.36000000 -0.233295695202730E+005  0.135423058543850E-002 
     26.38000000 -0.233295695202735E+005  0.135423002240761E-002 
     26.40000000 -0.233295695202741E+005  0.135422946247030E-002 
     26.42000000 -0.233295695202746E+005  0.135422891490729E-002 
     26.44000000 -0.233295695202752E+005  0.135422837043786E-002 
     26.46000000 -0.233295695202757E+005  0.135422781050055E-002 
     26.48000000 -0.233295695202763E+005  0.135422724746966E-002 
     26.50000000 -0.233295695202769E+005  0.135422668134519E-002 
     26.52000000 -0.233295695202774E+005  0.135422613378218E-002 
     26.54000000 -0.233295695202780E+005  0.135422558621918E-002 
     26.56000000 -0.233295695202785E+005  0.135422502318829E-002 
     26.58000000 -0.233295695202791E+005  0.135422446634455E-002 
     26.60000000 -0.233295695202796E+005  0.135422390950081E-002 
     26.62000000 -0.233295695202802E+005  0.135422336503138E-002 
     26.64000000 -0.233295695202807E+005  0.135422281437480E-002 
     26.66000000 -0.233295695202813E+005  0.135422223896960E-002 
     26.68000000 -0.233295695202818E+005  0.135422170687448E-002 
     26.70000000 -0.233295695202824E+005  0.135422115003074E-002 
     26.72000000 -0.233295695202829E+005  0.135422060246773E-002 
     26.74000000 -0.233295695202835E+005  0.135422004253042E-002 
     26.76000000 -0.233295695202841E+005  0.135421947949953E-002 
     26.78000000 -0.233295695202846E+005  0.135421892574937E-002 
     26.80000000 -0.233295695202852E+005  0.135421838437351E-002 
     26.82000000 -0.233295695202857E+005  0.135421782134262E-002 
     26.84000000 -0.233295695202863E+005  0.135421726759246E-002 
     26.86000000 -0.233295695202868E+005  0.135421672621661E-002 
     26.88000000 -0.233295695202874E+005  0.135421614462426E-002 
     26.90000000 -0.233295695202879E+005  0.135421561252913E-002 
     26.92000000 -0.233295695202885E+005  0.135421503093678E-002 
     26.94000000 -0.233295695202891E+005  0.135421447718662E-002 
     26.96000000 -0.233295695202896E+005  0.135421391415573E-002 
     26.98000000 -0.233295695202902E+005  0.135421338515418E-002 
     27.00000000 -0.233295695202907E+005  0.135421281902972E-002 
     27.02000000 -0.233295695202913E+005  0.135421226527956E-002 
     27.04000000 -0.233295695202918E+005  0.135421169606152E-002 
     27.06000000 -0.233295695202924E+005  0.135421116087281E-002 
     27.08000000 -0.233295695202929E+005  0.135421060712265E-002 
     27.10000000 -0.233295695202935E+005  0.135421005646607E-002 
     27.12000000 -0.233295695202940E+005  0.135420950580948E-002 
     27.14000000 -0.233295695202946E+005  0.135420892112356E-002 
     27.16000000 -0.233295695202952E+005  0.135420838902843E-002 
     27.18000000 -0.233295695202957E+005  0.135420781671681E-002 
     27.20000000 -0.233295695202963E+005  0.135420729080884E-002 
     27.22000000 -0.233295695202968E+005  0.135420672777795E-002 
     27.24000000 -0.233295695202974E+005  0.135420618949567E-002 
     27.26000000 -0.233295695202979E+005  0.135420560790332E-002 
     27.28000000 -0.233295695202985E+005  0.135420504487244E-002 
     27.30000000 -0.233295695202990E+005  0.135420450349658E-002 
     27.32000000 -0.233295695202996E+005  0.135420395593357E-002 
     27.34000000 -0.233295695203001E+005  0.135420339908984E-002 
     27.36000000 -0.233295695203007E+005  0.135420283605895E-002 
     27.38000000 -0.233295695203012E+005  0.135420229777667E-002 
     27.40000000 -0.233295695203018E+005  0.135420172855862E-002 
     27.42000000 -0.233295695203024E+005  0.135420118408919E-002 
     27.44000000 -0.233295695203029E+005  0.135420064580691E-002 
     27.46000000 -0.233295695203035E+005  0.135420005493384E-002 
     27.48000000 -0.233295695203040E+005  0.135419951046441E-002 
     27.50000000 -0.233295695203046E+005  0.135419896908855E-002 
     27.52000000 -0.233295695203051E+005  0.135419839987051E-002 
     27.54000000 -0.233295695203057E+005  0.135419786777538E-002 
     27.56000000 -0.233295695203063E+005  0.135419728618303E-002 
     27.58000000 -0.233295695203068E+005  0.135419674480718E-002 
     27.60000000 -0.233295695203074E+005  0.135419617868271E-002 
     27.62000000 -0.233295695203079E+005  0.135419560946467E-002 
     27.64000000 -0.233295695203085E+005  0.135419507118239E-002 
     27.66000000 -0.233295695203090E+005  0.135419452052581E-002 
     27.68000000 -0.233295695203096E+005  0.135419395749492E-002 
     27.70000000 -0.233295695203101E+005  0.135419343158694E-002 
     27.72000000 -0.233295695203107E+005  0.135419284380744E-002 
     27.74000000 -0.233295695203113E+005  0.135419228696371E-002 
     27.76000000 -0.233295695203118E+005  0.135419175486858E-002 
     27.78000000 -0.233295695203123E+005  0.135419119802484E-002 
     27.80000000 -0.233295695203129E+005  0.135419064118111E-002 
     27.82000000 -0.233295695203135E+005  0.135419008433737E-002 
     27.84000000 -0.233295695203140E+005  0.135418952749363E-002 
     27.86000000 -0.233295695203146E+005  0.135418897064990E-002 
     27.88000000 -0.233295695203151E+005  0.135418843855477E-002 
     27.90000000 -0.233295695203157E+005  0.135418787552388E-002 
     27.92000000 -0.233295695203162E+005  0.135418730011868E-002 
     27.94000000 -0.233295695203168E+005  0.135418676183641E-002 
     27.96000000 -0.233295695203174E+005  0.135418618643121E-002 
     27.98000000 -0.233295695203179E+005  0.135418564196178E-002 
     28.00000000 -0.233295695203185E+005  0.135418509130519E-002 
     28.02000000 -0.233295695203190E+005  0.135418454683576E-002 
     28.04000000 -0.233295695203196E+005  0.135418398071130E-002 
     28.06000000 -0.233295695203201E+005  0.135418342077398E-002 
     28.08000000 -0.233295695203207E+005  0.135418285774309E-002 
     28.10000000 -0.233295695203212E+005  0.135418231327366E-002 
     28.12000000 -0.233295695203218E+005  0.135418176880423E-002 
     28.14000000 -0.233295695203223E+005  0.135418119958619E-002 
     28.16000000 -0.233295695203229E+005  0.135418064892960E-002 
     28.18000000 -0.233295695203235E+005  0.135418008280514E-002 
     28.20000000 -0.233295695203240E+005  0.135417954761644E-002 
     28.22000000 -0.233295695203246E+005  0.135417899077270E-002 
     28.24000000 -0.233295695203251E+005  0.135417843392896E-002 
     28.26000000 -0.233295695203256E+005  0.135417789874026E-002 
     28.28000000 -0.233295695203262E+005  0.135417731405434E-002 
     28.30000000 -0.233295695203268E+005  0.135417676339775E-002 
     28.32000000 -0.233295695203273E+005  0.135417621892832E-002 
     28.34000000 -0.233295695203279E+005  0.135417565589743E-002 
     28.36000000 -0.233295695203284E+005  0.135417512998946E-002 
     28.38000000 -0.233295695203290E+005  0.135417456386499E-002 
     28.40000000 -0.233295695203296E+005  0.135417399464695E-002 
     28.42000000 -0.233295695203301E+005  0.135417343470964E-002 
     28.44000000 -0.233295695203307E+005  0.135417288405305E-002 
     28.46000000 -0.233295695203312E+005  0.135417234886435E-002 
     28.48000000 -0.233295695203318E+005  0.135417178892703E-002 
     28.50000000 -0.233295695203323E+005  0.135417122589615E-002 
     28.52000000 -0.233295695203329E+005  0.135417067523956E-002 
     28.54000000 -0.233295695203334E+005  0.135417010911509E-002 
     28.56000000 -0.233295695203340E+005  0.135416954917778E-002 
     28.58000000 -0.233295695203345E+005  0.135416901708266E-002 
     28.60000000 -0.233295695203351E+005  0.135416844167746E-002 
     28.62000000 -0.233295695203356E+005  0.135416790339518E-002 
     28.64000000 -0.233295695203362E+005  0.135416733727072E-002 
     28.66000000 -0.233295695203368E+005  0.135416679280128E-002 
     28.68000000 -0.233295695203373E+005  0.135416622667682E-002 
     28.70000000 -0.233295695203379E+005  0.135416566364593E-002 
     28.72000000 -0.233295695203384E+005  0.135416511917650E-002 
     28.74000000 -0.233295695203390E+005  0.135416457470706E-002 
     28.76000000 -0.233295695203395E+005  0.135416401786333E-002 
     28.78000000 -0.233295695203401E+005  0.135416344245813E-002 
     28.80000000 -0.233295695203406E+005  0.135416289798870E-002 
     28.82000000 -0.233295695203412E+005  0.135416236589357E-002 
     28.84000000 -0.233295695203417E+005  0.135416180286269E-002 
     28.86000000 -0.233295695203423E+005  0.135416125839325E-002 
     28.88000000 -0.233295695203428E+005  0.135416070154952E-002 
     28.90000000 -0.233295695203434E+005  0.135416013851863E-002 
     28.92000000 -0.233295695203440E+005  0.135415956311343E-002 
     28.94000000 -0.233295695203445E+005  0.135415902483115E-002 
     28.96000000 -0.233295695203451E+005  0.135415848036172E-002 
     28.98000000 -0.233295695203456E+005  0.135415791114368E-002 
     29.00000000 -0.233295695203462E+005  0.135415734811279E-002 
     29.02000000 -0.233295695203467E+005  0.135415680364336E-002 
     29.04000000 -0.233295695203473E+005  0.135415625917393E-002 
     29.06000000 -0.233295695203478E+005  0.135415571161092E-002 
     29.08000000 -0.233295695203484E+005  0.135415514548645E-002 
     29.10000000 -0.233295695203490E+005  0.135415458864272E-002 
     29.12000000 -0.233295695203495E+005  0.135415403179898E-002 
     29.14000000 -0.233295695203501E+005  0.135415349042312E-002 
     29.16000000 -0.233295695203506E+005  0.135415293357939E-002 
     29.18000000 -0.233295695203512E+005  0.135415236745492E-002 
     29.20000000 -0.233295695203517E+005  0.135415180442403E-002 
     29.22000000 -0.233295695203523E+005  0.135415124758029E-002 
     29.24000000 -0.233295695203528E+005  0.135415071239159E-002 
     29.26000000 -0.233295695203534E+005  0.135415015554785E-002 
     29.28000000 -0.233295695203539E+005  0.135414961417200E-002 
     29.30000000 -0.233295695203545E+005  0.135414905114111E-002 
     29.32000000 -0.233295695203550E+005  0.135414849429737E-002 
     29.34000000 -0.233295695203556E+005  0.135414793126648E-002 
     29.36000000 -0.233295695203562E+005  0.135414737132917E-002 
     29.38000000 -0.233295695203567E+005  0.135414682995331E-002 
     29.40000000 -0.233295695203573E+005  0.135414626692242E-002 
     29.42000000 -0.233295695203578E+005  0.135414571626584E-002 
     29.44000000 -0.233295695203584E+005  0.135414514086065E-002 
     29.46000000 -0.233295695203589E+005  0.135414459639121E-002 
     29.48000000 -0.233295695203595E+005  0.135414403645390E-002 
     29.50000000 -0.233295695203600E+005  0.135414349507805E-002 
     29.52000000 -0.233295695203606E+005  0.135414293204716E-002 
     29.54000000 -0.233295695203611E+005  0.135414239995203E-002 
     29.56000000 -0.233295695203617E+005  0.135414185548260E-002 
     29.58000000 -0.233295695203623E+005  0.135414128626456E-002 
     29.60000000 -0.233295695203628E+005  0.135414072942082E-002 
     29.62000000 -0.233295695203634E+005  0.135414016948351E-002 
     29.64000000 -0.233295695203639E+005  0.135413961573334E-002 
     29.66000000 -0.233295695203645E+005  0.135413905888961E-002 
     29.68000000 -0.233295695203651E+005  0.135413849276514E-002 
     29.70000000 -0.233295695203656E+005  0.135413795757644E-002 
     29.72000000 -0.233295695203662E+005  0.135413738835840E-002 
     29.74000000 -0.233295695203667E+005  0.135413684388896E-002 
     29.76000000 -0.233295695203672E+005  0.135413629941953E-002 
     29.78000000 -0.233295695203678E+005  0.135413572401434E-002 
     29.80000000 -0.233295695203684E+005  0.135413518573206E-002 
     29.82000000 -0.233295695203689E+005  0.135413463507548E-002 
     29.84000000 -0.233295695203695E+005  0.135413405967028E-002 
     29.86000000 -0.233295695203700E+005  0.135413350901370E-002 
     29.88000000 -0.233295695203706E+005  0.135413297691857E-002 
     29.90000000 -0.233295695203711E+005  0.135413240151337E-002 
     29.92000000 -0.233295695203717E+005  0.135413185085679E-002 
     29.94000000 -0.233295695203722E+005  0.135413129401305E-002 
     29.96000000 -0.233295695203728E+005  0.135413072479501E-002 
     29.98000000 -0.233295695203734E+005  0.135413018960631E-002 
     30.00000000 -0.233295695203739E+005  0.135412962966900E-002 
