# Real time calculation: 
# Eall: Total energy
# Eall0: Initial total energy
# 1:Time[fs] 2:Eall[eV] 3:Eall-Eall0[eV] 
      0.00000000 -0.233327875650795E+005  0.000000000000000E+000 
      0.02000000 -0.233327875650965E+005 -0.169961082820805E-007 
      0.04000000 -0.233327875650979E+005 -0.184067790823406E-007 
      0.06000000 -0.233327875650990E+005 -0.194493143009538E-007 
      0.08000000 -0.233327875650996E+005 -0.201082460563384E-007 
      0.10000000 -0.233327875650998E+005 -0.202412698379419E-007 
      0.12000000 -0.233327875650990E+005 -0.194771564878010E-007 
      0.14000000 -0.233327875650967E+005 -0.171817228610621E-007 
      0.16000000 -0.233327875650920E+005 -0.124238024865008E-007 
      0.18000000 -0.233327875650835E+005 -0.397215199020593E-008 
      0.20000000 -0.233327875650697E+005  0.984685341497311E-008 
      0.22000000 -0.233327875650483E+005  0.312203721847027E-007 
      0.24000000 -0.233327875650169E+005  0.626418268299688E-007 
      0.26000000 -0.233327875649722E+005  0.107356378906633E-006 
      0.28000000 -0.233327875649105E+005  0.169051571383795E-006 
      0.30000000 -0.233327875648275E+005  0.252027475341197E-006 
      0.32000000 -0.233327875647183E+005  0.361196689969216E-006 
      0.34000000 -0.233327875645775E+005  0.502075061839923E-006 
      0.36000000 -0.233327875643988E+005  0.680741468414965E-006 
      0.38000000 -0.233327875641756E+005  0.903955373945587E-006 
      0.40000000 -0.233327875639007E+005  0.117882581680678E-005 
      0.42000000 -0.233327875635663E+005  0.151326616521580E-005 
      0.44000000 -0.233327875631641E+005  0.191544346064784E-005 
      0.46000000 -0.233327875626855E+005  0.239408158831502E-005 
      0.48000000 -0.233327875621213E+005  0.295821997821375E-005 
      0.50000000 -0.233327875614623E+005  0.361723526015892E-005 
      0.52000000 -0.233327875606986E+005  0.438089385458128E-005 
      0.54000000 -0.233327875598206E+005  0.525896836906420E-005 
      0.56000000 -0.233327875588180E+005  0.626152839451744E-005 
      0.58000000 -0.233327875576808E+005  0.739868683191917E-005 
      0.60000000 -0.233327875563990E+005  0.868051636575547E-005 
      0.62000000 -0.233327875549624E+005  0.101171020548177E-004 
      0.64000000 -0.233327875533612E+005  0.117183031268260E-004 
      0.66000000 -0.233327875515856E+005  0.134938921893638E-004 
      0.68000000 -0.233327875496261E+005  0.154534036446382E-004 
      0.70000000 -0.233327875474736E+005  0.176059573556298E-004 
      0.72000000 -0.233327875451190E+005  0.199605092257744E-004 
      0.74000000 -0.233327875425540E+005  0.225255139991446E-004 
      0.76000000 -0.233327875397705E+005  0.253090799392656E-004 
      0.78000000 -0.233327875367606E+005  0.283189193318941E-004 
      0.80000000 -0.233327875335173E+005  0.315622773327631E-004 
      0.82000000 -0.233327875300336E+005  0.350459814648027E-004 
      0.84000000 -0.233327875263032E+005  0.387763580915798E-004 
      0.86000000 -0.233327875223202E+005  0.427593468796219E-004 
      0.88000000 -0.233327875180791E+005  0.470004605819248E-004 
      0.90000000 -0.233327875135748E+005  0.515047726636473E-004 
      0.92000000 -0.233327875088026E+005  0.562769358635691E-004 
      0.94000000 -0.233327875037582E+005  0.613213430600595E-004 
      0.96000000 -0.233327874984376E+005  0.666419385629219E-004 
      0.98000000 -0.233327874928370E+005  0.722425181902965E-004 
      1.00000000 -0.233327874869530E+005  0.781265498412338E-004 
      1.02000000 -0.233327874807822E+005  0.842973219873582E-004 
      1.04000000 -0.233327874743215E+005  0.907580426673097E-004 
      1.06000000 -0.233327874675678E+005  0.975117343051495E-004 
      1.08000000 -0.233327874605181E+005  0.104561437886396E-003 
      1.10000000 -0.233327874531694E+005  0.111910166554383E-003 
      1.12000000 -0.233327874455186E+005  0.119560970575356E-003 
      1.14000000 -0.233327874375626E+005  0.127516918777023E-003 
      1.16000000 -0.233327874292983E+005  0.135781234665904E-003 
      1.18000000 -0.233327874207223E+005  0.144357240742964E-003 
      1.20000000 -0.233327874118311E+005  0.153248469872356E-003 
      1.22000000 -0.233327874026210E+005  0.162458572474133E-003 
      1.24000000 -0.233327873930881E+005  0.171991465015911E-003 
      1.26000000 -0.233327873832284E+005  0.181851144398292E-003 
      1.28000000 -0.233327873730376E+005  0.192041966376728E-003 
      1.30000000 -0.233327873625111E+005  0.202568435198337E-003 
      1.32000000 -0.233327873516443E+005  0.213435185040440E-003 
      1.34000000 -0.233327873404324E+005  0.224647159437992E-003 
      1.36000000 -0.233327873288701E+005  0.236209407107539E-003 
      1.38000000 -0.233327873169523E+005  0.248127187128820E-003 
      1.40000000 -0.233327873046737E+005  0.260405851388862E-003 
      1.42000000 -0.233327872920286E+005  0.273050890985628E-003 
      1.44000000 -0.233327872790117E+005  0.286067784642772E-003 
      1.46000000 -0.233327872656173E+005  0.299462196698531E-003 
      1.48000000 -0.233327872518399E+005  0.313239612063713E-003 
      1.50000000 -0.233327872376740E+005  0.327405537304161E-003 
      1.52000000 -0.233327872231142E+005  0.341965361429818E-003 
      1.54000000 -0.233327872081552E+005  0.356924368269034E-003 
      1.56000000 -0.233327871927920E+005  0.372287507543913E-003 
      1.58000000 -0.233327871770200E+005  0.388059574297747E-003 
      1.60000000 -0.233327871608345E+005  0.404245007812549E-003 
      1.62000000 -0.233327871442316E+005  0.420847919451244E-003 
      1.64000000 -0.233327871272075E+005  0.437872006037530E-003 
      1.66000000 -0.233327871097591E+005  0.455320475610047E-003 
      1.68000000 -0.233327870918835E+005  0.473196025767342E-003 
      1.70000000 -0.233327870735787E+005  0.491500828199990E-003 
      1.72000000 -0.233327870548431E+005  0.510236386386081E-003 
      1.74000000 -0.233327870356759E+005  0.529403616024203E-003 
      1.76000000 -0.233327870160768E+005  0.549002684167480E-003 
      1.78000000 -0.233327869960464E+005  0.569033126779462E-003 
      1.80000000 -0.233327869755859E+005  0.589493601248028E-003 
      1.82000000 -0.233327869546974E+005  0.610382096748573E-003 
      1.84000000 -0.233327869333838E+005  0.631695761003734E-003 
      1.86000000 -0.233327869116486E+005  0.653430887909083E-003 
      1.88000000 -0.233327868894965E+005  0.675582985591809E-003 
      1.90000000 -0.233327868669328E+005  0.698146745474952E-003 
      1.92000000 -0.233327868439635E+005  0.721116054651713E-003 
      1.94000000 -0.233327868205956E+005  0.744483903078158E-003 
      1.96000000 -0.233327867968370E+005  0.768242541345614E-003 
      1.98000000 -0.233327867726961E+005  0.792383394060532E-003 
      2.00000000 -0.233327867481824E+005  0.816897149558201E-003 
      2.02000000 -0.233327867233058E+005  0.841773704218371E-003 
      2.04000000 -0.233327866980773E+005  0.867002276927580E-003 
      2.06000000 -0.233327866725081E+005  0.892571440014915E-003 
      2.08000000 -0.233327866466104E+005  0.918469140907047E-003 
      2.10000000 -0.233327866203968E+005  0.944682689753926E-003 
      2.12000000 -0.233327865938806E+005  0.971198926481904E-003 
      2.14000000 -0.233327865670753E+005  0.998004183670814E-003 
      2.16000000 -0.233327865399952E+005  0.102508429892828E-002 
      2.18000000 -0.233327865126547E+005  0.105242481287860E-002 
      2.20000000 -0.233327864850687E+005  0.108001086088757E-002 
      2.22000000 -0.233327864572522E+005  0.110782730608628E-002 
      2.24000000 -0.233327864292207E+005  0.113585879814904E-002 
      2.26000000 -0.233327864009898E+005  0.116408969595401E-002 
      2.28000000 -0.233327863725752E+005  0.119250429341422E-002 
      2.30000000 -0.233327863439929E+005  0.122108664314375E-002 
      2.32000000 -0.233327863152587E+005  0.124982085034751E-002 
      2.34000000 -0.233327862863887E+005  0.127869085627082E-002 
      2.36000000 -0.233327862573989E+005  0.130768058978473E-002 
      2.38000000 -0.233327862283054E+005  0.133677409731617E-002 
      2.40000000 -0.233327861991242E+005  0.136595533557837E-002 
      2.42000000 -0.233327861698713E+005  0.139520827675243E-002 
      2.44000000 -0.233327861405624E+005  0.142451710338264E-002 
      2.46000000 -0.233327861112136E+005  0.145386596707754E-002 
      2.48000000 -0.233327860818404E+005  0.148323911534653E-002 
      2.50000000 -0.233327860524587E+005  0.151262084210264E-002 
      2.52000000 -0.233327860230840E+005  0.154199554644051E-002 
      2.54000000 -0.233327859937319E+005  0.157134762745478E-002 
      2.56000000 -0.233327859644180E+005  0.160066157086022E-002 
      2.58000000 -0.233327859351577E+005  0.162992180978080E-002 
      2.60000000 -0.233327859059667E+005  0.165911283611847E-002 
      2.62000000 -0.233327858768605E+005  0.168821907371645E-002 
      2.64000000 -0.233327858478546E+005  0.171722493404370E-002 
      2.66000000 -0.233327858189647E+005  0.174611479453981E-002 
      2.68000000 -0.233327857902067E+005  0.177487283156193E-002 
      2.70000000 -0.233327857615963E+005  0.180348320290574E-002 
      2.72000000 -0.233327857331496E+005  0.183192990240738E-002 
      2.74000000 -0.233327857048827E+005  0.186019680634709E-002 
      2.76000000 -0.233327856768119E+005  0.188826759301623E-002 
      2.78000000 -0.233327856489538E+005  0.191612577984018E-002 
      2.80000000 -0.233327856213249E+005  0.194375465841325E-002 
      2.82000000 -0.233327855939422E+005  0.197113736874452E-002 
      2.84000000 -0.233327855668228E+005  0.199825672601756E-002 
      2.86000000 -0.233327855399841E+005  0.202509544642148E-002 
      2.88000000 -0.233327855134436E+005  0.205163597081712E-002 
      2.90000000 -0.233327854872190E+005  0.207786057919933E-002 
      2.92000000 -0.233327854613282E+005  0.210375130717045E-002 
      2.94000000 -0.233327854357896E+005  0.212928997378246E-002 
      2.96000000 -0.233327854106213E+005  0.215445827125072E-002 
      2.98000000 -0.233327853858418E+005  0.217923768142740E-002 
      3.00000000 -0.233327853614700E+005  0.220360956242162E-002 
      3.02000000 -0.233327853375243E+005  0.222755523521959E-002 
      3.04000000 -0.233327853140236E+005  0.225105592800021E-002 
      3.06000000 -0.233327852909867E+005  0.227409280397730E-002 
      3.08000000 -0.233327852684325E+005  0.229664704183254E-002 
      3.10000000 -0.233327852463796E+005  0.231869988830631E-002 
      3.12000000 -0.233327852248468E+005  0.234023274172421E-002 
      3.14000000 -0.233327852038524E+005  0.236122709631273E-002 
      3.16000000 -0.233327851834148E+005  0.238166470306516E-002 
      3.18000000 -0.233327851635520E+005  0.240152754808663E-002 
      3.20000000 -0.233327851442816E+005  0.242079794540133E-002 
      3.22000000 -0.233327851256210E+005  0.243945854313970E-002 
      3.24000000 -0.233327851075871E+005  0.245749241325213E-002 
      3.26000000 -0.233327850901964E+005  0.247488309481906E-002 
      3.28000000 -0.233327850734649E+005  0.249161467448391E-002 
      3.30000000 -0.233327850574078E+005  0.250767169364582E-002 
      3.32000000 -0.233327850420401E+005  0.252303942688153E-002 
      3.34000000 -0.233327850273759E+005  0.253770365302071E-002 
      3.36000000 -0.233327850134286E+005  0.255165096759718E-002 
      3.38000000 -0.233327850002109E+005  0.256486864982514E-002 
      3.40000000 -0.233327849877348E+005  0.257734474612569E-002 
      3.42000000 -0.233327849760114E+005  0.258906811343695E-002 
      3.44000000 -0.233327849650511E+005  0.260002844086905E-002 
      3.46000000 -0.233327849548632E+005  0.261021629301422E-002 
      3.48000000 -0.233327849454565E+005  0.261962302023309E-002 
      3.50000000 -0.233327849368386E+005  0.262824096592427E-002 
      3.52000000 -0.233327849290163E+005  0.263606322522542E-002 
      3.54000000 -0.233327849219956E+005  0.264308389249937E-002 
      3.56000000 -0.233327849157817E+005  0.264929782312868E-002 
      3.58000000 -0.233327849103787E+005  0.265470078510096E-002 
      3.60000000 -0.233327849057901E+005  0.265928944354095E-002 
      3.62000000 -0.233327849020183E+005  0.266306120603169E-002 
      3.64000000 -0.233327848990652E+005  0.266601437419978E-002 
      3.66000000 -0.233327848969315E+005  0.266814800450444E-002 
      3.68000000 -0.233327848956176E+005  0.266946190514395E-002 
      3.70000000 -0.233327848951229E+005  0.266995662058773E-002 
      3.72000000 -0.233327848954461E+005  0.266963342848281E-002 
      3.74000000 -0.233327848965853E+005  0.266849423137862E-002 
      3.76000000 -0.233327848985380E+005  0.266654155982058E-002 
      3.78000000 -0.233327849013010E+005  0.266377855378866E-002 
      3.80000000 -0.233327849048706E+005  0.266020889154509E-002 
      3.82000000 -0.233327849092427E+005  0.265583681747659E-002 
      3.84000000 -0.233327849144125E+005  0.265066702144484E-002 
      3.86000000 -0.233327849203749E+005  0.264470461094435E-002 
      3.88000000 -0.233327849271244E+005  0.263795512657030E-002 
      3.90000000 -0.233327849346551E+005  0.263042443683697E-002 
      3.92000000 -0.233327849429606E+005  0.262211888666936E-002 
      3.94000000 -0.233327849520346E+005  0.261304496329703E-002 
      3.96000000 -0.233327849618699E+005  0.260320963654741E-002 
      3.98000000 -0.233327849724594E+005  0.259262010207902E-002 
      4.00000000 -0.233327849837957E+005  0.258128379066216E-002 
      4.02000000 -0.233327849958710E+005  0.256920855379353E-002 
      4.04000000 -0.233327850086772E+005  0.255640234815141E-002 
      4.06000000 -0.233327850222060E+005  0.254287348617537E-002 
      4.08000000 -0.233327850364490E+005  0.252863054325895E-002 
      4.10000000 -0.233327850513972E+005  0.251368232372035E-002 
      4.12000000 -0.233327850670417E+005  0.249803781749234E-002 
      4.14000000 -0.233327850833731E+005  0.248170646307627E-002 
      4.16000000 -0.233327851003817E+005  0.246469780724865E-002 
      4.18000000 -0.233327851180578E+005  0.244702169376932E-002 
      4.20000000 -0.233327851363911E+005  0.242868843043456E-002 
      4.22000000 -0.233327851553710E+005  0.240970848590663E-002 
      4.24000000 -0.233327851749867E+005  0.239009280525854E-002 
      4.26000000 -0.233327851952270E+005  0.236985257795581E-002 
      4.28000000 -0.233327852160800E+005  0.234899950699767E-002 
      4.30000000 -0.233327852375339E+005  0.232754559855378E-002 
      4.32000000 -0.233327852595762E+005  0.230550332283029E-002 
      4.34000000 -0.233327852821939E+005  0.228288559860188E-002 
      4.36000000 -0.233327853053738E+005  0.225970576846322E-002 
      4.38000000 -0.233327853291019E+005  0.223597762357751E-002 
      4.40000000 -0.233327853533640E+005  0.221171554288748E-002 
      4.42000000 -0.233327853781452E+005  0.218693433224938E-002 
      4.44000000 -0.233327854034301E+005  0.216164943788976E-002 
      4.46000000 -0.233327854292028E+005  0.213587673604226E-002 
      4.48000000 -0.233327854554467E+005  0.210963280827596E-002 
      4.50000000 -0.233327854821448E+005  0.208293476825502E-002 
      4.52000000 -0.233327855092793E+005  0.205580023699015E-002 
      4.54000000 -0.233327855368319E+005  0.202824760579255E-002 
      4.56000000 -0.233327855647838E+005  0.200029571144840E-002 
      4.58000000 -0.233327855931155E+005  0.197196407133069E-002 
      4.60000000 -0.233327856218067E+005  0.194327278440475E-002 
      4.62000000 -0.233327856508371E+005  0.191424245388884E-002 
      4.64000000 -0.233327856801852E+005  0.188489430481007E-002 
      4.66000000 -0.233327857098295E+005  0.185525003860630E-002 
      4.68000000 -0.233327857397476E+005  0.182533192283985E-002 
      4.70000000 -0.233327857699170E+005  0.179516257774075E-002 
      4.72000000 -0.233327858003145E+005  0.176476507210759E-002 
      4.74000000 -0.233327858309165E+005  0.173416298827263E-002 
      4.76000000 -0.233327858616994E+005  0.170338013439919E-002 
      4.78000000 -0.233327858926389E+005  0.167244060944680E-002 
      4.80000000 -0.233327859237107E+005  0.164136882173257E-002 
      4.82000000 -0.233327859548901E+005  0.161018943324690E-002 
      4.84000000 -0.233327859861524E+005  0.157892711835450E-002 
      4.86000000 -0.233327860174726E+005  0.154760691646207E-002 
      4.88000000 -0.233327860488257E+005  0.151625381129194E-002 
      4.90000000 -0.233327860801866E+005  0.148489291649664E-002 
      4.92000000 -0.233327861115302E+005  0.145354934572872E-002 
      4.94000000 -0.233327861428313E+005  0.142224824667004E-002 
      4.96000000 -0.233327861740648E+005  0.139101475462818E-002 
      4.98000000 -0.233327862052056E+005  0.135987394303918E-002 
      5.00000000 -0.233327862362287E+005  0.132885082965471E-002 
      5.02000000 -0.233327862671092E+005  0.129797037963565E-002 
      5.04000000 -0.233327862978221E+005  0.126725739418333E-002 
      5.06000000 -0.233327863283430E+005  0.123673653838170E-002 
      5.08000000 -0.233327863586471E+005  0.120643239069462E-002 
      5.10000000 -0.233327863887103E+005  0.117636927900622E-002 
      5.12000000 -0.233327864185082E+005  0.114657135177324E-002 
      5.14000000 -0.233327864480170E+005  0.111706257183781E-002 
      5.16000000 -0.233327864772129E+005  0.108786660196520E-002 
      5.18000000 -0.233327865060726E+005  0.105900692239963E-002 
      5.20000000 -0.233327865345729E+005  0.103050659575254E-002 
      5.22000000 -0.233327865626911E+005  0.100238844952358E-002 
      5.24000000 -0.233327865904045E+005  0.974674992574018E-003 
      5.26000000 -0.233327866176913E+005  0.947388257354383E-003 
      5.28000000 -0.233327866445296E+005  0.920549957676838E-003 
      5.30000000 -0.233327866708982E+005  0.894181361878559E-003 
      5.32000000 -0.233327866967762E+005  0.868303379441867E-003 
      5.34000000 -0.233327867221432E+005  0.842936325882433E-003 
      5.36000000 -0.233327867469793E+005  0.818100198077565E-003 
      5.38000000 -0.233327867712651E+005  0.793814392750767E-003 
      5.40000000 -0.233327867949817E+005  0.770097879712011E-003 
      5.42000000 -0.233327868181104E+005  0.746969109050447E-003 
      5.44000000 -0.233327868406336E+005  0.724445961637185E-003 
      5.46000000 -0.233327868625336E+005  0.702545919271987E-003 
      5.48000000 -0.233327868837938E+005  0.681285780074252E-003 
      5.50000000 -0.233327869043975E+005  0.660682029712170E-003 
      5.52000000 -0.233327869243292E+005  0.640750368085545E-003 
      5.54000000 -0.233327869435734E+005  0.621506139332908E-003 
      5.56000000 -0.233327869621154E+005  0.602964084345406E-003 
      5.58000000 -0.233327869799411E+005  0.585138445948399E-003 
      5.60000000 -0.233327869970367E+005  0.568042842064832E-003 
      5.62000000 -0.233327870133891E+005  0.551690469891270E-003 
      5.64000000 -0.233327870289857E+005  0.536093858411795E-003 
      5.66000000 -0.233327870438144E+005  0.521265084948345E-003 
      5.68000000 -0.233327870578639E+005  0.507215608107597E-003 
      5.70000000 -0.233327870711231E+005  0.493956428646932E-003 
      5.72000000 -0.233327870835816E+005  0.481497891485551E-003 
      5.74000000 -0.233327870952297E+005  0.469849846570446E-003 
      5.76000000 -0.233327871060580E+005  0.459021528226921E-003 
      5.78000000 -0.233327871160579E+005  0.449021651059459E-003 
      5.80000000 -0.233327871252212E+005  0.439858298582975E-003 
      5.82000000 -0.233327871335405E+005  0.431539006749376E-003 
      5.84000000 -0.233327871410088E+005  0.424070760853983E-003 
      5.86000000 -0.233327871476197E+005  0.417459822295262E-003 
      5.88000000 -0.233327871533676E+005  0.411711917282973E-003 
      5.90000000 -0.233327871582474E+005  0.406832137843734E-003 
      5.92000000 -0.233327871622546E+005  0.402824935633864E-003 
      5.94000000 -0.233327871653854E+005  0.399694155968724E-003 
      5.96000000 -0.233327871676367E+005  0.397442867676019E-003 
      5.98000000 -0.233327871690059E+005  0.396073641517669E-003 
      6.00000000 -0.233327871694913E+005  0.395588228457869E-003 
      6.02000000 -0.233327871690917E+005  0.395987828804230E-003 
      6.04000000 -0.233327871678067E+005  0.397272857095977E-003 
      6.06000000 -0.233327871656365E+005  0.399443078221312E-003 
      6.08000000 -0.233327871625820E+005  0.402497502235812E-003 
      6.10000000 -0.233327871586451E+005  0.406434477169724E-003 
      6.12000000 -0.233327871538279E+005  0.411251639530744E-003 
      6.14000000 -0.233327871481336E+005  0.416945923584741E-003 
      6.16000000 -0.233327871415661E+005  0.423513437612709E-003 
      6.18000000 -0.233327871341298E+005  0.430949763987670E-003 
      6.20000000 -0.233327871258299E+005  0.439249612694121E-003 
      6.22000000 -0.233327871166725E+005  0.448407019316925E-003 
      6.24000000 -0.233327871066641E+005  0.458415400725680E-003 
      6.26000000 -0.233327870958122E+005  0.469267357085839E-003 
      6.28000000 -0.233327870841246E+005  0.480954900783351E-003 
      6.30000000 -0.233327870716102E+005  0.493469332681616E-003 
      6.32000000 -0.233327870582783E+005  0.506801186437105E-003 
      6.34000000 -0.233327870441390E+005  0.520940519295538E-003 
      6.36000000 -0.233327870292029E+005  0.535876646044318E-003 
      6.38000000 -0.233327870134813E+005  0.551598265849161E-003 
      6.40000000 -0.233327869969861E+005  0.568093465347672E-003 
      6.42000000 -0.233327869797297E+005  0.585349786708027E-003 
      6.44000000 -0.233327869617254E+005  0.603354131728102E-003 
      6.46000000 -0.233327869429867E+005  0.622092817519848E-003 
      6.48000000 -0.233327869235278E+005  0.641551740468840E-003 
      6.50000000 -0.233327869033634E+005  0.661716110186710E-003 
      6.52000000 -0.233327868825088E+005  0.682570777430236E-003 
      6.54000000 -0.233327868609796E+005  0.704099937118018E-003 
      6.56000000 -0.233327868387921E+005  0.726287453155990E-003 
      6.58000000 -0.233327868159629E+005  0.749116607857738E-003 
      6.60000000 -0.233327867925092E+005  0.772570287559080E-003 
      6.62000000 -0.233327867684486E+005  0.796630948588726E-003 
      6.64000000 -0.233327867437989E+005  0.821280604893973E-003 
      6.66000000 -0.233327867185786E+005  0.846500923941569E-003 
      6.68000000 -0.233327866928065E+005  0.872273062758173E-003 
      6.70000000 -0.233327866665015E+005  0.898578008223743E-003 
      6.72000000 -0.233327866396834E+005  0.925396097567213E-003 
      6.74000000 -0.233327866123719E+005  0.952707637081753E-003 
      6.76000000 -0.233327865845872E+005  0.980492320532422E-003 
      6.78000000 -0.233327865563498E+005  0.100872970866050E-002 
      6.80000000 -0.233327865276806E+005  0.103739891054512E-002 
      6.82000000 -0.233327864986006E+005  0.106647888677375E-002 
      6.84000000 -0.233327864691314E+005  0.109594815245888E-002 
      6.86000000 -0.233327864392945E+005  0.112578507112776E-002 
      6.88000000 -0.233327864091119E+005  0.115596762270415E-002 
      6.90000000 -0.233327863786059E+005  0.118647363552661E-002 
      6.92000000 -0.233327863477989E+005  0.121728064095035E-002 
      6.94000000 -0.233327863167135E+005  0.124836598471599E-002 
      6.96000000 -0.233327862853728E+005  0.127970673414232E-002 
      6.98000000 -0.233327862537997E+005  0.131127982352431E-002 
      7.00000000 -0.233327862220176E+005  0.134306193348369E-002 
      7.02000000 -0.233327861900499E+005  0.137502962089913E-002 
      7.04000000 -0.233327861579203E+005  0.140715927559620E-002 
      7.06000000 -0.233327861256524E+005  0.143942710178586E-002 
      7.08000000 -0.233327860932703E+005  0.147180920468464E-002 
      7.10000000 -0.233327860607980E+005  0.150428155648530E-002 
      7.12000000 -0.233327860282594E+005  0.153682012009987E-002 
      7.14000000 -0.233327859956789E+005  0.156940061714140E-002 
      7.16000000 -0.233327859630806E+005  0.160199889915317E-002 
      7.18000000 -0.233327859304888E+005  0.163459071559044E-002 
      7.20000000 -0.233327858979278E+005  0.166715176950482E-002 
      7.22000000 -0.233327858654217E+005  0.169965787222309E-002 
      7.24000000 -0.233327858329948E+005  0.173208471132899E-002 
      7.26000000 -0.233327858006712E+005  0.176440828376387E-002 
      7.28000000 -0.233327857684751E+005  0.179660440085452E-002 
      7.30000000 -0.233327857364303E+005  0.182864920494038E-002 
      7.32000000 -0.233327857045606E+005  0.186051895591680E-002 
      7.34000000 -0.233327856728896E+005  0.189218992295986E-002 
      7.36000000 -0.233327856414407E+005  0.192363878978487E-002 
      7.38000000 -0.233327856102373E+005  0.195484224010712E-002 
      7.40000000 -0.233327855793021E+005  0.198577741549122E-002 
      7.42000000 -0.233327855486580E+005  0.201642155340262E-002 
      7.44000000 -0.233327855183272E+005  0.204675230893961E-002 
      7.46000000 -0.233327854883319E+005  0.207674758159296E-002 
      7.48000000 -0.233327854586939E+005  0.210638562970834E-002 
      7.50000000 -0.233327854294345E+005  0.213564506429908E-002 
      7.52000000 -0.233327854005747E+005  0.216450482739122E-002 
      7.54000000 -0.233327853721352E+005  0.219294437763799E-002 
      7.56000000 -0.233327853441361E+005  0.222094347995672E-002 
      7.58000000 -0.233327853165971E+005  0.224848241898555E-002 
      7.60000000 -0.233327852895376E+005  0.227554191865044E-002 
      7.62000000 -0.233327852629764E+005  0.230210314216521E-002 
      7.64000000 -0.233327852369318E+005  0.232814772296727E-002 
      7.66000000 -0.233327852114217E+005  0.235365783277630E-002 
      7.68000000 -0.233327851864633E+005  0.237861619396858E-002 
      7.70000000 -0.233327851620736E+005  0.240300594964676E-002 
      7.72000000 -0.233327851382686E+005  0.242681091731313E-002 
      7.74000000 -0.233327851150642E+005  0.245001534138351E-002 
      7.76000000 -0.233327850924756E+005  0.247260397980739E-002 
      7.78000000 -0.233327850705173E+005  0.249456225874674E-002 
      7.80000000 -0.233327850492034E+005  0.251587610861648E-002 
      7.82000000 -0.233327850285475E+005  0.253653199811380E-002 
      7.84000000 -0.233327850085626E+005  0.255651692184387E-002 
      7.86000000 -0.233327849892610E+005  0.257581853953075E-002 
      7.88000000 -0.233327849706546E+005  0.259442493781205E-002 
      7.90000000 -0.233327849527547E+005  0.261232485606999E-002 
      7.92000000 -0.233327849355719E+005  0.262950759053051E-002 
      7.94000000 -0.233327849191166E+005  0.264596294167249E-002 
      7.96000000 -0.233327849033982E+005  0.266168136890658E-002 
      7.98000000 -0.233327848884257E+005  0.267665382352204E-002 
      8.00000000 -0.233327848742077E+005  0.269087181983904E-002 
      8.02000000 -0.233327848607521E+005  0.270432746614441E-002 
      8.04000000 -0.233327848480662E+005  0.271701336260358E-002 
      8.06000000 -0.233327848361568E+005  0.272892276522020E-002 
      8.08000000 -0.233327848250301E+005  0.274004944043798E-002 
      8.10000000 -0.233327848146918E+005  0.275038771154438E-002 
      8.12000000 -0.233327848051470E+005  0.275993251435498E-002 
      8.14000000 -0.233327847964003E+005  0.276867923634748E-002 
      8.16000000 -0.233327847884556E+005  0.277662392393136E-002 
      8.18000000 -0.233327847813164E+005  0.278376311848828E-002 
      8.20000000 -0.233327847749857E+005  0.279009388112076E-002 
      8.22000000 -0.233327847694656E+005  0.279561393495662E-002 
      8.24000000 -0.233327847647581E+005  0.280032147953445E-002 
      8.26000000 -0.233327847608643E+005  0.280421527123656E-002 
      8.28000000 -0.233327847577848E+005  0.280729473465776E-002 
      8.30000000 -0.233327847555199E+005  0.280955965634129E-002 
      8.32000000 -0.233327847540690E+005  0.281101056528870E-002 
      8.34000000 -0.233327847534311E+005  0.281164839576003E-002 
      8.36000000 -0.233327847536047E+005  0.281147481828650E-002 
      8.38000000 -0.233327847545876E+005  0.281049191484496E-002 
      8.40000000 -0.233327847563771E+005  0.280870239231469E-002 
      8.42000000 -0.233327847589700E+005  0.280610950204440E-002 
      8.44000000 -0.233327847623624E+005  0.280271713884668E-002 
      8.46000000 -0.233327847665500E+005  0.279852958113757E-002 
      8.48000000 -0.233327847715277E+005  0.279355184360427E-002 
      8.50000000 -0.233327847772902E+005  0.278778935856680E-002 
      8.52000000 -0.233327847838313E+005  0.278124820180905E-002 
      8.54000000 -0.233327847911446E+005  0.277393494408711E-002 
      8.56000000 -0.233327847992228E+005  0.276585674703015E-002 
      8.58000000 -0.233327848080582E+005  0.275702130126889E-002 
      8.60000000 -0.233327848176427E+005  0.274743681715489E-002 
      8.62000000 -0.233327848279675E+005  0.273711203713480E-002 
      8.64000000 -0.233327848390233E+005  0.272605622956327E-002 
      8.66000000 -0.233327848508003E+005  0.271427918560935E-002 
      8.68000000 -0.233327848632884E+005  0.270179115738495E-002 
      8.70000000 -0.233327848764767E+005  0.268860287031915E-002 
      8.72000000 -0.233327848903539E+005  0.267472560668478E-002 
      8.74000000 -0.233327849049086E+005  0.266017096429945E-002 
      8.76000000 -0.233327849201284E+005  0.264495112876028E-002 
      8.78000000 -0.233327849360008E+005  0.262907872495220E-002 
      8.80000000 -0.233327849525129E+005  0.261256666546276E-002 
      8.82000000 -0.233327849696511E+005  0.259542840734894E-002 
      8.84000000 -0.233327849874018E+005  0.257767774486754E-002 
      8.86000000 -0.233327850057507E+005  0.255932886515954E-002 
      8.88000000 -0.233327850246832E+005  0.254039637609230E-002 
      8.90000000 -0.233327850441843E+005  0.252089520726513E-002 
      8.92000000 -0.233327850642389E+005  0.250084059763496E-002 
      8.94000000 -0.233327850848314E+005  0.248024809860994E-002 
      8.96000000 -0.233327851059459E+005  0.245913364520168E-002 
      8.98000000 -0.233327851275662E+005  0.243751335803634E-002 
      9.00000000 -0.233327851496758E+005  0.241540369493995E-002 
      9.02000000 -0.233327851722582E+005  0.239282132719526E-002 
      9.04000000 -0.233327851952964E+005  0.236978314882255E-002 
      9.06000000 -0.233327852187733E+005  0.234630620852088E-002 
      9.08000000 -0.233327852426717E+005  0.232240779628830E-002 
      9.10000000 -0.233327852669742E+005  0.229810537536311E-002 
      9.12000000 -0.233327852916630E+005  0.227341655128812E-002 
      9.14000000 -0.233327853167205E+005  0.224835906572351E-002 
      9.16000000 -0.233327853421288E+005  0.222295072220098E-002 
      9.18000000 -0.233327853678700E+005  0.219720950986681E-002 
      9.20000000 -0.233327853939261E+005  0.217115344880305E-002 
      9.22000000 -0.233327854202789E+005  0.214480061786968E-002 
      9.24000000 -0.233327854469104E+005  0.211816916089179E-002 
      9.26000000 -0.233327854738023E+005  0.209127718147801E-002 
      9.28000000 -0.233327855009367E+005  0.206414286366990E-002 
      9.30000000 -0.233327855282952E+005  0.203678435129258E-002 
      9.32000000 -0.233327855558598E+005  0.200921976342251E-002 
      9.34000000 -0.233327855836123E+005  0.198146722222977E-002 
      9.36000000 -0.233327856115349E+005  0.195354467045698E-002 
      9.38000000 -0.233327856396095E+005  0.192547007559540E-002 
      9.40000000 -0.233327856678182E+005  0.189726129376752E-002 
      9.42000000 -0.233327856961434E+005  0.186893610066286E-002 
      9.44000000 -0.233327857245674E+005  0.184051211110496E-002 
      9.46000000 -0.233327857530727E+005  0.181200682854861E-002 
      9.48000000 -0.233327857816419E+005  0.178343763579915E-002 
      9.50000000 -0.233327858102578E+005  0.175482171148585E-002 
      9.52000000 -0.233327858389034E+005  0.172617617855363E-002 
      9.54000000 -0.233327858675617E+005  0.169751785677691E-002 
      9.56000000 -0.233327858962160E+005  0.166886348859073E-002 
      9.58000000 -0.233327859248500E+005  0.164022953800824E-002 
      9.60000000 -0.233327859534472E+005  0.161163232673808E-002 
      9.62000000 -0.233327859819916E+005  0.158308790425418E-002 
      9.64000000 -0.233327860104675E+005  0.155461205398291E-002 
      9.66000000 -0.233327860388592E+005  0.152622036136175E-002 
      9.68000000 -0.233327860671514E+005  0.149792814578061E-002 
      9.70000000 -0.233327860953291E+005  0.146975043583326E-002 
      9.72000000 -0.233327861233775E+005  0.144170198787870E-002 
      9.74000000 -0.233327861512823E+005  0.141379722726331E-002 
      9.76000000 -0.233327861790292E+005  0.138605030091158E-002 
      9.78000000 -0.233327862066044E+005  0.135847512063621E-002 
      9.80000000 -0.233327862339944E+005  0.133108511874556E-002 
      9.82000000 -0.233327862611860E+005  0.130389357596276E-002 
      9.84000000 -0.233327862881662E+005  0.127691336465885E-002 
      9.86000000 -0.233327863149225E+005  0.125015700453720E-002 
      9.88000000 -0.233327863414428E+005  0.122363669356921E-002 
      9.90000000 -0.233327863677152E+005  0.119736428324576E-002 
      9.92000000 -0.233327863937283E+005  0.117135121670564E-002 
      9.94000000 -0.233327864194709E+005  0.114560865866577E-002 
      9.96000000 -0.233327864449322E+005  0.112014734074240E-002 
      9.98000000 -0.233327864701019E+005  0.109497758001254E-002 
     10.00000000 -0.233327864949702E+005  0.107010929757544E-002 
     10.02000000 -0.233327865195273E+005  0.104555218560570E-002 
     10.04000000 -0.233327865437643E+005  0.102131524641040E-002 
     10.06000000 -0.233327865676722E+005  0.997407290494877E-003 
     10.08000000 -0.233327865912429E+005  0.973836667421624E-003 
     10.10000000 -0.233327866144683E+005  0.950611271997396E-003 
     10.12000000 -0.233327866373409E+005  0.927738630893369E-003 
     10.14000000 -0.233327866598537E+005  0.905225788182816E-003 
     10.16000000 -0.233327866820001E+005  0.883079475487802E-003 
     10.18000000 -0.233327867037736E+005  0.861305898522417E-003 
     10.20000000 -0.233327867251686E+005  0.839910904145899E-003 
     10.22000000 -0.233327867461797E+005  0.818899875181039E-003 
     10.24000000 -0.233327867668018E+005  0.798277755162790E-003 
     10.26000000 -0.233327867870304E+005  0.778049156613440E-003 
     10.28000000 -0.233327868068614E+005  0.758218156866574E-003 
     10.30000000 -0.233327868262911E+005  0.738788452745889E-003 
     10.32000000 -0.233327868453162E+005  0.719763298693671E-003 
     10.34000000 -0.233327868639339E+005  0.701145599578082E-003 
     10.36000000 -0.233327868821418E+005  0.682937746733612E-003 
     10.38000000 -0.233327868999378E+005  0.665141726236258E-003 
     10.40000000 -0.233327869173204E+005  0.647759168400737E-003 
     10.42000000 -0.233327869342883E+005  0.630791186914525E-003 
     10.44000000 -0.233327869508409E+005  0.614238641791837E-003 
     10.46000000 -0.233327869669776E+005  0.598101932104018E-003 
     10.48000000 -0.233327869826986E+005  0.582380958856625E-003 
     10.50000000 -0.233327869980041E+005  0.567075431253485E-003 
     10.52000000 -0.233327870128951E+005  0.552184449063890E-003 
     10.54000000 -0.233327870273726E+005  0.537706969752621E-003 
     10.56000000 -0.233327870414381E+005  0.523641427970062E-003 
     10.58000000 -0.233327870550935E+005  0.509985992319034E-003 
     10.60000000 -0.233327870683411E+005  0.496738466360353E-003 
     10.62000000 -0.233327870811833E+005  0.483896239115606E-003 
     10.64000000 -0.233327870936231E+005  0.471456414997363E-003 
     10.66000000 -0.233327871056638E+005  0.459415776686254E-003 
     10.68000000 -0.233327871173088E+005  0.447770729446599E-003 
     10.70000000 -0.233327871285621E+005  0.436517465085954E-003 
     10.72000000 -0.233327871394277E+005  0.425651785621256E-003 
     10.74000000 -0.233327871499103E+005  0.415169239396187E-003 
     10.76000000 -0.233327871600144E+005  0.405065090145406E-003 
     10.78000000 -0.233327871697452E+005  0.395334326275280E-003 
     10.80000000 -0.233327871791079E+005  0.385971667051039E-003 
     10.82000000 -0.233327871881079E+005  0.376971630655448E-003 
     10.84000000 -0.233327871967511E+005  0.368328404258610E-003 
     10.86000000 -0.233327872050435E+005  0.360036042006845E-003 
     10.88000000 -0.233327872129912E+005  0.352088304156721E-003 
     10.90000000 -0.233327872206007E+005  0.344478799379571E-003 
     10.92000000 -0.233327872278786E+005  0.337200969293603E-003 
     10.94000000 -0.233327872348316E+005  0.330247964720853E-003 
     10.96000000 -0.233327872414667E+005  0.323612806553151E-003 
     10.98000000 -0.233327872477911E+005  0.317288432155767E-003 
     11.00000000 -0.233327872538120E+005  0.311267534501441E-003 
     11.02000000 -0.233327872595368E+005  0.305542701381320E-003 
     11.04000000 -0.233327872649731E+005  0.300106384469191E-003 
     11.06000000 -0.233327872701286E+005  0.294950961193012E-003 
     11.08000000 -0.233327872750109E+005  0.290068651208346E-003 
     11.10000000 -0.233327872796279E+005  0.285451599924927E-003 
     11.12000000 -0.233327872839876E+005  0.281091909442418E-003 
     11.14000000 -0.233327872880979E+005  0.276981582866042E-003 
     11.16000000 -0.233327872919670E+005  0.273112549055189E-003 
     11.18000000 -0.233327872956027E+005  0.269476792553624E-003 
     11.20000000 -0.233327872990134E+005  0.266066133945566E-003 
     11.22000000 -0.233327873022070E+005  0.262872489716101E-003 
     11.24000000 -0.233327873051918E+005  0.259887720665941E-003 
     11.26000000 -0.233327873079758E+005  0.257103768028780E-003 
     11.28000000 -0.233327873105671E+005  0.254512384330160E-003 
     11.30000000 -0.233327873129739E+005  0.252105619078948E-003 
     11.32000000 -0.233327873152041E+005  0.249875416602416E-003 
     11.34000000 -0.233327873172657E+005  0.247813807847973E-003 
     11.36000000 -0.233327873191667E+005  0.245912879447401E-003 
     11.38000000 -0.233327873209147E+005  0.244164804652621E-003 
     11.40000000 -0.233327873225176E+005  0.242561886645757E-003 
     11.42000000 -0.233327873239831E+005  0.241096410047476E-003 
     11.44000000 -0.233327873253186E+005  0.239760916245280E-003 
     11.46000000 -0.233327873265315E+005  0.238548005404620E-003 
     11.48000000 -0.233327873276292E+005  0.237450376685389E-003 
     11.50000000 -0.233327873286186E+005  0.236460899394177E-003 
     11.52000000 -0.233327873295069E+005  0.235572634639308E-003 
     11.54000000 -0.233327873303007E+005  0.234778795114343E-003 
     11.56000000 -0.233327873310068E+005  0.234072711068745E-003 
     11.58000000 -0.233327873316316E+005  0.233447950957351E-003 
     11.60000000 -0.233327873321813E+005  0.232898234820239E-003 
     11.62000000 -0.233327873326620E+005  0.232417511622134E-003 
     11.64000000 -0.233327873330795E+005  0.231999984001021E-003 
     11.66000000 -0.233327873334395E+005  0.231640003086544E-003 
     11.68000000 -0.233327873337474E+005  0.231332087061471E-003 
     11.70000000 -0.233327873340084E+005  0.231071156273492E-003 
     11.72000000 -0.233327873342273E+005  0.230852239345464E-003 
     11.74000000 -0.233327873344089E+005  0.230670668070728E-003 
     11.76000000 -0.233327873345576E+005  0.230521953670048E-003 
     11.78000000 -0.233327873346776E+005  0.230401960031889E-003 
     11.80000000 -0.233327873347728E+005  0.230306779969364E-003 
     11.82000000 -0.233327873348468E+005  0.230232753781690E-003 
     11.84000000 -0.233327873349030E+005  0.230176528032140E-003 
     11.86000000 -0.233327873349445E+005  0.230135002957245E-003 
     11.88000000 -0.233327873349742E+005  0.230105354121829E-003 
     11.90000000 -0.233327873349944E+005  0.230085103571262E-003 
     11.92000000 -0.233327873350075E+005  0.230072017743444E-003 
     11.94000000 -0.233327873350154E+005  0.230064116749532E-003 
     11.96000000 -0.233327873350197E+005  0.230059785742689E-003 
     11.98000000 -0.233327873350218E+005  0.230057694485099E-003 
     12.00000000 -0.233327873350227E+005  0.230056815909426E-003 
     12.02000000 -0.233327873350232E+005  0.230056283814299E-003 
     12.04000000 -0.233327873350238E+005  0.230055760999902E-003 
     12.06000000 -0.233327873350243E+005  0.230055216530470E-003 
     12.08000000 -0.233327873350248E+005  0.230054687528920E-003 
     12.10000000 -0.233327873350254E+005  0.230054136872336E-003 
     12.12000000 -0.233327873350259E+005  0.230053601683633E-003 
     12.14000000 -0.233327873350265E+005  0.230053072682083E-003 
     12.16000000 -0.233327873350270E+005  0.230052531306227E-003 
     12.18000000 -0.233327873350275E+005  0.230052002304677E-003 
     12.20000000 -0.233327873350281E+005  0.230051460928822E-003 
     12.22000000 -0.233327873350286E+005  0.230050919552967E-003 
     12.24000000 -0.233327873350291E+005  0.230050387457840E-003 
     12.26000000 -0.233327873350297E+005  0.230049880111324E-003 
     12.28000000 -0.233327873350302E+005  0.230049335641893E-003 
     12.30000000 -0.233327873350307E+005  0.230048809733919E-003 
     12.32000000 -0.233327873350313E+005  0.230048265264487E-003 
     12.34000000 -0.233327873350318E+005  0.230047730075784E-003 
     12.36000000 -0.233327873350323E+005  0.230047201074234E-003 
     12.38000000 -0.233327873350329E+005  0.230046662791955E-003 
     12.40000000 -0.233327873350334E+005  0.230046139977558E-003 
     12.42000000 -0.233327873350339E+005  0.230045592414550E-003 
     12.44000000 -0.233327873350345E+005  0.230045078880881E-003 
     12.46000000 -0.233327873350350E+005  0.230044515849992E-003 
     12.48000000 -0.233327873350355E+005  0.230043996129171E-003 
     12.50000000 -0.233327873350361E+005  0.230043457846892E-003 
     12.52000000 -0.233327873350366E+005  0.230042919564612E-003 
     12.54000000 -0.233327873350372E+005  0.230042362720876E-003 
     12.56000000 -0.233327873350377E+005  0.230041836812902E-003 
     12.58000000 -0.233327873350382E+005  0.230041310904928E-003 
     12.60000000 -0.233327873350388E+005  0.230040772622649E-003 
     12.62000000 -0.233327873350393E+005  0.230040228153217E-003 
     12.64000000 -0.233327873350398E+005  0.230039696058091E-003 
     12.66000000 -0.233327873350404E+005  0.230039157775812E-003 
     12.68000000 -0.233327873350409E+005  0.230038619493533E-003 
     12.70000000 -0.233327873350414E+005  0.230038084304830E-003 
     12.72000000 -0.233327873350420E+005  0.230037546022551E-003 
     12.74000000 -0.233327873350425E+005  0.230037004646696E-003 
     12.76000000 -0.233327873350431E+005  0.230036463270840E-003 
     12.78000000 -0.233327873350436E+005  0.230035937362866E-003 
     12.80000000 -0.233327873350441E+005  0.230035389799858E-003 
     12.82000000 -0.233327873350447E+005  0.230034832956122E-003 
     12.84000000 -0.233327873350452E+005  0.230034319422453E-003 
     12.86000000 -0.233327873350458E+005  0.230033771859445E-003 
     12.88000000 -0.233327873350463E+005  0.230033230483590E-003 
     12.90000000 -0.233327873350468E+005  0.230032710762769E-003 
     12.92000000 -0.233327873350474E+005  0.230032163199761E-003 
     12.94000000 -0.233327873350479E+005  0.230031634198210E-003 
     12.96000000 -0.233327873350484E+005  0.230031086635202E-003 
     12.98000000 -0.233327873350490E+005  0.230030545259347E-003 
     13.00000000 -0.233327873350495E+005  0.230030006977068E-003 
     13.02000000 -0.233327873350501E+005  0.230029471788365E-003 
     13.04000000 -0.233327873350506E+005  0.230028942786815E-003 
     13.06000000 -0.233327873350511E+005  0.230028395223807E-003 
     13.08000000 -0.233327873350517E+005  0.230027866222257E-003 
     13.10000000 -0.233327873350522E+005  0.230027327939978E-003 
     13.12000000 -0.233327873350527E+005  0.230026798938428E-003 
     13.14000000 -0.233327873350533E+005  0.230026235907538E-003 
     13.16000000 -0.233327873350538E+005  0.230025703812412E-003 
     13.18000000 -0.233327873350544E+005  0.230025162436557E-003 
     13.20000000 -0.233327873350549E+005  0.230024633435006E-003 
     13.22000000 -0.233327873350555E+005  0.230024073497693E-003 
     13.24000000 -0.233327873350560E+005  0.230023532121838E-003 
     13.26000000 -0.233327873350565E+005  0.230023009307440E-003 
     13.28000000 -0.233327873350571E+005  0.230022477212314E-003 
     13.30000000 -0.233327873350576E+005  0.230021942023611E-003 
     13.32000000 -0.233327873350581E+005  0.230021388273451E-003 
     13.34000000 -0.233327873350587E+005  0.230020843804019E-003 
     13.36000000 -0.233327873350592E+005  0.230020311708893E-003 
     13.38000000 -0.233327873350598E+005  0.230019779613766E-003 
     13.40000000 -0.233327873350603E+005  0.230019241331487E-003 
     13.42000000 -0.233327873350608E+005  0.230018690674903E-003 
     13.44000000 -0.233327873350614E+005  0.230018152392624E-003 
     13.46000000 -0.233327873350619E+005  0.230017626484650E-003 
     13.48000000 -0.233327873350625E+005  0.230017078921642E-003 
     13.50000000 -0.233327873350630E+005  0.230016543732939E-003 
     13.52000000 -0.233327873350635E+005  0.230016008544236E-003 
     13.54000000 -0.233327873350641E+005  0.230015460981228E-003 
     13.56000000 -0.233327873350646E+005  0.230014916511797E-003 
     13.58000000 -0.233327873350651E+005  0.230014390603823E-003 
     13.60000000 -0.233327873350657E+005  0.230013830666510E-003 
     13.62000000 -0.233327873350662E+005  0.230013295477807E-003 
     13.64000000 -0.233327873350668E+005  0.230012769569833E-003 
     13.66000000 -0.233327873350673E+005  0.230012231287554E-003 
     13.68000000 -0.233327873350678E+005  0.230011680630970E-003 
     13.70000000 -0.233327873350684E+005  0.230011142348691E-003 
     13.72000000 -0.233327873350689E+005  0.230010604066412E-003 
     13.74000000 -0.233327873350695E+005  0.230010047222675E-003 
     13.76000000 -0.233327873350700E+005  0.230009521314701E-003 
     13.78000000 -0.233327873350705E+005  0.230008989219575E-003 
     13.80000000 -0.233327873350711E+005  0.230008426188685E-003 
     13.82000000 -0.233327873350716E+005  0.230007900280711E-003 
     13.84000000 -0.233327873350721E+005  0.230007386747043E-003 
     13.86000000 -0.233327873350727E+005  0.230006826809730E-003 
     13.88000000 -0.233327873350732E+005  0.230006297808179E-003 
     13.90000000 -0.233327873350738E+005  0.230005734777290E-003 
     13.92000000 -0.233327873350743E+005  0.230005215056469E-003 
     13.94000000 -0.233327873350749E+005  0.230004670587037E-003 
     13.96000000 -0.233327873350754E+005  0.230004135398334E-003 
     13.98000000 -0.233327873350759E+005  0.230003609490360E-003 
     14.00000000 -0.233327873350765E+005  0.230003068114505E-003 
     14.02000000 -0.233327873350770E+005  0.230002505083616E-003 
     14.04000000 -0.233327873350776E+005  0.230001972988489E-003 
     14.06000000 -0.233327873350781E+005  0.230001437799786E-003 
     14.08000000 -0.233327873350786E+005  0.230000902611084E-003 
     14.10000000 -0.233327873350792E+005  0.230000364328805E-003 
     14.12000000 -0.233327873350797E+005  0.229999826046526E-003 
     14.14000000 -0.233327873350802E+005  0.229999287764247E-003 
     14.16000000 -0.233327873350808E+005  0.229998730920510E-003 
     14.18000000 -0.233327873350813E+005  0.229998195731807E-003 
     14.20000000 -0.233327873350819E+005  0.229997645075223E-003 
     14.22000000 -0.233327873350824E+005  0.229997134635130E-003 
     14.24000000 -0.233327873350829E+005  0.229996596352851E-003 
     14.26000000 -0.233327873350835E+005  0.229996045696267E-003 
     14.28000000 -0.233327873350840E+005  0.229995504320412E-003 
     14.30000000 -0.233327873350846E+005  0.229994962944556E-003 
     14.32000000 -0.233327873350851E+005  0.229994433943006E-003 
     14.34000000 -0.233327873350857E+005  0.229993874005693E-003 
     14.36000000 -0.233327873350862E+005  0.229993348097719E-003 
     14.38000000 -0.233327873350867E+005  0.229992803628287E-003 
     14.40000000 -0.233327873350873E+005  0.229992249878127E-003 
     14.42000000 -0.233327873350878E+005  0.229991727063729E-003 
     14.44000000 -0.233327873350883E+005  0.229991182594298E-003 
     14.46000000 -0.233327873350889E+005  0.229990644312019E-003 
     14.48000000 -0.233327873350894E+005  0.229990106029740E-003 
     14.50000000 -0.233327873350900E+005  0.229989552279579E-003 
     14.52000000 -0.233327873350905E+005  0.229989029465182E-003 
     14.54000000 -0.233327873350910E+005  0.229988484995750E-003 
     14.56000000 -0.233327873350916E+005  0.229987946713471E-003 
     14.58000000 -0.233327873350921E+005  0.229987426992650E-003 
     14.60000000 -0.233327873350927E+005  0.229986860868184E-003 
     14.62000000 -0.233327873350932E+005  0.229986338053786E-003 
     14.64000000 -0.233327873350937E+005  0.229985787397202E-003 
     14.66000000 -0.233327873350943E+005  0.229985252208499E-003 
     14.68000000 -0.233327873350948E+005  0.229984704645491E-003 
     14.70000000 -0.233327873350954E+005  0.229984166363212E-003 
     14.72000000 -0.233327873350959E+005  0.229983621893781E-003 
     14.74000000 -0.233327873350964E+005  0.229983095985807E-003 
     14.76000000 -0.233327873350970E+005  0.229982554609951E-003 
     14.78000000 -0.233327873350975E+005  0.229982007046943E-003 
     14.80000000 -0.233327873350981E+005  0.229981468764664E-003 
     14.82000000 -0.233327873350986E+005  0.229980952137419E-003 
     14.84000000 -0.233327873350991E+005  0.229980398387259E-003 
     14.86000000 -0.233327873350997E+005  0.229979853917827E-003 
     14.88000000 -0.233327873351002E+005  0.229979331103430E-003 
     14.90000000 -0.233327873351007E+005  0.229978789727574E-003 
     14.92000000 -0.233327873351013E+005  0.229978239070990E-003 
     14.94000000 -0.233327873351019E+005  0.229977679133677E-003 
     14.96000000 -0.233327873351024E+005  0.229977162506432E-003 
     14.98000000 -0.233327873351029E+005  0.229976624224153E-003 
     15.00000000 -0.233327873351035E+005  0.229976067380416E-003 
     15.02000000 -0.233327873351040E+005  0.229975550753171E-003 
     15.04000000 -0.233327873351045E+005  0.229974984628705E-003 
     15.06000000 -0.233327873351051E+005  0.229974452533579E-003 
     15.08000000 -0.233327873351056E+005  0.229973920438452E-003 
     15.10000000 -0.233327873351061E+005  0.229973388343326E-003 
     15.12000000 -0.233327873351067E+005  0.229972843873894E-003 
     15.14000000 -0.233327873351072E+005  0.229972296310886E-003 
     15.16000000 -0.233327873351078E+005  0.229971767309336E-003 
     15.18000000 -0.233327873351083E+005  0.229971210465599E-003 
     15.20000000 -0.233327873351089E+005  0.229970672183320E-003 
     15.22000000 -0.233327873351094E+005  0.229970130807465E-003 
     15.24000000 -0.233327873351099E+005  0.229969611086644E-003 
     15.26000000 -0.233327873351105E+005  0.229969038775025E-003 
     15.28000000 -0.233327873351110E+005  0.229968512867051E-003 
     15.30000000 -0.233327873351115E+005  0.229967986959078E-003 
     15.32000000 -0.233327873351121E+005  0.229967442489646E-003 
     15.34000000 -0.233327873351126E+005  0.229966894926638E-003 
     15.36000000 -0.233327873351132E+005  0.229966365925088E-003 
     15.38000000 -0.233327873351137E+005  0.229965827642809E-003 
     15.40000000 -0.233327873351143E+005  0.229965267705496E-003 
     15.42000000 -0.233327873351148E+005  0.229964751078251E-003 
     15.44000000 -0.233327873351153E+005  0.229964212795972E-003 
     15.46000000 -0.233327873351159E+005  0.229963655952235E-003 
     15.48000000 -0.233327873351164E+005  0.229963120763532E-003 
     15.50000000 -0.233327873351169E+005  0.229962591761982E-003 
     15.52000000 -0.233327873351175E+005  0.229962044198974E-003 
     15.54000000 -0.233327873351180E+005  0.229961490448813E-003 
     15.56000000 -0.233327873351186E+005  0.229960958353687E-003 
     15.58000000 -0.233327873351191E+005  0.229960407697103E-003 
     15.60000000 -0.233327873351197E+005  0.229959875601976E-003 
     15.62000000 -0.233327873351202E+005  0.229959368255460E-003 
     15.64000000 -0.233327873351207E+005  0.229958823786029E-003 
     15.66000000 -0.233327873351213E+005  0.229958266942292E-003 
     15.68000000 -0.233327873351218E+005  0.229957725566436E-003 
     15.70000000 -0.233327873351223E+005  0.229957184190581E-003 
     15.72000000 -0.233327873351229E+005  0.229956649001878E-003 
     15.74000000 -0.233327873351234E+005  0.229956101438870E-003 
     15.76000000 -0.233327873351240E+005  0.229955569343744E-003 
     15.78000000 -0.233327873351245E+005  0.229955037248617E-003 
     15.80000000 -0.233327873351250E+005  0.229954492779186E-003 
     15.82000000 -0.233327873351256E+005  0.229953963777636E-003 
     15.84000000 -0.233327873351261E+005  0.229953406933899E-003 
     15.86000000 -0.233327873351267E+005  0.229952874838772E-003 
     15.88000000 -0.233327873351272E+005  0.229952339650069E-003 
     15.90000000 -0.233327873351277E+005  0.229951801367790E-003 
     15.92000000 -0.233327873351283E+005  0.229951256898359E-003 
     15.94000000 -0.233327873351288E+005  0.229950712428927E-003 
     15.96000000 -0.233327873351294E+005  0.229950171053072E-003 
     15.98000000 -0.233327873351299E+005  0.229949645145098E-003 
     16.00000000 -0.233327873351304E+005  0.229949094488514E-003 
     16.02000000 -0.233327873351310E+005  0.229948553112658E-003 
     16.04000000 -0.233327873351315E+005  0.229948008643227E-003 
     16.06000000 -0.233327873351321E+005  0.229947467267371E-003 
     16.08000000 -0.233327873351326E+005  0.229946947546550E-003 
     16.10000000 -0.233327873351331E+005  0.229946390702813E-003 
     16.12000000 -0.233327873351337E+005  0.229945836952652E-003 
     16.14000000 -0.233327873351342E+005  0.229945323418984E-003 
     16.16000000 -0.233327873351347E+005  0.229944788230281E-003 
     16.18000000 -0.233327873351353E+005  0.229944246854426E-003 
     16.20000000 -0.233327873351358E+005  0.229943702384994E-003 
     16.22000000 -0.233327873351364E+005  0.229943151728410E-003 
     16.24000000 -0.233327873351369E+005  0.229942616539707E-003 
     16.26000000 -0.233327873351374E+005  0.229942084444581E-003 
     16.28000000 -0.233327873351380E+005  0.229941524507267E-003 
     16.30000000 -0.233327873351385E+005  0.229940992412141E-003 
     16.32000000 -0.233327873351391E+005  0.229940478878473E-003 
     16.34000000 -0.233327873351396E+005  0.229939915847583E-003 
     16.36000000 -0.233327873351402E+005  0.229939377565304E-003 
     16.38000000 -0.233327873351407E+005  0.229938848563754E-003 
     16.40000000 -0.233327873351412E+005  0.229938294813593E-003 
     16.42000000 -0.233327873351418E+005  0.229937744157009E-003 
     16.44000000 -0.233327873351423E+005  0.229937233716917E-003 
     16.46000000 -0.233327873351428E+005  0.229936692341061E-003 
     16.48000000 -0.233327873351434E+005  0.229936147871630E-003 
     16.50000000 -0.233327873351439E+005  0.229935606495774E-003 
     16.52000000 -0.233327873351445E+005  0.229935068213495E-003 
     16.54000000 -0.233327873351450E+005  0.229934523744064E-003 
     16.56000000 -0.233327873351455E+005  0.229934000929666E-003 
     16.58000000 -0.233327873351461E+005  0.229933450273082E-003 
     16.60000000 -0.233327873351466E+005  0.229932899616497E-003 
     16.62000000 -0.233327873351472E+005  0.229932358240642E-003 
     16.64000000 -0.233327873351477E+005  0.229931819958363E-003 
     16.66000000 -0.233327873351483E+005  0.229931269301779E-003 
     16.68000000 -0.233327873351488E+005  0.229930755768110E-003 
     16.70000000 -0.233327873351493E+005  0.229930202017950E-003 
     16.72000000 -0.233327873351499E+005  0.229929663735671E-003 
     16.74000000 -0.233327873351504E+005  0.229929134734120E-003 
     16.76000000 -0.233327873351509E+005  0.229928596451841E-003 
     16.78000000 -0.233327873351515E+005  0.229928048888833E-003 
     16.80000000 -0.233327873351520E+005  0.229927516793707E-003 
     16.82000000 -0.233327873351526E+005  0.229926972324275E-003 
     16.84000000 -0.233327873351531E+005  0.229926446416302E-003 
     16.86000000 -0.233327873351537E+005  0.229925874104683E-003 
     16.88000000 -0.233327873351542E+005  0.229925357477438E-003 
     16.90000000 -0.233327873351547E+005  0.229924819195159E-003 
     16.92000000 -0.233327873351553E+005  0.229924274725727E-003 
     16.94000000 -0.233327873351558E+005  0.229923736443448E-003 
     16.96000000 -0.233327873351563E+005  0.229923185786864E-003 
     16.98000000 -0.233327873351569E+005  0.229922647504585E-003 
     17.00000000 -0.233327873351574E+005  0.229922127783764E-003 
     17.02000000 -0.233327873351579E+005  0.229921592595061E-003 
     17.04000000 -0.233327873351585E+005  0.229921041938477E-003 
     17.06000000 -0.233327873351590E+005  0.229920491281893E-003 
     17.08000000 -0.233327873351596E+005  0.229919959186766E-003 
     17.10000000 -0.233327873351601E+005  0.229919405436606E-003 
     17.12000000 -0.233327873351607E+005  0.229918870247903E-003 
     17.14000000 -0.233327873351612E+005  0.229918359807811E-003 
     17.16000000 -0.233327873351617E+005  0.229917809151226E-003 
     17.18000000 -0.233327873351623E+005  0.229917243026760E-003 
     17.20000000 -0.233327873351628E+005  0.229916720212363E-003 
     17.22000000 -0.233327873351633E+005  0.229916188117237E-003 
     17.24000000 -0.233327873351639E+005  0.229915652928534E-003 
     17.26000000 -0.233327873351644E+005  0.229915099178373E-003 
     17.28000000 -0.233327873351650E+005  0.229914567083247E-003 
     17.30000000 -0.233327873351655E+005  0.229914022613815E-003 
     17.32000000 -0.233327873351660E+005  0.229913484331536E-003 
     17.34000000 -0.233327873351666E+005  0.229912952236410E-003 
     17.36000000 -0.233327873351671E+005  0.229912420141283E-003 
     17.38000000 -0.233327873351677E+005  0.229911872578275E-003 
     17.40000000 -0.233327873351682E+005  0.229911318828115E-003 
     17.42000000 -0.233327873351688E+005  0.229910780545836E-003 
     17.44000000 -0.233327873351693E+005  0.229910254637862E-003 
     17.46000000 -0.233327873351698E+005  0.229909707074854E-003 
     17.48000000 -0.233327873351704E+005  0.229909150231117E-003 
     17.50000000 -0.233327873351709E+005  0.229908608855261E-003 
     17.52000000 -0.233327873351715E+005  0.229908064385830E-003 
     17.54000000 -0.233327873351720E+005  0.229907538477856E-003 
     17.56000000 -0.233327873351725E+005  0.229907006382730E-003 
     17.58000000 -0.233327873351731E+005  0.229906461913298E-003 
     17.60000000 -0.233327873351736E+005  0.229905942192477E-003 
     17.62000000 -0.233327873351741E+005  0.229905385348740E-003 
     17.64000000 -0.233327873351747E+005  0.229904856347190E-003 
     17.66000000 -0.233327873351752E+005  0.229904290222724E-003 
     17.68000000 -0.233327873351758E+005  0.229903776689055E-003 
     17.70000000 -0.233327873351763E+005  0.229903238406776E-003 
     17.72000000 -0.233327873351769E+005  0.229902681563039E-003 
     17.74000000 -0.233327873351774E+005  0.229902143280760E-003 
     17.76000000 -0.233327873351779E+005  0.229901611185634E-003 
     17.78000000 -0.233327873351785E+005  0.229901079090507E-003 
     17.80000000 -0.233327873351790E+005  0.229900509872465E-003 
     17.82000000 -0.233327873351795E+005  0.229899987058068E-003 
     17.84000000 -0.233327873351801E+005  0.229899464243670E-003 
     17.86000000 -0.233327873351806E+005  0.229898916680662E-003 
     17.88000000 -0.233327873351812E+005  0.229898381491960E-003 
     17.90000000 -0.233327873351817E+005  0.229897849396833E-003 
     17.92000000 -0.233327873351822E+005  0.229897304927401E-003 
     17.94000000 -0.233327873351828E+005  0.229896754270817E-003 
     17.96000000 -0.233327873351833E+005  0.229896209801385E-003 
     17.98000000 -0.233327873351838E+005  0.229895696267717E-003 
     18.00000000 -0.233327873351844E+005  0.229895136330404E-003 
     18.02000000 -0.233327873351849E+005  0.229894594954548E-003 
     18.04000000 -0.233327873351855E+005  0.229894078327303E-003 
     18.06000000 -0.233327873351860E+005  0.229893524577143E-003 
     18.08000000 -0.233327873351866E+005  0.229892980107711E-003 
     18.10000000 -0.233327873351871E+005  0.229892429451127E-003 
     18.12000000 -0.233327873351876E+005  0.229891903543153E-003 
     18.14000000 -0.233327873351882E+005  0.229891371448027E-003 
     18.16000000 -0.233327873351887E+005  0.229890836259324E-003 
     18.18000000 -0.233327873351892E+005  0.229890285602740E-003 
     18.20000000 -0.233327873351898E+005  0.229889738039732E-003 
     18.22000000 -0.233327873351903E+005  0.229889205944605E-003 
     18.24000000 -0.233327873351909E+005  0.229888667662326E-003 
     18.26000000 -0.233327873351914E+005  0.229888110818589E-003 
     18.28000000 -0.233327873351919E+005  0.229887591097768E-003 
     18.30000000 -0.233327873351925E+005  0.229887043534760E-003 
     18.32000000 -0.233327873351930E+005  0.229886508346057E-003 
     18.34000000 -0.233327873351936E+005  0.229885951502320E-003 
     18.36000000 -0.233327873351941E+005  0.229885425594347E-003 
     18.38000000 -0.233327873351946E+005  0.229884902779949E-003 
     18.40000000 -0.233327873351952E+005  0.229884355216941E-003 
     18.42000000 -0.233327873351957E+005  0.229883804560357E-003 
     18.44000000 -0.233327873351963E+005  0.229883266278078E-003 
     18.46000000 -0.233327873351968E+005  0.229882740370104E-003 
     18.48000000 -0.233327873351973E+005  0.229882189713520E-003 
     18.50000000 -0.233327873351979E+005  0.229881639056935E-003 
     18.52000000 -0.233327873351984E+005  0.229881113148962E-003 
     18.54000000 -0.233327873351990E+005  0.229880568679530E-003 
     18.56000000 -0.233327873351995E+005  0.229880027303675E-003 
     18.58000000 -0.233327873352001E+005  0.229879479740667E-003 
     18.60000000 -0.233327873352006E+005  0.229878941458388E-003 
     18.62000000 -0.233327873352011E+005  0.229878415550414E-003 
     18.64000000 -0.233327873352017E+005  0.229877858706677E-003 
     18.66000000 -0.233327873352022E+005  0.229877326611550E-003 
     18.68000000 -0.233327873352027E+005  0.229876806890729E-003 
     18.70000000 -0.233327873352033E+005  0.229876259327721E-003 
     18.72000000 -0.233327873352038E+005  0.229875730326171E-003 
     18.74000000 -0.233327873352044E+005  0.229875179669587E-003 
     18.76000000 -0.233327873352049E+005  0.229874638293731E-003 
     18.78000000 -0.233327873352054E+005  0.229874090730723E-003 
     18.80000000 -0.233327873352060E+005  0.229873558635597E-003 
     18.82000000 -0.233327873352065E+005  0.229873014166165E-003 
     18.84000000 -0.233327873352071E+005  0.229872475883886E-003 
     18.86000000 -0.233327873352076E+005  0.229871949975913E-003 
     18.88000000 -0.233327873352081E+005  0.229871393132176E-003 
     18.90000000 -0.233327873352087E+005  0.229870848662744E-003 
     18.92000000 -0.233327873352092E+005  0.229870316567618E-003 
     18.94000000 -0.233327873352098E+005  0.229869778285338E-003 
     18.96000000 -0.233327873352103E+005  0.229869233815907E-003 
     18.98000000 -0.233327873352108E+005  0.229868692440051E-003 
     19.00000000 -0.233327873352114E+005  0.229868163438501E-003 
     19.02000000 -0.233327873352119E+005  0.229867618969070E-003 
     19.04000000 -0.233327873352125E+005  0.229867080686791E-003 
     19.06000000 -0.233327873352130E+005  0.229866554778817E-003 
     19.08000000 -0.233327873352135E+005  0.229866013402961E-003 
     19.10000000 -0.233327873352141E+005  0.229865437997767E-003 
     19.12000000 -0.233327873352146E+005  0.229864927557674E-003 
     19.14000000 -0.233327873352152E+005  0.229864364526785E-003 
     19.16000000 -0.233327873352157E+005  0.229863869554574E-003 
     19.18000000 -0.233327873352162E+005  0.229863306523685E-003 
     19.20000000 -0.233327873352168E+005  0.229862762054253E-003 
     19.22000000 -0.233327873352173E+005  0.229862233052703E-003 
     19.24000000 -0.233327873352179E+005  0.229861682396119E-003 
     19.26000000 -0.233327873352184E+005  0.229861128645958E-003 
     19.28000000 -0.233327873352189E+005  0.229860587270103E-003 
     19.30000000 -0.233327873352195E+005  0.229860070642858E-003 
     19.32000000 -0.233327873352200E+005  0.229859526173426E-003 
     19.34000000 -0.233327873352206E+005  0.229858978610418E-003 
     19.36000000 -0.233327873352211E+005  0.229858440328139E-003 
     19.38000000 -0.233327873352216E+005  0.229857917513742E-003 
     19.40000000 -0.233327873352222E+005  0.229857366857157E-003 
     19.42000000 -0.233327873352227E+005  0.229856822387726E-003 
     19.44000000 -0.233327873352232E+005  0.229856290292599E-003 
     19.46000000 -0.233327873352238E+005  0.229855739636015E-003 
     19.48000000 -0.233327873352243E+005  0.229855207540888E-003 
     19.50000000 -0.233327873352248E+005  0.229854681632915E-003 
     19.52000000 -0.233327873352254E+005  0.229854143350636E-003 
     19.54000000 -0.233327873352259E+005  0.229853586506899E-003 
     19.56000000 -0.233327873352265E+005  0.229853045131043E-003 
     19.58000000 -0.233327873352270E+005  0.229852513035917E-003 
     19.60000000 -0.233327873352276E+005  0.229851977847214E-003 
     19.62000000 -0.233327873352281E+005  0.229851427190630E-003 
     19.64000000 -0.233327873352286E+005  0.229850898189080E-003 
     19.66000000 -0.233327873352292E+005  0.229850350626072E-003 
     19.68000000 -0.233327873352297E+005  0.229849787595182E-003 
     19.70000000 -0.233327873352303E+005  0.229849277155090E-003 
     19.72000000 -0.233327873352308E+005  0.229848745059964E-003 
     19.74000000 -0.233327873352313E+005  0.229848191309803E-003 
     19.76000000 -0.233327873352319E+005  0.229847671588982E-003 
     19.78000000 -0.233327873352324E+005  0.229847120932397E-003 
     19.80000000 -0.233327873352329E+005  0.229846588837271E-003 
     19.82000000 -0.233327873352335E+005  0.229846035087110E-003 
     19.84000000 -0.233327873352340E+005  0.229845515366289E-003 
     19.86000000 -0.233327873352346E+005  0.229844949241823E-003 
     19.88000000 -0.233327873352351E+005  0.229844423333850E-003 
     19.90000000 -0.233327873352357E+005  0.229843878864418E-003 
     19.92000000 -0.233327873352362E+005  0.229843346769291E-003 
     19.94000000 -0.233327873352368E+005  0.229842771364097E-003 
     19.96000000 -0.233327873352373E+005  0.229842273298310E-003 
     19.98000000 -0.233327873352378E+005  0.229841738109607E-003 
     20.00000000 -0.233327873352383E+005  0.229841199827328E-003 
     20.02000000 -0.233327873352389E+005  0.229840636796438E-003 
     20.04000000 -0.233327873352394E+005  0.229840098514159E-003 
     20.06000000 -0.233327873352400E+005  0.229839547857575E-003 
     20.08000000 -0.233327873352405E+005  0.229839015762449E-003 
     20.10000000 -0.233327873352410E+005  0.229838496041627E-003 
     20.12000000 -0.233327873352416E+005  0.229837945385043E-003 
     20.14000000 -0.233327873352421E+005  0.229837413289917E-003 
     20.16000000 -0.233327873352427E+005  0.229836862633332E-003 
     20.18000000 -0.233327873352432E+005  0.229836336725359E-003 
     20.20000000 -0.233327873352437E+005  0.229835786068774E-003 
     20.22000000 -0.233327873352443E+005  0.229835241599343E-003 
     20.24000000 -0.233327873352448E+005  0.229834709504216E-003 
     20.26000000 -0.233327873352454E+005  0.229834168128361E-003 
     20.28000000 -0.233327873352459E+005  0.229833623658929E-003 
     20.30000000 -0.233327873352464E+005  0.229833100844532E-003 
     20.32000000 -0.233327873352470E+005  0.229832568749405E-003 
     20.34000000 -0.233327873352475E+005  0.229832024279974E-003 
     20.36000000 -0.233327873352481E+005  0.229831467436237E-003 
     20.38000000 -0.233327873352486E+005  0.229830947715416E-003 
     20.40000000 -0.233327873352491E+005  0.229830406339560E-003 
     20.42000000 -0.233327873352497E+005  0.229829864963705E-003 
     20.44000000 -0.233327873352502E+005  0.229829308119968E-003 
     20.46000000 -0.233327873352508E+005  0.229828745089078E-003 
     20.48000000 -0.233327873352513E+005  0.229828234648986E-003 
     20.50000000 -0.233327873352518E+005  0.229827705647436E-003 
     20.52000000 -0.233327873352524E+005  0.229827145710123E-003 
     20.54000000 -0.233327873352529E+005  0.229826622895725E-003 
     20.56000000 -0.233327873352535E+005  0.229826078426294E-003 
     20.58000000 -0.233327873352540E+005  0.229825555611896E-003 
     20.60000000 -0.233327873352545E+005  0.229825008048888E-003 
     20.62000000 -0.233327873352551E+005  0.229824469766609E-003 
     20.64000000 -0.233327873352556E+005  0.229823922203601E-003 
     20.66000000 -0.233327873352561E+005  0.229823387014898E-003 
     20.68000000 -0.233327873352567E+005  0.229822823984009E-003 
     20.70000000 -0.233327873352572E+005  0.229822316637493E-003 
     20.72000000 -0.233327873352578E+005  0.229821759793756E-003 
     20.74000000 -0.233327873352583E+005  0.229821227698630E-003 
     20.76000000 -0.233327873352588E+005  0.229820692509927E-003 
     20.78000000 -0.233327873352594E+005  0.229820148040495E-003 
     20.80000000 -0.233327873352599E+005  0.229819600477487E-003 
     20.82000000 -0.233327873352605E+005  0.229819062195208E-003 
     20.84000000 -0.233327873352610E+005  0.229818517725776E-003 
     20.86000000 -0.233327873352615E+005  0.229817998004955E-003 
     20.88000000 -0.233327873352621E+005  0.229817434974066E-003 
     20.90000000 -0.233327873352626E+005  0.229816912159668E-003 
     20.92000000 -0.233327873352632E+005  0.229816373877389E-003 
     20.94000000 -0.233327873352637E+005  0.229815832501534E-003 
     20.96000000 -0.233327873352642E+005  0.229815306593560E-003 
     20.98000000 -0.233327873352648E+005  0.229814740469094E-003 
     21.00000000 -0.233327873352653E+005  0.229814223841849E-003 
     21.02000000 -0.233327873352659E+005  0.229813679372418E-003 
     21.04000000 -0.233327873352664E+005  0.229813131809410E-003 
     21.06000000 -0.233327873352669E+005  0.229812584246402E-003 
     21.08000000 -0.233327873352675E+005  0.229812052151275E-003 
     21.10000000 -0.233327873352680E+005  0.229811529336878E-003 
     21.12000000 -0.233327873352686E+005  0.229810975586717E-003 
     21.14000000 -0.233327873352691E+005  0.229810449678743E-003 
     21.16000000 -0.233327873352696E+005  0.229809892835006E-003 
     21.18000000 -0.233327873352702E+005  0.229809373114185E-003 
     21.20000000 -0.233327873352707E+005  0.229808822457601E-003 
     21.22000000 -0.233327873352713E+005  0.229808271801017E-003 
     21.24000000 -0.233327873352718E+005  0.229807758267348E-003 
     21.26000000 -0.233327873352723E+005  0.229807195236459E-003 
     21.28000000 -0.233327873352729E+005  0.229806650767027E-003 
     21.30000000 -0.233327873352734E+005  0.229806121765477E-003 
     21.32000000 -0.233327873352740E+005  0.229805580389621E-003 
     21.34000000 -0.233327873352745E+005  0.229805042107342E-003 
     21.36000000 -0.233327873352750E+005  0.229804497637911E-003 
     21.38000000 -0.233327873352756E+005  0.229803950074903E-003 
     21.40000000 -0.233327873352761E+005  0.229803427260505E-003 
     21.42000000 -0.233327873352766E+005  0.229802882791074E-003 
     21.44000000 -0.233327873352772E+005  0.229802350695947E-003 
     21.46000000 -0.233327873352777E+005  0.229801796945786E-003 
     21.48000000 -0.233327873352783E+005  0.229801267944236E-003 
     21.50000000 -0.233327873352788E+005  0.229800742036263E-003 
     21.52000000 -0.233327873352794E+005  0.229800172818220E-003 
     21.54000000 -0.233327873352799E+005  0.229799653097399E-003 
     21.56000000 -0.233327873352804E+005  0.229799102440815E-003 
     21.58000000 -0.233327873352810E+005  0.229798557971383E-003 
     21.60000000 -0.233327873352815E+005  0.229798013501952E-003 
     21.62000000 -0.233327873352820E+005  0.229797487593978E-003 
     21.64000000 -0.233327873352826E+005  0.229796949311699E-003 
     21.66000000 -0.233327873352831E+005  0.229796404842267E-003 
     21.68000000 -0.233327873352836E+005  0.229795885121446E-003 
     21.70000000 -0.233327873352842E+005  0.229795346839167E-003 
     21.72000000 -0.233327873352847E+005  0.229794783808277E-003 
     21.74000000 -0.233327873352853E+005  0.229794270274609E-003 
     21.76000000 -0.233327873352858E+005  0.229793704150143E-003 
     21.78000000 -0.233327873352864E+005  0.229793175148593E-003 
     21.80000000 -0.233327873352869E+005  0.229792643053466E-003 
     21.82000000 -0.233327873352874E+005  0.229792092396882E-003 
     21.84000000 -0.233327873352880E+005  0.229791547927450E-003 
     21.86000000 -0.233327873352885E+005  0.229791022019477E-003 
     21.88000000 -0.233327873352891E+005  0.229790458988587E-003 
     21.90000000 -0.233327873352896E+005  0.229789933080613E-003 
     21.92000000 -0.233327873352901E+005  0.229789388611182E-003 
     21.94000000 -0.233327873352907E+005  0.229788850328903E-003 
     21.96000000 -0.233327873352912E+005  0.229788315140200E-003 
     21.98000000 -0.233327873352918E+005  0.229787770670768E-003 
     22.00000000 -0.233327873352923E+005  0.229787238575642E-003 
     22.02000000 -0.233327873352928E+005  0.229786703386939E-003 
     22.04000000 -0.233327873352934E+005  0.229786158917507E-003 
     22.06000000 -0.233327873352939E+005  0.229785608260923E-003 
     22.08000000 -0.233327873352945E+005  0.229785073072220E-003 
     22.10000000 -0.233327873352950E+005  0.229784547164246E-003 
     22.12000000 -0.233327873352955E+005  0.229784011975544E-003 
     22.14000000 -0.233327873352961E+005  0.229783461318959E-003 
     22.16000000 -0.233327873352966E+005  0.229782923036680E-003 
     22.18000000 -0.233327873352972E+005  0.229782381660825E-003 
     22.20000000 -0.233327873352977E+005  0.229781855752851E-003 
     22.22000000 -0.233327873352982E+005  0.229781314376996E-003 
     22.24000000 -0.233327873352988E+005  0.229780763720412E-003 
     22.26000000 -0.233327873352993E+005  0.229780225438132E-003 
     22.28000000 -0.233327873352998E+005  0.229779684062277E-003 
     22.30000000 -0.233327873353004E+005  0.229779161247880E-003 
     22.32000000 -0.233327873353009E+005  0.229778613684872E-003 
     22.34000000 -0.233327873353015E+005  0.229778078496169E-003 
     22.36000000 -0.233327873353020E+005  0.229777537120314E-003 
     22.38000000 -0.233327873353026E+005  0.229776967902271E-003 
     22.40000000 -0.233327873353031E+005  0.229776463649332E-003 
     22.42000000 -0.233327873353036E+005  0.229775906805595E-003 
     22.44000000 -0.233327873353042E+005  0.229775368523316E-003 
     22.46000000 -0.233327873353047E+005  0.229774827147460E-003 
     22.48000000 -0.233327873353052E+005  0.229774301239487E-003 
     22.50000000 -0.233327873353058E+005  0.229773741302173E-003 
     22.52000000 -0.233327873353063E+005  0.229773224674929E-003 
     22.54000000 -0.233327873353069E+005  0.229772674018344E-003 
     22.56000000 -0.233327873353074E+005  0.229772132642489E-003 
     22.58000000 -0.233327873353079E+005  0.229771597453786E-003 
     22.60000000 -0.233327873353085E+005  0.229771068452236E-003 
     22.62000000 -0.233327873353090E+005  0.229770539450686E-003 
     22.64000000 -0.233327873353096E+005  0.229769979513373E-003 
     22.66000000 -0.233327873353101E+005  0.229769416482483E-003 
     22.68000000 -0.233327873353106E+005  0.229768884387357E-003 
     22.70000000 -0.233327873353112E+005  0.229768364666536E-003 
     22.72000000 -0.233327873353117E+005  0.229767823290680E-003 
     22.74000000 -0.233327873353123E+005  0.229767254072638E-003 
     22.76000000 -0.233327873353128E+005  0.229766749819698E-003 
     22.78000000 -0.233327873353133E+005  0.229766199163114E-003 
     22.80000000 -0.233327873353139E+005  0.229765654693682E-003 
     22.82000000 -0.233327873353144E+005  0.229765110224251E-003 
     22.84000000 -0.233327873353149E+005  0.229764596690582E-003 
     22.86000000 -0.233327873353155E+005  0.229764046033998E-003 
     22.88000000 -0.233327873353160E+005  0.229763507751719E-003 
     22.90000000 -0.233327873353166E+005  0.229762963282287E-003 
     22.92000000 -0.233327873353171E+005  0.229762431187161E-003 
     22.94000000 -0.233327873353177E+005  0.229761880530576E-003 
     22.96000000 -0.233327873353182E+005  0.229761360809755E-003 
     22.98000000 -0.233327873353187E+005  0.229760816340324E-003 
     23.00000000 -0.233327873353193E+005  0.229760265683739E-003 
     23.02000000 -0.233327873353198E+005  0.229759727401460E-003 
     23.04000000 -0.233327873353203E+005  0.229759201493487E-003 
     23.06000000 -0.233327873353209E+005  0.229758663211207E-003 
     23.08000000 -0.233327873353214E+005  0.229758115648199E-003 
     23.10000000 -0.233327873353220E+005  0.229757568085191E-003 
     23.12000000 -0.233327873353225E+005  0.229757060738676E-003 
     23.14000000 -0.233327873353231E+005  0.229756479146328E-003 
     23.16000000 -0.233327873353236E+005  0.229755953238354E-003 
     23.18000000 -0.233327873353241E+005  0.229755405675346E-003 
     23.20000000 -0.233327873353246E+005  0.229754889048102E-003 
     23.22000000 -0.233327873353252E+005  0.229754356952975E-003 
     23.24000000 -0.233327873353257E+005  0.229753793922086E-003 
     23.26000000 -0.233327873353263E+005  0.229753252546230E-003 
     23.28000000 -0.233327873353268E+005  0.229752726638256E-003 
     23.30000000 -0.233327873353274E+005  0.229752166700943E-003 
     23.32000000 -0.233327873353279E+005  0.229751659354427E-003 
     23.34000000 -0.233327873353284E+005  0.229751108697843E-003 
     23.36000000 -0.233327873353290E+005  0.229750558041259E-003 
     23.38000000 -0.233327873353295E+005  0.229750022852556E-003 
     23.40000000 -0.233327873353300E+005  0.229749481476701E-003 
     23.42000000 -0.233327873353306E+005  0.229748943194421E-003 
     23.44000000 -0.233327873353311E+005  0.229748411099295E-003 
     23.46000000 -0.233327873353317E+005  0.229747872817016E-003 
     23.48000000 -0.233327873353322E+005  0.229747328347584E-003 
     23.50000000 -0.233327873353327E+005  0.229746796252458E-003 
     23.52000000 -0.233327873353333E+005  0.229746251783026E-003 
     23.54000000 -0.233327873353338E+005  0.229745713500747E-003 
     23.56000000 -0.233327873353343E+005  0.229745193779926E-003 
     23.58000000 -0.233327873353349E+005  0.229744609094002E-003 
     23.60000000 -0.233327873353354E+005  0.229744083186028E-003 
     23.62000000 -0.233327873353360E+005  0.229743582026665E-003 
     23.64000000 -0.233327873353365E+005  0.229743015902199E-003 
     23.66000000 -0.233327873353370E+005  0.229742496181378E-003 
     23.68000000 -0.233327873353376E+005  0.229741914589031E-003 
     23.70000000 -0.233327873353381E+005  0.229741385587481E-003 
     23.72000000 -0.233327873353387E+005  0.229740844211625E-003 
     23.74000000 -0.233327873353392E+005  0.229740309022922E-003 
     23.76000000 -0.233327873353398E+005  0.229739773834220E-003 
     23.78000000 -0.233327873353403E+005  0.229739229364788E-003 
     23.80000000 -0.233327873353408E+005  0.229738703456814E-003 
     23.82000000 -0.233327873353414E+005  0.229738158987383E-003 
     23.84000000 -0.233327873353419E+005  0.229737623798680E-003 
     23.86000000 -0.233327873353425E+005  0.229737070048519E-003 
     23.88000000 -0.233327873353430E+005  0.229736544140545E-003 
     23.90000000 -0.233327873353435E+005  0.229735984203232E-003 
     23.92000000 -0.233327873353441E+005  0.229735455201682E-003 
     23.94000000 -0.233327873353446E+005  0.229734910732250E-003 
     23.96000000 -0.233327873353452E+005  0.229734366262819E-003 
     23.98000000 -0.233327873353457E+005  0.229733858916303E-003 
     24.00000000 -0.233327873353462E+005  0.229733292791837E-003 
     24.02000000 -0.233327873353468E+005  0.229732776164592E-003 
     24.04000000 -0.233327873353473E+005  0.229732237882313E-003 
     24.06000000 -0.233327873353478E+005  0.229731687225729E-003 
     24.08000000 -0.233327873353484E+005  0.229731152037026E-003 
     24.10000000 -0.233327873353489E+005  0.229730595193289E-003 
     24.12000000 -0.233327873353495E+005  0.229730060004586E-003 
     24.14000000 -0.233327873353500E+005  0.229729527909460E-003 
     24.16000000 -0.233327873353505E+005  0.229728995814334E-003 
     24.18000000 -0.233327873353511E+005  0.229728457532055E-003 
     24.20000000 -0.233327873353516E+005  0.229727891407589E-003 
     24.22000000 -0.233327873353521E+005  0.229727380967496E-003 
     24.24000000 -0.233327873353527E+005  0.229726845778794E-003 
     24.26000000 -0.233327873353532E+005  0.229726285841480E-003 
     24.28000000 -0.233327873353538E+005  0.229725747559201E-003 
     24.30000000 -0.233327873353543E+005  0.229725212370499E-003 
     24.32000000 -0.233327873353549E+005  0.229724677181796E-003 
     24.34000000 -0.233327873353554E+005  0.229724141993093E-003 
     24.36000000 -0.233327873353559E+005  0.229723600617238E-003 
     24.38000000 -0.233327873353565E+005  0.229723049960654E-003 
     24.40000000 -0.233327873353570E+005  0.229722542614138E-003 
     24.42000000 -0.233327873353575E+005  0.229721991957553E-003 
     24.44000000 -0.233327873353581E+005  0.229721425833087E-003 
     24.46000000 -0.233327873353586E+005  0.229720903018690E-003 
     24.48000000 -0.233327873353592E+005  0.229720358549258E-003 
     24.50000000 -0.233327873353597E+005  0.229719804799098E-003 
     24.52000000 -0.233327873353603E+005  0.229719275797548E-003 
     24.54000000 -0.233327873353608E+005  0.229718743702421E-003 
     24.56000000 -0.233327873353613E+005  0.229718205420142E-003 
     24.58000000 -0.233327873353619E+005  0.229717660950710E-003 
     24.60000000 -0.233327873353624E+005  0.229717110294126E-003 
     24.62000000 -0.233327873353629E+005  0.229716584386152E-003 
     24.64000000 -0.233327873353635E+005  0.229716055384602E-003 
     24.66000000 -0.233327873353640E+005  0.229715492353713E-003 
     24.68000000 -0.233327873353645E+005  0.229714981913620E-003 
     24.70000000 -0.233327873353651E+005  0.229714431257036E-003 
     24.72000000 -0.233327873353657E+005  0.229713880600452E-003 
     24.74000000 -0.233327873353662E+005  0.229713348505325E-003 
     24.76000000 -0.233327873353667E+005  0.229712791661588E-003 
     24.78000000 -0.233327873353673E+005  0.229712265753615E-003 
     24.80000000 -0.233327873353678E+005  0.229711739845641E-003 
     24.82000000 -0.233327873353683E+005  0.229711201563362E-003 
     24.84000000 -0.233327873353689E+005  0.229710632345320E-003 
     24.86000000 -0.233327873353694E+005  0.229710100250193E-003 
     24.88000000 -0.233327873353700E+005  0.229709577435796E-003 
     24.90000000 -0.233327873353705E+005  0.229709036059940E-003 
     24.92000000 -0.233327873353710E+005  0.229708497777661E-003 
     24.94000000 -0.233327873353716E+005  0.229707947121077E-003 
     24.96000000 -0.233327873353721E+005  0.229707427400256E-003 
     24.98000000 -0.233327873353727E+005  0.229706867462943E-003 
     25.00000000 -0.233327873353732E+005  0.229706344648545E-003 
     25.02000000 -0.233327873353737E+005  0.229705787804808E-003 
     25.04000000 -0.233327873353743E+005  0.229705255709682E-003 
     25.06000000 -0.233327873353748E+005  0.229704705053098E-003 
     25.08000000 -0.233327873353754E+005  0.229704176051547E-003 
     25.10000000 -0.233327873353759E+005  0.229703659424303E-003 
     25.12000000 -0.233327873353764E+005  0.229703105674142E-003 
     25.14000000 -0.233327873353770E+005  0.229702548830405E-003 
     25.16000000 -0.233327873353775E+005  0.229702013641702E-003 
     25.18000000 -0.233327873353780E+005  0.229701487733729E-003 
     25.20000000 -0.233327873353786E+005  0.229700930889992E-003 
     25.22000000 -0.233327873353791E+005  0.229700417356323E-003 
     25.24000000 -0.233327873353797E+005  0.229699860512586E-003 
     25.26000000 -0.233327873353802E+005  0.229699322230307E-003 
     25.28000000 -0.233327873353807E+005  0.229698783948028E-003 
     25.30000000 -0.233327873353813E+005  0.229698254946478E-003 
     25.32000000 -0.233327873353818E+005  0.229697704289894E-003 
     25.34000000 -0.233327873353824E+005  0.229697159820462E-003 
     25.36000000 -0.233327873353829E+005  0.229696630818912E-003 
     25.38000000 -0.233327873353834E+005  0.229696098723785E-003 
     25.40000000 -0.233327873353840E+005  0.229695548067201E-003 
     25.42000000 -0.233327873353845E+005  0.229695009784922E-003 
     25.44000000 -0.233327873353851E+005  0.229694465315490E-003 
     25.46000000 -0.233327873353856E+005  0.229693933220364E-003 
     25.48000000 -0.233327873353861E+005  0.229693391844509E-003 
     25.50000000 -0.233327873353867E+005  0.229692856655806E-003 
     25.52000000 -0.233327873353872E+005  0.229692340028561E-003 
     25.54000000 -0.233327873353878E+005  0.229691773904095E-003 
     25.56000000 -0.233327873353883E+005  0.229691241808969E-003 
     25.58000000 -0.233327873353888E+005  0.229690703526690E-003 
     25.60000000 -0.233327873353894E+005  0.229690159057258E-003 
     25.62000000 -0.233327873353899E+005  0.229689614587826E-003 
     25.64000000 -0.233327873353905E+005  0.229689063931242E-003 
     25.66000000 -0.233327873353910E+005  0.229688525648963E-003 
     25.68000000 -0.233327873353915E+005  0.229688005928142E-003 
     25.70000000 -0.233327873353921E+005  0.229687461458710E-003 
     25.72000000 -0.233327873353926E+005  0.229686929363584E-003 
     25.74000000 -0.233327873353932E+005  0.229686372519847E-003 
     25.76000000 -0.233327873353937E+005  0.229685865173331E-003 
     25.78000000 -0.233327873353942E+005  0.229685308329594E-003 
     25.80000000 -0.233327873353948E+005  0.229684763860162E-003 
     25.82000000 -0.233327873353953E+005  0.229684225577883E-003 
     25.84000000 -0.233327873353959E+005  0.229683678014875E-003 
     25.86000000 -0.233327873353964E+005  0.229683158294054E-003 
     25.88000000 -0.233327873353969E+005  0.229682604543893E-003 
     25.90000000 -0.233327873353975E+005  0.229682066261614E-003 
     25.92000000 -0.233327873353980E+005  0.229681527979335E-003 
     25.94000000 -0.233327873353985E+005  0.229680995884209E-003 
     25.96000000 -0.233327873353991E+005  0.229680442134048E-003 
     25.98000000 -0.233327873353996E+005  0.229679903851769E-003 
     26.00000000 -0.233327873354002E+005  0.229679377943795E-003 
     26.02000000 -0.233327873354007E+005  0.229678824193635E-003 
     26.04000000 -0.233327873354012E+005  0.229678298285661E-003 
     26.06000000 -0.233327873354018E+005  0.229677760003382E-003 
     26.08000000 -0.233327873354023E+005  0.229677215533950E-003 
     26.10000000 -0.233327873354029E+005  0.229676680345248E-003 
     26.12000000 -0.233327873354034E+005  0.229676138969392E-003 
     26.14000000 -0.233327873354039E+005  0.229675619248571E-003 
     26.16000000 -0.233327873354045E+005  0.229675056217682E-003 
     26.18000000 -0.233327873354050E+005  0.229674524122555E-003 
     26.20000000 -0.233327873354055E+005  0.229673998214581E-003 
     26.22000000 -0.233327873354061E+005  0.229673444464421E-003 
     26.24000000 -0.233327873354066E+005  0.229672903088565E-003 
     26.26000000 -0.233327873354072E+005  0.229672355525557E-003 
     26.28000000 -0.233327873354077E+005  0.229671820336855E-003 
     26.30000000 -0.233327873354083E+005  0.229671278960999E-003 
     26.32000000 -0.233327873354088E+005  0.229670746865873E-003 
     26.34000000 -0.233327873354093E+005  0.229670208583594E-003 
     26.36000000 -0.233327873354099E+005  0.229669661020586E-003 
     26.38000000 -0.233327873354104E+005  0.229669122738307E-003 
     26.40000000 -0.233327873354110E+005  0.229668568988146E-003 
     26.42000000 -0.233327873354115E+005  0.229668043080172E-003 
     26.44000000 -0.233327873354120E+005  0.229667514078622E-003 
     26.46000000 -0.233327873354126E+005  0.229666966515614E-003 
     26.48000000 -0.233327873354131E+005  0.229666434420488E-003 
     26.50000000 -0.233327873354136E+005  0.229665889951056E-003 
     26.52000000 -0.233327873354142E+005  0.229665348575201E-003 
     26.54000000 -0.233327873354147E+005  0.229664807199345E-003 
     26.56000000 -0.233327873354153E+005  0.229664253449185E-003 
     26.58000000 -0.233327873354158E+005  0.229663727541211E-003 
     26.60000000 -0.233327873354163E+005  0.229663195446085E-003 
     26.62000000 -0.233327873354169E+005  0.229662650976653E-003 
     26.64000000 -0.233327873354174E+005  0.229662112694374E-003 
     26.66000000 -0.233327873354180E+005  0.229661562037790E-003 
     26.68000000 -0.233327873354185E+005  0.229661042316968E-003 
     26.70000000 -0.233327873354190E+005  0.229660513315418E-003 
     26.72000000 -0.233327873354196E+005  0.229659971939563E-003 
     26.74000000 -0.233327873354201E+005  0.229659402721521E-003 
     26.76000000 -0.233327873354206E+005  0.229658895375005E-003 
     26.78000000 -0.233327873354212E+005  0.229658338531268E-003 
     26.80000000 -0.233327873354217E+005  0.229657781687531E-003 
     26.82000000 -0.233327873354223E+005  0.229657265060286E-003 
     26.84000000 -0.233327873354228E+005  0.229656714403702E-003 
     26.86000000 -0.233327873354234E+005  0.229656173027846E-003 
     26.88000000 -0.233327873354239E+005  0.229655653307025E-003 
     26.90000000 -0.233327873354244E+005  0.229655108837594E-003 
     26.92000000 -0.233327873354250E+005  0.229654564368162E-003 
     26.94000000 -0.233327873354255E+005  0.229654026085883E-003 
     26.96000000 -0.233327873354260E+005  0.229653493990756E-003 
     26.98000000 -0.233327873354266E+005  0.229652943334172E-003 
     27.00000000 -0.233327873354271E+005  0.229652398864741E-003 
     27.02000000 -0.233327873354276E+005  0.229651891518225E-003 
     27.04000000 -0.233327873354282E+005  0.229651343955217E-003 
     27.06000000 -0.233327873354287E+005  0.229650796392209E-003 
     27.08000000 -0.233327873354293E+005  0.229650258109930E-003 
     27.10000000 -0.233327873354298E+005  0.229649713640498E-003 
     27.12000000 -0.233327873354304E+005  0.229649162983914E-003 
     27.14000000 -0.233327873354309E+005  0.229648624701635E-003 
     27.16000000 -0.233327873354314E+005  0.229648111167966E-003 
     27.18000000 -0.233327873354320E+005  0.229647579072840E-003 
     27.20000000 -0.233327873354325E+005  0.229647022229103E-003 
     27.22000000 -0.233327873354330E+005  0.229646496321129E-003 
     27.24000000 -0.233327873354336E+005  0.229645945664545E-003 
     27.26000000 -0.233327873354341E+005  0.229645395007960E-003 
     27.28000000 -0.233327873354347E+005  0.229644862912834E-003 
     27.30000000 -0.233327873354352E+005  0.229644327724131E-003 
     27.32000000 -0.233327873354357E+005  0.229643783254699E-003 
     27.34000000 -0.233327873354363E+005  0.229643254253149E-003 
     27.36000000 -0.233327873354368E+005  0.229642703596565E-003 
     27.38000000 -0.233327873354374E+005  0.229642177688591E-003 
     27.40000000 -0.233327873354379E+005  0.229641620844854E-003 
     27.42000000 -0.233327873354384E+005  0.229641091843304E-003 
     27.44000000 -0.233327873354390E+005  0.229640565935330E-003 
     27.46000000 -0.233327873354395E+005  0.229640012185170E-003 
     27.48000000 -0.233327873354401E+005  0.229639480090043E-003 
     27.50000000 -0.233327873354406E+005  0.229638941807764E-003 
     27.52000000 -0.233327873354411E+005  0.229638394244756E-003 
     27.54000000 -0.233327873354417E+005  0.229637859056054E-003 
     27.56000000 -0.233327873354422E+005  0.229637333148080E-003 
     27.58000000 -0.233327873354428E+005  0.229636773210767E-003 
     27.60000000 -0.233327873354433E+005  0.229636219460606E-003 
     27.62000000 -0.233327873354438E+005  0.229635699739785E-003 
     27.64000000 -0.233327873354444E+005  0.229635149083200E-003 
     27.66000000 -0.233327873354449E+005  0.229634635549532E-003 
     27.68000000 -0.233327873354455E+005  0.229634078705795E-003 
     27.70000000 -0.233327873354460E+005  0.229633534236363E-003 
     27.72000000 -0.233327873354465E+005  0.229632995954084E-003 
     27.74000000 -0.233327873354471E+005  0.229632445297500E-003 
     27.76000000 -0.233327873354476E+005  0.229631913202374E-003 
     27.78000000 -0.233327873354482E+005  0.229631374920095E-003 
     27.80000000 -0.233327873354487E+005  0.229630824263510E-003 
     27.82000000 -0.233327873354492E+005  0.229630298355536E-003 
     27.84000000 -0.233327873354498E+005  0.229629772447563E-003 
     27.86000000 -0.233327873354503E+005  0.229629215603826E-003 
     27.88000000 -0.233327873354508E+005  0.229628686602276E-003 
     27.90000000 -0.233327873354514E+005  0.229628139039268E-003 
     27.92000000 -0.233327873354519E+005  0.229627619318446E-003 
     27.94000000 -0.233327873354525E+005  0.229627068661862E-003 
     27.96000000 -0.233327873354530E+005  0.229626530379583E-003 
     27.98000000 -0.233327873354535E+005  0.229625992097304E-003 
     28.00000000 -0.233327873354541E+005  0.229625450721449E-003 
     28.02000000 -0.233327873354546E+005  0.229624906252017E-003 
     28.04000000 -0.233327873354552E+005  0.229624367969738E-003 
     28.06000000 -0.233327873354557E+005  0.229623820406730E-003 
     28.08000000 -0.233327873354562E+005  0.229623291405180E-003 
     28.10000000 -0.233327873354568E+005  0.229622756216477E-003 
     28.12000000 -0.233327873354573E+005  0.229622224121351E-003 
     28.14000000 -0.233327873354579E+005  0.229621664184037E-003 
     28.16000000 -0.233327873354584E+005  0.229621141369640E-003 
     28.18000000 -0.233327873354589E+005  0.229620603087361E-003 
     28.20000000 -0.233327873354595E+005  0.229620058617929E-003 
     28.22000000 -0.233327873354600E+005  0.229619532709955E-003 
     28.24000000 -0.233327873354606E+005  0.229618975866219E-003 
     28.26000000 -0.233327873354611E+005  0.229618462332550E-003 
     28.28000000 -0.233327873354616E+005  0.229617896208084E-003 
     28.30000000 -0.233327873354622E+005  0.229617370300110E-003 
     28.32000000 -0.233327873354627E+005  0.229616825830679E-003 
     28.34000000 -0.233327873354632E+005  0.229616315390586E-003 
     28.36000000 -0.233327873354638E+005  0.229615764734002E-003 
     28.38000000 -0.233327873354643E+005  0.229615201703113E-003 
     28.40000000 -0.233327873354649E+005  0.229614675795139E-003 
     28.42000000 -0.233327873354654E+005  0.229614128232131E-003 
     28.44000000 -0.233327873354660E+005  0.229613577575547E-003 
     28.46000000 -0.233327873354665E+005  0.229613033106115E-003 
     28.48000000 -0.233327873354670E+005  0.229612535040328E-003 
     28.50000000 -0.233327873354676E+005  0.229611978196591E-003 
     28.52000000 -0.233327873354681E+005  0.229611421352854E-003 
     28.54000000 -0.233327873354686E+005  0.229610883070575E-003 
     28.56000000 -0.233327873354692E+005  0.229610350975449E-003 
     28.58000000 -0.233327873354697E+005  0.229609800318864E-003 
     28.60000000 -0.233327873354703E+005  0.229609277504467E-003 
     28.62000000 -0.233327873354708E+005  0.229608751596493E-003 
     28.64000000 -0.233327873354713E+005  0.229608225688519E-003 
     28.66000000 -0.233327873354719E+005  0.229607653376901E-003 
     28.68000000 -0.233327873354724E+005  0.229607121281774E-003 
     28.70000000 -0.233327873354730E+005  0.229606570625190E-003 
     28.72000000 -0.233327873354735E+005  0.229606050904369E-003 
     28.74000000 -0.233327873354740E+005  0.229605509528513E-003 
     28.76000000 -0.233327873354746E+005  0.229604952684776E-003 
     28.78000000 -0.233327873354751E+005  0.229604423683226E-003 
     28.80000000 -0.233327873354757E+005  0.229603869933066E-003 
     28.82000000 -0.233327873354762E+005  0.229603353305821E-003 
     28.84000000 -0.233327873354767E+005  0.229602808836389E-003 
     28.86000000 -0.233327873354773E+005  0.229602276741263E-003 
     28.88000000 -0.233327873354778E+005  0.229601719897526E-003 
     28.90000000 -0.233327873354784E+005  0.229601181615247E-003 
     28.92000000 -0.233327873354789E+005  0.229600661894426E-003 
     28.94000000 -0.233327873354794E+005  0.229600105050689E-003 
     28.96000000 -0.233327873354800E+005  0.229599572955562E-003 
     28.98000000 -0.233327873354805E+005  0.229599040860436E-003 
     29.00000000 -0.233327873354810E+005  0.229598496391004E-003 
     29.02000000 -0.233327873354816E+005  0.229597964295878E-003 
     29.04000000 -0.233327873354821E+005  0.229597413639294E-003 
     29.06000000 -0.233327873354827E+005  0.229596862982709E-003 
     29.08000000 -0.233327873354832E+005  0.229596340168312E-003 
     29.10000000 -0.233327873354837E+005  0.229595792605304E-003 
     29.12000000 -0.233327873354843E+005  0.229595266697330E-003 
     29.14000000 -0.233327873354848E+005  0.229594697479288E-003 
     29.16000000 -0.233327873354853E+005  0.229594196319925E-003 
     29.18000000 -0.233327873354859E+005  0.229593658037645E-003 
     29.20000000 -0.233327873354864E+005  0.229593082632451E-003 
     29.22000000 -0.233327873354870E+005  0.229592556724477E-003 
     29.24000000 -0.233327873354875E+005  0.229592012255045E-003 
     29.26000000 -0.233327873354880E+005  0.229591489440648E-003 
     29.28000000 -0.233327873354886E+005  0.229590935690487E-003 
     29.30000000 -0.233327873354891E+005  0.229590394314632E-003 
     29.32000000 -0.233327873354897E+005  0.229589868406658E-003 
     29.34000000 -0.233327873354902E+005  0.229589333217955E-003 
     29.36000000 -0.233327873354907E+005  0.229588794935676E-003 
     29.38000000 -0.233327873354913E+005  0.229588250466244E-003 
     29.40000000 -0.233327873354918E+005  0.229587712183965E-003 
     29.42000000 -0.233327873354924E+005  0.229587180088839E-003 
     29.44000000 -0.233327873354929E+005  0.229586629432255E-003 
     29.46000000 -0.233327873354934E+005  0.229586100430705E-003 
     29.48000000 -0.233327873354940E+005  0.229585559054849E-003 
     29.50000000 -0.233327873354945E+005  0.229585008398265E-003 
     29.52000000 -0.233327873354950E+005  0.229584491771020E-003 
     29.54000000 -0.233327873354956E+005  0.229583931833707E-003 
     29.56000000 -0.233327873354961E+005  0.229583409019309E-003 
     29.58000000 -0.233327873354967E+005  0.229582870737030E-003 
     29.60000000 -0.233327873354972E+005  0.229582329361175E-003 
     29.62000000 -0.233327873354977E+005  0.229581784891743E-003 
     29.64000000 -0.233327873354983E+005  0.229581246609464E-003 
     29.66000000 -0.233327873354988E+005  0.229580714514338E-003 
     29.68000000 -0.233327873354994E+005  0.229580176232059E-003 
     29.70000000 -0.233327873354999E+005  0.229579619388322E-003 
     29.72000000 -0.233327873355005E+005  0.229579068731737E-003 
     29.74000000 -0.233327873355010E+005  0.229578539730187E-003 
     29.76000000 -0.233327873355015E+005  0.229578010728637E-003 
     29.78000000 -0.233327873355021E+005  0.229577466259206E-003 
     29.80000000 -0.233327873355026E+005  0.229576934164079E-003 
     29.82000000 -0.233327873355031E+005  0.229576408256105E-003 
     29.84000000 -0.233327873355037E+005  0.229575863786674E-003 
     29.86000000 -0.233327873355042E+005  0.229575306942937E-003 
     29.88000000 -0.233327873355048E+005  0.229574774847810E-003 
     29.90000000 -0.233327873355053E+005  0.229574227284802E-003 
     29.92000000 -0.233327873355058E+005  0.229573698283252E-003 
     29.94000000 -0.233327873355064E+005  0.229573156907397E-003 
     29.96000000 -0.233327873355069E+005  0.229572606250813E-003 
     29.98000000 -0.233327873355074E+005  0.229572083436415E-003 
     30.00000000 -0.233327873355080E+005  0.229571532779831E-003 
