# Real time calculation: 
# Eall: Total energy
# Eall0: Initial total energy
# 1:Time[fs] 2:Eall[eV] 3:Eall-Eall0[eV] 
      0.00000000 -0.865026927883626E+003  0.000000000000000E+000 
      0.02000000 -0.865026927887522E+003 -0.389606934767546E-008 
      0.04000000 -0.865026927887607E+003 -0.398114269637535E-008 
      0.06000000 -0.865026927887663E+003 -0.403682707006983E-008 
      0.08000000 -0.865026927887705E+003 -0.407955709293955E-008 
      0.10000000 -0.865026927887741E+003 -0.411503654631780E-008 
      0.12000000 -0.865026927887772E+003 -0.414664902930060E-008 
      0.14000000 -0.865026927887801E+003 -0.417545795874670E-008 
      0.16000000 -0.865026927887829E+003 -0.420272010003462E-008 
      0.18000000 -0.865026927887854E+003 -0.422843545316436E-008 
      0.20000000 -0.865026927887879E+003 -0.425337741221501E-008 
      0.22000000 -0.865026927887903E+003 -0.427735262866680E-008 
      0.24000000 -0.865026927887927E+003 -0.430123117085870E-008 
      0.26000000 -0.865026927887950E+003 -0.432433631897151E-008 
      0.28000000 -0.865026927887973E+003 -0.434695809578489E-008 
      0.30000000 -0.865026927887995E+003 -0.436967654685816E-008 
      0.32000000 -0.865026927888018E+003 -0.439191162663199E-008 
      0.34000000 -0.865026927888040E+003 -0.441376000936629E-008 
      0.36000000 -0.865026927888061E+003 -0.443560839210058E-008 
      0.38000000 -0.865026927888083E+003 -0.445726342631509E-008 
      0.40000000 -0.865026927888105E+003 -0.447882178626973E-008 
      0.42000000 -0.865026927888126E+003 -0.450028347196447E-008 
      0.44000000 -0.865026927888147E+003 -0.452155180913945E-008 
      0.46000000 -0.865026927888169E+003 -0.454282014631442E-008 
      0.48000000 -0.865026927888190E+003 -0.456370178644985E-008 
      0.50000000 -0.865026927888211E+003 -0.458477677510505E-008 
      0.52000000 -0.865026927888231E+003 -0.460546506672070E-008 
      0.54000000 -0.865026927888252E+003 -0.462654005537591E-008 
      0.56000000 -0.865026927888273E+003 -0.464722834699156E-008 
      0.58000000 -0.865026927888294E+003 -0.466810998712699E-008 
      0.60000000 -0.865026927888315E+003 -0.468879827874265E-008 
      0.62000000 -0.865026927888335E+003 -0.470948657035830E-008 
      0.64000000 -0.865026927888356E+003 -0.473017486197396E-008 
      0.66000000 -0.865026927888376E+003 -0.475066980506984E-008 
      0.68000000 -0.865026927888397E+003 -0.477145477094538E-008 
      0.70000000 -0.865026927888418E+003 -0.479185303978138E-008 
      0.72000000 -0.865026927888438E+003 -0.481234798287726E-008 
      0.74000000 -0.865026927888459E+003 -0.483284292597315E-008 
      0.76000000 -0.865026927888479E+003 -0.485343454332892E-008 
      0.78000000 -0.865026927888500E+003 -0.487383281216491E-008 
      0.80000000 -0.865026927888520E+003 -0.489423108100091E-008 
      0.82000000 -0.865026927888541E+003 -0.491462934983691E-008 
      0.84000000 -0.865026927888561E+003 -0.493493094441302E-008 
      0.86000000 -0.865026927888581E+003 -0.495542588750890E-008 
      0.88000000 -0.865026927888602E+003 -0.497572748208501E-008 
      0.90000000 -0.865026927888622E+003 -0.499612575092101E-008 
      0.92000000 -0.865026927888642E+003 -0.501633067123723E-008 
      0.94000000 -0.865026927888662E+003 -0.503663226581335E-008 
      0.96000000 -0.865026927888683E+003 -0.505693386038946E-008 
      0.98000000 -0.865026927888703E+003 -0.507713878070568E-008 
      1.00000000 -0.865026927888723E+003 -0.509753704954168E-008 
      1.02000000 -0.865026927888744E+003 -0.511783864411779E-008 
      1.04000000 -0.865026927888764E+003 -0.513785021591424E-008 
      1.06000000 -0.865026927888784E+003 -0.515824848475024E-008 
      1.08000000 -0.865026927888804E+003 -0.517826005654669E-008 
      1.10000000 -0.865026927888824E+003 -0.519856165112280E-008 
      1.12000000 -0.865026927888845E+003 -0.521876657143903E-008 
      1.14000000 -0.865026927888865E+003 -0.523887481749537E-008 
      1.16000000 -0.865026927888885E+003 -0.525898306355170E-008 
      1.18000000 -0.865026927888905E+003 -0.527909130960804E-008 
      1.20000000 -0.865026927888925E+003 -0.529939290418415E-008 
      1.22000000 -0.865026927888946E+003 -0.531969449876026E-008 
      1.24000000 -0.865026927888966E+003 -0.533980274481660E-008 
      1.26000000 -0.865026927888986E+003 -0.535991099087294E-008 
      1.28000000 -0.865026927889006E+003 -0.537982588840951E-008 
      1.30000000 -0.865026927889026E+003 -0.540003080872573E-008 
      1.32000000 -0.865026927889046E+003 -0.542033240330184E-008 
      1.34000000 -0.865026927889066E+003 -0.544034397509829E-008 
      1.36000000 -0.865026927889086E+003 -0.546045222115463E-008 
      1.38000000 -0.865026927889107E+003 -0.548075381573074E-008 
      1.40000000 -0.865026927889126E+003 -0.550066871326731E-008 
      1.42000000 -0.865026927889147E+003 -0.552097030784342E-008 
      1.44000000 -0.865026927889167E+003 -0.554069185686021E-008 
      1.46000000 -0.865026927889187E+003 -0.556109012569621E-008 
      1.48000000 -0.865026927889207E+003 -0.558110169749266E-008 
      1.50000000 -0.865026927889227E+003 -0.560120994354900E-008 
      1.52000000 -0.865026927889247E+003 -0.562131818960534E-008 
      1.54000000 -0.865026927889267E+003 -0.564142643566168E-008 
      1.56000000 -0.865026927889287E+003 -0.566124465893836E-008 
      1.58000000 -0.865026927889307E+003 -0.568144957925458E-008 
      1.60000000 -0.865026927889327E+003 -0.570155782531092E-008 
      1.62000000 -0.865026927889347E+003 -0.572127937432771E-008 
      1.64000000 -0.865026927889367E+003 -0.574158096890383E-008 
      1.66000000 -0.865026927889387E+003 -0.576159254070028E-008 
      1.68000000 -0.865026927889407E+003 -0.578160411249673E-008 
      1.70000000 -0.865026927889428E+003 -0.580180903281295E-008 
      1.72000000 -0.865026927889448E+003 -0.582162725608963E-008 
      1.74000000 -0.865026927889467E+003 -0.584154215362620E-008 
      1.76000000 -0.865026927889488E+003 -0.586165039968254E-008 
      1.78000000 -0.865026927889508E+003 -0.588175864573888E-008 
      1.80000000 -0.865026927889528E+003 -0.590167354327544E-008 
      1.82000000 -0.865026927889547E+003 -0.592158844081201E-008 
      1.84000000 -0.865026927889568E+003 -0.594179336112823E-008 
      1.86000000 -0.865026927889588E+003 -0.596180493292469E-008 
      1.88000000 -0.865026927889608E+003 -0.598171983046125E-008 
      1.90000000 -0.865026927889628E+003 -0.600173140225770E-008 
      1.92000000 -0.865026927889648E+003 -0.602174297405416E-008 
      1.94000000 -0.865026927889668E+003 -0.604175454585061E-008 
      1.96000000 -0.865026927889687E+003 -0.606157276912729E-008 
      1.98000000 -0.865026927889708E+003 -0.608187436370340E-008 
      2.00000000 -0.865026927889727E+003 -0.610159591272019E-008 
      2.02000000 -0.865026927889748E+003 -0.612170415877653E-008 
      2.04000000 -0.865026927889768E+003 -0.614181240483287E-008 
      2.06000000 -0.865026927889788E+003 -0.616172730236944E-008 
      2.08000000 -0.865026927889807E+003 -0.618164219990600E-008 
      2.10000000 -0.865026927889828E+003 -0.620175044596234E-008 
      2.12000000 -0.865026927889847E+003 -0.622166534349891E-008 
      2.14000000 -0.865026927889867E+003 -0.624138689251570E-008 
      2.16000000 -0.865026927889887E+003 -0.626149513857204E-008 
      2.18000000 -0.865026927889907E+003 -0.628150671036849E-008 
      2.20000000 -0.865026927889927E+003 -0.630151828216494E-008 
      2.22000000 -0.865026927889947E+003 -0.632143317970151E-008 
      2.24000000 -0.865026927889967E+003 -0.634125140297819E-008 
      2.26000000 -0.865026927889987E+003 -0.636126297477464E-008 
      2.28000000 -0.865026927890007E+003 -0.638137122083098E-008 
      2.30000000 -0.865026927890027E+003 -0.640128611836754E-008 
      2.32000000 -0.865026927890047E+003 -0.642100766738434E-008 
      2.34000000 -0.865026927890067E+003 -0.644111591344068E-008 
      2.36000000 -0.865026927890087E+003 -0.646103081097724E-008 
      2.38000000 -0.865026927890107E+003 -0.648104238277369E-008 
      2.40000000 -0.865026927890127E+003 -0.650105395457015E-008 
      2.42000000 -0.865026927890147E+003 -0.652087217784683E-008 
      2.44000000 -0.865026927890167E+003 -0.654078707538339E-008 
      2.46000000 -0.865026927890187E+003 -0.656070197291996E-008 
      2.48000000 -0.865026927890207E+003 -0.658071354471641E-008 
      2.50000000 -0.865026927890226E+003 -0.660062844225298E-008 
      2.52000000 -0.865026927890246E+003 -0.662064001404943E-008 
      2.54000000 -0.865026927890266E+003 -0.664045823732611E-008 
      2.56000000 -0.865026927890286E+003 -0.666037313486267E-008 
      2.58000000 -0.865026927890306E+003 -0.668028803239924E-008 
      2.60000000 -0.865026927890326E+003 -0.670020292993581E-008 
      2.62000000 -0.865026927890346E+003 -0.672011782747237E-008 
      2.64000000 -0.865026927890366E+003 -0.674003272500894E-008 
      2.66000000 -0.865026927890386E+003 -0.675994762254550E-008 
      2.68000000 -0.865026927890406E+003 -0.677986252008207E-008 
      2.70000000 -0.865026927890426E+003 -0.679977741761864E-008 
      2.72000000 -0.865026927890446E+003 -0.681978898941509E-008 
      2.74000000 -0.865026927890466E+003 -0.683970388695165E-008 
      2.76000000 -0.865026927890485E+003 -0.685952211022833E-008 
      2.78000000 -0.865026927890505E+003 -0.687943700776490E-008 
      2.80000000 -0.865026927890525E+003 -0.689954525382124E-008 
      2.82000000 -0.865026927890545E+003 -0.691936347709792E-008 
      2.84000000 -0.865026927890565E+003 -0.693898835185482E-008 
      2.86000000 -0.865026927890585E+003 -0.695899992365128E-008 
      2.88000000 -0.865026927890605E+003 -0.697881814692796E-008 
      2.90000000 -0.865026927890625E+003 -0.699873304446452E-008 
      2.92000000 -0.865026927890645E+003 -0.701864794200109E-008 
      2.94000000 -0.865026927890664E+003 -0.703856283953765E-008 
      2.96000000 -0.865026927890684E+003 -0.705847773707422E-008 
      2.98000000 -0.865026927890704E+003 -0.707839263461079E-008 
      3.00000000 -0.865026927890724E+003 -0.709811418362758E-008 
      3.02000000 -0.865026927890744E+003 -0.711822242968392E-008 
      3.04000000 -0.865026927890764E+003 -0.713813732722048E-008 
      3.06000000 -0.865026927890784E+003 -0.715785887623728E-008 
      3.08000000 -0.865026927890804E+003 -0.717777377377384E-008 
      3.10000000 -0.865026927890824E+003 -0.719768867131041E-008 
      3.12000000 -0.865026927890843E+003 -0.721760356884698E-008 
      3.14000000 -0.865026927890863E+003 -0.723732511786377E-008 
      3.16000000 -0.865026927890883E+003 -0.725743336392011E-008 
      3.18000000 -0.865026927890903E+003 -0.727734826145667E-008 
      3.20000000 -0.865026927890923E+003 -0.729726315899324E-008 
      3.22000000 -0.865026927890943E+003 -0.731698470801003E-008 
      3.24000000 -0.865026927890963E+003 -0.733689960554660E-008 
      3.26000000 -0.865026927890983E+003 -0.735681450308316E-008 
      3.28000000 -0.865026927891003E+003 -0.737672940061973E-008 
      3.30000000 -0.865026927891023E+003 -0.739664429815630E-008 
      3.32000000 -0.865026927891042E+003 -0.741636584717309E-008 
      3.34000000 -0.865026927891062E+003 -0.743628074470966E-008 
      3.36000000 -0.865026927891082E+003 -0.745600229372645E-008 
      3.38000000 -0.865026927891102E+003 -0.747601386552290E-008 
      3.40000000 -0.865026927891122E+003 -0.749602543731935E-008 
      3.42000000 -0.865026927891141E+003 -0.751565031207626E-008 
      3.44000000 -0.865026927891161E+003 -0.753556520961283E-008 
      3.46000000 -0.865026927891181E+003 -0.755538343288951E-008 
      3.48000000 -0.865026927891201E+003 -0.757529833042607E-008 
      3.50000000 -0.865026927891221E+003 -0.759521322796264E-008 
      3.52000000 -0.865026927891241E+003 -0.761493477697943E-008 
      3.54000000 -0.865026927891261E+003 -0.763484967451600E-008 
      3.56000000 -0.865026927891280E+003 -0.765457122353279E-008 
      3.58000000 -0.865026927891300E+003 -0.767467946958913E-008 
      3.60000000 -0.865026927891320E+003 -0.769440101860592E-008 
      3.62000000 -0.865026927891340E+003 -0.771431591614249E-008 
      3.64000000 -0.865026927891360E+003 -0.773413413941917E-008 
      3.66000000 -0.865026927891380E+003 -0.775395236269585E-008 
      3.68000000 -0.865026927891400E+003 -0.777367391171264E-008 
      3.70000000 -0.865026927891419E+003 -0.779358880924921E-008 
      3.72000000 -0.865026927891439E+003 -0.781350370678577E-008 
      3.74000000 -0.865026927891459E+003 -0.783341860432234E-008 
      3.76000000 -0.865026927891479E+003 -0.785314015333913E-008 
      3.78000000 -0.865026927891499E+003 -0.787305505087570E-008 
      3.80000000 -0.865026927891519E+003 -0.789277659989249E-008 
      3.82000000 -0.865026927891539E+003 -0.791269149742906E-008 
      3.84000000 -0.865026927891558E+003 -0.793241304644585E-008 
      3.86000000 -0.865026927891578E+003 -0.795232794398242E-008 
      3.88000000 -0.865026927891598E+003 -0.797214616725910E-008 
      3.90000000 -0.865026927891618E+003 -0.799196439053578E-008 
      3.92000000 -0.865026927891638E+003 -0.801187928807234E-008 
      3.94000000 -0.865026927891658E+003 -0.803179418560891E-008 
      3.96000000 -0.865026927891677E+003 -0.805151573462570E-008 
      3.98000000 -0.865026927891697E+003 -0.807123728364250E-008 
      4.00000000 -0.865026927891717E+003 -0.809115218117906E-008 
      4.02000000 -0.865026927891737E+003 -0.811106707871563E-008 
      4.04000000 -0.865026927891757E+003 -0.813088530199231E-008 
      4.06000000 -0.865026927891776E+003 -0.815070352526899E-008 
      4.08000000 -0.865026927891797E+003 -0.817061842280555E-008 
      4.10000000 -0.865026927891816E+003 -0.819033997182235E-008 
      4.12000000 -0.865026927891836E+003 -0.821025486935891E-008 
      4.14000000 -0.865026927891856E+003 -0.822997641837571E-008 
      4.16000000 -0.865026927891876E+003 -0.824989131591227E-008 
      4.18000000 -0.865026927891896E+003 -0.826970953918895E-008 
      4.20000000 -0.865026927891915E+003 -0.828962443672552E-008 
      4.22000000 -0.865026927891935E+003 -0.830944266000220E-008 
      4.24000000 -0.865026927891955E+003 -0.832916420901899E-008 
      4.26000000 -0.865026927891975E+003 -0.834898243229567E-008 
      4.28000000 -0.865026927891995E+003 -0.836880065557235E-008 
      4.30000000 -0.865026927892014E+003 -0.838852220458914E-008 
      4.32000000 -0.865026927892034E+003 -0.840824375360594E-008 
      4.34000000 -0.865026927892054E+003 -0.842815865114250E-008 
      4.36000000 -0.865026927892074E+003 -0.844797687441918E-008 
      4.38000000 -0.865026927892094E+003 -0.846779509769586E-008 
      4.40000000 -0.865026927892113E+003 -0.848751664671266E-008 
      4.42000000 -0.865026927892133E+003 -0.850743154424922E-008 
      4.44000000 -0.865026927892153E+003 -0.852734644178579E-008 
      4.46000000 -0.865026927892173E+003 -0.854706799080258E-008 
      4.48000000 -0.865026927892193E+003 -0.856698288833915E-008 
      4.50000000 -0.865026927892212E+003 -0.858660776309606E-008 
      4.52000000 -0.865026927892232E+003 -0.860652266063262E-008 
      4.54000000 -0.865026927892252E+003 -0.862614753538953E-008 
      4.56000000 -0.865026927892272E+003 -0.864596575866621E-008 
      4.58000000 -0.865026927892292E+003 -0.866578398194289E-008 
      4.60000000 -0.865026927892312E+003 -0.868569887947945E-008 
      4.62000000 -0.865026927892331E+003 -0.870532375423636E-008 
      4.64000000 -0.865026927892351E+003 -0.872533532603281E-008 
      4.66000000 -0.865026927892371E+003 -0.874525022356938E-008 
      4.68000000 -0.865026927892391E+003 -0.876497177258617E-008 
      4.70000000 -0.865026927892411E+003 -0.878469332160297E-008 
      4.72000000 -0.865026927892430E+003 -0.880431819635987E-008 
      4.74000000 -0.865026927892450E+003 -0.882452311667610E-008 
      4.76000000 -0.865026927892470E+003 -0.884405131717312E-008 
      4.78000000 -0.865026927892490E+003 -0.886396621470968E-008 
      4.80000000 -0.865026927892510E+003 -0.888368776372648E-008 
      4.82000000 -0.865026927892529E+003 -0.890360266126304E-008 
      4.84000000 -0.865026927892549E+003 -0.892313086176006E-008 
      4.86000000 -0.865026927892569E+003 -0.894304575929663E-008 
      4.88000000 -0.865026927892589E+003 -0.896296065683320E-008 
      4.90000000 -0.865026927892609E+003 -0.898268220584999E-008 
      4.92000000 -0.865026927892628E+003 -0.900240375486678E-008 
      4.94000000 -0.865026927892648E+003 -0.902231865240335E-008 
      4.96000000 -0.865026927892668E+003 -0.904204020142014E-008 
      4.98000000 -0.865026927892688E+003 -0.906195509895671E-008 
      5.00000000 -0.865026927892707E+003 -0.908148329945373E-008 
      5.02000000 -0.865026927892727E+003 -0.910130152273041E-008 
      5.04000000 -0.865026927892747E+003 -0.912111974600709E-008 
      5.06000000 -0.865026927892767E+003 -0.914093796928377E-008 
      5.08000000 -0.865026927892787E+003 -0.916075619256045E-008 
      5.10000000 -0.865026927892806E+003 -0.918067109009701E-008 
      5.12000000 -0.865026927892826E+003 -0.920039263911381E-008 
      5.14000000 -0.865026927892846E+003 -0.922011418813060E-008 
      5.16000000 -0.865026927892866E+003 -0.924002908566717E-008 
      5.18000000 -0.865026927892886E+003 -0.925975063468396E-008 
      5.20000000 -0.865026927892905E+003 -0.927927883518098E-008 
      5.22000000 -0.865026927892925E+003 -0.929919373271755E-008 
      5.24000000 -0.865026927892945E+003 -0.931901195599423E-008 
      5.26000000 -0.865026927892965E+003 -0.933883017927091E-008 
      5.28000000 -0.865026927892984E+003 -0.935855172828770E-008 
      5.30000000 -0.865026927893004E+003 -0.937827327730449E-008 
      5.32000000 -0.865026927893024E+003 -0.939818817484106E-008 
      5.34000000 -0.865026927893044E+003 -0.941781304959797E-008 
      5.36000000 -0.865026927893064E+003 -0.943772794713453E-008 
      5.38000000 -0.865026927893083E+003 -0.945735282189144E-008 
      5.40000000 -0.865026927893103E+003 -0.947707437090823E-008 
      5.42000000 -0.865026927893123E+003 -0.949708594270469E-008 
      5.44000000 -0.865026927893143E+003 -0.951671081746159E-008 
      5.46000000 -0.865026927893162E+003 -0.953643236647839E-008 
      5.48000000 -0.865026927893182E+003 -0.955634726401495E-008 
      5.50000000 -0.865026927893202E+003 -0.957606881303175E-008 
      5.52000000 -0.865026927893222E+003 -0.959598371056831E-008 
      5.54000000 -0.865026927893242E+003 -0.961570525958511E-008 
      5.56000000 -0.865026927893261E+003 -0.963533013434201E-008 
      5.58000000 -0.865026927893281E+003 -0.965534170613847E-008 
      5.60000000 -0.865026927893301E+003 -0.967486990663549E-008 
      5.62000000 -0.865026927893321E+003 -0.969478480417205E-008 
      5.64000000 -0.865026927893340E+003 -0.971450635318885E-008 
      5.66000000 -0.865026927893360E+003 -0.973413122794575E-008 
      5.68000000 -0.865026927893380E+003 -0.975404612548232E-008 
      5.70000000 -0.865026927893400E+003 -0.977386434875900E-008 
      5.72000000 -0.865026927893420E+003 -0.979377924629556E-008 
      5.74000000 -0.865026927893439E+003 -0.981330744679259E-008 
      5.76000000 -0.865026927893459E+003 -0.983293232154949E-008 
      5.78000000 -0.865026927893479E+003 -0.985284721908606E-008 
      5.80000000 -0.865026927893498E+003 -0.987256876810285E-008 
      5.82000000 -0.865026927893518E+003 -0.989229031711965E-008 
      5.84000000 -0.865026927893538E+003 -0.991230188891610E-008 
      5.86000000 -0.865026927893558E+003 -0.993183008941312E-008 
      5.88000000 -0.865026927893577E+003 -0.995155163842991E-008 
      5.90000000 -0.865026927893597E+003 -0.997156321022636E-008 
      5.92000000 -0.865026927893617E+003 -0.999109141072339E-008 
      5.94000000 -0.865026927893637E+003 -0.100108129597402E-007 
      5.96000000 -0.865026927893657E+003 -0.100308245315366E-007 
      5.98000000 -0.865026927893676E+003 -0.100505460805534E-007 
      6.00000000 -0.865026927893696E+003 -0.100700742810504E-007 
      6.02000000 -0.865026927893716E+003 -0.100901825271068E-007 
      6.04000000 -0.865026927893736E+003 -0.101097107276038E-007 
      6.06000000 -0.865026927893755E+003 -0.101296256251404E-007 
      6.08000000 -0.865026927893775E+003 -0.101493471741572E-007 
      6.10000000 -0.865026927893795E+003 -0.101691653974338E-007 
      6.12000000 -0.865026927893815E+003 -0.101886935979309E-007 
      6.14000000 -0.865026927893834E+003 -0.102085118212075E-007 
      6.16000000 -0.865026927893854E+003 -0.102282333702243E-007 
      6.18000000 -0.865026927893874E+003 -0.102479549192411E-007 
      6.20000000 -0.865026927893894E+003 -0.102676764682579E-007 
      6.22000000 -0.865026927893913E+003 -0.102875913657945E-007 
      6.24000000 -0.865026927893933E+003 -0.103073129148113E-007 
      6.26000000 -0.865026927893953E+003 -0.103270344638281E-007 
      6.28000000 -0.865026927893972E+003 -0.103465626643251E-007 
      6.30000000 -0.865026927893992E+003 -0.103664775618617E-007 
      6.32000000 -0.865026927894012E+003 -0.103863924593982E-007 
      6.34000000 -0.865026927894032E+003 -0.104059206598953E-007 
      6.36000000 -0.865026927894052E+003 -0.104257388831719E-007 
      6.38000000 -0.865026927894071E+003 -0.104454604321887E-007 
      6.40000000 -0.865026927894091E+003 -0.104650853069456E-007 
      6.42000000 -0.865026927894111E+003 -0.104851935530020E-007 
      6.44000000 -0.865026927894131E+003 -0.105047217534990E-007 
      6.46000000 -0.865026927894150E+003 -0.105243466282559E-007 
      6.48000000 -0.865026927894170E+003 -0.105442615257925E-007 
      6.50000000 -0.865026927894190E+003 -0.105640797490691E-007 
      6.52000000 -0.865026927894209E+003 -0.105836079495662E-007 
      6.54000000 -0.865026927894229E+003 -0.106034261728428E-007 
      6.56000000 -0.865026927894249E+003 -0.106231477218596E-007 
      6.58000000 -0.865026927894269E+003 -0.106431592936561E-007 
      6.60000000 -0.865026927894289E+003 -0.106626874941531E-007 
      6.62000000 -0.865026927894308E+003 -0.106825057174298E-007 
      6.64000000 -0.865026927894328E+003 -0.107025172892262E-007 
      6.66000000 -0.865026927894348E+003 -0.107216587926837E-007 
      6.68000000 -0.865026927894368E+003 -0.107417670387401E-007 
      6.70000000 -0.865026927894387E+003 -0.107613919134970E-007 
      6.72000000 -0.865026927894407E+003 -0.107811134625138E-007 
      6.74000000 -0.865026927894427E+003 -0.108009316857904E-007 
      6.76000000 -0.865026927894446E+003 -0.108205565605473E-007 
      6.78000000 -0.865026927894466E+003 -0.108403747838240E-007 
      6.80000000 -0.865026927894486E+003 -0.108600963328408E-007 
      6.82000000 -0.865026927894506E+003 -0.108799145561175E-007 
      6.84000000 -0.865026927894525E+003 -0.108995394308744E-007 
      6.86000000 -0.865026927894545E+003 -0.109192609798912E-007 
      6.88000000 -0.865026927894565E+003 -0.109391758774278E-007 
      6.90000000 -0.865026927894585E+003 -0.109588007521847E-007 
      6.92000000 -0.865026927894604E+003 -0.109786189754614E-007 
      6.94000000 -0.865026927894624E+003 -0.109982438502183E-007 
      6.96000000 -0.865026927894644E+003 -0.110180620734949E-007 
      6.98000000 -0.865026927894664E+003 -0.110378802967716E-007 
      7.00000000 -0.865026927894683E+003 -0.110575051715285E-007 
      7.02000000 -0.865026927894703E+003 -0.110770333720255E-007 
      7.04000000 -0.865026927894723E+003 -0.110969482695621E-007 
      7.06000000 -0.865026927894742E+003 -0.111166698185789E-007 
      7.08000000 -0.865026927894762E+003 -0.111363913675957E-007 
      7.10000000 -0.865026927894782E+003 -0.111561129166125E-007 
      7.12000000 -0.865026927894802E+003 -0.111760278141491E-007 
      7.14000000 -0.865026927894821E+003 -0.111955560146461E-007 
      7.16000000 -0.865026927894841E+003 -0.112152775636629E-007 
      7.18000000 -0.865026927894861E+003 -0.112349991126797E-007 
      7.20000000 -0.865026927894881E+003 -0.112547206616965E-007 
      7.22000000 -0.865026927894900E+003 -0.112742488621935E-007 
      7.24000000 -0.865026927894920E+003 -0.112941637597300E-007 
      7.26000000 -0.865026927894940E+003 -0.113139819830067E-007 
      7.28000000 -0.865026927894959E+003 -0.113336068577636E-007 
      7.30000000 -0.865026927894979E+003 -0.113533284067804E-007 
      7.32000000 -0.865026927894999E+003 -0.113730499557972E-007 
      7.34000000 -0.865026927895019E+003 -0.113927715048140E-007 
      7.36000000 -0.865026927895039E+003 -0.114127830766105E-007 
      7.38000000 -0.865026927895058E+003 -0.114323112771075E-007 
      7.40000000 -0.865026927895078E+003 -0.114519361518644E-007 
      7.42000000 -0.865026927895098E+003 -0.114718510494010E-007 
      7.44000000 -0.865026927895117E+003 -0.114915725984178E-007 
      7.46000000 -0.865026927895137E+003 -0.115112941474345E-007 
      7.48000000 -0.865026927895157E+003 -0.115310156964513E-007 
      7.50000000 -0.865026927895177E+003 -0.115507372454681E-007 
      7.52000000 -0.865026927895196E+003 -0.115704587944849E-007 
      7.54000000 -0.865026927895216E+003 -0.115901803435017E-007 
      7.56000000 -0.865026927895236E+003 -0.116099985667784E-007 
      7.58000000 -0.865026927895256E+003 -0.116297201157952E-007 
      7.60000000 -0.865026927895275E+003 -0.116494416648120E-007 
      7.62000000 -0.865026927895295E+003 -0.116690665395689E-007 
      7.64000000 -0.865026927895315E+003 -0.116886914143258E-007 
      7.66000000 -0.865026927895334E+003 -0.117086063118624E-007 
      7.68000000 -0.865026927895354E+003 -0.117276511410600E-007 
      7.70000000 -0.865026927895373E+003 -0.117467926445174E-007 
      7.72000000 -0.865026927895392E+003 -0.117661274964947E-007 
      7.74000000 -0.865026927895413E+003 -0.117868157881103E-007 
      7.76000000 -0.865026927895423E+003 -0.117970632596583E-007 
      7.78000000 -0.865026927895350E+003 -0.117236874964046E-007 
      7.80000000 -0.865026927894933E+003 -0.113076014818542E-007 
      7.82000000 -0.865026927893457E+003 -0.983090216209188E-008 
      7.84000000 -0.865026927889230E+003 -0.560430351986536E-008 
      7.86000000 -0.865026927878715E+003  0.491047235666180E-008 
      7.88000000 -0.865026927855134E+003  0.284913545023739E-007 
      7.90000000 -0.865026927806401E+003  0.772244622139892E-007 
      7.92000000 -0.865026927712201E+003  0.171424441092703E-006 
      7.94000000 -0.865026927540067E+003  0.343558567927231E-006 
      7.96000000 -0.865026927240313E+003  0.643312385237588E-006 
      7.98000000 -0.865026926739760E+003  0.114386579422690E-005 
      8.00000000 -0.865026925934243E+003  0.194938260304332E-005 
      8.02000000 -0.865026924680015E+003  0.320361057226524E-005 
      8.04000000 -0.865026922784244E+003  0.509938149774605E-005 
      8.06000000 -0.865026919994976E+003  0.788864947906369E-005 
      8.08000000 -0.865026915991039E+003  0.118925863224578E-004 
      8.10000000 -0.865026910372535E+003  0.175110909044034E-004 
      8.12000000 -0.865026902652668E+003  0.252309582432456E-004 
      8.14000000 -0.865026892251797E+003  0.356318293165242E-004 
      8.16000000 -0.865026878494655E+003  0.493889713160139E-004 
      8.18000000 -0.865026860611704E+003  0.672719218879035E-004 
      8.20000000 -0.865026837745605E+003  0.901380210447639E-004 
      8.22000000 -0.865026808963654E+003  0.118919971605158E-003 
      8.24000000 -0.865026773276930E+003  0.154606696143393E-003 
      8.26000000 -0.865026729666615E+003  0.198217010945094E-003 
      8.28000000 -0.865026677117747E+003  0.250765878859886E-003 
      8.30000000 -0.865026614660152E+003  0.313223473939487E-003 
      8.32000000 -0.865026541416039E+003  0.386467586766077E-003 
      8.34000000 -0.865026456653127E+003  0.471230498562897E-003 
      8.36000000 -0.865026359841735E+003  0.568041890790114E-003 
      8.38000000 -0.865026250713732E+003  0.677169893567841E-003 
      8.40000000 -0.865026129320692E+003  0.798562933885309E-003 
      8.42000000 -0.865025996088205E+003  0.931795420714734E-003 
      8.44000000 -0.865025851862787E+003  0.107602083846708E-002 
      8.46000000 -0.865025697947626E+003  0.122993600023433E-002 
      8.48000000 -0.865025536123139E+003  0.139176048710794E-002 
      8.50000000 -0.865025368648324E+003  0.155923530169969E-002 
      8.52000000 -0.865025198239023E+003  0.172964460244882E-002 
      8.54000000 -0.865025028019483E+003  0.189986414313004E-002 
      8.56000000 -0.865024861444203E+003  0.206643942268170E-002 
      8.58000000 -0.865024702187718E+003  0.222569590797656E-002 
      8.60000000 -0.865024554000909E+003  0.237388271661721E-002 
      8.62000000 -0.865024420533584E+003  0.250735004165853E-002 
      8.64000000 -0.865024305124289E+003  0.262275933720649E-002 
      8.66000000 -0.865024210559743E+003  0.271732388312989E-002 
      8.68000000 -0.865024138807856E+003  0.278907577017054E-002 
      8.70000000 -0.865024090729766E+003  0.283715385969416E-002 
      8.72000000 -0.865024065777954E+003  0.286210567178537E-002 
      8.74000000 -0.865024061688929E+003  0.286619469647861E-002 
      8.76000000 -0.865024074180397E+003  0.285370322906741E-002 
      8.78000000 -0.865024096663926E+003  0.283121969963591E-002 
      8.80000000 -0.865024119985116E+003  0.280789851007426E-002 
      8.82000000 -0.865024132203788E+003  0.279567983741289E-002 
      8.84000000 -0.865024118427020E+003  0.280945660554390E-002 
      8.86000000 -0.865024060707616E+003  0.286717601011194E-002 
      8.88000000 -0.865023938020006E+003  0.298986361940719E-002 
      8.90000000 -0.865023726324457E+003  0.320155916912239E-002 
      8.92000000 -0.865023398728884E+003  0.352915474172609E-002 
      8.94000000 -0.865022925755554E+003  0.400212807176193E-002 
      8.96000000 -0.865022275717376E+003  0.465216624941270E-002 
      8.98000000 -0.865021415205705E+003  0.551267792064970E-002 
      9.00000000 -0.865020309688212E+003  0.661819541397317E-002 
      9.02000000 -0.865018924211903E+003  0.800367172306759E-002 
      9.04000000 -0.865017224202688E+003  0.970368093807002E-002 
      9.06000000 -0.865015176348849E+003  0.117515347768253E-001 
      9.08000000 -0.865012749552483E+003  0.141783311426321E-001 
      9.10000000 -0.865009915928605E+003  0.170119550207094E-001 
      9.12000000 -0.865006651829087E+003  0.202760545391413E-001 
      9.14000000 -0.865002938864755E+003  0.239890188705005E-001 
      9.16000000 -0.864998764897266E+003  0.281629863594525E-001 
      9.18000000 -0.864994124970090E+003  0.328029135359049E-001 
      9.20000000 -0.864989022147163E+003  0.379057364625158E-001 
      9.22000000 -0.864983468227525E+003  0.434596561006805E-001 
      9.24000000 -0.864977484304961E+003  0.494435786644974E-001 
      9.26000000 -0.864971101143644E+003  0.558267399817171E-001 
      9.28000000 -0.864964359343486E+003  0.625685401397680E-001 
      9.30000000 -0.864957309272549E+003  0.696186110768220E-001 
      9.32000000 -0.864950010749169E+003  0.769171344565251E-001 
      9.34000000 -0.864942532461529E+003  0.843954220965802E-001 
      9.36000000 -0.864934951119858E+003  0.919767637677834E-001 
      9.38000000 -0.864927350342671E+003  0.995775409545837E-001 
      9.40000000 -0.864919819286950E+003  0.107108596676175E+000 
      9.42000000 -0.864912451039428E+003  0.114476844198191E+000 
      9.44000000 -0.864905340794597E+003  0.121587089028699E+000 
      9.46000000 -0.864898583852160E+003  0.128344031466138E+000 
      9.48000000 -0.864892273474126E+003  0.134654409500293E+000 
      9.50000000 -0.864886498647596E+003  0.140429236029462E+000 
      9.52000000 -0.864881341804996E+003  0.145586078629561E+000 
      9.54000000 -0.864876876556403E+003  0.150051327223293E+000 
      9.56000000 -0.864873165492108E+003  0.153762391517588E+000 
      9.58000000 -0.864870258112751E+003  0.156669770875110E+000 
      9.60000000 -0.864868188944869E+003  0.158738938757084E+000 
      9.62000000 -0.864866975895563E+003  0.159951988063030E+000 
      9.64000000 -0.864866618896371E+003  0.160308987254566E+000 
      9.66000000 -0.864867098880133E+003  0.159829003492450E+000 
      9.68000000 -0.864868377127445E+003  0.158550756180971E+000 
      9.70000000 -0.864870395011213E+003  0.156532872412953E+000 
      9.72000000 -0.864873074158313E+003  0.153853725313284E+000 
      9.74000000 -0.864876317038693E+003  0.150610844933047E+000 
      9.76000000 -0.864880007981837E+003  0.146919901788984E+000 
      9.78000000 -0.864884014611924E+003  0.142913271701638E+000 
      9.80000000 -0.864888189683982E+003  0.138738199644108E+000 
      9.82000000 -0.864892373294921E+003  0.134554588704867E+000 
      9.84000000 -0.864896395436553E+003  0.130532447072913E+000 
      9.86000000 -0.864900078850910E+003  0.126849032715551E+000 
      9.88000000 -0.864903242142913E+003  0.123685740712783E+000 
      9.90000000 -0.864905703100745E+003  0.121224782880368E+000 
      9.92000000 -0.864907282170355E+003  0.119645713270438E+000 
      9.94000000 -0.864907806027212E+003  0.119121856414128E+000 
      9.96000000 -0.864907111185553E+003  0.119816698073057E+000 
      9.98000000 -0.864905047582762E+003  0.121880300863460E+000 
     10.00000000 -0.864901482074184E+003  0.125445809441766E+000 
     10.02000000 -0.864896301771558E+003  0.130626112067458E+000 
     10.04000000 -0.864889417156426E+003  0.137510727200322E+000 
     10.06000000 -0.864880764898475E+003  0.146162985150621E+000 
     10.08000000 -0.864870310308205E+003  0.156617575420738E+000 
     10.10000000 -0.864858049353445E+003  0.168878530181038E+000 
     10.12000000 -0.864844010171383E+003  0.182917712242496E+000 
     10.14000000 -0.864828254011025E+003  0.198673872600595E+000 
     10.16000000 -0.864810875547035E+003  0.216052336591243E+000 
     10.18000000 -0.864792002514367E+003  0.234925369258375E+000 
     10.20000000 -0.864771794624180E+003  0.255133259445566E+000 
     10.22000000 -0.864750441735996E+003  0.276486147629706E+000 
     10.24000000 -0.864728161278348E+003  0.298766605277642E+000 
     10.26000000 -0.864705194929805E+003  0.321732953820662E+000 
     10.28000000 -0.864681804594954E+003  0.345123288671448E+000 
     10.30000000 -0.864658267733896E+003  0.368660149730238E+000 
     10.32000000 -0.864634872127882E+003  0.392055755743402E+000 
     10.34000000 -0.864611910189692E+003  0.415017693934180E+000 
     10.36000000 -0.864589672948747E+003  0.437254934879270E+000 
     10.38000000 -0.864568443863078E+003  0.458484020548158E+000 
     10.40000000 -0.864548492625670E+003  0.478435257956127E+000 
     10.42000000 -0.864530069144618E+003  0.496858739007870E+000 
     10.44000000 -0.864513397881190E+003  0.513530002435500E+000 
     10.46000000 -0.864498672727954E+003  0.528255155671410E+000 
     10.48000000 -0.864486052598736E+003  0.540875284889511E+000 
     10.50000000 -0.864475657884165E+003  0.551269999461311E+000 
     10.52000000 -0.864467567901431E+003  0.559359982194367E+000 
     10.54000000 -0.864461819432705E+003  0.565108450921032E+000 
     10.56000000 -0.864458406409378E+003  0.568521474247998E+000 
     10.58000000 -0.864457280755362E+003  0.569647128263633E+000 
     10.60000000 -0.864458354357743E+003  0.568573525883265E+000 
     10.62000000 -0.864461502088207E+003  0.565425795418748E+000 
     10.64000000 -0.864466565755545E+003  0.560362128080922E+000 
     10.66000000 -0.864473358832268E+003  0.553569051358015E+000 
     10.68000000 -0.864481671768024E+003  0.545256115601880E+000 
     10.70000000 -0.864491277680823E+003  0.535650202802808E+000 
     10.72000000 -0.864501938207333E+003  0.524989676292458E+000 
     10.74000000 -0.864513409293030E+003  0.513518590596157E+000 
     10.76000000 -0.864525446717159E+003  0.501481166466371E+000 
     10.78000000 -0.864537811168532E+003  0.489116715093780E+000 
     10.80000000 -0.864550272722573E+003  0.476655161052703E+000 
     10.82000000 -0.864562614608262E+003  0.464313275363620E+000 
     10.84000000 -0.864574636199289E+003  0.452291684336751E+000 
     10.86000000 -0.864586155208739E+003  0.440772674886549E+000 
     10.88000000 -0.864597009112131E+003  0.429918771495003E+000 
     10.90000000 -0.864607055863339E+003  0.419872020286922E+000 
     10.92000000 -0.864616174001691E+003  0.410753881934680E+000 
     10.94000000 -0.864624262272408E+003  0.402665611217597E+000 
     10.96000000 -0.864631238896991E+003  0.395688986634568E+000 
     10.98000000 -0.864637040632549E+003  0.389887251076512E+000 
     11.00000000 -0.864641621752096E+003  0.385306131530035E+000 
     11.02000000 -0.864644953060432E+003  0.381974823193742E+000 
     11.04000000 -0.864647021035426E+003  0.379906848199823E+000 
     11.06000000 -0.864647827154356E+003  0.379100729269784E+000 
     11.08000000 -0.864647387431771E+003  0.379540451854817E+000 
     11.10000000 -0.864645732162153E+003  0.381195721472439E+000 
     11.12000000 -0.864642905829853E+003  0.384022053772384E+000 
     11.14000000 -0.864638967122778E+003  0.387960760847530E+000 
     11.16000000 -0.864633988966856E+003  0.392938916769332E+000 
     11.18000000 -0.864628058486583E+003  0.398869397043197E+000 
     11.20000000 -0.864621276793820E+003  0.405651089806168E+000 
     11.22000000 -0.864613758511997E+003  0.413169371628528E+000 
     11.24000000 -0.864605630955834E+003  0.421296927792192E+000 
     11.26000000 -0.864597032906213E+003  0.429894977413051E+000 
     11.28000000 -0.864588112944117E+003  0.438814939509123E+000 
     11.30000000 -0.864579027335789E+003  0.447900547837084E+000 
     11.32000000 -0.864569937489917E+003  0.456990393708954E+000 
     11.34000000 -0.864561007036748E+003  0.465920846877340E+000 
     11.36000000 -0.864552398604897E+003  0.474529278729026E+000 
     11.38000000 -0.864544270393844E+003  0.482657489781914E+000 
     11.40000000 -0.864536772657674E+003  0.490155225952049E+000 
     11.42000000 -0.864530044225811E+003  0.496883657814982E+000 
     11.44000000 -0.864524209191822E+003  0.502718691803682E+000 
     11.46000000 -0.864519373897779E+003  0.507553985846350E+000 
     11.48000000 -0.864515624333787E+003  0.511303549838466E+000 
     11.50000000 -0.864513024056781E+003  0.513903826845099E+000 
     11.52000000 -0.864511612713016E+003  0.515315170609770E+000 
     11.54000000 -0.864511405225115E+003  0.515522658510351E+000 
     11.56000000 -0.864512391677513E+003  0.514536206112455E+000 
     11.58000000 -0.864514537907070E+003  0.512389976556217E+000 
     11.60000000 -0.864517786777392E+003  0.509141106233713E+000 
     11.62000000 -0.864522060089373E+003  0.504867794253263E+000 
     11.64000000 -0.864527261056619E+003  0.499666827006551E+000 
     11.66000000 -0.864533277254048E+003  0.493650629577691E+000 
     11.68000000 -0.864539983932334E+003  0.486943951291752E+000 
     11.70000000 -0.864547247579412E+003  0.479680304214043E+000 
     11.72000000 -0.864554929605055E+003  0.471998278570790E+000 
     11.74000000 -0.864562890023404E+003  0.464037860221919E+000 
     11.76000000 -0.864570991013413E+003  0.455936870213124E+000 
     11.78000000 -0.864579100246136E+003  0.447827637490110E+000 
     11.80000000 -0.864587093881410E+003  0.439834002215599E+000 
     11.82000000 -0.864594859152889E+003  0.432068730736937E+000 
     11.84000000 -0.864602296479897E+003  0.424631403728766E+000 
     11.86000000 -0.864609321064786E+003  0.417606818840264E+000 
     11.88000000 -0.864615863956092E+003  0.411063927534378E+000 
     11.90000000 -0.864621872578070E+003  0.405055305556111E+000 
     11.92000000 -0.864627310746787E+003  0.399617136838481E+000 
     11.94000000 -0.864632158210214E+003  0.394769673412233E+000 
     11.96000000 -0.864636409764040E+003  0.390518119585820E+000 
     11.98000000 -0.864640074006671E+003  0.386853876954707E+000 
     12.00000000 -0.864643171804236E+003  0.383756079389658E+000 
     12.02000000 -0.864645734541216E+003  0.381193342409487E+000 
     12.04000000 -0.864647802232850E+003  0.379125650775558E+000 
     12.06000000 -0.864649421573450E+003  0.377506310175335E+000 
     12.08000000 -0.864650643989465E+003  0.376283894161156E+000 
     12.10000000 -0.864651523759054E+003  0.375404124571318E+000 
     12.12000000 -0.864652116250752E+003  0.374811632873507E+000 
     12.14000000 -0.864652476323856E+003  0.374451559770165E+000 
     12.16000000 -0.864652656922448E+003  0.374270961177501E+000 
     12.18000000 -0.864652707884535E+003  0.374219999091016E+000 
     12.20000000 -0.864652674977642E+003  0.374252905984237E+000 
     12.22000000 -0.864652599163181E+003  0.374328720445314E+000 
     12.24000000 -0.864652516083902E+003  0.374411799724217E+000 
     12.26000000 -0.864652455762222E+003  0.374472121403806E+000 
     12.28000000 -0.864652442492092E+003  0.374485391534140E+000 
     12.30000000 -0.864652494903369E+003  0.374432980256706E+000 
     12.32000000 -0.864652626175325E+003  0.374301708300762E+000 
     12.34000000 -0.864652844374724E+003  0.374083508901659E+000 
     12.36000000 -0.864653152893743E+003  0.373774989882878E+000 
     12.38000000 -0.864653550963636E+003  0.373376919989433E+000 
     12.40000000 -0.864654034221247E+003  0.372893662378931E+000 
     12.42000000 -0.864654595307127E+003  0.372332576499283E+000 
     12.44000000 -0.864655224475910E+003  0.371703407716039E+000 
     12.46000000 -0.864655910201661E+003  0.371017681964470E+000 
     12.48000000 -0.864656639762995E+003  0.370288120630929E+000 
     12.50000000 -0.864657399794897E+003  0.369528088729217E+000 
     12.52000000 -0.864658176796280E+003  0.368751087346213E+000 
     12.54000000 -0.864658957584340E+003  0.367970299285911E+000 
     12.56000000 -0.864659729688864E+003  0.367198194761692E+000 
     12.58000000 -0.864660481681571E+003  0.366446202054773E+000 
     12.60000000 -0.864661203437662E+003  0.365724445964026E+000 
     12.62000000 -0.864661886328548E+003  0.365041555077627E+000 
     12.64000000 -0.864662523346817E+003  0.364404536808420E+000 
     12.66000000 -0.864663109166063E+003  0.363818717562418E+000 
     12.68000000 -0.864663640140080E+003  0.363287743546128E+000 
     12.70000000 -0.864664114247244E+003  0.362813636382089E+000 
     12.72000000 -0.864664530987256E+003  0.362396896370038E+000 
     12.74000000 -0.864664891238309E+003  0.362036645316550E+000 
     12.76000000 -0.864665197083446E+003  0.361730800180187E+000 
     12.78000000 -0.864665451615151E+003  0.361476268474829E+000 
     12.80000000 -0.864665658727256E+003  0.361269156370298E+000 
     12.82000000 -0.864665822902822E+003  0.361104980804287E+000 
     12.84000000 -0.864665949006091E+003  0.360978877534651E+000 
     12.86000000 -0.864666042085659E+003  0.360885797967134E+000 
     12.88000000 -0.864666107194957E+003  0.360820688668548E+000 
     12.90000000 -0.864666149234879E+003  0.360778648746955E+000 
     12.92000000 -0.864666172822040E+003  0.360755061585526E+000 
     12.94000000 -0.864666182184837E+003  0.360745698789121E+000 
     12.96000000 -0.864666181088084E+003  0.360746795541392E+000 
     12.98000000 -0.864666172785816E+003  0.360755097809565E+000 
     13.00000000 -0.864666160000643E+003  0.360767882983238E+000 
     13.02000000 -0.864666144927151E+003  0.360782956475120E+000 
     13.04000000 -0.864666129256017E+003  0.360798627609113E+000 
     13.06000000 -0.864666114214979E+003  0.360813668647252E+000 
     13.08000000 -0.864666100622467E+003  0.360827261158884E+000 
     13.10000000 -0.864666088949601E+003  0.360838934024528E+000 
     13.12000000 -0.864666079386362E+003  0.360848497264280E+000 
     13.14000000 -0.864666071908053E+003  0.360855975572613E+000 
     13.16000000 -0.864666066338647E+003  0.360861544978852E+000 
     13.18000000 -0.864666062408180E+003  0.360865475446158E+000 
     13.20000000 -0.864666059802079E+003  0.360868081546869E+000 
     13.22000000 -0.864666058201016E+003  0.360869682610277E+000 
     13.24000000 -0.864666057310622E+003  0.360870573004186E+000 
     13.26000000 -0.864666056881113E+003  0.360871002513034E+000 
     13.28000000 -0.864666056717480E+003  0.360871166146110E+000 
     13.30000000 -0.864666056681449E+003  0.360871202176607E+000 
     13.32000000 -0.864666056686805E+003  0.360871196820950E+000 
     13.34000000 -0.864666056689931E+003  0.360871193694891E+000 
     13.36000000 -0.864666056677554E+003  0.360871206072290E+000 
     13.38000000 -0.864666056653633E+003  0.360871229992498E+000 
     13.40000000 -0.864666056627206E+003  0.360871256419664E+000 
     13.42000000 -0.864666056603112E+003  0.360871280513597E+000 
     13.44000000 -0.864666056581391E+003  0.360871302235239E+000 
     13.46000000 -0.864666056561513E+003  0.360871322112434E+000 
     13.48000000 -0.864666056542965E+003  0.360871340660841E+000 
     13.50000000 -0.864666056525274E+003  0.360871358351844E+000 
     13.52000000 -0.864666056508038E+003  0.360871375587511E+000 
     13.54000000 -0.864666056490942E+003  0.360871392683773E+000 
     13.56000000 -0.864666056473765E+003  0.360871409860566E+000 
     13.58000000 -0.864666056456385E+003  0.360871427240471E+000 
     13.60000000 -0.864666056438769E+003  0.360871444857131E+000 
     13.62000000 -0.864666056420958E+003  0.360871462667430E+000 
     13.64000000 -0.864666056403055E+003  0.360871480570923E+000 
     13.66000000 -0.864666056385195E+003  0.360871498430719E+000 
     13.68000000 -0.864666056367527E+003  0.360871516098424E+000 
     13.70000000 -0.864666056350190E+003  0.360871533435502E+000 
     13.72000000 -0.864666056333294E+003  0.360871550332229E+000 
     13.74000000 -0.864666056316902E+003  0.360871566723543E+000 
     13.76000000 -0.864666056301030E+003  0.360871582595910E+000 
     13.78000000 -0.864666056285635E+003  0.360871597991093E+000 
     13.80000000 -0.864666056270628E+003  0.360871612997645E+000 
     13.82000000 -0.864666056255882E+003  0.360871627743756E+000 
     13.84000000 -0.864666056241247E+003  0.360871642378692E+000 
     13.86000000 -0.864666056226568E+003  0.360871657057712E+000 
     13.88000000 -0.864666056211704E+003  0.360871671922153E+000 
     13.90000000 -0.864666056196540E+003  0.360871687086090E+000 
     13.92000000 -0.864666056181003E+003  0.360871702622611E+000 
     13.94000000 -0.864666056165070E+003  0.360871718555399E+000 
     13.96000000 -0.864666056148771E+003  0.360871734855356E+000 
     13.98000000 -0.864666056132184E+003  0.360871751441662E+000 
     14.00000000 -0.864666056115439E+003  0.360871768187191E+000 
     14.02000000 -0.864666056098702E+003  0.360871784924018E+000 
     14.04000000 -0.864666056082169E+003  0.360871801456767E+000 
     14.06000000 -0.864666056066053E+003  0.360871817572366E+000 
     14.08000000 -0.864666056050571E+003  0.360871833054845E+000 
     14.10000000 -0.864666056035930E+003  0.360871847695485E+000 
     14.12000000 -0.864666056022318E+003  0.360871861307415E+000 
     14.14000000 -0.864666056009892E+003  0.360871873734311E+000 
     14.16000000 -0.864666055998767E+003  0.360871884858618E+000 
     14.18000000 -0.864666055989020E+003  0.360871894606283E+000 
     14.20000000 -0.864666055980677E+003  0.360871902949079E+000 
     14.22000000 -0.864666055973722E+003  0.360871909903632E+000 
     14.24000000 -0.864666055968097E+003  0.360871915529107E+000 
     14.26000000 -0.864666055963706E+003  0.360871919919858E+000 
     14.28000000 -0.864666055960425E+003  0.360871923200403E+000 
     14.30000000 -0.864666055958108E+003  0.360871925518265E+000 
     14.32000000 -0.864666055956590E+003  0.360871927035664E+000 
     14.34000000 -0.864666055955702E+003  0.360871927923617E+000 
     14.36000000 -0.864666055955268E+003  0.360871928357588E+000 
     14.38000000 -0.864666055955116E+003  0.360871928510333E+000 
     14.40000000 -0.864666055955077E+003  0.360871928549196E+000 
     14.42000000 -0.864666055954992E+003  0.360871928634269E+000 
     14.44000000 -0.864666055954711E+003  0.360871928914431E+000 
     14.46000000 -0.864666055954101E+003  0.360871929524736E+000 
     14.48000000 -0.864666055953039E+003  0.360871930586703E+000 
     14.50000000 -0.864666055951421E+003  0.360871932204643E+000 
     14.52000000 -0.864666055949161E+003  0.360871934464501E+000 
     14.54000000 -0.864666055946194E+003  0.360871937431627E+000 
     14.56000000 -0.864666055942476E+003  0.360871941149622E+000 
     14.58000000 -0.864666055937988E+003  0.360871945637918E+000 
     14.60000000 -0.864666055932734E+003  0.360871950892164E+000 
     14.62000000 -0.864666055926743E+003  0.360871956882391E+000 
     14.64000000 -0.864666055920072E+003  0.360871963554075E+000 
     14.66000000 -0.864666055912796E+003  0.360871970829877E+000 
     14.68000000 -0.864666055905014E+003  0.360871978612348E+000 
     14.70000000 -0.864666055896839E+003  0.360871986786930E+000 
     14.72000000 -0.864666055888399E+003  0.360871995226496E+000 
     14.74000000 -0.864666055879828E+003  0.360872003797926E+000 
     14.76000000 -0.864666055871259E+003  0.360872012366939E+000 
     14.78000000 -0.864666055862821E+003  0.360872020805152E+000 
     14.80000000 -0.864666055854632E+003  0.360872028994332E+000 
     14.82000000 -0.864666055846793E+003  0.360872036832488E+000 
     14.84000000 -0.864666055839388E+003  0.360872044237446E+000 
     14.86000000 -0.864666055832476E+003  0.360872051150042E+000 
     14.88000000 -0.864666055826091E+003  0.360872057534700E+000 
     14.90000000 -0.864666055820247E+003  0.360872063378756E+000 
     14.92000000 -0.864666055814935E+003  0.360872068691103E+000 
     14.94000000 -0.864666055810126E+003  0.360872073500068E+000 
     14.96000000 -0.864666055805778E+003  0.360872077847703E+000 
     14.98000000 -0.864666055801838E+003  0.360872081787469E+000 
     15.00000000 -0.864666055798248E+003  0.360872085377854E+000 
     15.02000000 -0.864666055794946E+003  0.360872088680247E+000 
     15.04000000 -0.864666055791871E+003  0.360872091755262E+000 
     15.06000000 -0.864666055788966E+003  0.360872094660323E+000 
     15.08000000 -0.864666055786177E+003  0.360872097448312E+000 
     15.10000000 -0.864666055783457E+003  0.360872100168532E+000 
     15.12000000 -0.864666055780760E+003  0.360872102865648E+000 
     15.14000000 -0.864666055778043E+003  0.360872105582774E+000 
     15.16000000 -0.864666055775264E+003  0.360872108362159E+000 
     15.18000000 -0.864666055772379E+003  0.360872111246726E+000 
     15.20000000 -0.864666055769344E+003  0.360872114282104E+000 
     15.22000000 -0.864666055766108E+003  0.360872117518178E+000 
     15.24000000 -0.864666055762615E+003  0.360872121010439E+000 
     15.26000000 -0.864666055758805E+003  0.360872124820565E+000 
     15.28000000 -0.864666055754611E+003  0.360872129015262E+000 
     15.30000000 -0.864666055749961E+003  0.360872133664713E+000 
     15.32000000 -0.864666055744784E+003  0.360872138841427E+000 
     15.34000000 -0.864666055739013E+003  0.360872144613073E+000 
     15.36000000 -0.864666055732589E+003  0.360872151036981E+000 
     15.38000000 -0.864666055725473E+003  0.360872158152497E+000 
     15.40000000 -0.864666055717655E+003  0.360872165971124E+000 
     15.42000000 -0.864666055709158E+003  0.360872174468018E+000 
     15.44000000 -0.864666055700052E+003  0.360872183573477E+000 
     15.46000000 -0.864666055690457E+003  0.360872193168494E+000 
     15.48000000 -0.864666055680541E+003  0.360872203084663E+000 
     15.50000000 -0.864666055670516E+003  0.360872213109493E+000 
     15.52000000 -0.864666055660626E+003  0.360872223000044E+000 
     15.54000000 -0.864666055651124E+003  0.360872232501963E+000 
     15.56000000 -0.864666055642252E+003  0.360872241373953E+000 
     15.58000000 -0.864666055634210E+003  0.360872249416285E+000 
     15.60000000 -0.864666055627128E+003  0.360872256497481E+000 
     15.62000000 -0.864666055621048E+003  0.360872262578292E+000 
     15.64000000 -0.864666055615901E+003  0.360872267724843E+000 
     15.66000000 -0.864666055611511E+003  0.360872272115305E+000 
     15.68000000 -0.864666055607596E+003  0.360872276029549E+000 
     15.70000000 -0.864666055603798E+003  0.360872279827494E+000 
     15.72000000 -0.864666055599708E+003  0.360872283917975E+000 
     15.74000000 -0.864666055594909E+003  0.360872288716305E+000 
     15.76000000 -0.864666055589026E+003  0.360872294599997E+000 
     15.78000000 -0.864666055581758E+003  0.360872301867871E+000 
     15.80000000 -0.864666055572924E+003  0.360872310701869E+000 
     15.82000000 -0.864666055562480E+003  0.360872321145686E+000 
     15.84000000 -0.864666055550529E+003  0.360872333096364E+000 
     15.86000000 -0.864666055537314E+003  0.360872346311736E+000 
     15.88000000 -0.864666055523189E+003  0.360872360436618E+000 
     15.90000000 -0.864666055508586E+003  0.360872375039555E+000 
     15.92000000 -0.864666055493965E+003  0.360872389661150E+000 
     15.94000000 -0.864666055479763E+003  0.360872403862503E+000 
     15.96000000 -0.864666055466354E+003  0.360872417271802E+000 
     15.98000000 -0.864666055454006E+003  0.360872429619522E+000 
     16.00000000 -0.864666055442864E+003  0.360872440762101E+000 
     16.02000000 -0.864666055432937E+003  0.360872450689194E+000 
     16.04000000 -0.864666055424109E+003  0.360872459516424E+000 
     16.06000000 -0.864666055416161E+003  0.360872467465272E+000 
     16.08000000 -0.864666055408789E+003  0.360872474836877E+000 
     16.10000000 -0.864666055401646E+003  0.360872481979752E+000 
     16.12000000 -0.864666055394363E+003  0.360872489262514E+000 
     16.14000000 -0.864666055386577E+003  0.360872497048562E+000 
     16.16000000 -0.864666055377950E+003  0.360872505675966E+000 
     16.18000000 -0.864666055368181E+003  0.360872515445287E+000 
     16.20000000 -0.864666055357017E+003  0.360872526609230E+000 
     16.22000000 -0.864666055344261E+003  0.360872539364722E+000 
     16.24000000 -0.864666055329780E+003  0.360872553845946E+000 
     16.26000000 -0.864666055313506E+003  0.360872570119608E+000 
     16.28000000 -0.864666055295449E+003  0.360872588176426E+000 
     16.30000000 -0.864666055275693E+003  0.360872607932971E+000 
     16.32000000 -0.864666055254394E+003  0.360872629232244E+000 
     16.34000000 -0.864666055231767E+003  0.360872651858758E+000 
     16.36000000 -0.864666055208070E+003  0.360872675555649E+000 
     16.38000000 -0.864666055183572E+003  0.360872700053680E+000 
     16.40000000 -0.864666055158524E+003  0.360872725102174E+000 
     16.42000000 -0.864666055133129E+003  0.360872750496569E+000 
     16.44000000 -0.864666055107526E+003  0.360872776099973E+000 
     16.46000000 -0.864666055081774E+003  0.360872801851676E+000 
     16.48000000 -0.864666055055867E+003  0.360872827758734E+000 
     16.50000000 -0.864666055029757E+003  0.360872853869001E+000 
     16.52000000 -0.864666055003390E+003  0.360872880236132E+000 
     16.54000000 -0.864666054976752E+003  0.360872906873468E+000 
     16.56000000 -0.864666054949913E+003  0.360872933712466E+000 
     16.58000000 -0.864666054923051E+003  0.360872960575343E+000 
     16.60000000 -0.864666054896462E+003  0.360872987163664E+000 
     16.62000000 -0.864666054870547E+003  0.360873013078940E+000 
     16.64000000 -0.864666054845763E+003  0.360873037862546E+000 
     16.66000000 -0.864666054822563E+003  0.360873061062435E+000 
     16.68000000 -0.864666054801315E+003  0.360873082310954E+000 
     16.70000000 -0.864666054782224E+003  0.360873101402090E+000 
     16.72000000 -0.864666054765266E+003  0.360873118359722E+000 
     16.74000000 -0.864666054750150E+003  0.360873133475903E+000 
     16.76000000 -0.864666054736307E+003  0.360873147319270E+000 
     16.78000000 -0.864666054722924E+003  0.360873160701791E+000 
     16.80000000 -0.864666054709018E+003  0.360873174607514E+000 
     16.82000000 -0.864666054693534E+003  0.360873190091926E+000 
     16.84000000 -0.864666054675466E+003  0.360873208160152E+000 
     16.86000000 -0.864666054653985E+003  0.360873229641269E+000 
     16.88000000 -0.864666054628551E+003  0.360873255074624E+000 
     16.90000000 -0.864666054599002E+003  0.360873284623788E+000 
     16.92000000 -0.864666054565596E+003  0.360873318029579E+000 
     16.94000000 -0.864666054529015E+003  0.360873354610442E+000 
     16.96000000 -0.864666054490313E+003  0.360873393313112E+000 
     16.98000000 -0.864666054450818E+003  0.360873432808220E+000 
     17.00000000 -0.864666054412002E+003  0.360873471623323E+000 
     17.02000000 -0.864666054375329E+003  0.360873508297090E+000 
     17.04000000 -0.864666054342090E+003  0.360873541535537E+000 
     17.06000000 -0.864666054313267E+003  0.360873570359161E+000 
     17.08000000 -0.864666054289413E+003  0.360873594212858E+000 
     17.10000000 -0.864666054270591E+003  0.360873613035336E+000 
     17.12000000 -0.864666054256356E+003  0.360873627269461E+000 
     17.14000000 -0.864666054245805E+003  0.360873637820490E+000 
     17.16000000 -0.864666054237669E+003  0.360873645956982E+000 
     17.18000000 -0.864666054230451E+003  0.360873653174489E+000 
     17.20000000 -0.864666054222597E+003  0.360873661029273E+000 
     17.22000000 -0.864666054212656E+003  0.360873670969320E+000 
     17.24000000 -0.864666054199453E+003  0.360873684172704E+000 
     17.26000000 -0.864666054182201E+003  0.360873701424515E+000 
     17.28000000 -0.864666054160596E+003  0.360873723030342E+000 
     17.30000000 -0.864666054134835E+003  0.360873748790746E+000 
     17.32000000 -0.864666054105600E+003  0.360873778025815E+000 
     17.34000000 -0.864666054073969E+003  0.360873809656376E+000 
     17.36000000 -0.864666054041303E+003  0.360873842323092E+000 
     17.38000000 -0.864666054009090E+003  0.360873874536309E+000 
     17.40000000 -0.864666053978790E+003  0.360873904835569E+000 
     17.42000000 -0.864666053951685E+003  0.360873931940711E+000 
     17.44000000 -0.864666053928744E+003  0.360873954881513E+000 
     17.46000000 -0.864666053910537E+003  0.360873973089143E+000 
     17.48000000 -0.864666053897183E+003  0.360873986442565E+000 
     17.50000000 -0.864666053888363E+003  0.360873995263222E+000 
     17.52000000 -0.864666053883361E+003  0.360874000265051E+000 
     17.54000000 -0.864666053881161E+003  0.360874002464584E+000 
     17.56000000 -0.864666053880563E+003  0.360874003063191E+000 
     17.58000000 -0.864666053880308E+003  0.360874003318218E+000 
     17.60000000 -0.864666053879208E+003  0.360874004417984E+000 
     17.62000000 -0.864666053876251E+003  0.360874007374863E+000 
     17.64000000 -0.864666053870680E+003  0.360874012946200E+000 
     17.66000000 -0.864666053862035E+003  0.360874021590619E+000 
     17.68000000 -0.864666053850165E+003  0.360874033461252E+000 
     17.70000000 -0.864666053835194E+003  0.360874048431841E+000 
     17.72000000 -0.864666053817481E+003  0.360874066145079E+000 
     17.74000000 -0.864666053797546E+003  0.360874086080181E+000 
     17.76000000 -0.864666053776006E+003  0.360874107619883E+000 
     17.78000000 -0.864666053753504E+003  0.360874130122074E+000 
     17.80000000 -0.864666053730659E+003  0.360874152967072E+000 
     17.82000000 -0.864666053708024E+003  0.360874175601899E+000 
     17.84000000 -0.864666053686066E+003  0.360874197559911E+000 
     17.86000000 -0.864666053665159E+003  0.360874218466783E+000 
     17.88000000 -0.864666053645588E+003  0.360874238038293E+000 
     17.90000000 -0.864666053627556E+003  0.360874256070170E+000 
     17.92000000 -0.864666053611200E+003  0.360874272425424E+000 
     17.94000000 -0.864666053596597E+003  0.360874287028941E+000 
     17.96000000 -0.864666053583760E+003  0.360874299865736E+000 
     17.98000000 -0.864666053572639E+003  0.360874310986563E+000 
     18.00000000 -0.864666053563106E+003  0.360874320520289E+000 
     18.02000000 -0.864666053554937E+003  0.360874328688974E+000 
     18.04000000 -0.864666053547807E+003  0.360874335819087E+000 
     18.06000000 -0.864666053541278E+003  0.360874342348370E+000 
     18.08000000 -0.864666053534805E+003  0.360874348821291E+000 
     18.10000000 -0.864666053527758E+003  0.360874355867492E+000 
     18.12000000 -0.864666053519457E+003  0.360874364169007E+000 
     18.14000000 -0.864666053509218E+003  0.360874374407875E+000 
     18.16000000 -0.864666053496417E+003  0.360874387208707E+000 
     18.18000000 -0.864666053480554E+003  0.360874403072083E+000 
     18.20000000 -0.864666053461312E+003  0.360874422313547E+000 
     18.22000000 -0.864666053438614E+003  0.360874445011697E+000 
     18.24000000 -0.864666053412649E+003  0.360874470976759E+000 
     18.26000000 -0.864666053383887E+003  0.360874499738705E+000 
     18.28000000 -0.864666053353057E+003  0.360874530568997E+000 
     18.30000000 -0.864666053321099E+003  0.360874562526800E+000 
     18.32000000 -0.864666053289095E+003  0.360874594531104E+000 
     18.34000000 -0.864666053258171E+003  0.360874625455170E+000 
     18.36000000 -0.864666053229398E+003  0.360874654227653E+000 
     18.38000000 -0.864666053203686E+003  0.360874679939429E+000 
     18.40000000 -0.864666053181690E+003  0.360874701935337E+000 
     18.42000000 -0.864666053163738E+003  0.360874719887843E+000 
     18.44000000 -0.864666053149784E+003  0.360874733841613E+000 
     18.46000000 -0.864666053139407E+003  0.360874744218531E+000 
     18.48000000 -0.864666053131833E+003  0.360874751792669E+000 
     18.50000000 -0.864666053126004E+003  0.360874757622030E+000 
     18.52000000 -0.864666053120667E+003  0.360874762959223E+000 
     18.54000000 -0.864666053114490E+003  0.360874769135548E+000 
     18.56000000 -0.864666053106185E+003  0.360874777441124E+000 
     18.58000000 -0.864666053094619E+003  0.360874789006556E+000 
     18.60000000 -0.864666053078925E+003  0.360874804701042E+000 
     18.62000000 -0.864666053058571E+003  0.360874825055130E+000 
     18.64000000 -0.864666053033407E+003  0.360874850218957E+000 
     18.66000000 -0.864666053003675E+003  0.360874879950739E+000 
     18.68000000 -0.864666052969979E+003  0.360874913647229E+000 
     18.70000000 -0.864666052933224E+003  0.360874950402299E+000 
     18.72000000 -0.864666052894538E+003  0.360874989087664E+000 
     18.74000000 -0.864666052855173E+003  0.360875028452843E+000 
     18.76000000 -0.864666052816399E+003  0.360875067227245E+000 
     18.78000000 -0.864666052779408E+003  0.360875104217427E+000 
     18.80000000 -0.864666052745233E+003  0.360875138393131E+000 
     18.82000000 -0.864666052714674E+003  0.360875168952058E+000 
     18.84000000 -0.864666052688261E+003  0.360875195364433E+000 
     18.86000000 -0.864666052666234E+003  0.360875217391856E+000 
     18.88000000 -0.864666052648539E+003  0.360875235086339E+000 
     18.90000000 -0.864666052634856E+003  0.360875248769614E+000 
     18.92000000 -0.864666052624627E+003  0.360875258998524E+000 
     18.94000000 -0.864666052617106E+003  0.360875266519492E+000 
     18.96000000 -0.864666052611409E+003  0.360875272216796E+000 
     18.98000000 -0.864666052606567E+003  0.360875277058436E+000 
     19.00000000 -0.864666052601585E+003  0.360875282041221E+000 
     19.02000000 -0.864666052595491E+003  0.360875288135179E+000 
     19.04000000 -0.864666052587393E+003  0.360875296233002E+000 
     19.06000000 -0.864666052576526E+003  0.360875307099962E+000 
     19.08000000 -0.864666052562295E+003  0.360875321330993E+000 
     19.10000000 -0.864666052544313E+003  0.360875339312792E+000 
     19.12000000 -0.864666052522429E+003  0.360875361196945E+000 
     19.14000000 -0.864666052496742E+003  0.360875386883875E+000 
     19.16000000 -0.864666052467604E+003  0.360875416022077E+000 
     19.18000000 -0.864666052435602E+003  0.360875448023481E+000 
     19.20000000 -0.864666052401532E+003  0.360875482094100E+000 
     19.22000000 -0.864666052366343E+003  0.360875517282564E+000 
     19.24000000 -0.864666052331085E+003  0.360875552540924E+000 
     19.26000000 -0.864666052296833E+003  0.360875586793097E+000 
     19.28000000 -0.864666052264616E+003  0.360875619009601E+000 
     19.30000000 -0.864666052235344E+003  0.360875648281503E+000 
     19.32000000 -0.864666052209740E+003  0.360875673885585E+000 
     19.34000000 -0.864666052188287E+003  0.360875695339246E+000 
     19.36000000 -0.864666052171185E+003  0.360875712441213E+000 
     19.38000000 -0.864666052158335E+003  0.360875725290382E+000 
     19.40000000 -0.864666052149340E+003  0.360875734286309E+000 
     19.42000000 -0.864666052143519E+003  0.360875740106486E+000 
     19.44000000 -0.864666052139963E+003  0.360875743662938E+000 
     19.46000000 -0.864666052137588E+003  0.360875746038225E+000 
     19.48000000 -0.864666052135220E+003  0.360875748405971E+000 
     19.50000000 -0.864666052131683E+003  0.360875751943089E+000 
     19.52000000 -0.864666052125892E+003  0.360875757734264E+000 
     19.54000000 -0.864666052116942E+003  0.360875766683400E+000 
     19.56000000 -0.864666052104187E+003  0.360875779438408E+000 
     19.58000000 -0.864666052087293E+003  0.360875796332815E+000 
     19.60000000 -0.864666052066268E+003  0.360875817357437E+000 
     19.62000000 -0.864666052041467E+003  0.360875842158735E+000 
     19.64000000 -0.864666052013557E+003  0.360875870069367E+000 
     19.66000000 -0.864666051983460E+003  0.360875900165417E+000 
     19.68000000 -0.864666051952279E+003  0.360875931346927E+000 
     19.70000000 -0.864666051921194E+003  0.360875962431762E+000 
     19.72000000 -0.864666051891372E+003  0.360875992254127E+000 
     19.74000000 -0.864666051863866E+003  0.360876019759791E+000 
     19.76000000 -0.864666051839538E+003  0.360876044087675E+000 
     19.78000000 -0.864666051818994E+003  0.360876064632115E+000 
     19.80000000 -0.864666051802547E+003  0.360876081079211E+000 
     19.82000000 -0.864666051790206E+003  0.360876093419970E+000 
     19.84000000 -0.864666051781690E+003  0.360876101935909E+000 
     19.86000000 -0.864666051776461E+003  0.360876107164536E+000 
     19.88000000 -0.864666051773780E+003  0.360876109845700E+000 
     19.90000000 -0.864666051772767E+003  0.360876110858750E+000 
     19.92000000 -0.864666051772475E+003  0.360876111150706E+000 
     19.94000000 -0.864666051771958E+003  0.360876111667623E+000 
     19.96000000 -0.864666051770338E+003  0.360876113287980E+000 
     19.98000000 -0.864666051766860E+003  0.360876116765837E+000 
     20.00000000 -0.864666051760940E+003  0.360876122686169E+000 
     20.02000000 -0.864666051752193E+003  0.360876131432869E+000 
     20.04000000 -0.864666051740453E+003  0.360876143172991E+000 
     20.06000000 -0.864666051725771E+003  0.360876157854911E+000 
     20.08000000 -0.864666051708403E+003  0.360876175222828E+000 
     20.10000000 -0.864666051688786E+003  0.360876194840163E+000 
     20.12000000 -0.864666051667495E+003  0.360876216130638E+000 
     20.14000000 -0.864666051645207E+003  0.360876238419275E+000 
     20.16000000 -0.864666051622642E+003  0.360876260983531E+000 
     20.18000000 -0.864666051600523E+003  0.360876283102698E+000 
     20.20000000 -0.864666051579520E+003  0.360876304106148E+000 
     20.22000000 -0.864666051560211E+003  0.360876323414608E+000 
     20.24000000 -0.864666051543053E+003  0.360876340573129E+000 
     20.26000000 -0.864666051528349E+003  0.360876355276511E+000 
     20.28000000 -0.864666051516245E+003  0.360876367380321E+000 
     20.30000000 -0.864666051506723E+003  0.360876376902736E+000 
     20.32000000 -0.864666051499610E+003  0.360876384015835E+000 
     20.34000000 -0.864666051494598E+003  0.360876389027332E+000 
     20.36000000 -0.864666051491271E+003  0.360876392354473E+000 
     20.38000000 -0.864666051489133E+003  0.360876394492424E+000 
     20.40000000 -0.864666051487646E+003  0.360876395980241E+000 
     20.42000000 -0.864666051486261E+003  0.360876397364423E+000 
     20.44000000 -0.864666051484459E+003  0.360876399166431E+000 
     20.46000000 -0.864666051481777E+003  0.360876401849142E+000 
     20.48000000 -0.864666051477832E+003  0.360876405793935E+000 
     20.50000000 -0.864666051472348E+003  0.360876411278169E+000 
     20.52000000 -0.864666051465162E+003  0.360876418463774E+000 
     20.54000000 -0.864666051456235E+003  0.360876427390675E+000 
     20.56000000 -0.864666051445646E+003  0.360876437979793E+000 
     20.58000000 -0.864666051433586E+003  0.360876450040004E+000 
     20.60000000 -0.864666051420342E+003  0.360876463284184E+000 
     20.62000000 -0.864666051406278E+003  0.360876477347872E+000 
     20.64000000 -0.864666051391810E+003  0.360876491816142E+000 
     20.66000000 -0.864666051377377E+003  0.360876506248449E+000 
     20.68000000 -0.864666051363418E+003  0.360876520207632E+000 
     20.70000000 -0.864666051350336E+003  0.360876533289786E+000 
     20.72000000 -0.864666051338478E+003  0.360876545147947E+000 
     20.74000000 -0.864666051328111E+003  0.360876555515198E+000 
     20.76000000 -0.864666051319405E+003  0.360876564220329E+000 
     20.78000000 -0.864666051312429E+003  0.360876571196730E+000 
     20.80000000 -0.864666051307142E+003  0.360876576484039E+000 
     20.82000000 -0.864666051303405E+003  0.360876580220499E+000 
     20.84000000 -0.864666051300998E+003  0.360876582627881E+000 
     20.86000000 -0.864666051299634E+003  0.360876583992342E+000 
     20.88000000 -0.864666051298988E+003  0.360876584638126E+000 
     20.90000000 -0.864666051298724E+003  0.360876584901853E+000 
     20.92000000 -0.864666051298520E+003  0.360876585106126E+000 
     20.94000000 -0.864666051298088E+003  0.360876585537390E+000 
     20.96000000 -0.864666051297198E+003  0.360876586428050E+000 
     20.98000000 -0.864666051295682E+003  0.360876587944192E+000 
     21.00000000 -0.864666051293443E+003  0.360876590182878E+000 
     21.02000000 -0.864666051290453E+003  0.360876593172723E+000 
     21.04000000 -0.864666051286746E+003  0.360876596879890E+000 
     21.06000000 -0.864666051282405E+003  0.360876601220855E+000 
     21.08000000 -0.864666051277552E+003  0.360876606073516E+000 
     21.10000000 -0.864666051272334E+003  0.360876611291799E+000 
     21.12000000 -0.864666051266909E+003  0.360876616717255E+000 
     21.14000000 -0.864666051261435E+003  0.360876622191049E+000 
     21.16000000 -0.864666051256062E+003  0.360876627563431E+000 
     21.18000000 -0.864666051250925E+003  0.360876632700991E+000 
     21.20000000 -0.864666051246132E+003  0.360876637494004E+000 
     21.22000000 -0.864666051241765E+003  0.360876641860393E+000 
     21.24000000 -0.864666051237876E+003  0.360876645750179E+000 
     21.26000000 -0.864666051234477E+003  0.360876649149053E+000 
     21.28000000 -0.864666051231547E+003  0.360876652079249E+000 
     21.30000000 -0.864666051229028E+003  0.360876654597421E+000 
     21.32000000 -0.864666051226834E+003  0.360876656791540E+000 
     21.34000000 -0.864666051224853E+003  0.360876658772589E+000 
     21.36000000 -0.864666051222962E+003  0.360876660663634E+000 
     21.38000000 -0.864666051221041E+003  0.360876662585035E+000 
     21.40000000 -0.864666051218987E+003  0.360876664639169E+000 
     21.42000000 -0.864666051216730E+003  0.360876666895547E+000 
     21.44000000 -0.864666051214246E+003  0.360876669380268E+000 
     21.46000000 -0.864666051211558E+003  0.360876672067426E+000 
     21.48000000 -0.864666051208743E+003  0.360876674882387E+000 
     21.50000000 -0.864666051205915E+003  0.360876677711173E+000 
     21.52000000 -0.864666051203207E+003  0.360876680418922E+000 
     21.54000000 -0.864666051200752E+003  0.360876682874062E+000 
     21.56000000 -0.864666051198648E+003  0.360876684977403E+000 
     21.58000000 -0.864666051196937E+003  0.360876686688925E+000 
     21.60000000 -0.864666051195576E+003  0.360876688050098E+000 
     21.62000000 -0.864666051194430E+003  0.360876689196171E+000 
     21.64000000 -0.864666051193273E+003  0.360876690352976E+000 
     21.66000000 -0.864666051191803E+003  0.360876691822811E+000 
     21.68000000 -0.864666051189673E+003  0.360876693952932E+000 
     21.70000000 -0.864666051186533E+003  0.360876697093202E+000 
     21.72000000 -0.864666051182075E+003  0.360876701550465E+000 
     21.74000000 -0.864666051176084E+003  0.360876707541369E+000 
     21.76000000 -0.864666051168471E+003  0.360876715154564E+000 
     21.78000000 -0.864666051159300E+003  0.360876724325471E+000 
     21.80000000 -0.864666051148794E+003  0.360876734831836E+000 
     21.82000000 -0.864666051137319E+003  0.360876746306684E+000 
     21.84000000 -0.864666051125353E+003  0.360876758272444E+000 
     21.86000000 -0.864666051113438E+003  0.360876770188320E+000 
     21.88000000 -0.864666051102118E+003  0.360876781508005E+000 
     21.90000000 -0.864666051091888E+003  0.360876791737689E+000 
     21.92000000 -0.864666051083136E+003  0.360876800490093E+000 
     21.94000000 -0.864666051076100E+003  0.360876807525369E+000 
     21.96000000 -0.864666051070850E+003  0.360876812775941E+000 
     21.98000000 -0.864666051067273E+003  0.360876816352986E+000 
     22.00000000 -0.864666051065093E+003  0.360876818533183E+000 
     22.02000000 -0.864666051063896E+003  0.360876819730204E+000 
     22.04000000 -0.864666051063175E+003  0.360876820451007E+000 
     22.06000000 -0.864666051062380E+003  0.360876821245960E+000 
     22.08000000 -0.864666051060971E+003  0.360876822654891E+000 
     22.10000000 -0.864666051058470E+003  0.360876825155854E+000 
     22.12000000 -0.864666051054504E+003  0.360876829122109E+000 
     22.14000000 -0.864666051048839E+003  0.360876834787220E+000 
     22.16000000 -0.864666051041400E+003  0.360876842226304E+000 
     22.18000000 -0.864666051032274E+003  0.360876851351968E+000 
     22.20000000 -0.864666051021702E+003  0.360876861923395E+000 
     22.22000000 -0.864666051010053E+003  0.360876873573127E+000 
     22.24000000 -0.864666050997783E+003  0.360876885843024E+000 
     22.26000000 -0.864666050985397E+003  0.360876898228736E+000 
     22.28000000 -0.864666050973398E+003  0.360876910228139E+000 
     22.30000000 -0.864666050962237E+003  0.360876921388989E+000 
     22.32000000 -0.864666050952274E+003  0.360876931351465E+000 
     22.34000000 -0.864666050943748E+003  0.360876939877941E+000 
     22.36000000 -0.864666050936755E+003  0.360876946870970E+000 
     22.38000000 -0.864666050931250E+003  0.360876952376183E+000 
     22.40000000 -0.864666050927057E+003  0.360876956569139E+000 
     22.42000000 -0.864666050923896E+003  0.360876959729807E+000 
     22.44000000 -0.864666050921420E+003  0.360876962206118E+000 
     22.46000000 -0.864666050919252E+003  0.360876964373845E+000 
     22.48000000 -0.864666050917030E+003  0.360876966596000E+000 
     22.50000000 -0.864666050914439E+003  0.360876969186676E+000 
     22.52000000 -0.864666050911238E+003  0.360876972387755E+000 
     22.54000000 -0.864666050907275E+003  0.360876976351303E+000 
     22.56000000 -0.864666050902485E+003  0.360876981141029E+000 
     22.58000000 -0.864666050896885E+003  0.360876986740789E+000 
     22.60000000 -0.864666050890554E+003  0.360876993071986E+000 
     22.62000000 -0.864666050883610E+003  0.360877000015711E+000 
     22.64000000 -0.864666050876191E+003  0.360877007434881E+000 
     22.66000000 -0.864666050868436E+003  0.360877015189896E+000 
     22.68000000 -0.864666050860476E+003  0.360877023150152E+000 
     22.70000000 -0.864666050852430E+003  0.360877031195867E+000 
     22.72000000 -0.864666050844411E+003  0.360877039214900E+000 
     22.74000000 -0.864666050836532E+003  0.360877047094142E+000 
     22.76000000 -0.864666050828916E+003  0.360877054710334E+000 
     22.78000000 -0.864666050821699E+003  0.360877061926584E+000 
     22.80000000 -0.864666050815034E+003  0.360877068591597E+000 
     22.82000000 -0.864666050809075E+003  0.360877074550406E+000 
     22.84000000 -0.864666050803964E+003  0.360877079661767E+000 
     22.86000000 -0.864666050799806E+003  0.360877083820017E+000 
     22.88000000 -0.864666050796643E+003  0.360877086982715E+000 
     22.90000000 -0.864666050794434E+003  0.360877089191625E+000 
     22.92000000 -0.864666050793037E+003  0.360877090589149E+000 
     22.94000000 -0.864666050792205E+003  0.360877091420934E+000 
     22.96000000 -0.864666050791602E+003  0.360877092023988E+000 
     22.98000000 -0.864666050790824E+003  0.360877092801539E+000 
     23.00000000 -0.864666050789443E+003  0.360877094182724E+000 
     23.02000000 -0.864666050787052E+003  0.360877096573382E+000 
     23.04000000 -0.864666050783319E+003  0.360877100306555E+000 
     23.06000000 -0.864666050778032E+003  0.360877105593670E+000 
     23.08000000 -0.864666050771134E+003  0.360877112492056E+000 
     23.10000000 -0.864666050762741E+003  0.360877120884638E+000 
     23.12000000 -0.864666050753139E+003  0.360877130486712E+000 
     23.14000000 -0.864666050742753E+003  0.360877140872428E+000 
     23.16000000 -0.864666050732106E+003  0.360877151520324E+000 
     23.18000000 -0.864666050721750E+003  0.360877161875491E+000 
     23.20000000 -0.864666050712210E+003  0.360877171415597E+000 
     23.22000000 -0.864666050703911E+003  0.360877179714792E+000 
     23.24000000 -0.864666050697130E+003  0.360877186495525E+000 
     23.26000000 -0.864666050691967E+003  0.360877191658317E+000 
     23.28000000 -0.864666050688334E+003  0.360877195292109E+000 
     23.30000000 -0.864666050685972E+003  0.360877197654345E+000 
     23.32000000 -0.864666050684492E+003  0.360877199133944E+000 
     23.34000000 -0.864666050683430E+003  0.360877200195621E+000 
     23.36000000 -0.864666050682306E+003  0.360877201319556E+000 
     23.38000000 -0.864666050680687E+003  0.360877202939043E+000 
     23.40000000 -0.864666050678234E+003  0.360877205391766E+000 
     23.42000000 -0.864666050674741E+003  0.360877208885090E+000 
     23.44000000 -0.864666050670145E+003  0.360877213481371E+000 
     23.46000000 -0.864666050664523E+003  0.360877219103173E+000 
     23.48000000 -0.864666050658069E+003  0.360877225557146E+000 
     23.50000000 -0.864666050651055E+003  0.360877232570864E+000 
     23.52000000 -0.864666050643791E+003  0.360877239834581E+000 
     23.54000000 -0.864666050636582E+003  0.360877247044354E+000 
     23.56000000 -0.864666050629687E+003  0.360877253939162E+000 
     23.58000000 -0.864666050623299E+003  0.360877260326624E+000 
     23.60000000 -0.864666050617529E+003  0.360877266096724E+000 
     23.62000000 -0.864666050612404E+003  0.360877271222006E+000 
     23.64000000 -0.864666050607880E+003  0.360877275746168E+000 
     23.66000000 -0.864666050603860E+003  0.360877279765884E+000 
     23.68000000 -0.864666050600219E+003  0.360877283407217E+000 
     23.70000000 -0.864666050596824E+003  0.360877286801933E+000 
     23.72000000 -0.864666050593558E+003  0.360877290067880E+000 
     23.74000000 -0.864666050590331E+003  0.360877293294480E+000 
     23.76000000 -0.864666050587091E+003  0.360877296534904E+000 
     23.78000000 -0.864666050583822E+003  0.360877299804138E+000 
     23.80000000 -0.864666050580540E+003  0.360877303086229E+000 
     23.82000000 -0.864666050577285E+003  0.360877306340865E+000 
     23.84000000 -0.864666050574108E+003  0.360877309517871E+000 
     23.86000000 -0.864666050571057E+003  0.360877312568620E+000 
     23.88000000 -0.864666050568170E+003  0.360877315455894E+000 
     23.90000000 -0.864666050565460E+003  0.360877318165867E+000 
     23.92000000 -0.864666050562917E+003  0.360877320709270E+000 
     23.94000000 -0.864666050560503E+003  0.360877323122743E+000 
     23.96000000 -0.864666050558161E+003  0.360877325464580E+000 
     23.98000000 -0.864666050555819E+003  0.360877327806804E+000 
     24.00000000 -0.864666050553402E+003  0.360877330224241E+000 
     24.02000000 -0.864666050550843E+003  0.360877332782822E+000 
     24.04000000 -0.864666050548094E+003  0.360877335531464E+000 
     24.06000000 -0.864666050545132E+003  0.360877338493757E+000 
     24.08000000 -0.864666050541961E+003  0.360877341664479E+000 
     24.10000000 -0.864666050538615E+003  0.360877345010955E+000 
     24.12000000 -0.864666050535148E+003  0.360877348478081E+000 
     24.14000000 -0.864666050531628E+003  0.360877351998281E+000 
     24.16000000 -0.864666050528126E+003  0.360877355499532E+000 
     24.18000000 -0.864666050524710E+003  0.360877358915807E+000 
     24.20000000 -0.864666050521431E+003  0.360877362194418E+000 
     24.22000000 -0.864666050518326E+003  0.360877365300176E+000 
     24.24000000 -0.864666050515410E+003  0.360877368215775E+000 
     24.26000000 -0.864666050512686E+003  0.360877370939475E+000 
     24.28000000 -0.864666050510147E+003  0.360877373479011E+000 
     24.30000000 -0.864666050507780E+003  0.360877375845404E+000 
     24.32000000 -0.864666050505578E+003  0.360877378047837E+000 
     24.34000000 -0.864666050503537E+003  0.360877380088630E+000 
     24.36000000 -0.864666050501664E+003  0.360877381961404E+000 
     24.38000000 -0.864666050499972E+003  0.360877383653784E+000 
     24.40000000 -0.864666050498477E+003  0.360877385148368E+000 
     24.42000000 -0.864666050497197E+003  0.360877386428915E+000 
     24.44000000 -0.864666050496140E+003  0.360877387485565E+000 
     24.46000000 -0.864666050495308E+003  0.360877388317640E+000 
     24.48000000 -0.864666050494687E+003  0.360877388938772E+000 
     24.50000000 -0.864666050494249E+003  0.360877389376610E+000 
     24.52000000 -0.864666050493952E+003  0.360877389674077E+000 
     24.54000000 -0.864666050493741E+003  0.360877389884827E+000 
     24.56000000 -0.864666050493554E+003  0.360877390072181E+000 
     24.58000000 -0.864666050493323E+003  0.360877390302556E+000 
     24.60000000 -0.864666050492984E+003  0.360877390641883E+000 
     24.62000000 -0.864666050492475E+003  0.360877391150679E+000 
     24.64000000 -0.864666050491747E+003  0.360877391879023E+000 
     24.66000000 -0.864666050490761E+003  0.360877392864617E+000 
     24.68000000 -0.864666050489497E+003  0.360877394128440E+000 
     24.70000000 -0.864666050487952E+003  0.360877395673681E+000 
     24.72000000 -0.864666050486140E+003  0.360877397485937E+000 
     24.74000000 -0.864666050484092E+003  0.360877399534078E+000 
     24.76000000 -0.864666050481854E+003  0.360877401771604E+000 
     24.78000000 -0.864666050479485E+003  0.360877404140606E+000 
     24.80000000 -0.864666050477049E+003  0.360877406576798E+000 
     24.82000000 -0.864666050474613E+003  0.360877409012989E+000 
     24.84000000 -0.864666050472239E+003  0.360877411386342E+000 
     24.86000000 -0.864666050469983E+003  0.360877413642913E+000 
     24.88000000 -0.864666050467884E+003  0.360877415741614E+000 
     24.90000000 -0.864666050465967E+003  0.360877417659148E+000 
     24.92000000 -0.864666050464234E+003  0.360877419391744E+000 
     24.94000000 -0.864666050462671E+003  0.360877420954967E+000 
     24.96000000 -0.864666050461244E+003  0.360877422382169E+000 
     24.98000000 -0.864666050459905E+003  0.360877423721301E+000 
     25.00000000 -0.864666050458598E+003  0.360877425028047E+000 
     25.02000000 -0.864666050457264E+003  0.360877426361572E+000 
     25.04000000 -0.864666050455851E+003  0.360877427774756E+000 
     25.06000000 -0.864666050454315E+003  0.360877429310910E+000 
     25.08000000 -0.864666050452630E+003  0.360877430996329E+000 
     25.10000000 -0.864666050450789E+003  0.360877432837007E+000 
     25.12000000 -0.864666050448807E+003  0.360877434818636E+000 
     25.14000000 -0.864666050446719E+003  0.360877436906993E+000 
     25.16000000 -0.864666050444573E+003  0.360877439052678E+000 
     25.18000000 -0.864666050442430E+003  0.360877441195753E+000 
     25.20000000 -0.864666050440351E+003  0.360877443275313E+000 
     25.22000000 -0.864666050438390E+003  0.360877445235867E+000 
     25.24000000 -0.864666050436589E+003  0.360877447036716E+000 
     25.26000000 -0.864666050434967E+003  0.360877448658426E+000 
     25.28000000 -0.864666050433521E+003  0.360877450105253E+000 
     25.30000000 -0.864666050432214E+003  0.360877451411612E+000 
     25.32000000 -0.864666050430989E+003  0.360877452637055E+000 
     25.34000000 -0.864666050429761E+003  0.360877453864625E+000 
     25.36000000 -0.864666050428432E+003  0.360877455193703E+000 
     25.38000000 -0.864666050426895E+003  0.360877456730630E+000 
     25.40000000 -0.864666050425046E+003  0.360877458579622E+000 
     25.42000000 -0.864666050422795E+003  0.360877460830972E+000 
     25.44000000 -0.864666050420074E+003  0.360877463551483E+000 
     25.46000000 -0.864666050416850E+003  0.360877466775376E+000 
     25.48000000 -0.864666050413128E+003  0.360877470497625E+000 
     25.50000000 -0.864666050408955E+003  0.360877474670859E+000 
     25.52000000 -0.864666050404421E+003  0.360877479205269E+000 
     25.54000000 -0.864666050399651E+003  0.360877483974597E+000 
     25.56000000 -0.864666050394802E+003  0.360877488823391E+000 
     25.58000000 -0.864666050390046E+003  0.360877493579571E+000 
     25.60000000 -0.864666050385556E+003  0.360877498069511E+000 
     25.62000000 -0.864666050381492E+003  0.360877502133890E+000 
     25.64000000 -0.864666050377983E+003  0.360877505642585E+000 
     25.66000000 -0.864666050375117E+003  0.360877508508784E+000 
     25.68000000 -0.864666050372927E+003  0.360877510698649E+000 
     25.70000000 -0.864666050371391E+003  0.360877512235190E+000 
     25.72000000 -0.864666050370426E+003  0.360877513199419E+000 
     25.74000000 -0.864666050369904E+003  0.360877513722233E+000 
     25.76000000 -0.864666050369652E+003  0.360877513973586E+000 
     25.78000000 -0.864666050369479E+003  0.360877514147310E+000 
     25.80000000 -0.864666050369183E+003  0.360877514442457E+000 
     25.82000000 -0.864666050368580E+003  0.360877515045994E+000 
     25.84000000 -0.864666050367512E+003  0.360877516113955E+000 
     25.86000000 -0.864666050365866E+003  0.360877517759350E+000 
     25.88000000 -0.864666050363583E+003  0.360877520042410E+000 
     25.90000000 -0.864666050360659E+003  0.360877522966516E+000 
     25.92000000 -0.864666050357146E+003  0.360877526479369E+000 
     25.94000000 -0.864666050353144E+003  0.360877530482070E+000 
     25.96000000 -0.864666050348788E+003  0.360877534837535E+000 
     25.98000000 -0.864666050344240E+003  0.360877539385576E+000 
     26.00000000 -0.864666050339668E+003  0.360877543957785E+000 
     26.02000000 -0.864666050335233E+003  0.360877548392523E+000 
     26.04000000 -0.864666050331079E+003  0.360877552547003E+000 
     26.06000000 -0.864666050327318E+003  0.360877556308212E+000 
     26.08000000 -0.864666050324025E+003  0.360877559600357E+000 
     26.10000000 -0.864666050321237E+003  0.360877562388442E+000 
     26.12000000 -0.864666050318949E+003  0.360877564677109E+000 
     26.14000000 -0.864666050317118E+003  0.360877566508119E+000 
     26.16000000 -0.864666050315672E+003  0.360877567953496E+000 
     26.18000000 -0.864666050314518E+003  0.360877569107497E+000 
     26.20000000 -0.864666050313548E+003  0.360877570077913E+000 
     26.22000000 -0.864666050312650E+003  0.360877570975824E+000 
     26.24000000 -0.864666050311719E+003  0.360877571906990E+000 
     26.26000000 -0.864666050310660E+003  0.360877572965767E+000 
     26.28000000 -0.864666050309397E+003  0.360877574229202E+000 
     26.30000000 -0.864666050307871E+003  0.360877575754819E+000 
     26.32000000 -0.864666050306046E+003  0.360877577580029E+000 
     26.34000000 -0.864666050303902E+003  0.360877579723491E+000 
     26.36000000 -0.864666050301440E+003  0.360877582185397E+000 
     26.38000000 -0.864666050298675E+003  0.360877584950861E+000 
     26.40000000 -0.864666050295636E+003  0.360877587990107E+000 
     26.42000000 -0.864666050292367E+003  0.360877591258857E+000 
     26.44000000 -0.864666050288927E+003  0.360877594699107E+000 
     26.46000000 -0.864666050285385E+003  0.360877598240478E+000 
     26.48000000 -0.864666050281824E+003  0.360877601801378E+000 
     26.50000000 -0.864666050278333E+003  0.360877605293059E+000 
     26.52000000 -0.864666050274999E+003  0.360877608626388E+000 
     26.54000000 -0.864666050271906E+003  0.360877611720060E+000 
     26.56000000 -0.864666050269115E+003  0.360877614510370E+000 
     26.58000000 -0.864666050266666E+003  0.360877616960289E+000 
     26.60000000 -0.864666050264557E+003  0.360877619068754E+000 
     26.62000000 -0.864666050262752E+003  0.360877620873856E+000 
     26.64000000 -0.864666050261173E+003  0.360877622452353E+000 
     26.66000000 -0.864666050259711E+003  0.360877623915035E+000 
     26.68000000 -0.864666050258232E+003  0.360877625394054E+000 
     26.70000000 -0.864666050256598E+003  0.360877627028043E+000 
     26.72000000 -0.864666050254681E+003  0.360877628944417E+000 
     26.74000000 -0.864666050252384E+003  0.360877631241977E+000 
     26.76000000 -0.864666050249648E+003  0.360877633977472E+000 
     26.78000000 -0.864666050246470E+003  0.360877637155928E+000 
     26.80000000 -0.864666050242897E+003  0.360877640728816E+000 
     26.82000000 -0.864666050239026E+003  0.360877644599653E+000 
     26.84000000 -0.864666050234991E+003  0.360877648635223E+000 
     26.86000000 -0.864666050230945E+003  0.360877652681234E+000 
     26.88000000 -0.864666050227042E+003  0.360877656584168E+000 
     26.90000000 -0.864666050223420E+003  0.360877660206262E+000 
     26.92000000 -0.864666050220181E+003  0.360877663444753E+000 
     26.94000000 -0.864666050217384E+003  0.360877666241539E+000 
     26.96000000 -0.864666050215036E+003  0.360877668589854E+000 
     26.98000000 -0.864666050213094E+003  0.360877670532040E+000 
     27.00000000 -0.864666050211472E+003  0.360877672154137E+000 
     27.02000000 -0.864666050210054E+003  0.360877673571962E+000 
     27.04000000 -0.864666050208707E+003  0.360877674918344E+000 
     27.06000000 -0.864666050207300E+003  0.360877676325438E+000 
     27.08000000 -0.864666050205716E+003  0.360877677909929E+000 
     27.10000000 -0.864666050203864E+003  0.360877679761821E+000 
     27.12000000 -0.864666050201692E+003  0.360877681934285E+000 
     27.14000000 -0.864666050199185E+003  0.360877684440856E+000 
     27.16000000 -0.864666050196368E+003  0.360877687257364E+000 
     27.18000000 -0.864666050193300E+003  0.360877690325805E+000 
     27.20000000 -0.864666050190062E+003  0.360877693564006E+000 
     27.22000000 -0.864666050186750E+003  0.360877696875679E+000 
     27.24000000 -0.864666050183465E+003  0.360877700160477E+000 
     27.26000000 -0.864666050180300E+003  0.360877703325496E+000 
     27.28000000 -0.864666050177334E+003  0.360877706291752E+000 
     27.30000000 -0.864666050174624E+003  0.360877709001918E+000 
     27.32000000 -0.864666050172203E+003  0.360877711422642E+000 
     27.34000000 -0.864666050170079E+003  0.360877713547155E+000 
     27.36000000 -0.864666050168233E+003  0.360877715393053E+000 
     27.38000000 -0.864666050166624E+003  0.360877717001326E+000 
     27.40000000 -0.864666050165195E+003  0.360877718430559E+000 
     27.42000000 -0.864666050163870E+003  0.360877719755383E+000 
     27.44000000 -0.864666050162568E+003  0.360877721058068E+000 
     27.46000000 -0.864666050161200E+003  0.360877722425526E+000 
     27.48000000 -0.864666050159684E+003  0.360877723942152E+000 
     27.50000000 -0.864666050157942E+003  0.360877725683448E+000 
     27.52000000 -0.864666050155916E+003  0.360877727710224E+000 
     27.54000000 -0.864666050153562E+003  0.360877730063372E+000 
     27.56000000 -0.864666050150868E+003  0.360877732757684E+000 
     27.58000000 -0.864666050147847E+003  0.360877735778368E+000 
     27.60000000 -0.864666050144544E+003  0.360877739081341E+000 
     27.62000000 -0.864666050141033E+003  0.360877742592356E+000 
     27.64000000 -0.864666050137414E+003  0.360877746211937E+000 
     27.66000000 -0.864666050133802E+003  0.360877749824268E+000 
     27.68000000 -0.864666050130320E+003  0.360877753305895E+000 
     27.70000000 -0.864666050127088E+003  0.360877756538198E+000 
     27.72000000 -0.864666050124206E+003  0.360877759420058E+000 
     27.74000000 -0.864666050121748E+003  0.360877761878291E+000 
     27.76000000 -0.864666050119749E+003  0.360877763876935E+000 
     27.78000000 -0.864666050118206E+003  0.360877765420049E+000 
     27.80000000 -0.864666050117072E+003  0.360877766553362E+000 
     27.82000000 -0.864666050116269E+003  0.360877767356822E+000 
     27.84000000 -0.864666050115690E+003  0.360877767935900E+000 
     27.86000000 -0.864666050115217E+003  0.360877768408831E+000 
     27.88000000 -0.864666050114732E+003  0.360877768893749E+000 
     27.90000000 -0.864666050114130E+003  0.360877769495643E+000 
     27.92000000 -0.864666050113328E+003  0.360877770297749E+000 
     27.94000000 -0.864666050112273E+003  0.360877771353142E+000 
     27.96000000 -0.864666050110940E+003  0.360877772685797E+000 
     27.98000000 -0.864666050109336E+003  0.360877774289623E+000 
     28.00000000 -0.864666050107490E+003  0.360877776135908E+000 
     28.02000000 -0.864666050105448E+003  0.360877778177378E+000 
     28.04000000 -0.864666050103269E+003  0.360877780357383E+000 
     28.06000000 -0.864666050101012E+003  0.360877782614243E+000 
     28.08000000 -0.864666050098737E+003  0.360877784888699E+000 
     28.10000000 -0.864666050096501E+003  0.360877787125064E+000 
     28.12000000 -0.864666050094350E+003  0.360877789276067E+000 
     28.14000000 -0.864666050092325E+003  0.360877791300812E+000 
     28.16000000 -0.864666050090459E+003  0.360877793166722E+000 
     28.18000000 -0.864666050088777E+003  0.360877794848661E+000 
     28.20000000 -0.864666050087296E+003  0.360877796329904E+000 
     28.22000000 -0.864666050086025E+003  0.360877797600397E+000 
     28.24000000 -0.864666050084967E+003  0.360877798658980E+000 
     28.26000000 -0.864666050084113E+003  0.360877799513097E+000 
     28.28000000 -0.864666050083446E+003  0.360877800179763E+000 
     28.30000000 -0.864666050082939E+003  0.360877800687013E+000 
     28.32000000 -0.864666050082551E+003  0.360877801074677E+000 
     28.34000000 -0.864666050082231E+003  0.360877801395055E+000 
     28.36000000 -0.864666050081914E+003  0.360877801711760E+000 
     28.38000000 -0.864666050081527E+003  0.360877802098457E+000 
     28.40000000 -0.864666050080990E+003  0.360877802635386E+000 
     28.42000000 -0.864666050080222E+003  0.360877803403560E+000 
     28.44000000 -0.864666050079147E+003  0.360877804478577E+000 
     28.46000000 -0.864666050077703E+003  0.360877805923084E+000 
     28.48000000 -0.864666050075847E+003  0.360877807778746E+000 
     28.50000000 -0.864666050073566E+003  0.360877810060259E+000 
     28.52000000 -0.864666050070876E+003  0.360877812750027E+000 
     28.54000000 -0.864666050067831E+003  0.360877815794976E+000 
     28.56000000 -0.864666050064515E+003  0.360877819110613E+000 
     28.58000000 -0.864666050061042E+003  0.360877822583539E+000 
     28.60000000 -0.864666050057543E+003  0.360877826082567E+000 
     28.62000000 -0.864666050054156E+003  0.360877829469647E+000 
     28.64000000 -0.864666050051012E+003  0.360877832614171E+000 
     28.66000000 -0.864666050048219E+003  0.360877835406800E+000 
     28.68000000 -0.864666050045852E+003  0.360877837773966E+000 
     28.70000000 -0.864666050043940E+003  0.360877839685796E+000 
     28.72000000 -0.864666050042460E+003  0.360877841165492E+000 
     28.74000000 -0.864666050041341E+003  0.360877842285173E+000 
     28.76000000 -0.864666050040461E+003  0.360877843164909E+000 
     28.78000000 -0.864666050039667E+003  0.360877843959282E+000 
     28.80000000 -0.864666050038782E+003  0.360877844843754E+000 
     28.82000000 -0.864666050037629E+003  0.360877845996885E+000 
     28.84000000 -0.864666050036046E+003  0.360877847579443E+000 
     28.86000000 -0.864666050033905E+003  0.360877849720777E+000 
     28.88000000 -0.864666050031123E+003  0.360877852502773E+000 
     28.90000000 -0.864666050027674E+003  0.360877855951820E+000 
     28.92000000 -0.864666050023590E+003  0.360877860036114E+000 
     28.94000000 -0.864666050018957E+003  0.360877864669325E+000 
     28.96000000 -0.864666050013910E+003  0.360877869716108E+000 
     28.98000000 -0.864666050008616E+003  0.360877875009990E+000 
     29.00000000 -0.864666050003263E+003  0.360877880362651E+000 
     29.02000000 -0.864666049998042E+003  0.360877885584221E+000 
     29.04000000 -0.864666049993129E+003  0.360877890497304E+000 
     29.06000000 -0.864666049988675E+003  0.360877894951183E+000 
     29.08000000 -0.864666049984792E+003  0.360877898833815E+000 
     29.10000000 -0.864666049981547E+003  0.360877902078590E+000 
     29.12000000 -0.864666049978957E+003  0.360877904669267E+000 
     29.14000000 -0.864666049976984E+003  0.360877906641518E+000 
     29.16000000 -0.864666049975549E+003  0.360877908077324E+000 
     29.18000000 -0.864666049974525E+003  0.360877909100621E+000 
     29.20000000 -0.864666049973761E+003  0.360877909865121E+000 
     29.22000000 -0.864666049973084E+003  0.360877910541358E+000 
     29.24000000 -0.864666049972323E+003  0.360877911303344E+000 
     29.26000000 -0.864666049971315E+003  0.360877912310787E+000 
     29.28000000 -0.864666049969931E+003  0.360877913694389E+000 
     29.30000000 -0.864666049968081E+003  0.360877915544541E+000 
     29.32000000 -0.864666049965726E+003  0.360877917899913E+000 
     29.34000000 -0.864666049962880E+003  0.360877920745616E+000 
     29.36000000 -0.864666049959613E+003  0.360877924013109E+000 
     29.38000000 -0.864666049956036E+003  0.360877927589767E+000 
     29.40000000 -0.864666049952295E+003  0.360877931331061E+000 
     29.42000000 -0.864666049948550E+003  0.360877935076028E+000 
     29.44000000 -0.864666049944957E+003  0.360877938668637E+000 
     29.46000000 -0.864666049941654E+003  0.360877941972190E+000 
     29.48000000 -0.864666049938740E+003  0.360877944885662E+000 
     29.50000000 -0.864666049936273E+003  0.360877947352499E+000 
     29.52000000 -0.864666049934261E+003  0.360877949364581E+000 
     29.54000000 -0.864666049932667E+003  0.360877950958642E+000 
     29.56000000 -0.864666049931417E+003  0.360877952208834E+000 
     29.58000000 -0.864666049930414E+003  0.360877953212216E+000 
     29.60000000 -0.864666049929550E+003  0.360877954075421E+000 
     29.62000000 -0.864666049928727E+003  0.360877954898892E+000 
     29.64000000 -0.864666049927860E+003  0.360877955765867E+000 
     29.66000000 -0.864666049926895E+003  0.360877956731256E+000 
     29.68000000 -0.864666049925806E+003  0.360877957820195E+000 
     29.70000000 -0.864666049924599E+003  0.360877959026690E+000 
     29.72000000 -0.864666049923307E+003  0.360877960318644E+000 
     29.74000000 -0.864666049921981E+003  0.360877961645208E+000 
     29.76000000 -0.864666049920679E+003  0.360877962946831E+000 
     29.78000000 -0.864666049919463E+003  0.360877964162800E+000 
     29.80000000 -0.864666049918385E+003  0.360877965240718E+000 
     29.82000000 -0.864666049917484E+003  0.360877966141625E+000 
     29.84000000 -0.864666049916781E+003  0.360877966844544E+000 
     29.86000000 -0.864666049916279E+003  0.360877967347056E+000 
     29.88000000 -0.864666049915960E+003  0.360877967665985E+000 
     29.90000000 -0.864666049915792E+003  0.360877967833521E+000 
     29.92000000 -0.864666049915730E+003  0.360877967895393E+000 
     29.94000000 -0.864666049915721E+003  0.360877967905060E+000 
     29.96000000 -0.864666049915705E+003  0.360877967920818E+000 
     29.98000000 -0.864666049915624E+003  0.360877968001444E+000 
     30.00000000 -0.864666049915422E+003  0.360877968203590E+000 
