# Real time calculation: 
# Eall: Total energy
# Eall0: Initial total energy
# 1:Time[fs] 2:Eall[eV] 3:Eall-Eall0[eV] 
      0.00000000 -0.233073109496169E+005  0.000000000000000E+000 
      0.02000000 -0.233073109498390E+005 -0.222050720835671E-006 
      0.04000000 -0.233073109498526E+005 -0.235646988746072E-006 
      0.06000000 -0.233073109498613E+005 -0.244432745484534E-006 
      0.08000000 -0.233073109498672E+005 -0.250341476248781E-006 
      0.10000000 -0.233073109498719E+005 -0.254991121452269E-006 
      0.12000000 -0.233073109498766E+005 -0.259671702418922E-006 
      0.14000000 -0.233073109498814E+005 -0.264494587896127E-006 
      0.16000000 -0.233073109498844E+005 -0.267520105533526E-006 
      0.18000000 -0.233073109498801E+005 -0.263151975774827E-006 
      0.20000000 -0.233073109498574E+005 -0.240506997139073E-006 
      0.22000000 -0.233073109497986E+005 -0.181735234280870E-006 
      0.24000000 -0.233073109496770E+005 -0.601112814031865E-007 
      0.26000000 -0.233073109494552E+005  0.161661017564012E-006 
      0.28000000 -0.233073109490836E+005  0.533332556940422E-006 
      0.30000000 -0.233073109484981E+005  0.111883518487994E-005 
      0.32000000 -0.233073109476193E+005  0.199765215767878E-005 
      0.34000000 -0.233073109463505E+005  0.326637730223898E-005 
      0.36000000 -0.233073109445771E+005  0.503984107784749E-005 
      0.38000000 -0.233073109421649E+005  0.745197987112110E-005 
      0.40000000 -0.233073109389605E+005  0.106563804654381E-004 
      0.42000000 -0.233073109347901E+005  0.148267997617596E-004 
      0.44000000 -0.233073109294597E+005  0.201571895272396E-004 
      0.46000000 -0.233073109227553E+005  0.268616345236992E-004 
      0.48000000 -0.233073109144431E+005  0.351738142253473E-004 
      0.50000000 -0.233073109042703E+005  0.453466006538594E-004 
      0.52000000 -0.233073108919658E+005  0.576511395862119E-004 
      0.54000000 -0.233073108772410E+005  0.723759193882106E-004 
      0.56000000 -0.233073108597912E+005  0.898257377600010E-004 
      0.58000000 -0.233073108392964E+005  0.110320513802763E-003 
      0.60000000 -0.233073108154230E+005  0.134193886628641E-003 
      0.62000000 -0.233073107878252E+005  0.161791714976225E-003 
      0.64000000 -0.233073107561463E+005  0.193470617042539E-003 
      0.66000000 -0.233073107200206E+005  0.229596262828904E-003 
      0.68000000 -0.233073106790752E+005  0.270541691235428E-003 
      0.70000000 -0.233073106329311E+005  0.316685769460000E-003 
      0.72000000 -0.233073105812054E+005  0.368411488437738E-003 
      0.74000000 -0.233073105235125E+005  0.426104366555611E-003 
      0.76000000 -0.233073104594657E+005  0.490151246251249E-003 
      0.78000000 -0.233073103886781E+005  0.560938852406385E-003 
      0.80000000 -0.233073103107641E+005  0.638852771466667E-003 
      0.82000000 -0.233073102253402E+005  0.724276712076917E-003 
      0.84000000 -0.233073101320256E+005  0.817591289305642E-003 
      0.86000000 -0.233073100304433E+005  0.919173641041571E-003 
      0.88000000 -0.233073099202202E+005  0.102939666078672E-002 
      0.90000000 -0.233073098009881E+005  0.114862884916475E-002 
      0.92000000 -0.233073096723830E+005  0.127723393341106E-002 
      0.94000000 -0.233073095340460E+005  0.141557086118562E-002 
      0.96000000 -0.233073093856229E+005  0.156399400474906E-002 
      0.98000000 -0.233073092267635E+005  0.172285345485236E-002 
      1.00000000 -0.233073090571214E+005  0.189249547239905E-002 
      1.02000000 -0.233073088763536E+005  0.207326331443003E-002 
      1.04000000 -0.233073086841190E+005  0.226549792708471E-002 
      1.06000000 -0.233073084800779E+005  0.246953896338758E-002 
      1.08000000 -0.233073082638912E+005  0.268572575463122E-002 
      1.10000000 -0.233073080352184E+005  0.291439848593525E-002 
      1.12000000 -0.233073077937177E+005  0.315589925115588E-002 
      1.14000000 -0.233073075390437E+005  0.341057317585413E-002 
      1.16000000 -0.233073072708474E+005  0.367876953098326E-002 
      1.18000000 -0.233073069887741E+005  0.396084284657628E-002 
      1.20000000 -0.233073066924630E+005  0.425715389550321E-002 
      1.22000000 -0.233073063815460E+005  0.456807086284290E-002 
      1.24000000 -0.233073060556466E+005  0.489397030489175E-002 
      1.26000000 -0.233073057143787E+005  0.523523816695024E-002 
      1.28000000 -0.233073053573463E+005  0.559227059384001E-002 
      1.30000000 -0.233073049841422E+005  0.596547467545566E-002 
      1.32000000 -0.233073045943479E+005  0.635526905929295E-002 
      1.34000000 -0.233073041875322E+005  0.676208472074922E-002 
      1.36000000 -0.233073037632520E+005  0.718636494765558E-002 
      1.38000000 -0.233073033210505E+005  0.762856636115706E-002 
      1.40000000 -0.233073028604586E+005  0.808915832793310E-002 
      1.42000000 -0.233073023809932E+005  0.856862367790728E-002 
      1.44000000 -0.233073018821586E+005  0.906745826805303E-002 
      1.46000000 -0.233073013634459E+005  0.958617102879733E-002 
      1.48000000 -0.233073008243333E+005  0.101252836144465E-001 
      1.50000000 -0.233073002642871E+005  0.106853298030325E-001 
      1.52000000 -0.233072996827618E+005  0.112668551343644E-001 
      1.54000000 -0.233072990792009E+005  0.118704160128913E-001 
      1.56000000 -0.233072984530380E+005  0.124965789281211E-001 
      1.58000000 -0.233072978036972E+005  0.131459197585658E-001 
      1.60000000 -0.233072971305941E+005  0.138190228220137E-001 
      1.62000000 -0.233072964331369E+005  0.145164799660177E-001 
      1.64000000 -0.233072957107273E+005  0.152388896243547E-001 
      1.66000000 -0.233072949627615E+005  0.159868554589456E-001 
      1.68000000 -0.233072941886314E+005  0.167609855153091E-001 
      1.70000000 -0.233072933877260E+005  0.175618908892299E-001 
      1.72000000 -0.233072925594323E+005  0.183901846161652E-001 
      1.74000000 -0.233072917031363E+005  0.192464805606506E-001 
      1.76000000 -0.233072908182249E+005  0.201313919839742E-001 
      1.78000000 -0.233072899040867E+005  0.210455301891906E-001 
      1.80000000 -0.233072889601133E+005  0.219895035930475E-001 
      1.82000000 -0.233072879857008E+005  0.229639161297004E-001 
      1.84000000 -0.233072869802507E+005  0.239693662453006E-001 
      1.86000000 -0.233072859431711E+005  0.250064457812140E-001 
      1.88000000 -0.233072848738780E+005  0.260757388943627E-001 
      1.90000000 -0.233072837717956E+005  0.271778212931122E-001 
      1.92000000 -0.233072826363576E+005  0.283132592813557E-001 
      1.94000000 -0.233072814670079E+005  0.294826090222433E-001 
      1.96000000 -0.233072802632012E+005  0.306864157462265E-001 
      1.98000000 -0.233072790244038E+005  0.319252131447172E-001 
      2.00000000 -0.233072777500940E+005  0.331995229184253E-001 
      2.02000000 -0.233072764397626E+005  0.345098543318840E-001 
      2.04000000 -0.233072750929130E+005  0.358567039412150E-001 
      2.06000000 -0.233072737090614E+005  0.372405554951340E-001 
      2.08000000 -0.233072722877371E+005  0.386618797617106E-001 
      2.10000000 -0.233072708284819E+005  0.401211349862174E-001 
      2.12000000 -0.233072693308503E+005  0.416187666405503E-001 
      2.14000000 -0.233072677944089E+005  0.431552080419439E-001 
      2.16000000 -0.233072662187363E+005  0.447308806035513E-001 
      2.18000000 -0.233072646034225E+005  0.463461944160360E-001 
      2.20000000 -0.233072629480680E+005  0.480015488941299E-001 
      2.22000000 -0.233072612522835E+005  0.496973333829739E-001 
      2.24000000 -0.233072595156892E+005  0.514339277056808E-001 
      2.26000000 -0.233072577379138E+005  0.532117031037830E-001 
      2.28000000 -0.233072559185942E+005  0.550310226981749E-001 
      2.30000000 -0.233072540573744E+005  0.568922425563970E-001 
      2.32000000 -0.233072521539049E+005  0.587957119958061E-001 
      2.34000000 -0.233072502078421E+005  0.607417747869769E-001 
      2.36000000 -0.233072482188474E+005  0.627307695311179E-001 
      2.38000000 -0.233072461865862E+005  0.647630306840453E-001 
      2.40000000 -0.233072441107279E+005  0.668388889707225E-001 
      2.42000000 -0.233072419909446E+005  0.689586723133325E-001 
      2.44000000 -0.233072398269107E+005  0.711227062520047E-001 
      2.46000000 -0.233072376183024E+005  0.733313144954713E-001 
      2.48000000 -0.233072353647975E+005  0.755848194531624E-001 
      2.50000000 -0.233072330660744E+005  0.778835424857856E-001 
      2.52000000 -0.233072307218129E+005  0.802278040136017E-001 
      2.54000000 -0.233072283316931E+005  0.826179237762842E-001 
      2.56000000 -0.233072258953963E+005  0.850542206287443E-001 
      2.58000000 -0.233072234126046E+005  0.875370123369538E-001 
      2.60000000 -0.233072208830016E+005  0.900666152933370E-001 
      2.62000000 -0.233072183062727E+005  0.926433441888510E-001 
      2.64000000 -0.233072156821056E+005  0.952675113200252E-001 
      2.66000000 -0.233072130101910E+005  0.979394259393094E-001 
      2.68000000 -0.233072102902232E+005  0.100659393667295E+000 
      2.70000000 -0.233072075219013E+005  0.103427715645075E+000 
      2.72000000 -0.233072047049292E+005  0.106244687668043E+000 
      2.74000000 -0.233072018390176E+005  0.109110599332064E+000 
      2.76000000 -0.233071989238837E+005  0.112025733253897E+000 
      2.78000000 -0.233071959592532E+005  0.114990363672895E+000 
      2.80000000 -0.233071929448613E+005  0.118004755600273E+000 
      2.82000000 -0.233071898804532E+005  0.121069163680672E+000 
      2.84000000 -0.233071867657861E+005  0.124183830815517E+000 
      2.86000000 -0.233071836006295E+005  0.127348987457682E+000 
      2.88000000 -0.233071803847668E+005  0.130564850151322E+000 
      2.90000000 -0.233071771179961E+005  0.133831620823445E+000 
      2.92000000 -0.233071738001314E+005  0.137149485481513E+000 
      2.94000000 -0.233071704310035E+005  0.140518613378180E+000 
      2.96000000 -0.233071670104609E+005  0.143939155984224E+000 
      2.98000000 -0.233071635383709E+005  0.147411245995506E+000 
      3.00000000 -0.233071600146202E+005  0.150934996754476E+000 
      3.02000000 -0.233071564391157E+005  0.154510501195261E+000 
      3.04000000 -0.233071528117852E+005  0.158137831685890E+000 
      3.06000000 -0.233071491325780E+005  0.161817038899144E+000 
      3.08000000 -0.233071454014650E+005  0.165548151927015E+000 
      3.10000000 -0.233071416184391E+005  0.169331177767171E+000 
      3.12000000 -0.233071377835158E+005  0.173166101072382E+000 
      3.14000000 -0.233071338967323E+005  0.177052884580521E+000 
      3.16000000 -0.233071299581481E+005  0.180991468823769E+000 
      3.18000000 -0.233071259678443E+005  0.184981772608123E+000 
      3.20000000 -0.233071219259239E+005  0.189023693038141E+000 
      3.22000000 -0.233071178325107E+005  0.193117106182062E+000 
      3.24000000 -0.233071136877495E+005  0.197261867362603E+000 
      3.26000000 -0.233071094918053E+005  0.201457811651929E+000 
      3.28000000 -0.233071052448620E+005  0.205704754926565E+000 
      3.30000000 -0.233071009471223E+005  0.210002494588199E+000 
      3.32000000 -0.233070965988065E+005  0.214350810386570E+000 
      3.34000000 -0.233070922001514E+005  0.218749465514599E+000 
      3.36000000 -0.233070877514095E+005  0.223198207428184E+000 
      3.38000000 -0.233070832528476E+005  0.227696769337303E+000 
      3.40000000 -0.233070787047457E+005  0.232244871254738E+000 
      3.42000000 -0.233070741073962E+005  0.236842220704502E+000 
      3.44000000 -0.233070694611017E+005  0.241488515159582E+000 
      3.46000000 -0.233070647661750E+005  0.246183441908908E+000 
      3.48000000 -0.233070600229367E+005  0.250926680185740E+000 
      3.50000000 -0.233070552317150E+005  0.255717901900841E+000 
      3.52000000 -0.233070503928443E+005  0.260556772647892E+000 
      3.54000000 -0.233070455066639E+005  0.265442953012074E+000 
      3.56000000 -0.233070405735173E+005  0.270376099600230E+000 
      3.58000000 -0.233070355937512E+005  0.275355865678137E+000 
      3.60000000 -0.233070305677139E+005  0.280381903017378E+000 
      3.62000000 -0.233070254957553E+005  0.285453861650946E+000 
      3.64000000 -0.233070203782259E+005  0.290571391042614E+000 
      3.66000000 -0.233070152154760E+005  0.295734140950045E+000 
      3.68000000 -0.233070100078552E+005  0.300941761715591E+000 
      3.70000000 -0.233070047557123E+005  0.306193904603485E+000 
      3.72000000 -0.233069994593951E+005  0.311490221793663E+000 
      3.74000000 -0.233069941192499E+005  0.316830366963348E+000 
      3.76000000 -0.233069887356225E+005  0.322213994448698E+000 
      3.78000000 -0.233069833088575E+005  0.327640759427323E+000 
      3.80000000 -0.233069778392996E+005  0.333110317281007E+000 
      3.82000000 -0.233069723272935E+005  0.338622323369881E+000 
      3.84000000 -0.233069667731849E+005  0.344176432017728E+000 
      3.86000000 -0.233069611773204E+005  0.349772296490327E+000 
      3.88000000 -0.233069555400491E+005  0.355409567819896E+000 
      3.90000000 -0.233069498617229E+005  0.361087893969822E+000 
      3.92000000 -0.233069441426973E+005  0.366806919642868E+000 
      3.94000000 -0.233069383833327E+005  0.372566284158969E+000 
      3.96000000 -0.233069325839951E+005  0.378365621835751E+000 
      3.98000000 -0.233069267450570E+005  0.384204559909641E+000 
      4.00000000 -0.233069208668989E+005  0.390082718037807E+000 
      4.02000000 -0.233069149499104E+005  0.395999706510064E+000 
      4.04000000 -0.233069089944909E+005  0.401955125967365E+000 
      4.06000000 -0.233069030010514E+005  0.407948565496156E+000 
      4.08000000 -0.233068969700150E+005  0.413979601901384E+000 
      4.10000000 -0.233068909018183E+005  0.420047798623745E+000 
      4.12000000 -0.233068847969119E+005  0.426152704987949E+000 
      4.14000000 -0.233068786557618E+005  0.432293855101403E+000 
      4.16000000 -0.233068724788491E+005  0.438470767798527E+000 
      4.18000000 -0.233068662666716E+005  0.444682945341452E+000 
      4.20000000 -0.233068600197431E+005  0.450929873791253E+000 
      4.22000000 -0.233068537385951E+005  0.457211021826196E+000 
      4.24000000 -0.233068474237755E+005  0.463525841431612E+000 
      4.26000000 -0.233068410758491E+005  0.469873767773055E+000 
      4.28000000 -0.233068346953983E+005  0.476254218589967E+000 
      4.30000000 -0.233068282830223E+005  0.482666594631866E+000 
      4.32000000 -0.233068218393368E+005  0.489110280113105E+000 
      4.34000000 -0.233068153649743E+005  0.495584642657188E+000 
      4.36000000 -0.233068088605827E+005  0.502089034197000E+000 
      4.38000000 -0.233068023268261E+005  0.508622790838689E+000 
      4.40000000 -0.233067957643831E+005  0.515185233854705E+000 
      4.42000000 -0.233067891739464E+005  0.521775670506690E+000 
      4.44000000 -0.233067825562232E+005  0.528393393748497E+000 
      4.46000000 -0.233067759119331E+005  0.535037683856501E+000 
      4.48000000 -0.233067692418082E+005  0.541707808667810E+000 
      4.50000000 -0.233067625465921E+005  0.548403024799128E+000 
      4.52000000 -0.233067558270387E+005  0.555122578212882E+000 
      4.54000000 -0.233067490839120E+005  0.561865704860688E+000 
      4.56000000 -0.233067423179849E+005  0.568631631982649E+000 
      4.58000000 -0.233067355300387E+005  0.575419578203261E+000 
      4.60000000 -0.233067287208624E+005  0.582228754474946E+000 
      4.62000000 -0.233067218912513E+005  0.589058365593914E+000 
      4.64000000 -0.233067150420063E+005  0.595907610617789E+000 
      4.66000000 -0.233067081739324E+005  0.602775684517579E+000 
      4.68000000 -0.233067012878384E+005  0.609661778502505E+000 
      4.70000000 -0.233066943845346E+005  0.616565082293778E+000 
      4.72000000 -0.233066874648319E+005  0.623484784959864E+000 
      4.74000000 -0.233066805295401E+005  0.630420076834502E+000 
      4.76000000 -0.233066735794661E+005  0.637370150825284E+000 
      4.78000000 -0.233066666154136E+005  0.644334203320080E+000 
      4.80000000 -0.233066596381806E+005  0.651311436343252E+000 
      4.82000000 -0.233066526485584E+005  0.658301058514669E+000 
      4.84000000 -0.233066456473306E+005  0.665302286345911E+000 
      4.86000000 -0.233066386352725E+005  0.672314344456825E+000 
      4.88000000 -0.233066316131497E+005  0.679336467224394E+000 
      4.90000000 -0.233066245817182E+005  0.686367898739433E+000 
      4.92000000 -0.233066175417239E+005  0.693407893007668E+000 
      4.94000000 -0.233066104939025E+005  0.700455714364277E+000 
      4.96000000 -0.233066034389807E+005  0.707510636186961E+000 
      4.98000000 -0.233065963776752E+005  0.714571941728116E+000 
      5.00000000 -0.233065893106954E+005  0.721638921491483E+000 
      5.02000000 -0.233065822387430E+005  0.728710873918919E+000 
      5.04000000 -0.233065751625150E+005  0.735787101860625E+000 
      5.06000000 -0.233065680827038E+005  0.742866913159837E+000 
      5.08000000 -0.233065609999998E+005  0.749949617092116E+000 
      5.10000000 -0.233065539150925E+005  0.757034524448875E+000 
      5.12000000 -0.233065468286722E+005  0.764120944669635E+000 
      5.14000000 -0.233065397414319E+005  0.771208185003662E+000 
      5.16000000 -0.233065326540681E+005  0.778295548830163E+000 
      5.18000000 -0.233065255672831E+005  0.785382333761915E+000 
      5.20000000 -0.233065184817853E+005  0.792467831605053E+000 
      5.22000000 -0.233065113982909E+005  0.799551326041982E+000 
      5.24000000 -0.233065043175236E+005  0.806632093268650E+000 
      5.26000000 -0.233064972402169E+005  0.813709400011570E+000 
      5.28000000 -0.233064901671127E+005  0.820782504158907E+000 
      5.30000000 -0.233064830989632E+005  0.827850653705567E+000 
      5.32000000 -0.233064760365297E+005  0.834913087235800E+000 
      5.34000000 -0.233064689805833E+005  0.841969033592182E+000 
      5.36000000 -0.233064619319041E+005  0.849017712859375E+000 
      5.38000000 -0.233064548912811E+005  0.856058335828938E+000 
      5.40000000 -0.233064478595123E+005  0.863090104648977E+000 
      5.42000000 -0.233064408374037E+005  0.870112213238685E+000 
      5.44000000 -0.233064338257695E+005  0.877123847399713E+000 
      5.46000000 -0.233064268254312E+005  0.884124185676180E+000 
      5.48000000 -0.233064198372175E+005  0.891112399450575E+000 
      5.50000000 -0.233064128619641E+005  0.898087652807642E+000 
      5.52000000 -0.233064059005137E+005  0.905049103171655E+000 
      5.54000000 -0.233063989537152E+005  0.911995901662179E+000 
      5.56000000 -0.233063920224243E+005  0.918927192608379E+000 
      5.58000000 -0.233063851075021E+005  0.925842114820481E+000 
      5.60000000 -0.233063782098166E+005  0.932739800274998E+000 
      5.62000000 -0.233063713302408E+005  0.939619376116281E+000 
      5.64000000 -0.233063644696534E+005  0.946479963487140E+000 
      5.66000000 -0.233063576289385E+005  0.953320678367206E+000 
      5.68000000 -0.233063508089853E+005  0.960140631606962E+000 
      5.70000000 -0.233063440106880E+005  0.966938928952489E+000 
      5.72000000 -0.233063372349445E+005  0.973714672369519E+000 
      5.74000000 -0.233063304826565E+005  0.980466960405380E+000 
      5.76000000 -0.233063237547294E+005  0.987194887505320E+000 
      5.78000000 -0.233063170520705E+005  0.993897546375997E+000 
      5.80000000 -0.233063103755894E+005  0.100057402748741E+001 
      5.82000000 -0.233063037261958E+005  0.100722342108064E+001 
      5.84000000 -0.233062971047996E+005  0.101384481732870E+001 
      5.86000000 -0.233062905123090E+005  0.102043730791428E+001 
      5.88000000 -0.233062839496292E+005  0.102699998770334E+001 
      5.90000000 -0.233062774176614E+005  0.103353195549381E+001 
      5.92000000 -0.233062709173003E+005  0.104003231660484E+001 
      5.94000000 -0.233062644494336E+005  0.104650018326665E+001 
      5.96000000 -0.233062580149399E+005  0.105293467696236E+001 
      5.98000000 -0.233062516146874E+005  0.105933492955400E+001 
      6.00000000 -0.233062452495320E+005  0.106570008489434E+001 
      6.02000000 -0.233062389203171E+005  0.107202929979202E+001 
      6.04000000 -0.233062326278716E+005  0.107832174527688E+001 
      6.06000000 -0.233062263730098E+005  0.108457660715055E+001 
      6.08000000 -0.233062201565297E+005  0.109079308718992E+001 
      6.10000000 -0.233062139792139E+005  0.109697040298622E+001 
      6.12000000 -0.233062078418287E+005  0.110310778819255E+001 
      6.14000000 -0.233062017451243E+005  0.110920449265996E+001 
      6.16000000 -0.233061956898351E+005  0.111525978178781E+001 
      6.18000000 -0.233061896766818E+005  0.112127293508217E+001 
      6.20000000 -0.233061837063705E+005  0.112724324640334E+001 
      6.22000000 -0.233061777795956E+005  0.113317002133621E+001 
      6.24000000 -0.233061718970407E+005  0.113905257618187E+001 
      6.26000000 -0.233061660593800E+005  0.114489023689335E+001 
      6.28000000 -0.233061602672805E+005  0.115068233643373E+001 
      6.30000000 -0.233061545214035E+005  0.115642821339019E+001 
      6.32000000 -0.233061488224068E+005  0.116212721006532E+001 
      6.34000000 -0.233061431709465E+005  0.116777867041368E+001 
      6.36000000 -0.233061375676781E+005  0.117338193883219E+001 
      6.38000000 -0.233061320132588E+005  0.117893635805963E+001 
      6.40000000 -0.233061265083489E+005  0.118444126796085E+001 
      6.42000000 -0.233061210536128E+005  0.118989600411298E+001 
      6.44000000 -0.233061156497197E+005  0.119529989718059E+001 
      6.46000000 -0.233061102973444E+005  0.120065227250107E+001 
      6.48000000 -0.233061049971674E+005  0.120595244948455E+001 
      6.50000000 -0.233060997498756E+005  0.121119974133851E+001 
      6.52000000 -0.233060945561607E+005  0.121639345624959E+001 
      6.54000000 -0.233060894167196E+005  0.122153289735878E+001 
      6.56000000 -0.233060843322521E+005  0.122661736481250E+001 
      6.58000000 -0.233060793034605E+005  0.123164615639676E+001 
      6.60000000 -0.233060743310470E+005  0.123661856995328E+001 
      6.62000000 -0.233060694157116E+005  0.124153390531910E+001 
      6.64000000 -0.233060645581505E+005  0.124639146635913E+001 
      6.66000000 -0.233060597590526E+005  0.125119056427004E+001 
      6.68000000 -0.233060550190980E+005  0.125593051895381E+001 
      6.70000000 -0.233060503389537E+005  0.126061066324361E+001 
      6.72000000 -0.233060457192720E+005  0.126523034488360E+001 
      6.74000000 -0.233060411606881E+005  0.126978892882445E+001 
      6.76000000 -0.233060366638161E+005  0.127428580084275E+001 
      6.78000000 -0.233060322292473E+005  0.127872036965709E+001 
      6.80000000 -0.233060278575479E+005  0.128309206900998E+001 
      6.82000000 -0.233060235492569E+005  0.128740035998494E+001 
      6.84000000 -0.233060193048840E+005  0.129164473288745E+001 
      6.86000000 -0.233060151249074E+005  0.129582470946298E+001 
      6.88000000 -0.233060110097734E+005  0.129993984351882E+001 
      6.90000000 -0.233060069598944E+005  0.130398972248946E+001 
      6.92000000 -0.233060029756496E+005  0.130797396734682E+001 
      6.94000000 -0.233059990573822E+005  0.131189223472870E+001 
      6.96000000 -0.233059952054014E+005  0.131574421554040E+001 
      6.98000000 -0.233059914199812E+005  0.131952963573747E+001 
      7.00000000 -0.233059877013619E+005  0.132324825497688E+001 
      7.02000000 -0.233059840497504E+005  0.132689986652420E+001 
      7.04000000 -0.233059804653210E+005  0.133048429592337E+001 
      7.06000000 -0.233059769482181E+005  0.133400139884361E+001 
      7.08000000 -0.233059734985565E+005  0.133745106045753E+001 
      7.10000000 -0.233059701164245E+005  0.134083319239095E+001 
      7.12000000 -0.233059668018853E+005  0.134414773159988E+001 
      7.14000000 -0.233059635549797E+005  0.134739463721816E+001 
      7.16000000 -0.233059603757286E+005  0.135057388830849E+001 
      7.18000000 -0.233059572641355E+005  0.135368548140605E+001 
      7.20000000 -0.233059542201896E+005  0.135672942733216E+001 
      7.22000000 -0.233059512438682E+005  0.135970574867923E+001 
      7.24000000 -0.233059483351401E+005  0.136261447682539E+001 
      7.26000000 -0.233059454939679E+005  0.136545564903587E+001 
      7.28000000 -0.233059427203112E+005  0.136822930569421E+001 
      7.30000000 -0.233059400141293E+005  0.137093548764180E+001 
      7.32000000 -0.233059373753839E+005  0.137357423302862E+001 
      7.34000000 -0.233059348040413E+005  0.137614557558086E+001 
      7.36000000 -0.233059323000745E+005  0.137864954235801E+001 
      7.38000000 -0.233059298634653E+005  0.138108615159981E+001 
      7.40000000 -0.233059274942058E+005  0.138345541108350E+001 
      7.42000000 -0.233059251922992E+005  0.138575731767529E+001 
      7.44000000 -0.233059229577609E+005  0.138799185596918E+001 
      7.46000000 -0.233059207906184E+005  0.139015899850348E+001 
      7.48000000 -0.233059186909112E+005  0.139225870570826E+001 
      7.50000000 -0.233059166586897E+005  0.139429092723248E+001 
      7.52000000 -0.233059146940137E+005  0.139625560316283E+001 
      7.54000000 -0.233059127969511E+005  0.139815266584591E+001 
      7.56000000 -0.233059109675748E+005  0.139998204207222E+001 
      7.58000000 -0.233059092059601E+005  0.140174365684419E+001 
      7.60000000 -0.233059075121810E+005  0.140343743586032E+001 
      7.62000000 -0.233059058863072E+005  0.140506330970074E+001 
      7.64000000 -0.233059043283991E+005  0.140662121778705E+001 
      7.66000000 -0.233059028385038E+005  0.140811111310926E+001 
      7.68000000 -0.233059014166508E+005  0.140953296612990E+001 
      7.70000000 -0.233059000628464E+005  0.141088677050095E+001 
      7.72000000 -0.233058987770711E+005  0.141217254584807E+001 
      7.74000000 -0.233058975592727E+005  0.141339034419902E+001 
      7.76000000 -0.233058964093642E+005  0.141454025274933E+001 
      7.78000000 -0.233058953272181E+005  0.141562239877494E+001 
      7.80000000 -0.233058943126645E+005  0.141663695244109E+001 
      7.82000000 -0.233058933654867E+005  0.141758413024554E+001 
      7.84000000 -0.233058924854195E+005  0.141846419744699E+001 
      7.86000000 -0.233058916721471E+005  0.141927746980987E+001 
      7.88000000 -0.233058909253023E+005  0.142002431458809E+001 
      7.90000000 -0.233058902444656E+005  0.142070515127679E+001 
      7.92000000 -0.233058896291655E+005  0.142132045137102E+001 
      7.94000000 -0.233058890788802E+005  0.142187073670451E+001 
      7.96000000 -0.233058885930386E+005  0.142235657831744E+001 
      7.98000000 -0.233058881710228E+005  0.142277859407433E+001 
      8.00000000 -0.233058878121719E+005  0.142313744500437E+001 
      8.02000000 -0.233058875157846E+005  0.142343383229758E+001 
      8.04000000 -0.233058872811236E+005  0.142366849332643E+001 
      8.06000000 -0.233058871074201E+005  0.142384219685082E+001 
      8.08000000 -0.233058869938776E+005  0.142395573931817E+001 
      8.10000000 -0.233058869396778E+005  0.142400993909078E+001 
      8.12000000 -0.233058869439845E+005  0.142400563240563E+001 
      8.14000000 -0.233058870059490E+005  0.142394366786784E+001 
      8.16000000 -0.233058871247138E+005  0.142382490313431E+001 
      8.18000000 -0.233058872994175E+005  0.142365019937626E+001 
      8.20000000 -0.233058875291981E+005  0.142342041879816E+001 
      8.22000000 -0.233058878131977E+005  0.142313641925180E+001 
      8.24000000 -0.233058881505638E+005  0.142279905310719E+001 
      8.26000000 -0.233058885404530E+005  0.142240916393927E+001 
      8.28000000 -0.233058889820322E+005  0.142196758471821E+001 
      8.30000000 -0.233058894744801E+005  0.142147513684112E+001 
      8.32000000 -0.233058900169870E+005  0.142093262987526E+001 
      8.34000000 -0.233058906087559E+005  0.142034086096100E+001 
      8.36000000 -0.233058912490011E+005  0.141970061578630E+001 
      8.38000000 -0.233058919369472E+005  0.141901266974988E+001 
      8.40000000 -0.233058926718278E+005  0.141827778909345E+001 
      8.42000000 -0.233058934528835E+005  0.141749673338283E+001 
      8.44000000 -0.233058942793588E+005  0.141667025811883E+001 
      8.46000000 -0.233058951505005E+005  0.141579911638621E+001 
      8.48000000 -0.233058960655542E+005  0.141488406267420E+001 
      8.50000000 -0.233058970237617E+005  0.141392585516578E+001 
      8.52000000 -0.233058980243576E+005  0.141292525933545E+001 
      8.54000000 -0.233058990665667E+005  0.141188305019525E+001 
      8.56000000 -0.233059001496013E+005  0.141080001560172E+001 
      8.58000000 -0.233059012726588E+005  0.140967695808733E+001 
      8.60000000 -0.233059024349184E+005  0.140851469847688E+001 
      8.62000000 -0.233059036355400E+005  0.140731407686195E+001 
      8.64000000 -0.233059048736620E+005  0.140607595495513E+001 
      8.66000000 -0.233059061484001E+005  0.140480121681700E+001 
      8.68000000 -0.233059074588464E+005  0.140349077053906E+001 
      8.70000000 -0.233059088040680E+005  0.140214554889951E+001 
      8.72000000 -0.233059101831076E+005  0.140076650932312E+001 
      8.74000000 -0.233059115949827E+005  0.139935463423691E+001 
      8.76000000 -0.233059130386872E+005  0.139791092975543E+001 
      8.78000000 -0.233059145131910E+005  0.139643642594369E+001 
      8.80000000 -0.233059160174421E+005  0.139493217480015E+001 
      8.82000000 -0.233059175503675E+005  0.139339924944623E+001 
      8.84000000 -0.233059191108750E+005  0.139183874193911E+001 
      8.86000000 -0.233059206978554E+005  0.139025176149915E+001 
      8.88000000 -0.233059223101847E+005  0.138863943216801E+001 
      8.90000000 -0.233059239467264E+005  0.138700289052873E+001 
      8.92000000 -0.233059256063339E+005  0.138534328298645E+001 
      8.94000000 -0.233059272878531E+005  0.138366176378542E+001 
      8.96000000 -0.233059289901253E+005  0.138195949156279E+001 
      8.98000000 -0.233059307119894E+005  0.138023762750480E+001 
      9.00000000 -0.233059324522843E+005  0.137849733262754E+001 
      9.02000000 -0.233059342098515E+005  0.137673976538254E+001 
      9.04000000 -0.233059359835374E+005  0.137496607947268E+001 
      9.06000000 -0.233059377721948E+005  0.137317742210434E+001 
      9.08000000 -0.233059395746848E+005  0.137137493208174E+001 
      9.10000000 -0.233059413898788E+005  0.136955973809929E+001 
      9.12000000 -0.233059432166588E+005  0.136773295808884E+001 
      9.14000000 -0.233059450539186E+005  0.136589569833804E+001 
      9.16000000 -0.233059469005642E+005  0.136404905274785E+001 
      9.18000000 -0.233059487555133E+005  0.136219410358120E+001 
      9.20000000 -0.233059506176958E+005  0.136033192113815E+001 
      9.22000000 -0.233059524860522E+005  0.135846356474275E+001 
      9.24000000 -0.233059543595328E+005  0.135659008411351E+001 
      9.26000000 -0.233059562370967E+005  0.135471252018627E+001 
      9.28000000 -0.233059581177095E+005  0.135283190743749E+001 
      9.30000000 -0.233059600003411E+005  0.135094927580224E+001 
      9.32000000 -0.233059618839645E+005  0.134906565241592E+001 
      9.34000000 -0.233059637675521E+005  0.134718206480681E+001 
      9.36000000 -0.233059656500746E+005  0.134529954234696E+001 
      9.38000000 -0.233059675304974E+005  0.134341911950045E+001 
      9.40000000 -0.233059694077789E+005  0.134154183800745E+001 
      9.42000000 -0.233059712808679E+005  0.133966874902807E+001 
      9.44000000 -0.233059731487014E+005  0.133780091554607E+001 
      9.46000000 -0.233059750102028E+005  0.133593941411981E+001 
      9.48000000 -0.233059768642801E+005  0.133408533680339E+001 
      9.50000000 -0.233059787098252E+005  0.133223979175298E+001 
      9.52000000 -0.233059805457119E+005  0.133040390499322E+001 
      9.54000000 -0.233059823707965E+005  0.132857882044203E+001 
      9.56000000 -0.233059841839170E+005  0.132676569986104E+001 
      9.58000000 -0.233059859838941E+005  0.132496572284019E+001 
      9.60000000 -0.233059877695314E+005  0.132318008555717E+001 
      9.62000000 -0.233059895396172E+005  0.132140999966063E+001 
      9.64000000 -0.233059912929264E+005  0.131965669052544E+001 
      9.66000000 -0.233059930282218E+005  0.131792139514594E+001 
      9.68000000 -0.233059947442575E+005  0.131620535943213E+001 
      9.70000000 -0.233059964397810E+005  0.131450983590191E+001 
      9.72000000 -0.233059981135368E+005  0.131283608014202E+001 
      9.74000000 -0.233059997642688E+005  0.131118534809185E+001 
      9.76000000 -0.233060013907244E+005  0.130955889252296E+001 
      9.78000000 -0.233060029916573E+005  0.130795795958049E+001 
      9.80000000 -0.233060045658311E+005  0.130638378578236E+001 
      9.82000000 -0.233060061120226E+005  0.130483759427297E+001 
      9.84000000 -0.233060076290249E+005  0.130332059200182E+001 
      9.86000000 -0.233060091156504E+005  0.130183396652481E+001 
      9.88000000 -0.233060105707334E+005  0.130037888352316E+001 
      9.90000000 -0.233060119931326E+005  0.129895648428212E+001 
      9.92000000 -0.233060133817333E+005  0.129756788357193E+001 
      9.94000000 -0.233060147354488E+005  0.129621416812882E+001 
      9.96000000 -0.233060160532218E+005  0.129489639514537E+001 
      9.98000000 -0.233060173340252E+005  0.129361559170440E+001 
     10.00000000 -0.233060185768628E+005  0.129237275410761E+001 
     10.02000000 -0.233060197807689E+005  0.129116884804271E+001 
     10.04000000 -0.233060209448079E+005  0.129000480904119E+001 
     10.06000000 -0.233060220680738E+005  0.128888154315897E+001 
     10.08000000 -0.233060231496885E+005  0.128779992838704E+001 
     10.10000000 -0.233060241888009E+005  0.128676081598788E+001 
     10.12000000 -0.233060251845843E+005  0.128576503262387E+001 
     10.14000000 -0.233060261362348E+005  0.128481338213297E+001 
     10.16000000 -0.233060270429686E+005  0.128390664826345E+001 
     10.18000000 -0.233060279040202E+005  0.128304559674662E+001 
     10.20000000 -0.233060287186388E+005  0.128223097813976E+001 
     10.22000000 -0.233060294860866E+005  0.128146353026702E+001 
     10.24000000 -0.233060302056361E+005  0.128074398084891E+001 
     10.26000000 -0.233060308765669E+005  0.128007305004525E+001 
     10.28000000 -0.233060314981641E+005  0.127945145279082E+001 
     10.30000000 -0.233060320697159E+005  0.127887990101960E+001 
     10.32000000 -0.233060325905113E+005  0.127835910556428E+001 
     10.34000000 -0.233060330598389E+005  0.127788977797217E+001 
     10.36000000 -0.233060334769852E+005  0.127747263174571E+001 
     10.38000000 -0.233060338412335E+005  0.127710838342832E+001 
     10.40000000 -0.233060341518636E+005  0.127679775329428E+001 
     10.42000000 -0.233060344081512E+005  0.127654146566118E+001 
     10.44000000 -0.233060346093682E+005  0.127634024872904E+001 
     10.46000000 -0.233060347547826E+005  0.127619483428334E+001 
     10.48000000 -0.233060348436604E+005  0.127610595646068E+001 
     10.50000000 -0.233060348752659E+005  0.127607435100939E+001 
     10.52000000 -0.233060348488636E+005  0.127610075326330E+001 
     10.54000000 -0.233060347637205E+005  0.127618589639071E+001 
     10.56000000 -0.233060346191078E+005  0.127633050915776E+001 
     10.58000000 -0.233060344143035E+005  0.127653531343503E+001 
     10.60000000 -0.233060341485953E+005  0.127680102163291E+001 
     10.62000000 -0.233060338212834E+005  0.127712833355241E+001 
     10.64000000 -0.233060334316831E+005  0.127751793378649E+001 
     10.66000000 -0.233060329791284E+005  0.127797048852753E+001 
     10.68000000 -0.233060324629742E+005  0.127848664270268E+001 
     10.70000000 -0.233060318825998E+005  0.127906701710915E+001 
     10.72000000 -0.233060312374113E+005  0.127971220564247E+001 
     10.74000000 -0.233060305268439E+005  0.128042277296074E+001 
     10.76000000 -0.233060297503646E+005  0.128119925228515E+001 
     10.78000000 -0.233060289074736E+005  0.128204214331179E+001 
     10.80000000 -0.233060279977057E+005  0.128295191119700E+001 
     10.82000000 -0.233060270206318E+005  0.128392898515592E+001 
     10.84000000 -0.233060259758588E+005  0.128497375813152E+001 
     10.86000000 -0.233060248630301E+005  0.128608658680078E+001 
     10.88000000 -0.233060236818251E+005  0.128726779178814E+001 
     10.90000000 -0.233060224319580E+005  0.128851765894623E+001 
     10.92000000 -0.233060211131763E+005  0.128983644060261E+001 
     10.94000000 -0.233060197252592E+005  0.129122435773762E+001 
     10.96000000 -0.233060182680148E+005  0.129268160211586E+001 
     10.98000000 -0.233060167412778E+005  0.129420833910447E+001 
     11.00000000 -0.233060151449060E+005  0.129580471088111E+001 
     11.02000000 -0.233060134787774E+005  0.129747083946881E+001 
     11.04000000 -0.233060117427864E+005  0.129920683047607E+001 
     11.06000000 -0.233060099368405E+005  0.130101277644724E+001 
     11.08000000 -0.233060080608567E+005  0.130288876020045E+001 
     11.10000000 -0.233060061147583E+005  0.130483485864508E+001 
     11.12000000 -0.233060040984713E+005  0.130685114557842E+001 
     11.14000000 -0.233060020119222E+005  0.130893769468944E+001 
     11.16000000 -0.233059998550350E+005  0.131109458193782E+001 
     11.18000000 -0.233059976277289E+005  0.131332188796691E+001 
     11.20000000 -0.233059953299176E+005  0.131561969926072E+001 
     11.22000000 -0.233059929615074E+005  0.131798810950821E+001 
     11.24000000 -0.233059905223967E+005  0.132042722016942E+001 
     11.26000000 -0.233059880124767E+005  0.132293714017843E+001 
     11.28000000 -0.233059854316311E+005  0.132551798577638E+001 
     11.30000000 -0.233059827797378E+005  0.132816987913169E+001 
     11.32000000 -0.233059800566700E+005  0.133089294688301E+001 
     11.34000000 -0.233059772622989E+005  0.133368731803864E+001 
     11.36000000 -0.233059743964953E+005  0.133655312163786E+001 
     11.38000000 -0.233059714591329E+005  0.133949048401921E+001 
     11.40000000 -0.233059684500910E+005  0.134249952594355E+001 
     11.42000000 -0.233059653692578E+005  0.134558035910754E+001 
     11.44000000 -0.233059622165336E+005  0.134873308330995E+001 
     11.46000000 -0.233059589918341E+005  0.135195778278887E+001 
     11.48000000 -0.233059556950936E+005  0.135525452328589E+001 
     11.50000000 -0.233059523262682E+005  0.135862334866173E+001 
     11.52000000 -0.233059488853386E+005  0.136206427827599E+001 
     11.54000000 -0.233059453723132E+005  0.136557730369249E+001 
     11.56000000 -0.233059417872297E+005  0.136916238719435E+001 
     11.58000000 -0.233059381301583E+005  0.137281945860998E+001 
     11.60000000 -0.233059344012024E+005  0.137654841451802E+001 
     11.62000000 -0.233059306005005E+005  0.138034911645928E+001 
     11.64000000 -0.233059267282264E+005  0.138422139054074E+001 
     11.66000000 -0.233059227845901E+005  0.138816502681067E+001 
     11.68000000 -0.233059187698376E+005  0.139217977926786E+001 
     11.70000000 -0.233059146842499E+005  0.139626536698157E+001 
     11.72000000 -0.233059105281420E+005  0.140042147492362E+001 
     11.74000000 -0.233059063018613E+005  0.140464775561426E+001 
     11.76000000 -0.233059020057857E+005  0.140894383122264E+001 
     11.78000000 -0.233058976403209E+005  0.141330929605095E+001 
     11.80000000 -0.233058932058977E+005  0.141774371920116E+001 
     11.82000000 -0.233058887029684E+005  0.142224664852851E+001 
     11.84000000 -0.233058841320038E+005  0.142681761312264E+001 
     11.86000000 -0.233058794934889E+005  0.143145612802524E+001 
     11.88000000 -0.233058747879194E+005  0.143616169750308E+001 
     11.90000000 -0.233058700157971E+005  0.144093381977190E+001 
     11.92000000 -0.233058651776262E+005  0.144577199067774E+001 
     11.94000000 -0.233058602739093E+005  0.145067570761655E+001 
     11.96000000 -0.233058553051430E+005  0.145564447394249E+001 
     11.98000000 -0.233058502718147E+005  0.146067780224404E+001 
     12.00000000 -0.233058451743988E+005  0.146577521805942E+001 
     12.02000000 -0.233058400133542E+005  0.147093626268241E+001 
     12.04000000 -0.233058347891210E+005  0.147616049587234E+001 
     12.06000000 -0.233058295021188E+005  0.148144749806602E+001 
     12.08000000 -0.233058241527453E+005  0.148679687157185E+001 
     12.10000000 -0.233058187413753E+005  0.149220824164945E+001 
     12.12000000 -0.233058132683598E+005  0.149768125711604E+001 
     12.14000000 -0.233058077340274E+005  0.150321558951426E+001 
     12.16000000 -0.233058021386850E+005  0.150881093194276E+001 
     12.18000000 -0.233057964826192E+005  0.151446699773839E+001 
     12.20000000 -0.233057907660995E+005  0.152018351741664E+001 
     12.22000000 -0.233057849893813E+005  0.152596023559038E+001 
     12.24000000 -0.233057791527096E+005  0.153179690729789E+001 
     12.26000000 -0.233057732563234E+005  0.153769329347376E+001 
     12.28000000 -0.233057673004608E+005  0.154364915607969E+001 
     12.30000000 -0.233057612853639E+005  0.154966425301237E+001 
     12.32000000 -0.233057552112849E+005  0.155573833204326E+001 
     12.34000000 -0.233057490784916E+005  0.156187112532124E+001 
     12.36000000 -0.233057428872736E+005  0.156806234326900E+001 
     12.38000000 -0.233057366379485E+005  0.157431166838662E+001 
     12.40000000 -0.233057303308667E+005  0.158061875018737E+001 
     12.42000000 -0.233057239664183E+005  0.158698319859293E+001 
     12.44000000 -0.233057175450378E+005  0.159340457914763E+001 
     12.46000000 -0.233057110672085E+005  0.159988240838117E+001 
     12.48000000 -0.233057045334669E+005  0.160641614996024E+001 
     12.50000000 -0.233056979444060E+005  0.161300521093905E+001 
     12.52000000 -0.233056913006775E+005  0.161964893937115E+001 
     12.54000000 -0.233056846029938E+005  0.162634662305959E+001 
     12.56000000 -0.233056778521286E+005  0.163309748828855E+001 
     12.58000000 -0.233056710489156E+005  0.163990070128353E+001 
     12.60000000 -0.233056641942481E+005  0.164675536883006E+001 
     12.62000000 -0.233056572890756E+005  0.165366054128064E+001 
     12.64000000 -0.233056503344010E+005  0.166061521585870E+001 
     12.66000000 -0.233056433312752E+005  0.166761834168872E+001 
     12.68000000 -0.233056362807918E+005  0.167466882508631E+001 
     12.70000000 -0.233056291840807E+005  0.168176553625883E+001 
     12.72000000 -0.233056220423013E+005  0.168890731559777E+001 
     12.74000000 -0.233056148566348E+005  0.169609298209323E+001 
     12.76000000 -0.233056076282753E+005  0.170332134156289E+001 
     12.78000000 -0.233056003584226E+005  0.171059119427146E+001 
     12.80000000 -0.233055930482724E+005  0.171790134448671E+001 
     12.82000000 -0.233055856990083E+005  0.172525060863419E+001 
     12.84000000 -0.233055783117932E+005  0.173263782368699E+001 
     12.86000000 -0.233055708877616E+005  0.174006185526778E+001 
     12.88000000 -0.233055634280118E+005  0.174752160513223E+001 
     12.90000000 -0.233055559335984E+005  0.175501601848219E+001 
     12.92000000 -0.233055484055275E+005  0.176254408944130E+001 
     12.94000000 -0.233055408447502E+005  0.177010486674105E+001 
     12.96000000 -0.233055332521587E+005  0.177769745821877E+001 
     12.98000000 -0.233055256285832E+005  0.178532103374728E+001 
     13.00000000 -0.233055179747885E+005  0.179297482838107E+001 
     13.02000000 -0.233055102914739E+005  0.180065814299973E+001 
     13.04000000 -0.233055025792719E+005  0.180837034505661E+001 
     13.06000000 -0.233054948387485E+005  0.181611086839942E+001 
     13.08000000 -0.233054870704058E+005  0.182387921114178E+001 
     13.10000000 -0.233054792746835E+005  0.183167493340500E+001 
     13.12000000 -0.233054714519618E+005  0.183949765514632E+001 
     13.14000000 -0.233054636025658E+005  0.184734705113496E+001 
     13.16000000 -0.233054557267692E+005  0.185522284766367E+001 
     13.18000000 -0.233054478248006E+005  0.186312481625946E+001 
     13.20000000 -0.233054398968473E+005  0.187105276959392E+001 
     13.22000000 -0.233054319430629E+005  0.187900655399363E+001 
     13.24000000 -0.233054239635723E+005  0.188698604458949E+001 
     13.26000000 -0.233054159584791E+005  0.189499113783949E+001 
     13.28000000 -0.233054079278726E+005  0.190302174433000E+001 
     13.30000000 -0.233053998718348E+005  0.191107778206268E+001 
     13.32000000 -0.233053917904488E+005  0.191915916814206E+001 
     13.34000000 -0.233053836838052E+005  0.192726581169744E+001 
     13.36000000 -0.233053755520122E+005  0.193539760474135E+001 
     13.38000000 -0.233053673952030E+005  0.194355441392208E+001 
     13.40000000 -0.233053592135450E+005  0.195173607193902E+001 
     13.42000000 -0.233053510072482E+005  0.195994236868576E+001 
     13.44000000 -0.233053427765752E+005  0.196817304170637E+001 
     13.46000000 -0.233053345218490E+005  0.197642776787371E+001 
     13.48000000 -0.233053262434639E+005  0.198470615298263E+001 
     13.50000000 -0.233053179418924E+005  0.199300772451411E+001 
     13.52000000 -0.233053096176951E+005  0.200133192176980E+001 
     13.54000000 -0.233053012715285E+005  0.200967808838563E+001 
     13.56000000 -0.233052929041523E+005  0.201804546461017E+001 
     13.58000000 -0.233052845164360E+005  0.202643318095669E+001 
     13.60000000 -0.233052761093640E+005  0.203484025290380E+001 
     13.62000000 -0.233052676840404E+005  0.204326557646859E+001 
     13.64000000 -0.233052592416910E+005  0.205170792590495E+001 
     13.66000000 -0.233052507836645E+005  0.206016595237340E+001 
     13.68000000 -0.233052423114320E+005  0.206863818485984E+001 
     13.70000000 -0.233052338265840E+005  0.207712303292266E+001 
     13.72000000 -0.233052253308254E+005  0.208561879146611E+001 
     13.74000000 -0.233052168259692E+005  0.209412364770089E+001 
     13.76000000 -0.233052083139269E+005  0.210263569002574E+001 
     13.78000000 -0.233051997966981E+005  0.211115291876222E+001 
     13.80000000 -0.233051912763571E+005  0.211967325978188E+001 
     13.82000000 -0.233051827550378E+005  0.212819457906461E+001 
     13.84000000 -0.233051742349174E+005  0.213671469947515E+001 
     13.86000000 -0.233051657181983E+005  0.214523141860062E+001 
     13.88000000 -0.233051572070886E+005  0.215374252835452E+001 
     13.90000000 -0.233051487037821E+005  0.216224583484368E+001 
     13.92000000 -0.233051402104382E+005  0.217073917872089E+001 
     13.94000000 -0.233051317291602E+005  0.217922045671002E+001 
     13.96000000 -0.233051232619752E+005  0.218768764166165E+001 
     13.98000000 -0.233051148108147E+005  0.219613880224374E+001 
     14.00000000 -0.233051063774948E+005  0.220457212208767E+001 
     14.02000000 -0.233050979637004E+005  0.221298591648130E+001 
     14.04000000 -0.233050895709684E+005  0.222137864855138E+001 
     14.06000000 -0.233050812006756E+005  0.222974894134709E+001 
     14.08000000 -0.233050728540281E+005  0.223809558876035E+001 
     14.10000000 -0.233050645320534E+005  0.224641756353514E+001 
     14.12000000 -0.233050562355962E+005  0.225471402070437E+001 
     14.14000000 -0.233050479653172E+005  0.226298429967197E+001 
     14.16000000 -0.233050397216955E+005  0.227122792138525E+001 
     14.18000000 -0.233050315050336E+005  0.227944458335124E+001 
     14.20000000 -0.233050233154665E+005  0.228763415045489E+001 
     14.22000000 -0.233050151529739E+005  0.229579664297460E+001 
     14.24000000 -0.233050070173949E+005  0.230393222197432E+001 
     14.26000000 -0.233049989084459E+005  0.231204117097723E+001 
     14.28000000 -0.233049908257407E+005  0.232012387618540E+001 
     14.30000000 -0.233049827688125E+005  0.232818080440403E+001 
     14.32000000 -0.233049747371379E+005  0.233621247897960E+001 
     14.34000000 -0.233049667301620E+005  0.234421945487497E+001 
     14.36000000 -0.233049587473229E+005  0.235220229405064E+001 
     14.38000000 -0.233049507880783E+005  0.236016153861873E+001 
     14.40000000 -0.233049428519304E+005  0.236809768653987E+001 
     14.42000000 -0.233049349384511E+005  0.237601116583507E+001 
     14.44000000 -0.233049270473043E+005  0.238390231260593E+001 
     14.46000000 -0.233049191782689E+005  0.239177134805864E+001 
     14.48000000 -0.233049113312560E+005  0.239961836093861E+001 
     14.50000000 -0.233049035063280E+005  0.240744328893812E+001 
     14.52000000 -0.233048957037097E+005  0.241524590721605E+001 
     14.54000000 -0.233048879238020E+005  0.242302581488203E+001 
     14.56000000 -0.233048801671869E+005  0.243078242996629E+001 
     14.58000000 -0.233048724346319E+005  0.243851498496803E+001 
     14.60000000 -0.233048647270898E+005  0.244622252714616E+001 
     14.62000000 -0.233048570456940E+005  0.245390392288749E+001 
     14.64000000 -0.233048493917517E+005  0.246155786516220E+001 
     14.66000000 -0.233048417667312E+005  0.246918288567856E+001 
     14.68000000 -0.233048341722477E+005  0.247677736921540E+001 
     14.70000000 -0.233048266100442E+005  0.248433957272498E+001 
     14.72000000 -0.233048190819703E+005  0.249186764657968E+001 
     14.74000000 -0.233048115899591E+005  0.249935965778928E+001 
     14.76000000 -0.233048041359998E+005  0.250681361710377E+001 
     14.78000000 -0.233047967221109E+005  0.251422750604194E+001 
     14.80000000 -0.233047893503116E+005  0.252159930533991E+001 
     14.82000000 -0.233047820225934E+005  0.252892702350794E+001 
     14.84000000 -0.233047747408903E+005  0.253620872657203E+001 
     14.86000000 -0.233047675070528E+005  0.254344256409404E+001 
     14.88000000 -0.233047603228210E+005  0.255062679586924E+001 
     14.90000000 -0.233047531898028E+005  0.255775981406702E+001 
     14.92000000 -0.233047461094526E+005  0.256484016431054E+001 
     14.94000000 -0.233047390830554E+005  0.257186656151272E+001 
     14.96000000 -0.233047321117149E+005  0.257883790196906E+001 
     14.98000000 -0.233047251963453E+005  0.258575327159273E+001 
     15.00000000 -0.233047183376693E+005  0.259261194756653E+001 
     15.02000000 -0.233047115362191E+005  0.259941339781079E+001 
     15.04000000 -0.233047047923443E+005  0.260615727258744E+001 
     15.06000000 -0.233046981062227E+005  0.261284339417670E+001 
     15.08000000 -0.233046914778773E+005  0.261947173957783E+001 
     15.10000000 -0.233046849071950E+005  0.262604242188580E+001 
     15.12000000 -0.233046783939495E+005  0.263255566745757E+001 
     15.14000000 -0.233046719378270E+005  0.263901178993850E+001 
     15.16000000 -0.233046655384523E+005  0.264541116463505E+001 
     15.18000000 -0.233046591954165E+005  0.265175420040357E+001 
     15.20000000 -0.233046529083041E+005  0.265804131279797E+001 
     15.22000000 -0.233046466767185E+005  0.266427289841782E+001 
     15.24000000 -0.233046405003066E+005  0.267044931030206E+001 
     15.26000000 -0.233046343787795E+005  0.267657083745259E+001 
     15.28000000 -0.233046283119314E+005  0.268263768553964E+001 
     15.30000000 -0.233046222996537E+005  0.268864996317867E+001 
     15.32000000 -0.233046163419456E+005  0.269460767126373E+001 
     15.34000000 -0.233046104389199E+005  0.270051069704324E+001 
     15.36000000 -0.233046045908055E+005  0.270635881141313E+001 
     15.38000000 -0.233045987979457E+005  0.271215167124629E+001 
     15.40000000 -0.233045930607923E+005  0.271788882458668E+001 
     15.42000000 -0.233045873798983E+005  0.272356971857510E+001 
     15.44000000 -0.233045817559058E+005  0.272919371107790E+001 
     15.46000000 -0.233045761895344E+005  0.273476008251687E+001 
     15.48000000 -0.233045706815663E+005  0.274026805057604E+001 
     15.50000000 -0.233045652328331E+005  0.274571678381039E+001 
     15.52000000 -0.233045598442010E+005  0.275110541586077E+001 
     15.54000000 -0.233045545165577E+005  0.275643305923891E+001 
     15.56000000 -0.233045492508000E+005  0.276169881694689E+001 
     15.58000000 -0.233045440478239E+005  0.276690179303242E+001 
     15.60000000 -0.233045389085140E+005  0.277204110286570E+001 
     15.62000000 -0.233045338337383E+005  0.277711587860576E+001 
     15.64000000 -0.233045288243407E+005  0.278212527625693E+001 
     15.66000000 -0.233045238811378E+005  0.278706847909649E+001 
     15.68000000 -0.233045190049158E+005  0.279194470107765E+001 
     15.70000000 -0.233045141964260E+005  0.279675319086351E+001 
     15.72000000 -0.233045094563839E+005  0.280149323305528E+001 
     15.74000000 -0.233045047854628E+005  0.280616415407931E+001 
     15.76000000 -0.233045001842915E+005  0.281076532542916E+001 
     15.78000000 -0.233044956534448E+005  0.281529617215438E+001 
     15.80000000 -0.233044911934367E+005  0.281975618020779E+001 
     15.82000000 -0.233044868047088E+005  0.282414490812367E+001 
     15.84000000 -0.233044824876167E+005  0.282846200016548E+001 
     15.86000000 -0.233044782424162E+005  0.283270720073578E+001 
     15.88000000 -0.233044740692459E+005  0.283688037099484E+001 
     15.90000000 -0.233044699681119E+005  0.284098150504631E+001 
     15.92000000 -0.233044659388704E+005  0.284501074649401E+001 
     15.94000000 -0.233044619812141E+005  0.284896840278993E+001 
     15.96000000 -0.233044580946598E+005  0.285285495707953E+001 
     15.98000000 -0.233044542785405E+005  0.285667107640284E+001 
     16.00000000 -0.233044505320020E+005  0.286041761493029E+001 
     16.02000000 -0.233044468540058E+005  0.286409561114144E+001 
     16.04000000 -0.233044432433383E+005  0.286770627857203E+001 
     16.06000000 -0.233044396986270E+005  0.287125098993776E+001 
     16.08000000 -0.233044362183629E+005  0.287473125403769E+001 
     16.10000000 -0.233044328009298E+005  0.287814868709837E+001 
     16.12000000 -0.233044294446395E+005  0.288150497738032E+001 
     16.14000000 -0.233044261477706E+005  0.288480184634119E+001 
     16.16000000 -0.233044229086110E+005  0.288804100585783E+001 
     16.18000000 -0.233044197255009E+005  0.289122411597734E+001 
     16.20000000 -0.233044165968758E+005  0.289435274107176E+001 
     16.22000000 -0.233044135213068E+005  0.289742831012586E+001 
     16.24000000 -0.233044104975371E+005  0.290045207980602E+001 
     16.26000000 -0.233044075245122E+005  0.290342510470932E+001 
     16.28000000 -0.233044046014031E+005  0.290634821376881E+001 
     16.30000000 -0.233044017276218E+005  0.290922199512593E+001 
     16.32000000 -0.233043989028275E+005  0.291204678939892E+001 
     16.34000000 -0.233043961269259E+005  0.291482269099753E+001 
     16.36000000 -0.233043934000582E+005  0.291754955873094E+001 
     16.38000000 -0.233043907225843E+005  0.292022703258111E+001 
     16.40000000 -0.233043880950587E+005  0.292285455817917E+001 
     16.42000000 -0.233043855182025E+005  0.292543141445269E+001 
     16.44000000 -0.233043829928702E+005  0.292795674675481E+001 
     16.46000000 -0.233043805200160E+005  0.293042960086882E+001 
     16.48000000 -0.233043781006595E+005  0.293284895742421E+001 
     16.50000000 -0.233043757358500E+005  0.293521376692521E+001 
     16.52000000 -0.233043734266357E+005  0.293752298121866E+001 
     16.54000000 -0.233043711740326E+005  0.293977558435554E+001 
     16.56000000 -0.233043689789975E+005  0.294197061936587E+001 
     16.58000000 -0.233043668424046E+005  0.294410721231742E+001 
     16.60000000 -0.233043647650229E+005  0.294618459401410E+001 
     16.62000000 -0.233043627474987E+005  0.294820211824184E+001 
     16.64000000 -0.233043607903386E+005  0.295015927826048E+001 
     16.66000000 -0.233043588938962E+005  0.295205572070006E+001 
     16.68000000 -0.233043570583578E+005  0.295389125908910E+001 
     16.70000000 -0.233043552837323E+005  0.295566588461398E+001 
     16.72000000 -0.233043535698396E+005  0.295737977734561E+001 
     16.74000000 -0.233043519163027E+005  0.295903331418675E+001 
     16.76000000 -0.233043503225403E+005  0.296062707659982E+001 
     16.78000000 -0.233043487877609E+005  0.296216185599900E+001 
     16.80000000 -0.233043473109612E+005  0.296363865565891E+001 
     16.82000000 -0.233043458909270E+005  0.296505868987322E+001 
     16.84000000 -0.233043445262373E+005  0.296642337962055E+001 
     16.86000000 -0.233043432152743E+005  0.296773434261545E+001 
     16.88000000 -0.233043419562376E+005  0.296899337926677E+001 
     16.90000000 -0.233043407471629E+005  0.297020245404805E+001 
     16.92000000 -0.233043395859460E+005  0.297136367094385E+001 
     16.94000000 -0.233043384703711E+005  0.297247924581484E+001 
     16.96000000 -0.233043373981432E+005  0.297355147368010E+001 
     16.98000000 -0.233043363669222E+005  0.297458269470636E+001 
     17.00000000 -0.233043353743597E+005  0.297557525724598E+001 
     17.02000000 -0.233043344181363E+005  0.297653148063355E+001 
     17.04000000 -0.233043334959972E+005  0.297745361969023E+001 
     17.06000000 -0.233043326057873E+005  0.297834382965495E+001 
     17.08000000 -0.233043317454816E+005  0.297920413529817E+001 
     17.10000000 -0.233043309132128E+005  0.298003640406030E+001 
     17.12000000 -0.233043301072938E+005  0.298084232308818E+001 
     17.14000000 -0.233043293262336E+005  0.298162338331852E+001 
     17.16000000 -0.233043285687494E+005  0.298238086746254E+001 
     17.18000000 -0.233043278337718E+005  0.298311584506545E+001 
     17.20000000 -0.233043271204451E+005  0.298382917176408E+001 
     17.22000000 -0.233043264281216E+005  0.298452149527906E+001 
     17.24000000 -0.233043257563528E+005  0.298519326406757E+001 
     17.26000000 -0.233043251048764E+005  0.298584474053296E+001 
     17.28000000 -0.233043244735997E+005  0.298647601725049E+001 
     17.30000000 -0.233043238625820E+005  0.298708703487609E+001 
     17.32000000 -0.233043232720149E+005  0.298767760196688E+001 
     17.34000000 -0.233043227022021E+005  0.298824741476770E+001 
     17.36000000 -0.233043221535392E+005  0.298879607772459E+001 
     17.38000000 -0.233043216264934E+005  0.298932312351884E+001 
     17.40000000 -0.233043211215849E+005  0.298982803197485E+001 
     17.42000000 -0.233043206393686E+005  0.299031024832778E+001 
     17.44000000 -0.233043201804162E+005  0.299076920068983E+001 
     17.46000000 -0.233043197453004E+005  0.299120431653592E+001 
     17.48000000 -0.233043193345783E+005  0.299161503859231E+001 
     17.50000000 -0.233043189487774E+005  0.299200083949704E+001 
     17.52000000 -0.233043185883795E+005  0.299236123740704E+001 
     17.54000000 -0.233043182538074E+005  0.299269580954180E+001 
     17.56000000 -0.233043179454096E+005  0.299300420728620E+001 
     17.58000000 -0.233043176634473E+005  0.299328616956406E+001 
     17.60000000 -0.233043174080807E+005  0.299354153624877E+001 
     17.62000000 -0.233043171793566E+005  0.299377026031798E+001 
     17.64000000 -0.233043169771980E+005  0.299397241891928E+001 
     17.66000000 -0.233043168013943E+005  0.299414822258601E+001 
     17.68000000 -0.233043166515955E+005  0.299429802135944E+001 
     17.70000000 -0.233043165273084E+005  0.299442230848555E+001 
     17.72000000 -0.233043164278970E+005  0.299452171991082E+001 
     17.74000000 -0.233043163525864E+005  0.299459703053591E+001 
     17.76000000 -0.233043163004715E+005  0.299464914540204E+001 
     17.78000000 -0.233043162705291E+005  0.299467908783023E+001 
     17.80000000 -0.233043162616337E+005  0.299468798317691E+001 
     17.82000000 -0.233043162725776E+005  0.299467703930730E+001 
     17.84000000 -0.233043163020926E+005  0.299464752433403E+001 
     17.86000000 -0.233043163488741E+005  0.299460074277490E+001 
     17.88000000 -0.233043164116056E+005  0.299453801131170E+001 
     17.90000000 -0.233043164889829E+005  0.299446063401367E+001 
     17.92000000 -0.233043165797367E+005  0.299436988025251E+001 
     17.94000000 -0.233043166826527E+005  0.299426696421671E+001 
     17.96000000 -0.233043167965891E+005  0.299415302783192E+001 
     17.98000000 -0.233043169204890E+005  0.299402912788545E+001 
     18.00000000 -0.233043170533894E+005  0.299389622754991E+001 
     18.02000000 -0.233043171944251E+005  0.299375519183875E+001 
     18.04000000 -0.233043173428286E+005  0.299360678825896E+001 
     18.06000000 -0.233043174979271E+005  0.299345168977786E+001 
     18.08000000 -0.233043176591347E+005  0.299329048223218E+001 
     18.10000000 -0.233043178259432E+005  0.299312367371709E+001 
     18.12000000 -0.233043179979123E+005  0.299295170464647E+001 
     18.14000000 -0.233043181746574E+005  0.299277495946525E+001 
     18.16000000 -0.233043183558404E+005  0.299259377652715E+001 
     18.18000000 -0.233043185411592E+005  0.299240845771881E+001 
     18.20000000 -0.233043187303408E+005  0.299221927608547E+001 
     18.22000000 -0.233043189231359E+005  0.299202648101578E+001 
     18.24000000 -0.233043191193153E+005  0.299183030158907E+001 
     18.26000000 -0.233043193186692E+005  0.299163094774780E+001 
     18.28000000 -0.233043195210071E+005  0.299142860985210E+001 
     18.30000000 -0.233043197261598E+005  0.299122345711130E+001 
     18.32000000 -0.233043199339811E+005  0.299101563582992E+001 
     18.34000000 -0.233043201443498E+005  0.299080526711838E+001 
     18.36000000 -0.233043203571707E+005  0.299059244623097E+001 
     18.38000000 -0.233043205723740E+005  0.299037724286289E+001 
     18.40000000 -0.233043207899139E+005  0.299015970299086E+001 
     18.42000000 -0.233043210097637E+005  0.298993985320418E+001 
     18.44000000 -0.233043212319109E+005  0.298971770601945E+001 
     18.46000000 -0.233043214563492E+005  0.298949326774756E+001 
     18.48000000 -0.233043216830700E+005  0.298926654692680E+001 
     18.50000000 -0.233043219120531E+005  0.298903756380461E+001 
     18.52000000 -0.233043221432572E+005  0.298880635972355E+001 
     18.54000000 -0.233043223766106E+005  0.298857300631847E+001 
     18.56000000 -0.233043226120036E+005  0.298833761326284E+001 
     18.58000000 -0.233043228492821E+005  0.298810033485188E+001 
     18.60000000 -0.233043230882427E+005  0.298786137417886E+001 
     18.62000000 -0.233043233286314E+005  0.298762098550483E+001 
     18.64000000 -0.233043235701427E+005  0.298737947417195E+001 
     18.66000000 -0.233043238124226E+005  0.298713719433284E+001 
     18.68000000 -0.233043240550723E+005  0.298689454460100E+001 
     18.70000000 -0.233043242976550E+005  0.298665196188840E+001 
     18.72000000 -0.233043245397027E+005  0.298640991419126E+001 
     18.74000000 -0.233043247807250E+005  0.298616889189093E+001 
     18.76000000 -0.233043250202180E+005  0.298592939886293E+001 
     18.78000000 -0.233043252576737E+005  0.298569194318385E+001 
     18.80000000 -0.233043254925890E+005  0.298545702786921E+001 
     18.82000000 -0.233043257244746E+005  0.298522514235063E+001 
     18.84000000 -0.233043259528628E+005  0.298499675415720E+001 
     18.86000000 -0.233043261773151E+005  0.298477230177860E+001 
     18.88000000 -0.233043263974286E+005  0.298455218831403E+001 
     18.90000000 -0.233043266128410E+005  0.298433677593775E+001 
     18.92000000 -0.233043268232351E+005  0.298412638184960E+001 
     18.94000000 -0.233043270283419E+005  0.298392127497417E+001 
     18.96000000 -0.233043272279431E+005  0.298372167383550E+001 
     18.98000000 -0.233043274218715E+005  0.298352774539391E+001 
     19.00000000 -0.233043276100117E+005  0.298333960525325E+001 
     19.02000000 -0.233043277922984E+005  0.298315731850547E+001 
     19.04000000 -0.233043279687150E+005  0.298298090189299E+001 
     19.06000000 -0.233043281392903E+005  0.298281032659606E+001 
     19.08000000 -0.233043283040949E+005  0.298264552202545E+001 
     19.10000000 -0.233043284632365E+005  0.298248638038241E+001 
     19.12000000 -0.233043286168552E+005  0.298233276175685E+001 
     19.14000000 -0.233043287651172E+005  0.298218449971437E+001 
     19.16000000 -0.233043289082096E+005  0.298204140726993E+001 
     19.18000000 -0.233043290463341E+005  0.298190328280588E+001 
     19.20000000 -0.233043291797007E+005  0.298176991619415E+001 
     19.22000000 -0.233043293085223E+005  0.298164109460906E+001 
     19.24000000 -0.233043294330091E+005  0.298151660782353E+001 
     19.26000000 -0.233043295533638E+005  0.298139625315264E+001 
     19.28000000 -0.233043296697775E+005  0.298127983940719E+001 
     19.30000000 -0.233043297824265E+005  0.298116719041108E+001 
     19.32000000 -0.233043298914697E+005  0.298105814719472E+001 
     19.34000000 -0.233043299970471E+005  0.298095256981400E+001 
     19.36000000 -0.233043300992790E+005  0.298085033792570E+001 
     19.38000000 -0.233043301982663E+005  0.298075135056477E+001 
     19.40000000 -0.233043302940914E+005  0.298065552548230E+001 
     19.42000000 -0.233043303868193E+005  0.298056279759254E+001 
     19.44000000 -0.233043304764999E+005  0.298047311698064E+001 
     19.46000000 -0.233043305631699E+005  0.298038644704339E+001 
     19.48000000 -0.233043306468552E+005  0.298030276174526E+001 
     19.50000000 -0.233043307275730E+005  0.298022204393546E+001 
     19.52000000 -0.233043308053342E+005  0.298014428271223E+001 
     19.54000000 -0.233043308801450E+005  0.298006947187605E+001 
     19.56000000 -0.233043309520084E+005  0.297999760855607E+001 
     19.58000000 -0.233043310209252E+005  0.297992869172213E+001 
     19.60000000 -0.233043310868951E+005  0.297986272179806E+001 
     19.62000000 -0.233043311499169E+005  0.297979969996250E+001 
     19.64000000 -0.233043312099889E+005  0.297973962802520E+001 
     19.66000000 -0.233043312671085E+005  0.297968250839296E+001 
     19.68000000 -0.233043313212729E+005  0.297962834404490E+001 
     19.70000000 -0.233043313724784E+005  0.297957713846437E+001 
     19.72000000 -0.233043314207215E+005  0.297952889538534E+001 
     19.74000000 -0.233043314659985E+005  0.297948361842727E+001 
     19.76000000 -0.233043315083066E+005  0.297944131034037E+001 
     19.78000000 -0.233043315476449E+005  0.297940197201249E+001 
     19.80000000 -0.233043315840157E+005  0.297936560120387E+001 
     19.82000000 -0.233043316174257E+005  0.297933219121693E+001 
     19.84000000 -0.233043316478877E+005  0.297930172920404E+001 
     19.86000000 -0.233043316754223E+005  0.297927419459912E+001 
     19.88000000 -0.233043317000591E+005  0.297924955776568E+001 
     19.90000000 -0.233043317218384E+005  0.297922777852129E+001 
     19.92000000 -0.233043317408116E+005  0.297920880527435E+001 
     19.94000000 -0.233043317570426E+005  0.297919257434980E+001 
     19.96000000 -0.233043317706071E+005  0.297917900978486E+001 
     19.98000000 -0.233043317815933E+005  0.297916802364772E+001 
     20.00000000 -0.233043317901003E+005  0.297915951660364E+001 
     20.02000000 -0.233043317962378E+005  0.297915337912457E+001 
     20.04000000 -0.233043318001243E+005  0.297914949263989E+001 
     20.06000000 -0.233043318018858E+005  0.297914773115444E+001 
     20.08000000 -0.233043318016539E+005  0.297914796297468E+001 
     20.10000000 -0.233043317995648E+005  0.297915005214720E+001 
     20.12000000 -0.233043317957568E+005  0.297915386015403E+001 
     20.14000000 -0.233043317903697E+005  0.297915924720883E+001 
     20.16000000 -0.233043317835436E+005  0.297916607327159E+001 
     20.18000000 -0.233043317754177E+005  0.297917419919016E+001 
     20.20000000 -0.233043317661298E+005  0.297918348711786E+001 
     20.22000000 -0.233043317558157E+005  0.297919380122195E+001 
     20.24000000 -0.233043317446092E+005  0.297920500766813E+001 
     20.26000000 -0.233043317326417E+005  0.297921697516811E+001 
     20.28000000 -0.233043317200421E+005  0.297922957484041E+001 
     20.30000000 -0.233043317069363E+005  0.297924268060942E+001 
     20.32000000 -0.233043316934476E+005  0.297925616934152E+001 
     20.34000000 -0.233043316796957E+005  0.297926992117610E+001 
     20.36000000 -0.233043316657969E+005  0.297928382004218E+001 
     20.38000000 -0.233043316518628E+005  0.297929775412862E+001 
     20.40000000 -0.233043316380003E+005  0.297931161665756E+001 
     20.42000000 -0.233043316243105E+005  0.297932530644428E+001 
     20.44000000 -0.233043316108882E+005  0.297933872871399E+001 
     20.46000000 -0.233043315978211E+005  0.297935179581020E+001 
     20.48000000 -0.233043315851890E+005  0.297936442785987E+001 
     20.50000000 -0.233043315730636E+005  0.297937655326527E+001 
     20.52000000 -0.233043315615077E+005  0.297938810917420E+001 
     20.54000000 -0.233043315505751E+005  0.297939904183887E+001 
     20.56000000 -0.233043315403101E+005  0.297940930677366E+001 
     20.58000000 -0.233043315307481E+005  0.297941886876129E+001 
     20.60000000 -0.233043315219150E+005  0.297942770194255E+001 
     20.62000000 -0.233043315138274E+005  0.297943578947602E+001 
     20.64000000 -0.233043315064936E+005  0.297944312326890E+001 
     20.66000000 -0.233043314999129E+005  0.297944970396156E+001 
     20.68000000 -0.233043314940767E+005  0.297945554016962E+001 
     20.70000000 -0.233043314889685E+005  0.297946064836017E+001 
     20.72000000 -0.233043314845648E+005  0.297946505208771E+001 
     20.74000000 -0.233043314808352E+005  0.297946878169095E+001 
     20.76000000 -0.233043314777432E+005  0.297947187368644E+001 
     20.78000000 -0.233043314752467E+005  0.297947437022109E+001 
     20.80000000 -0.233043314732984E+005  0.297947631851833E+001 
     20.82000000 -0.233043314718466E+005  0.297947777033989E+001 
     20.84000000 -0.233043314708354E+005  0.297947878151862E+001 
     20.86000000 -0.233043314702053E+005  0.297947941161824E+001 
     20.88000000 -0.233043314698934E+005  0.297947972347548E+001 
     20.90000000 -0.233043314698337E+005  0.297947978318769E+001 
     20.92000000 -0.233043314699569E+005  0.297947966001386E+001 
     20.94000000 -0.233043314701903E+005  0.297947942660352E+001 
     20.96000000 -0.233043314704578E+005  0.297947915915457E+001 
     20.98000000 -0.233043314706788E+005  0.297947893807833E+001 
     21.00000000 -0.233043314707684E+005  0.297947884855023E+001 
     21.02000000 -0.233043314707517E+005  0.297947886521532E+001 
     21.04000000 -0.233043314707344E+005  0.297947888250532E+001 
     21.06000000 -0.233043314707170E+005  0.297947889986647E+001 
     21.08000000 -0.233043314706997E+005  0.297947891724618E+001 
     21.10000000 -0.233043314706822E+005  0.297947893466920E+001 
     21.12000000 -0.233043314706649E+005  0.297947895201798E+001 
     21.14000000 -0.233043314706476E+005  0.297947896930488E+001 
     21.16000000 -0.233043314706304E+005  0.297947898646805E+001 
     21.18000000 -0.233043314706135E+005  0.297947900345178E+001 
     21.20000000 -0.233043314705966E+005  0.297947902026227E+001 
     21.22000000 -0.233043314705800E+005  0.297947903686240E+001 
     21.24000000 -0.233043314705636E+005  0.297947905327073E+001 
     21.26000000 -0.233043314705475E+005  0.297947906944395E+001 
     21.28000000 -0.233043314705315E+005  0.297947908541918E+001 
     21.30000000 -0.233043314705156E+005  0.297947910131397E+001 
     21.32000000 -0.233043314704998E+005  0.297947911706956E+001 
     21.34000000 -0.233043314704841E+005  0.297947913276327E+001 
     21.36000000 -0.233043314704685E+005  0.297947914840749E+001 
     21.38000000 -0.233043314704528E+005  0.297947916407026E+001 
     21.40000000 -0.233043314704371E+005  0.297947917977944E+001 
     21.42000000 -0.233043314704213E+005  0.297947919556596E+001 
     21.44000000 -0.233043314704055E+005  0.297947921145766E+001 
     21.46000000 -0.233043314703895E+005  0.297947922743908E+001 
     21.48000000 -0.233043314703733E+005  0.297947924359374E+001 
     21.50000000 -0.233043314703571E+005  0.297947925985976E+001 
     21.52000000 -0.233043314703406E+005  0.297947927628046E+001 
     21.54000000 -0.233043314703241E+005  0.297947929281872E+001 
     21.56000000 -0.233043314703074E+005  0.297947930952403E+001 
     21.58000000 -0.233043314702906E+005  0.297947932631287E+001 
     21.60000000 -0.233043314702737E+005  0.297947934320689E+001 
     21.62000000 -0.233043314702567E+005  0.297947936017825E+001 
     21.64000000 -0.233043314702397E+005  0.297947937721148E+001 
     21.66000000 -0.233043314702226E+005  0.297947939428184E+001 
     21.68000000 -0.233043314702056E+005  0.297947941133982E+001 
     21.70000000 -0.233043314701885E+005  0.297947942836686E+001 
     21.72000000 -0.233043314701716E+005  0.297947944533203E+001 
     21.74000000 -0.233043314701547E+005  0.297947946223843E+001 
     21.76000000 -0.233043314701378E+005  0.297947947907676E+001 
     21.78000000 -0.233043314701210E+005  0.297947949586560E+001 
     21.80000000 -0.233043314701044E+005  0.297947951254926E+001 
     21.82000000 -0.233043314700877E+005  0.297947952917105E+001 
     21.84000000 -0.233043314700712E+005  0.297947954574333E+001 
     21.86000000 -0.233043314700547E+005  0.297947956224756E+001 
     21.88000000 -0.233043314700382E+005  0.297947957871467E+001 
     21.90000000 -0.233043314700218E+005  0.297947959514775E+001 
     21.92000000 -0.233043314700054E+005  0.297947961153752E+001 
     21.94000000 -0.233043314699890E+005  0.297947962789944E+001 
     21.96000000 -0.233043314699727E+005  0.297947964418403E+001 
     21.98000000 -0.233043314699565E+005  0.297947966044696E+001 
     22.00000000 -0.233043314699403E+005  0.297947967662945E+001 
     22.02000000 -0.233043314699242E+005  0.297947969268821E+001 
     22.04000000 -0.233043314699083E+005  0.297947970864488E+001 
     22.06000000 -0.233043314698924E+005  0.297947972451492E+001 
     22.08000000 -0.233043314698766E+005  0.297947974027979E+001 
     22.10000000 -0.233043314698610E+005  0.297947975594875E+001 
     22.12000000 -0.233043314698453E+005  0.297947977157441E+001 
     22.14000000 -0.233043314698297E+005  0.297947978720315E+001 
     22.16000000 -0.233043314698140E+005  0.297947980289377E+001 
     22.18000000 -0.233043314697982E+005  0.297947981867720E+001 
     22.20000000 -0.233043314697822E+005  0.297947983468336E+001 
     22.22000000 -0.233043314697660E+005  0.297947985092154E+001 
     22.24000000 -0.233043314697495E+005  0.297947986742887E+001 
     22.26000000 -0.233043314697327E+005  0.297947988421771E+001 
     22.28000000 -0.233043314697155E+005  0.297947990140562E+001 
     22.30000000 -0.233043314696981E+005  0.297947991882864E+001 
     22.32000000 -0.233043314696804E+005  0.297947993652080E+001 
     22.34000000 -0.233043314696624E+005  0.297947995447592E+001 
     22.36000000 -0.233043314696443E+005  0.297947997257643E+001 
     22.38000000 -0.233043314696261E+005  0.297947999078213E+001 
     22.40000000 -0.233043314696079E+005  0.297948000902186E+001 
     22.42000000 -0.233043314695897E+005  0.297948002722755E+001 
     22.44000000 -0.233043314695715E+005  0.297948004535900E+001 
     22.46000000 -0.233043314695535E+005  0.297948006336052E+001 
     22.48000000 -0.233043314695357E+005  0.297948008119190E+001 
     22.50000000 -0.233043314695180E+005  0.297948009886859E+001 
     22.52000000 -0.233043314695005E+005  0.297948011638133E+001 
     22.54000000 -0.233043314694832E+005  0.297948013372701E+001 
     22.56000000 -0.233043314694660E+005  0.297948015088398E+001 
     22.58000000 -0.233043314694490E+005  0.297948016792340E+001 
     22.60000000 -0.233043314694320E+005  0.297948018487311E+001 
     22.62000000 -0.233043314694152E+005  0.297948020173619E+001 
     22.64000000 -0.233043314693983E+005  0.297948021857762E+001 
     22.66000000 -0.233043314693815E+005  0.297948023543452E+001 
     22.68000000 -0.233043314693646E+005  0.297948025232854E+001 
     22.70000000 -0.233043314693476E+005  0.297948026929371E+001 
     22.72000000 -0.233043314693305E+005  0.297948028638881E+001 
     22.74000000 -0.233043314693133E+005  0.297948030357363E+001 
     22.76000000 -0.233043314692960E+005  0.297948032086982E+001 
     22.78000000 -0.233043314692786E+005  0.297948033828974E+001 
     22.80000000 -0.233043314692611E+005  0.297948035582104E+001 
     22.82000000 -0.233043314692435E+005  0.297948037338637E+001 
     22.84000000 -0.233043314692259E+005  0.297948039098263E+001 
     22.86000000 -0.233043314692083E+005  0.297948040856652E+001 
     22.88000000 -0.233043314691908E+005  0.297948042607616E+001 
     22.90000000 -0.233043314691734E+005  0.297948044349609E+001 
     22.92000000 -0.233043314691561E+005  0.297948046081083E+001 
     22.94000000 -0.233043314691389E+005  0.297948047797400E+001 
     22.96000000 -0.233043314691219E+005  0.297948049501651E+001 
     22.98000000 -0.233043314691050E+005  0.297948051186722E+001 
     23.00000000 -0.233043314690883E+005  0.297948052858800E+001 
     23.02000000 -0.233043314690717E+005  0.297948054519122E+001 
     23.04000000 -0.233043314690553E+005  0.297948056165833E+001 
     23.06000000 -0.233043314690389E+005  0.297948057803263E+001 
     23.08000000 -0.233043314690226E+005  0.297948059433577E+001 
     23.10000000 -0.233043314690063E+005  0.297948061057086E+001 
     23.12000000 -0.233043314689901E+005  0.297948062677811E+001 
     23.14000000 -0.233043314689740E+005  0.297948064293277E+001 
     23.16000000 -0.233043314689578E+005  0.297948065910908E+001 
     23.18000000 -0.233043314689416E+005  0.297948067526992E+001 
     23.20000000 -0.233043314689255E+005  0.297948069144314E+001 
     23.22000000 -0.233043314689092E+005  0.297948070768132E+001 
     23.24000000 -0.233043314688930E+005  0.297948072394115E+001 
     23.26000000 -0.233043314688766E+005  0.297948074030927E+001 
     23.28000000 -0.233043314688602E+005  0.297948075674234E+001 
     23.30000000 -0.233043314688436E+005  0.297948077326823E+001 
     23.32000000 -0.233043314688270E+005  0.297948078991786E+001 
     23.34000000 -0.233043314688103E+005  0.297948080662317E+001 
     23.36000000 -0.233043314687935E+005  0.297948082342438E+001 
     23.38000000 -0.233043314687766E+005  0.297948084026891E+001 
     23.40000000 -0.233043314687597E+005  0.297948085720314E+001 
     23.42000000 -0.233043314687428E+005  0.297948087414975E+001 
     23.44000000 -0.233043314687259E+005  0.297948089105305E+001 
     23.46000000 -0.233043314687089E+005  0.297948090801204E+001 
     23.48000000 -0.233043314686920E+005  0.297948092491843E+001 
     23.50000000 -0.233043314686751E+005  0.297948094182483E+001 
     23.52000000 -0.233043314686582E+005  0.297948095871575E+001 
     23.54000000 -0.233043314686414E+005  0.297948097554481E+001 
     23.56000000 -0.233043314686245E+005  0.297948099237387E+001 
     23.58000000 -0.233043314686077E+005  0.297948100916889E+001 
     23.60000000 -0.233043314685910E+005  0.297948102592061E+001 
     23.62000000 -0.233043314685742E+005  0.297948104266923E+001 
     23.64000000 -0.233043314685575E+005  0.297948105940548E+001 
     23.66000000 -0.233043314685408E+005  0.297948107612316E+001 
     23.68000000 -0.233043314685240E+005  0.297948109287179E+001 
     23.70000000 -0.233043314685072E+005  0.297948110967609E+001 
     23.72000000 -0.233043314684904E+005  0.297948112654846E+001 
     23.74000000 -0.233043314684734E+005  0.297948114351982E+001 
     23.76000000 -0.233043314684563E+005  0.297948116062729E+001 
     23.78000000 -0.233043314684391E+005  0.297948117783995E+001 
     23.80000000 -0.233043314684217E+005  0.297948119519492E+001 
     23.82000000 -0.233043314684042E+005  0.297948121274168E+001 
     23.84000000 -0.233043314683865E+005  0.297948123039053E+001 
     23.86000000 -0.233043314683687E+005  0.297948124823119E+001 
     23.88000000 -0.233043314683507E+005  0.297948126617702E+001 
     23.90000000 -0.233043314683327E+005  0.297948128424660E+001 
     23.92000000 -0.233043314683146E+005  0.297948130235949E+001 
     23.94000000 -0.233043314682964E+005  0.297948132054044E+001 
     23.96000000 -0.233043314682782E+005  0.297948133868427E+001 
     23.98000000 -0.233043314682601E+005  0.297948135677859E+001 
     24.00000000 -0.233043314682421E+005  0.297948137479868E+001 
     24.02000000 -0.233043314682243E+005  0.297948139264552E+001 
     24.04000000 -0.233043314682066E+005  0.297948141035934E+001 
     24.06000000 -0.233043314681891E+005  0.297948142779473E+001 
     24.08000000 -0.233043314681719E+005  0.297948144503833E+001 
     24.10000000 -0.233043314681549E+005  0.297948146199112E+001 
     24.12000000 -0.233043314681382E+005  0.297948147871500E+001 
     24.14000000 -0.233043314681218E+005  0.297948149513570E+001 
     24.16000000 -0.233043314681056E+005  0.297948151135223E+001 
     24.18000000 -0.233043314680896E+005  0.297948152729343E+001 
     24.20000000 -0.233043314680739E+005  0.297948154303045E+001 
     24.22000000 -0.233043314680583E+005  0.297948155858804E+001 
     24.24000000 -0.233043314680429E+005  0.297948157399096E+001 
     24.26000000 -0.233043314680276E+005  0.297948158927942E+001 
     24.28000000 -0.233043314680124E+005  0.297948160449362E+001 
     24.30000000 -0.233043314679972E+005  0.297948161966762E+001 
     24.32000000 -0.233043314679820E+005  0.297948163490039E+001 
     24.34000000 -0.233043314679666E+005  0.297948165025999E+001 
     24.36000000 -0.233043314679511E+005  0.297948166577118E+001 
     24.38000000 -0.233043314679353E+005  0.297948168156698E+001 
     24.40000000 -0.233043314679192E+005  0.297948169766286E+001 
     24.42000000 -0.233043314679027E+005  0.297948171416400E+001 
     24.44000000 -0.233043314678859E+005  0.297948173105802E+001 
     24.46000000 -0.233043314678685E+005  0.297948174840061E+001 
     24.48000000 -0.233043314678508E+005  0.297948176612061E+001 
     24.50000000 -0.233043314678327E+005  0.297948178418710E+001 
     24.52000000 -0.233043314678144E+005  0.297948180248251E+001 
     24.54000000 -0.233043314677960E+005  0.297948182090785E+001 
     24.56000000 -0.233043314677775E+005  0.297948183937031E+001 
     24.58000000 -0.233043314677592E+005  0.297948185772759E+001 
     24.60000000 -0.233043314677411E+005  0.297948187581883E+001 
     24.62000000 -0.233043314677233E+005  0.297948189361308E+001 
     24.64000000 -0.233043314677059E+005  0.297948191099279E+001 
     24.66000000 -0.233043314676890E+005  0.297948192795178E+001 
     24.68000000 -0.233043314676725E+005  0.297948194439723E+001 
     24.70000000 -0.233043314676565E+005  0.297948196041886E+001 
     24.72000000 -0.233043314676409E+005  0.297948197605689E+001 
     24.74000000 -0.233043314676255E+005  0.297948199137009E+001 
     24.76000000 -0.233043314676105E+005  0.297948200645437E+001 
     24.78000000 -0.233043314675955E+005  0.297948202143347E+001 
     24.80000000 -0.233043314675805E+005  0.297948203644350E+001 
     24.82000000 -0.233043314675654E+005  0.297948205152159E+001 
     24.84000000 -0.233043314675501E+005  0.297948206682242E+001 
     24.86000000 -0.233043314675345E+005  0.297948208239548E+001 
     24.88000000 -0.233043314675186E+005  0.297948209829956E+001 
     24.90000000 -0.233043314675024E+005  0.297948211453155E+001 
     24.92000000 -0.233043314674858E+005  0.297948213115643E+001 
     24.94000000 -0.233043314674688E+005  0.297948214805973E+001 
     24.96000000 -0.233043314674517E+005  0.297948216522908E+001 
     24.98000000 -0.233043314674343E+005  0.297948218259642E+001 
     25.00000000 -0.233043314674168E+005  0.297948220010915E+001 
     25.02000000 -0.233043314673993E+005  0.297948221761570E+001 
     25.04000000 -0.233043314673818E+005  0.297948223506657E+001 
     25.06000000 -0.233043314673645E+005  0.297948225236894E+001 
     25.08000000 -0.233043314673475E+005  0.297948226945167E+001 
     25.10000000 -0.233043314673307E+005  0.297948228625288E+001 
     25.12000000 -0.233043314673141E+005  0.297948230279732E+001 
     25.14000000 -0.233043314672979E+005  0.297948231903241E+001 
     25.16000000 -0.233043314672819E+005  0.297948233499217E+001 
     25.18000000 -0.233043314672662E+005  0.297948235073538E+001 
     25.20000000 -0.233043314672505E+005  0.297948236636413E+001 
     25.22000000 -0.233043314672351E+005  0.297948238185367E+001 
     25.24000000 -0.233043314672195E+005  0.297948239741126E+001 
     25.26000000 -0.233043314672038E+005  0.297948241307404E+001 
     25.28000000 -0.233043314671880E+005  0.297948242889150E+001 
     25.30000000 -0.233043314671720E+005  0.297948244491313E+001 
     25.32000000 -0.233043314671557E+005  0.297948246117296E+001 
     25.34000000 -0.233043314671392E+005  0.297948247768647E+001 
     25.36000000 -0.233043314671225E+005  0.297948249445366E+001 
     25.38000000 -0.233043314671055E+005  0.297948251141883E+001 
     25.40000000 -0.233043314670884E+005  0.297948252851393E+001 
     25.42000000 -0.233043314670712E+005  0.297948254573278E+001 
     25.44000000 -0.233043314670540E+005  0.297948256293925E+001 
     25.46000000 -0.233043314670368E+005  0.297948258007766E+001 
     25.48000000 -0.233043314670198E+005  0.297948259706759E+001 
     25.50000000 -0.233043314670030E+005  0.297948261387808E+001 
     25.52000000 -0.233043314669865E+005  0.297948263037612E+001 
     25.54000000 -0.233043314669703E+005  0.297948264661430E+001 
     25.56000000 -0.233043314669544E+005  0.297948266249982E+001 
     25.58000000 -0.233043314669388E+005  0.297948267808835E+001 
     25.60000000 -0.233043314669235E+005  0.297948269341702E+001 
     25.62000000 -0.233043314669083E+005  0.297948270858482E+001 
     25.64000000 -0.233043314668933E+005  0.297948272364435E+001 
     25.66000000 -0.233043314668782E+005  0.297948273870388E+001 
     25.68000000 -0.233043314668630E+005  0.297948275391190E+001 
     25.70000000 -0.233043314668477E+005  0.297948276923439E+001 
     25.72000000 -0.233043314668321E+005  0.297948278480436E+001 
     25.74000000 -0.233043314668163E+005  0.297948280065584E+001 
     25.76000000 -0.233043314668002E+005  0.297948281672388E+001 
     25.78000000 -0.233043314667839E+005  0.297948283305487E+001 
     25.80000000 -0.233043314667674E+005  0.297948284954672E+001 
     25.82000000 -0.233043314667508E+005  0.297948286612829E+001 
     25.84000000 -0.233043314667341E+005  0.297948288279029E+001 
     25.86000000 -0.233043314667175E+005  0.297948289943992E+001 
     25.88000000 -0.233043314667009E+005  0.297948291604624E+001 
     25.90000000 -0.233043314666843E+005  0.297948293256284E+001 
     25.92000000 -0.233043314666679E+005  0.297948294901139E+001 
     25.94000000 -0.233043314666515E+005  0.297948296536713E+001 
     25.96000000 -0.233043314666353E+005  0.297948298161768E+001 
     25.98000000 -0.233043314666191E+005  0.297948299783421E+001 
     26.00000000 -0.233043314666029E+005  0.297948301396412E+001 
     26.02000000 -0.233043314665868E+005  0.297948303007546E+001 
     26.04000000 -0.233043314665707E+005  0.297948304616206E+001 
     26.06000000 -0.233043314665547E+005  0.297948306223628E+001 
     26.08000000 -0.233043314665385E+005  0.297948307837238E+001 
     26.10000000 -0.233043314665224E+005  0.297948309454559E+001 
     26.12000000 -0.233043314665061E+005  0.297948311082399E+001 
     26.14000000 -0.233043314664897E+005  0.297948312721995E+001 
     26.16000000 -0.233043314664731E+005  0.297948314376130E+001 
     26.18000000 -0.233043314664565E+005  0.297948316043877E+001 
     26.20000000 -0.233043314664396E+005  0.297948317726782E+001 
     26.22000000 -0.233043314664226E+005  0.297948319429487E+001 
     26.24000000 -0.233043314664055E+005  0.297948321144565E+001 
     26.26000000 -0.233043314663882E+005  0.297948322871400E+001 
     26.28000000 -0.233043314663708E+005  0.297948324613083E+001 
     26.30000000 -0.233043314663533E+005  0.297948326359098E+001 
     26.32000000 -0.233043314663358E+005  0.297948328113774E+001 
     26.34000000 -0.233043314663182E+005  0.297948329871235E+001 
     26.36000000 -0.233043314663006E+005  0.297948331626839E+001 
     26.38000000 -0.233043314662830E+005  0.297948333386466E+001 
     26.40000000 -0.233043314662655E+005  0.297948335136811E+001 
     26.42000000 -0.233043314662481E+005  0.297948336883135E+001 
     26.44000000 -0.233043314662307E+005  0.297948338620797E+001 
     26.46000000 -0.233043314662134E+005  0.297948340346394E+001 
     26.48000000 -0.233043314661963E+005  0.297948342062710E+001 
     26.50000000 -0.233043314661792E+005  0.297948343767580E+001 
     26.52000000 -0.233043314661624E+005  0.297948345455744E+001 
     26.54000000 -0.233043314661456E+005  0.297948347132463E+001 
     26.56000000 -0.233043314661290E+005  0.297948348794332E+001 
     26.58000000 -0.233043314661124E+005  0.297948350445992E+001 
     26.60000000 -0.233043314660961E+005  0.297948352084660E+001 
     26.62000000 -0.233043314660798E+005  0.297948353713428E+001 
     26.64000000 -0.233043314660636E+005  0.297948355335390E+001 
     26.66000000 -0.233043314660474E+005  0.297948356953949E+001 
     26.68000000 -0.233043314660312E+005  0.297948358574364E+001 
     26.70000000 -0.233043314660150E+005  0.297948360191686E+001 
     26.72000000 -0.233043314659988E+005  0.297948361813338E+001 
     26.74000000 -0.233043314659825E+005  0.297948363440869E+001 
     26.76000000 -0.233043314659662E+005  0.297948365075205E+001 
     26.78000000 -0.233043314659497E+005  0.297948366720369E+001 
     26.80000000 -0.233043314659332E+005  0.297948368372339E+001 
     26.82000000 -0.233043314659165E+005  0.297948370037302E+001 
     26.84000000 -0.233043314658998E+005  0.297948371708142E+001 
     26.86000000 -0.233043314658830E+005  0.297948373389192E+001 
     26.88000000 -0.233043314658661E+005  0.297948375078903E+001 
     26.90000000 -0.233043314658492E+005  0.297948376772636E+001 
     26.92000000 -0.233043314658322E+005  0.297948378466060E+001 
     26.94000000 -0.233043314658153E+005  0.297948380158865E+001 
     26.96000000 -0.233043314657984E+005  0.297948381849195E+001 
     26.98000000 -0.233043314657816E+005  0.297948383532719E+001 
     27.00000000 -0.233043314657648E+005  0.297948385206034E+001 
     27.02000000 -0.233043314657482E+005  0.297948386868522E+001 
     27.04000000 -0.233043314657317E+005  0.297948388520183E+001 
     27.06000000 -0.233043314657153E+005  0.297948390160088E+001 
     27.08000000 -0.233043314656990E+005  0.297948391789474E+001 
     27.10000000 -0.233043314656828E+005  0.297948393409271E+001 
     27.12000000 -0.233043314656667E+005  0.297948395021952E+001 
     27.14000000 -0.233043314656506E+005  0.297948396634015E+001 
     27.16000000 -0.233043314656344E+005  0.297948398247624E+001 
     27.18000000 -0.233043314656182E+005  0.297948399870514E+001 
     27.20000000 -0.233043314656019E+005  0.297948401505160E+001 
     27.22000000 -0.233043314655854E+005  0.297948403155274E+001 
     27.24000000 -0.233043314655687E+005  0.297948404823949E+001 
     27.26000000 -0.233043314655518E+005  0.297948406512423E+001 
     27.28000000 -0.233043314655347E+005  0.297948408221933E+001 
     27.30000000 -0.233043314655174E+005  0.297948409947530E+001 
     27.32000000 -0.233043314655000E+005  0.297948411686429E+001 
     27.34000000 -0.233043314654826E+005  0.297948413434609E+001 
     27.36000000 -0.233043314654650E+005  0.297948415188048E+001 
     27.38000000 -0.233043314654475E+005  0.297948416936537E+001 
     27.40000000 -0.233043314654301E+005  0.297948418679458E+001 
     27.42000000 -0.233043314654128E+005  0.297948420410314E+001 
     27.44000000 -0.233043314653956E+005  0.297948422126630E+001 
     27.46000000 -0.233043314653786E+005  0.297948423830882E+001 
     27.48000000 -0.233043314653617E+005  0.297948425516262E+001 
     27.50000000 -0.233043314653450E+005  0.297948427192980E+001 
     27.52000000 -0.233043314653283E+005  0.297948428858562E+001 
     27.54000000 -0.233043314653117E+005  0.297948430522906E+001 
     27.56000000 -0.233043314652950E+005  0.297948432190962E+001 
     27.58000000 -0.233043314652782E+005  0.297948433866443E+001 
     27.60000000 -0.233043314652614E+005  0.297948435551205E+001 
     27.62000000 -0.233043314652444E+005  0.297948437255147E+001 
     27.64000000 -0.233043314652271E+005  0.297948438979506E+001 
     27.66000000 -0.233043314652097E+005  0.297948440722427E+001 
     27.68000000 -0.233043314651921E+005  0.297948442484528E+001 
     27.70000000 -0.233043314651743E+005  0.297948444262716E+001 
     27.72000000 -0.233043314651564E+005  0.297948446051422E+001 
     27.74000000 -0.233043314651385E+005  0.297948447844768E+001 
     27.76000000 -0.233043314651206E+005  0.297948449635639E+001 
     27.78000000 -0.233043314651027E+005  0.297948451416302E+001 
     27.80000000 -0.233043314650851E+005  0.297948453183662E+001 
     27.82000000 -0.233043314650676E+005  0.297948454933079E+001 
     27.84000000 -0.233043314650503E+005  0.297948456660532E+001 
     27.86000000 -0.233043314650333E+005  0.297948458364165E+001 
     27.88000000 -0.233043314650165E+005  0.297948460044286E+001 
     27.90000000 -0.233043314649999E+005  0.297948461704918E+001 
     27.92000000 -0.233043314649834E+005  0.297948463346369E+001 
     27.94000000 -0.233043314649672E+005  0.297948464970187E+001 
     27.96000000 -0.233043314649511E+005  0.297948466582869E+001 
     27.98000000 -0.233043314649351E+005  0.297948468184723E+001 
     28.00000000 -0.233043314649191E+005  0.297948469781936E+001 
     28.02000000 -0.233043314649031E+005  0.297948471385337E+001 
     28.04000000 -0.233043314648870E+005  0.297948472993996E+001 
     28.06000000 -0.233043314648708E+005  0.297948474610081E+001 
     28.08000000 -0.233043314648545E+005  0.297948476238230E+001 
     28.10000000 -0.233043314648381E+005  0.297948477880609E+001 
     28.12000000 -0.233043314648216E+005  0.297948479532889E+001 
     28.14000000 -0.233043314648049E+005  0.297948481201873E+001 
     28.16000000 -0.233043314647882E+005  0.297948482875498E+001 
     28.18000000 -0.233043314647713E+005  0.297948484558403E+001 
     28.20000000 -0.233043314647545E+005  0.297948486240690E+001 
     28.22000000 -0.233043314647377E+005  0.297948487918646E+001 
     28.24000000 -0.233043314647210E+005  0.297948489591033E+001 
     28.26000000 -0.233043314647044E+005  0.297948491254140E+001 
     28.28000000 -0.233043314646878E+005  0.297948492912916E+001 
     28.30000000 -0.233043314646713E+005  0.297948494564267E+001 
     28.32000000 -0.233043314646548E+005  0.297948496211905E+001 
     28.34000000 -0.233043314646382E+005  0.297948497866659E+001 
     28.36000000 -0.233043314646217E+005  0.297948499522032E+001 
     28.38000000 -0.233043314646050E+005  0.297948501190707E+001 
     28.40000000 -0.233043314645882E+005  0.297948502873613E+001 
     28.42000000 -0.233043314645712E+005  0.297948504566418E+001 
     28.44000000 -0.233043314645542E+005  0.297948506273453E+001 
     28.46000000 -0.233043314645370E+005  0.297948507992863E+001 
     28.48000000 -0.233043314645197E+005  0.297948509720316E+001 
     28.50000000 -0.233043314645024E+005  0.297948511450862E+001 
     28.52000000 -0.233043314644851E+005  0.297948513183265E+001 
     28.54000000 -0.233043314644678E+005  0.297948514911955E+001 
     28.56000000 -0.233043314644506E+005  0.297948516631984E+001 
     28.58000000 -0.233043314644335E+005  0.297948518343041E+001 
     28.60000000 -0.233043314644165E+005  0.297948520038321E+001 
     28.62000000 -0.233043314643997E+005  0.297948521722154E+001 
     28.64000000 -0.233043314643830E+005  0.297948523392376E+001 
     28.66000000 -0.233043314643664E+005  0.297948525050533E+001 
     28.68000000 -0.233043314643499E+005  0.297948526696006E+001 
     28.70000000 -0.233043314643336E+005  0.297948528334983E+001 
     28.72000000 -0.233043314643173E+005  0.297948529965298E+001 
     28.74000000 -0.233043314643010E+005  0.297948531594375E+001 
     28.76000000 -0.233043314642848E+005  0.297948533212934E+001 
     28.78000000 -0.233043314642686E+005  0.297948534833040E+001 
     28.80000000 -0.233043314642524E+005  0.297948536446340E+001 
     28.82000000 -0.233043314642364E+005  0.297948538050050E+001 
     28.84000000 -0.233043314642204E+005  0.297948539648810E+001 
     28.86000000 -0.233043314642045E+005  0.297948541237052E+001 
     28.88000000 -0.233043314641887E+005  0.297948542816014E+001 
     28.90000000 -0.233043314641730E+005  0.297948544387551E+001 
     28.92000000 -0.233043314641574E+005  0.297948545954138E+001 
     28.94000000 -0.233043314641417E+005  0.297948547520725E+001 
     28.96000000 -0.233043314641260E+005  0.297948549093499E+001 
     28.98000000 -0.233043314641101E+005  0.297948550679266E+001 
     29.00000000 -0.233043314640941E+005  0.297948552284213E+001 
     29.02000000 -0.233043314640778E+005  0.297948553911435E+001 
     29.04000000 -0.233043314640613E+005  0.297948555562167E+001 
     29.06000000 -0.233043314640445E+005  0.297948557241360E+001 
     29.08000000 -0.233043314640275E+005  0.297948558944683E+001 
     29.10000000 -0.233043314640102E+005  0.297948560666258E+001 
     29.12000000 -0.233043314639929E+005  0.297948562402064E+001 
     29.14000000 -0.233043314639754E+005  0.297948564149625E+001 
     29.16000000 -0.233043314639580E+005  0.297948565895021E+001 
     29.18000000 -0.233043314639405E+005  0.297948567641345E+001 
     29.20000000 -0.233043314639231E+005  0.297948569381791E+001 
     29.22000000 -0.233043314639058E+005  0.297948571113575E+001 
     29.24000000 -0.233043314638886E+005  0.297948572832366E+001 
     29.26000000 -0.233043314638715E+005  0.297948574540639E+001 
     29.28000000 -0.233043314638546E+005  0.297948576235300E+001 
     29.30000000 -0.233043314638377E+005  0.297948577919443E+001 
     29.32000000 -0.233043314638210E+005  0.297948579592140E+001 
     29.34000000 -0.233043314638044E+005  0.297948581255556E+001 
     29.36000000 -0.233043314637878E+005  0.297948582906907E+001 
     29.38000000 -0.233043314637714E+005  0.297948584552689E+001 
     29.40000000 -0.233043314637550E+005  0.297948586192285E+001 
     29.42000000 -0.233043314637386E+005  0.297948587831262E+001 
     29.44000000 -0.233043314637222E+005  0.297948589470238E+001 
     29.46000000 -0.233043314637058E+005  0.297948591110452E+001 
     29.48000000 -0.233043314636893E+005  0.297948592756235E+001 
     29.50000000 -0.233043314636729E+005  0.297948594404492E+001 
     29.52000000 -0.233043314636563E+005  0.297948596061103E+001 
     29.54000000 -0.233043314636397E+005  0.297948597720188E+001 
     29.56000000 -0.233043314636231E+005  0.297948599379891E+001 
     29.58000000 -0.233043314636066E+005  0.297948601035883E+001 
     29.60000000 -0.233043314635900E+005  0.297948602691874E+001 
     29.62000000 -0.233043314635736E+005  0.297948604330541E+001 
     29.64000000 -0.233043314635573E+005  0.297948605962094E+001 
     29.66000000 -0.233043314635411E+005  0.297948607580653E+001 
     29.68000000 -0.233043314635251E+005  0.297948609183435E+001 
     29.70000000 -0.233043314635092E+005  0.297948610771986E+001 
     29.72000000 -0.233043314634935E+005  0.297948612343523E+001 
     29.74000000 -0.233043314634779E+005  0.297948613904541E+001 
     29.76000000 -0.233043314634624E+005  0.297948615454733E+001 
     29.78000000 -0.233043314634470E+005  0.297948616993168E+001 
     29.80000000 -0.233043314634317E+005  0.297948618521395E+001 
     29.82000000 -0.233043314634165E+005  0.297948620044053E+001 
     29.84000000 -0.233043314634013E+005  0.297948621564236E+001 
     29.86000000 -0.233043314633861E+005  0.297948623082564E+001 
     29.88000000 -0.233043314633709E+005  0.297948624601200E+001 
     29.90000000 -0.233043314633557E+005  0.297948626122002E+001 
     29.92000000 -0.233043314633404E+005  0.297948627649301E+001 
     29.94000000 -0.233043314633251E+005  0.297948629183715E+001 
     29.96000000 -0.233043314633096E+005  0.297948630728956E+001 
     29.98000000 -0.233043314632941E+005  0.297948632284406E+001 
     30.00000000 -0.233043314632784E+005  0.297948633849447E+001 
