# Real time calculation: 
# Eall: Total energy
# Eall0: Initial total energy
# 1:Time[fs] 2:Eall[eV] 3:Eall-Eall0[eV] 
      0.00000000 -0.233311536618580E+005  0.000000000000000E+000 
      0.02000000 -0.233311536618807E+005 -0.227223180436624E-007 
      0.04000000 -0.233311536618812E+005 -0.232420388648109E-007 
      0.06000000 -0.233311536618814E+005 -0.233781562227307E-007 
      0.08000000 -0.233311536618804E+005 -0.223882118014956E-007 
      0.10000000 -0.233311536618768E+005 -0.188058504271510E-007 
      0.12000000 -0.233311536618680E+005 -0.100015322307911E-007 
      0.14000000 -0.233311536618500E+005  0.799380120147362E-008 
      0.16000000 -0.233311536618170E+005  0.409867926154504E-007 
      0.18000000 -0.233311536617611E+005  0.968969973810204E-007 
      0.20000000 -0.233311536616719E+005  0.186128112650101E-006 
      0.22000000 -0.233311536615362E+005  0.321846399225120E-006 
      0.24000000 -0.233311536613377E+005  0.520324068530130E-006 
      0.26000000 -0.233311536610569E+005  0.801152739376636E-006 
      0.28000000 -0.233311536606706E+005  0.118741049108468E-005 
      0.30000000 -0.233311536601521E+005  0.170590316243553E-005 
      0.32000000 -0.233311536594710E+005  0.238704370219530E-005 
      0.34000000 -0.233311536585928E+005  0.326515533959402E-005 
      0.36000000 -0.233311536574798E+005  0.437818697530446E-005 
      0.38000000 -0.233311536560903E+005  0.576771627501851E-005 
      0.40000000 -0.233311536543792E+005  0.747882901997079E-005 
      0.42000000 -0.233311536522982E+005  0.955980974930704E-005 
      0.44000000 -0.233311536497960E+005  0.120619963619973E-004 
      0.46000000 -0.233311536468185E+005  0.150394614784751E-004 
      0.48000000 -0.233311536433093E+005  0.185486814279720E-004 
      0.50000000 -0.233311536392098E+005  0.226482361716146E-004 
      0.52000000 -0.233311536344596E+005  0.273984380732665E-004 
      0.54000000 -0.233311536289971E+005  0.328608554887762E-004 
      0.56000000 -0.233311536227600E+005  0.390980188762259E-004 
      0.58000000 -0.233311536156850E+005  0.461730155374354E-004 
      0.60000000 -0.233311536077091E+005  0.541489513356821E-004 
      0.62000000 -0.233311535987692E+005  0.630887588939696E-004 
      0.64000000 -0.233311535888035E+005  0.730544798853225E-004 
      0.66000000 -0.233311535777508E+005  0.841072031612600E-004 
      0.68000000 -0.233311535655515E+005  0.963064986273299E-004 
      0.70000000 -0.233311535521477E+005  0.109710259470717E-003 
      0.72000000 -0.233311535374837E+005  0.124374337118236E-003 
      0.74000000 -0.233311535215056E+005  0.140352380370365E-003 
      0.76000000 -0.233311535041624E+005  0.157695600289447E-003 
      0.78000000 -0.233311534854053E+005  0.176452711421733E-003 
      0.80000000 -0.233311534651882E+005  0.196669777118576E-003 
      0.82000000 -0.233311534434678E+005  0.218390178600659E-003 
      0.84000000 -0.233311534202035E+005  0.241654500495677E-003 
      0.86000000 -0.233311533953573E+005  0.266500731920794E-003 
      0.88000000 -0.233311533688939E+005  0.292964114897406E-003 
      0.90000000 -0.233311533407806E+005  0.321077428960163E-003 
      0.92000000 -0.233311533109870E+005  0.350871034467031E-003 
      0.94000000 -0.233311532794849E+005  0.382373138646865E-003 
      0.96000000 -0.233311532462481E+005  0.415609925529605E-003 
      0.98000000 -0.233311532112522E+005  0.450605825087422E-003 
      1.00000000 -0.233311531744741E+005  0.487383881370297E-003 
      1.02000000 -0.233311531358920E+005  0.525965962869209E-003 
      1.04000000 -0.233311530954851E+005  0.566372889352769E-003 
      1.06000000 -0.233311530532330E+005  0.608624997991678E-003 
      1.08000000 -0.233311530091158E+005  0.652742245446756E-003 
      1.10000000 -0.233311529631136E+005  0.698744408951391E-003 
      1.12000000 -0.233311529152065E+005  0.746651473008589E-003 
      1.14000000 -0.233311528653743E+005  0.796483743853288E-003 
      1.16000000 -0.233311528135959E+005  0.848262075283439E-003 
      1.18000000 -0.233311527598500E+005  0.902008014058083E-003 
      1.20000000 -0.233311527041139E+005  0.957744062851347E-003 
      1.22000000 -0.233311526463643E+005  0.101549368953317E-002 
      1.24000000 -0.233311525865765E+005  0.107528147566095E-002 
      1.26000000 -0.233311525247248E+005  0.113713317216396E-002 
      1.28000000 -0.233311524607823E+005  0.120107573646621E-002 
      1.30000000 -0.233311523947206E+005  0.126713736342225E-002 
      1.32000000 -0.233311523265108E+005  0.133534723164390E-002 
      1.34000000 -0.233311522561222E+005  0.140573584379363E-002 
      1.36000000 -0.233311521835236E+005  0.147833445117940E-002 
      1.38000000 -0.233311521086826E+005  0.155317536001867E-002 
      1.40000000 -0.233311520315666E+005  0.163029142718551E-002 
      1.42000000 -0.233311519521418E+005  0.170971617776644E-002 
      1.44000000 -0.233311518703747E+005  0.179148327915253E-002 
      1.46000000 -0.233311517862315E+005  0.187562651629073E-002 
      1.48000000 -0.233311516996785E+005  0.196217947304551E-002 
      1.50000000 -0.233311516106828E+005  0.205117523830917E-002 
      1.52000000 -0.233311515192119E+005  0.214264610901845E-002 
      1.54000000 -0.233311514252347E+005  0.223662326532904E-002 
      1.56000000 -0.233311513287214E+005  0.233313664377895E-002 
      1.58000000 -0.233311512296435E+005  0.243221445469061E-002 
      1.60000000 -0.233311511279750E+005  0.253388296562053E-002 
      1.62000000 -0.233311510236918E+005  0.263816622912456E-002 
      1.64000000 -0.233311509167724E+005  0.274508559087928E-002 
      1.66000000 -0.233311508071984E+005  0.285465964327837E-002 
      1.68000000 -0.233311506949543E+005  0.296690371808603E-002 
      1.70000000 -0.233311505800283E+005  0.308182965751242E-002 
      1.72000000 -0.233311504624124E+005  0.319944562241185E-002 
      1.74000000 -0.233311503421022E+005  0.331975579529950E-002 
      1.76000000 -0.233311502190980E+005  0.344276004315159E-002 
      1.78000000 -0.233311500934042E+005  0.356845377819445E-002 
      1.80000000 -0.233311499650301E+005  0.369682788365867E-002 
      1.82000000 -0.233311498339896E+005  0.382786843535725E-002 
      1.84000000 -0.233311497003014E+005  0.396155656556823E-002 
      1.86000000 -0.233311495639895E+005  0.409786852490624E-002 
      1.88000000 -0.233311494250824E+005  0.423677560498306E-002 
      1.90000000 -0.233311492836140E+005  0.437824395279306E-002 
      1.92000000 -0.233311491396232E+005  0.452223483057361E-002 
      1.94000000 -0.233311489931535E+005  0.466870452609135E-002 
      1.96000000 -0.233311488442537E+005  0.481760432789361E-002 
      1.98000000 -0.233311486929771E+005  0.496888088416324E-002 
      2.00000000 -0.233311485393819E+005  0.512247611609847E-002 
      2.02000000 -0.233311483835305E+005  0.527832748705407E-002 
      2.04000000 -0.233311482254898E+005  0.543636824384029E-002 
      2.06000000 -0.233311480653304E+005  0.559652759615027E-002 
      2.08000000 -0.233311479031270E+005  0.575873095785903E-002 
      2.10000000 -0.233311477389578E+005  0.592290017594810E-002 
      2.12000000 -0.233311475729041E+005  0.608895392338967E-002 
      2.14000000 -0.233311474050502E+005  0.625680783526405E-002 
      2.16000000 -0.233311472354831E+005  0.642637493876666E-002 
      2.18000000 -0.233311470642922E+005  0.659756580479336E-002 
      2.20000000 -0.233311468915691E+005  0.677028894082458E-002 
      2.22000000 -0.233311467174069E+005  0.694445107862797E-002 
      2.24000000 -0.233311465419007E+005  0.711995731346929E-002 
      2.26000000 -0.233311463651464E+005  0.729671159599107E-002 
      2.28000000 -0.233311461872413E+005  0.747461668580896E-002 
      2.30000000 -0.233311460082833E+005  0.765357466813897E-002 
      2.32000000 -0.233311458283710E+005  0.783348700020112E-002 
      2.34000000 -0.233311456476033E+005  0.801425469374044E-002 
      2.36000000 -0.233311454660793E+005  0.819577870172400E-002 
      2.38000000 -0.233311452838982E+005  0.837795977294286E-002 
      2.40000000 -0.233311451011592E+005  0.856069881705401E-002 
      2.42000000 -0.233311449179611E+005  0.874389687055111E-002 
      2.44000000 -0.233311447344027E+005  0.892745531331475E-002 
      2.46000000 -0.233311445505823E+005  0.911127569846584E-002 
      2.48000000 -0.233311443665981E+005  0.929525994107367E-002 
      2.50000000 -0.233311441825477E+005  0.947931025628446E-002 
      2.52000000 -0.233311439985289E+005  0.966332908816908E-002 
      2.54000000 -0.233311438146389E+005  0.984721906022582E-002 
      2.56000000 -0.233311436309751E+005  0.100308829104153E-001 
      2.58000000 -0.233311434476346E+005  0.102142234138210E-001 
      2.60000000 -0.233311432647148E+005  0.103971432248771E-001 
      2.62000000 -0.233311430823132E+005  0.105795447938415E-001 
      2.64000000 -0.233311429005278E+005  0.107613301904623E-001 
      2.66000000 -0.233311427194570E+005  0.109424010482935E-001 
      2.68000000 -0.233311425391995E+005  0.111226584564194E-001 
      2.70000000 -0.233311423598552E+005  0.113020027862148E-001 
      2.72000000 -0.233311421815244E+005  0.114803335768825E-001 
      2.74000000 -0.233311420043086E+005  0.116575494302714E-001 
      2.76000000 -0.233311418283100E+005  0.118335480510935E-001 
      2.78000000 -0.233311416536321E+005  0.120082258695074E-001 
      2.80000000 -0.233311414803798E+005  0.121814781957969E-001 
      2.82000000 -0.233311413086590E+005  0.123531990161952E-001 
      2.84000000 -0.233311411385769E+005  0.125232811197215E-001 
      2.86000000 -0.233311409702421E+005  0.126916159094728E-001 
      2.88000000 -0.233311408037645E+005  0.128580935108990E-001 
      2.90000000 -0.233311406392553E+005  0.130226027223060E-001 
      2.92000000 -0.233311404768270E+005  0.131850310488845E-001 
      2.94000000 -0.233311403165932E+005  0.133452648450149E-001 
      2.96000000 -0.233311401586686E+005  0.135031893792325E-001 
      2.98000000 -0.233311400031691E+005  0.136586889394087E-001 
      3.00000000 -0.233311398502110E+005  0.138116470307401E-001 
      3.02000000 -0.233311396999116E+005  0.139619464221523E-001 
      3.04000000 -0.233311395523884E+005  0.141094695824937E-001 
      3.06000000 -0.233311394077593E+005  0.142540986557876E-001 
      3.08000000 -0.233311392661421E+005  0.143957158695835E-001 
      3.10000000 -0.233311391276542E+005  0.145342038164731E-001 
      3.12000000 -0.233311389924125E+005  0.146694455283359E-001 
      3.14000000 -0.233311388605330E+005  0.148013250115278E-001 
      3.16000000 -0.233311387321306E+005  0.149297274170282E-001 
      3.18000000 -0.233311386073186E+005  0.150545393869200E-001 
      3.20000000 -0.233311384862086E+005  0.151756493544670E-001 
      3.22000000 -0.233311383689101E+005  0.152929479462786E-001 
      3.24000000 -0.233311382555298E+005  0.154063282483572E-001 
      3.26000000 -0.233311381461713E+005  0.155156867310778E-001 
      3.28000000 -0.233311380409330E+005  0.156209249939650E-001 
      3.30000000 -0.233311379399038E+005  0.157219542420978E-001 
      3.32000000 -0.233311378431535E+005  0.158187044647505E-001 
      3.34000000 -0.233311377507167E+005  0.159111413386939E-001 
      3.36000000 -0.233311376625631E+005  0.159992949427705E-001 
      3.38000000 -0.233311375785530E+005  0.160833050292905E-001 
      3.40000000 -0.233311374983698E+005  0.161634882443512E-001 
      3.42000000 -0.233311374214249E+005  0.162404331439404E-001 
      3.44000000 -0.233311373467303E+005  0.163151277451814E-001 
      3.46000000 -0.233311372727335E+005  0.163891244820090E-001 
      3.48000000 -0.233311371971129E+005  0.164647451360396E-001 
      3.50000000 -0.233311371165323E+005  0.165453257147910E-001 
      3.52000000 -0.233311370263589E+005  0.166354991086574E-001 
      3.54000000 -0.233311369203495E+005  0.167415084825644E-001 
      3.56000000 -0.233311367903173E+005  0.168715406892498E-001 
      3.58000000 -0.233311366257935E+005  0.170360644714012E-001 
      3.60000000 -0.233311364137044E+005  0.172481536135442E-001 
      3.62000000 -0.233311361380878E+005  0.175237702332001E-001 
      3.64000000 -0.233311357798769E+005  0.178819811084903E-001 
      3.66000000 -0.233311353167823E+005  0.183450757321027E-001 
      3.68000000 -0.233311347233035E+005  0.189385545278586E-001 
      3.70000000 -0.233311339709021E+005  0.196909559445463E-001 
      3.72000000 -0.233311330283660E+005  0.206334920326301E-001 
      3.74000000 -0.233311318623890E+005  0.217994690081259E-001 
      3.76000000 -0.233311304383844E+005  0.232234736358432E-001 
      3.78000000 -0.233311287215417E+005  0.249403163090358E-001 
      3.80000000 -0.233311266781240E+005  0.269837339778181E-001 
      3.82000000 -0.233311242769905E+005  0.293848675311187E-001 
      3.84000000 -0.233311214913132E+005  0.321705448247013E-001 
      3.86000000 -0.233311183004415E+005  0.353614164642350E-001 
      3.88000000 -0.233311146918502E+005  0.389700077988489E-001 
      3.90000000 -0.233311106630898E+005  0.429987681923399E-001 
      3.92000000 -0.233311062236444E+005  0.474382135935493E-001 
      3.94000000 -0.233311013965849E+005  0.522652730909734E-001 
      3.96000000 -0.233310962198975E+005  0.574419604692217E-001 
      3.98000000 -0.233310907473576E+005  0.629145003572346E-001 
      4.00000000 -0.233310850488177E+005  0.686130402874802E-001 
      4.02000000 -0.233310792097784E+005  0.744520796234041E-001 
      4.04000000 -0.233310733301215E+005  0.803317365428908E-001 
      4.06000000 -0.233310675218961E+005  0.861399618726279E-001 
      4.08000000 -0.233310619060718E+005  0.917557862078952E-001 
      4.10000000 -0.233310566081966E+005  0.970536613726027E-001 
      4.12000000 -0.233310517529348E+005  0.101908923192467E+000 
      4.14000000 -0.233310474574953E+005  0.106204362742987E+000 
      4.16000000 -0.233310438240065E+005  0.109837851464404E+000 
      4.18000000 -0.233310409309417E+005  0.112730916304674E+000 
      4.20000000 -0.233310388237458E+005  0.114838112160581E+000 
      4.22000000 -0.233310375048700E+005  0.116156987969954E+000 
      4.24000000 -0.233310369234646E+005  0.116738393446859E+000 
      4.26000000 -0.233310369650310E+005  0.116696827029411E+000 
      4.28000000 -0.233310374413743E+005  0.116220483729029E+000 
      4.30000000 -0.233310380812303E+005  0.115580627679827E+000 
      4.32000000 -0.233310385219705E+005  0.115139887541848E+000 
      4.34000000 -0.233310383027985E+005  0.115359059479558E+000 
      4.36000000 -0.233310368598599E+005  0.116801998065791E+000 
      4.38000000 -0.233310335236700E+005  0.120138187977925E+000 
      4.40000000 -0.233310275192440E+005  0.126142613962493E+000 
      4.42000000 -0.233310179692701E+005  0.135692587886985E+000 
      4.44000000 -0.233310039006110E+005  0.149761247016900E+000 
      4.46000000 -0.233309842543487E+005  0.169407509334320E+000 
      4.48000000 -0.233309578995020E+005  0.195762356032738E+000 
      4.50000000 -0.233309236504489E+005  0.230011409073747E+000 
      4.52000000 -0.233308802879784E+005  0.273373879644597E+000 
      4.54000000 -0.233308265837778E+005  0.327078080246437E+000 
      4.56000000 -0.233307613280433E+005  0.392333814736049E+000 
      4.58000000 -0.233306833597739E+005  0.470302084120923E+000 
      4.60000000 -0.233305915991880E+005  0.562062669993911E+000 
      4.62000000 -0.233304850815854E+005  0.668580272571699E+000 
      4.64000000 -0.233303629918681E+005  0.790669989894322E+000 
      4.66000000 -0.233302246988412E+005  0.928963016807812E+000 
      4.68000000 -0.233300697883373E+005  0.108387352071544E+001 
      4.70000000 -0.233298980941551E+005  0.125556770294679E+001 
      4.72000000 -0.233297097257717E+005  0.144393608630935E+001 
      4.74000000 -0.233295050917899E+005  0.164857006813729E+001 
      4.76000000 -0.233292849181088E+005  0.186874374921820E+001 
      4.78000000 -0.233290502598723E+005  0.210340198568361E+001 
      4.80000000 -0.233288025063433E+005  0.235115551471446E+001 
      4.82000000 -0.233285433779824E+005  0.261028387558560E+001 
      4.84000000 -0.233282749151723E+005  0.287874668575143E+001 
      4.86000000 -0.233279994582162E+005  0.315420364176655E+001 
      4.88000000 -0.233277196184596E+005  0.343404339836821E+001 
      4.90000000 -0.233274382406145E+005  0.371542124345934E+001 
      4.92000000 -0.233271583566205E+005  0.399530523750317E+001 
      4.94000000 -0.233268831316286E+005  0.427053022944143E+001 
      4.96000000 -0.233266158029520E+005  0.453785890602857E+001 
      4.98000000 -0.233263596130685E+005  0.479404878946352E+001 
      5.00000000 -0.233261177379869E+005  0.503592387110444E+001 
      5.02000000 -0.233258932124837E+005  0.526044937430500E+001 
      5.04000000 -0.233256888538808E+005  0.546480797724844E+001 
      5.06000000 -0.233255071861475E+005  0.564647571054791E+001 
      5.08000000 -0.233253503661866E+005  0.580329567137579E+001 
      5.10000000 -0.233252201141754E+005  0.593354768256721E+001 
      5.12000000 -0.233251176498018E+005  0.603601205621481E+001 
      5.14000000 -0.233250436361424E+005  0.611002571560715E+001 
      5.16000000 -0.233249981327963E+005  0.615552906168170E+001 
      5.18000000 -0.233249805596965E+005  0.617310216151363E+001 
      5.20000000 -0.233249896728061E+005  0.616398905189672E+001 
      5.22000000 -0.233250235526491E+005  0.613010920886425E+001 
      5.24000000 -0.233250796063532E+005  0.607405550483349E+001 
      5.26000000 -0.233251545835974E+005  0.599907826060104E+001 
      5.28000000 -0.233252446065710E+005  0.590905528705082E+001 
      5.30000000 -0.233253452137661E+005  0.580844809189687E+001 
      5.32000000 -0.233254514171628E+005  0.570224469518805E+001 
      5.34000000 -0.233255577721096E+005  0.559588974835491E+001 
      5.36000000 -0.233256584589771E+005  0.549520288093643E+001 
      5.38000000 -0.233257473754514E+005  0.540628640663236E+001 
      5.40000000 -0.233258182381491E+005  0.533542370889899E+001 
      5.42000000 -0.233258646920631E+005  0.528896979488416E+001 
      5.44000000 -0.233258804261964E+005  0.527323566163427E+001 
      5.46000000 -0.233258592935949E+005  0.529436826314914E+001 
      5.48000000 -0.233257954338556E+005  0.535822800240878E+001 
      5.50000000 -0.233256833960538E+005  0.547026580421433E+001 
      5.52000000 -0.233255182599087E+005  0.563540194934436E+001 
      5.54000000 -0.233252957528911E+005  0.585790896691099E+001 
      5.56000000 -0.233250123608714E+005  0.614130098656112E+001 
      5.58000000 -0.233246654298247E+005  0.648823203331904E+001 
      5.60000000 -0.233242532560596E+005  0.690040579843703E+001 
      5.62000000 -0.233237751624317E+005  0.737849942629671E+001 
      5.64000000 -0.233232315580531E+005  0.792210380487492E+001 
      5.66000000 -0.233226239791324E+005  0.852968272562684E+001 
      5.68000000 -0.233219551087871E+005  0.919855307091471E+001 
      5.70000000 -0.233212287739723E+005  0.992488788574344E+001 
      5.72000000 -0.233204499180688E+005  0.107037437891546E+002 
      5.74000000 -0.233196245481833E+005  0.115291136747469E+002 
      5.76000000 -0.233187596568110E+005  0.123940050470351E+002 
      5.78000000 -0.233178631182103E+005  0.132905436476600E+002 
      5.80000000 -0.233169435606001E+005  0.142101012578565E+002 
      5.82000000 -0.233160102161009E+005  0.151434457571305E+002 
      5.84000000 -0.233150727511761E+005  0.160809106819237E+002 
      5.86000000 -0.233141410811389E+005  0.170125807191404E+002 
      5.88000000 -0.233132251730454E+005  0.179284888126326E+002 
      5.90000000 -0.233123348419534E+005  0.188188199046389E+002 
      5.92000000 -0.233114795460436E+005  0.196741158143543E+002 
      5.94000000 -0.233106681864388E+005  0.204854754192436E+002 
      5.96000000 -0.233099089176832E+005  0.212447441747726E+002 
      5.98000000 -0.233092089747434E+005  0.219446871146505E+002 
      6.00000000 -0.233085745220240E+005  0.225791398339827E+002 
      6.02000000 -0.233080105292948E+005  0.231431325631839E+002 
      6.04000000 -0.233075206785687E+005  0.236329832892632E+002 
      6.06000000 -0.233071073049208E+005  0.240463569371697E+002 
      6.08000000 -0.233067713730018E+005  0.243822888561993E+002 
      6.10000000 -0.233065124896646E+005  0.246411721934488E+002 
      6.12000000 -0.233063289517287E+005  0.248247101293096E+002 
      6.14000000 -0.233062178265383E+005  0.249358353196888E+002 
      6.16000000 -0.233061750616964E+005  0.249786001615829E+002 
      6.18000000 -0.233061956192612E+005  0.249580425968241E+002 
      6.20000000 -0.233062736288164E+005  0.248800330416030E+002 
      6.22000000 -0.233064025532501E+005  0.247511086079252E+002 
      6.24000000 -0.233065753608134E+005  0.245783010446139E+002 
      6.26000000 -0.233067846971099E+005  0.243689647481124E+002 
      6.28000000 -0.233070230510718E+005  0.241306107861809E+002 
      6.30000000 -0.233072829096929E+005  0.238707521651385E+002 
      6.32000000 -0.233075568972496E+005  0.235967646083641E+002 
      6.34000000 -0.233078378958949E+005  0.233157659630890E+002 
      6.36000000 -0.233081191457682E+005  0.230345160897838E+002 
      6.38000000 -0.233083943240484E+005  0.227593378095702E+002 
      6.40000000 -0.233086576035938E+005  0.224960582641590E+002 
      6.42000000 -0.233089036928855E+005  0.222499689725384E+002 
      6.44000000 -0.233091278598517E+005  0.220258020063070E+002 
      6.46000000 -0.233093259427475E+005  0.218277191105279E+002 
      6.48000000 -0.233094943515647E+005  0.216593102933267E+002 
      6.50000000 -0.233096300634523E+005  0.215235984056906E+002 
      6.52000000 -0.233097306153456E+005  0.214230465123617E+002 
      6.54000000 -0.233097940964760E+005  0.213595653819709E+002 
      6.56000000 -0.233098191427165E+005  0.213345191414696E+002 
      6.58000000 -0.233098049338794E+005  0.213487279785919E+002 
      6.60000000 -0.233097511941948E+005  0.214024676632008E+002 
      6.62000000 -0.233096581953403E+005  0.214954665176780E+002 
      6.64000000 -0.233095267606293E+005  0.216269012287007E+002 
      6.66000000 -0.233093582683593E+005  0.217953934987239E+002 
      6.68000000 -0.233091546519167E+005  0.219990099413031E+002 
      6.70000000 -0.233089183940538E+005  0.222352678042442E+002 
      6.72000000 -0.233086525128095E+005  0.225011490484976E+002 
      6.74000000 -0.233083605368275E+005  0.227931250305380E+002 
      6.76000000 -0.233080464683019E+005  0.231071935560926E+002 
      6.78000000 -0.233077147324248E+005  0.234389294331626E+002 
      6.80000000 -0.233073701129573E+005  0.237835489007519E+002 
      6.82000000 -0.233070176743601E+005  0.241359874979114E+002 
      6.84000000 -0.233066626717323E+005  0.244909901256895E+002 
      6.86000000 -0.233063104505706E+005  0.248432112873915E+002 
      6.88000000 -0.233059663390316E+005  0.251873228263869E+002 
      6.90000000 -0.233056355359149E+005  0.255181259431286E+002 
      6.92000000 -0.233053229979513E+005  0.258306639066917E+002 
      6.94000000 -0.233050333301740E+005  0.261203316840212E+002 
      6.96000000 -0.233047706831438E+005  0.263829787142047E+002 
      6.98000000 -0.233045386606194E+005  0.266150012385905E+002 
      7.00000000 -0.233043402409051E+005  0.268134209529111E+002 
      7.02000000 -0.233041777146033E+005  0.269759472546973E+002 
      7.04000000 -0.233040526408798E+005  0.271010209782251E+002 
      7.06000000 -0.233039658236372E+005  0.271878382207761E+002 
      7.08000000 -0.233039173082420E+005  0.272363536160343E+002 
      7.10000000 -0.233039063986792E+005  0.272472631787917E+002 
      7.12000000 -0.233039316942725E+005  0.272219675854654E+002 
      7.14000000 -0.233039911444162E+005  0.271625174418098E+002 
      7.16000000 -0.233040821191720E+005  0.270715426859854E+002 
      7.18000000 -0.233042014930858E+005  0.269521687722452E+002 
      7.20000000 -0.233043457392090E+005  0.268079226490420E+002 
      7.22000000 -0.233045110300698E+005  0.266426317881898E+002 
      7.24000000 -0.233046933422353E+005  0.264603196227147E+002 
      7.26000000 -0.233048885611286E+005  0.262651007293990E+002 
      7.28000000 -0.233050925829195E+005  0.260610789385406E+002 
      7.30000000 -0.233053014105615E+005  0.258522512964572E+002 
      7.32000000 -0.233055112414051E+005  0.256424204529137E+002 
      7.34000000 -0.233057185442390E+005  0.254351176190483E+002 
      7.36000000 -0.233059201240946E+005  0.252335377634410E+002 
      7.38000000 -0.233061131736533E+005  0.250404882047244E+002 
      7.40000000 -0.233062953106169E+005  0.248583512410763E+002 
      7.42000000 -0.233064646009051E+005  0.246890609528830E+002 
      7.44000000 -0.233066195680200E+005  0.245340938379828E+002 
      7.46000000 -0.233067591893457E+005  0.243944725122945E+002 
      7.48000000 -0.233068828805189E+005  0.242707813391068E+002 
      7.50000000 -0.233069904693067E+005  0.241631925513196E+002 
      7.52000000 -0.233070821606514E+005  0.240715012065863E+002 
      7.54000000 -0.233071584946882E+005  0.239951671698201E+002 
      7.56000000 -0.233072202996113E+005  0.239333622467154E+002 
      7.58000000 -0.233072686412610E+005  0.238850205969830E+002 
      7.60000000 -0.233073047712328E+005  0.238488906252323E+002 
      7.62000000 -0.233073300751836E+005  0.238235866743931E+002 
      7.64000000 -0.233073460228367E+005  0.238076390213055E+002 
      7.66000000 -0.233073541209742E+005  0.237995408837734E+002 
      7.68000000 -0.233073558704778E+005  0.237977913802382E+002 
      7.70000000 -0.233073527282292E+005  0.238009336287869E+002 
      7.72000000 -0.233073460744420E+005  0.238075874159700E+002 
      7.74000000 -0.233073371857562E+005  0.238164761017744E+002 
      7.76000000 -0.233073272142136E+005  0.238264476444402E+002 
      7.78000000 -0.233073171720346E+005  0.238364898234177E+002 
      7.80000000 -0.233073079219540E+005  0.238457399039907E+002 
      7.82000000 -0.233073001727341E+005  0.238534891238962E+002 
      7.84000000 -0.233072944793717E+005  0.238591824862903E+002 
      7.86000000 -0.233072912474382E+005  0.238624144197973E+002 
      7.88000000 -0.233072907409445E+005  0.238629209135101E+002 
      7.90000000 -0.233072930930997E+005  0.238605687583449E+002 
      7.92000000 -0.233072983193301E+005  0.238553425279483E+002 
      7.94000000 -0.233073063319414E+005  0.238473299165685E+002 
      7.96000000 -0.233073169558372E+005  0.238367060208075E+002 
      7.98000000 -0.233073299447472E+005  0.238237171107879E+002 
      8.00000000 -0.233073449974720E+005  0.238086643859598E+002 
      8.02000000 -0.233073617737023E+005  0.237918881557366E+002 
      8.04000000 -0.233073799090347E+005  0.237737528233372E+002 
      8.06000000 -0.233073990288669E+005  0.237546329911274E+002 
      8.08000000 -0.233074187609171E+005  0.237349009409411E+002 
      8.10000000 -0.233074387461769E+005  0.237149156811218E+002 
      8.12000000 -0.233074586481673E+005  0.236950136907250E+002 
      8.14000000 -0.233074781604261E+005  0.236755014319310E+002 
      8.16000000 -0.233074970122103E+005  0.236566496477393E+002 
      8.18000000 -0.233075149724488E+005  0.236386894092134E+002 
      8.20000000 -0.233075318520257E+005  0.236218098322760E+002 
      8.22000000 -0.233075475045142E+005  0.236061573437982E+002 
      8.24000000 -0.233075618255151E+005  0.235918363428670E+002 
      8.26000000 -0.233075747507794E+005  0.235789110785923E+002 
      8.28000000 -0.233075862533123E+005  0.235674085457284E+002 
      8.30000000 -0.233075963396682E+005  0.235573221897572E+002 
      8.32000000 -0.233076050456495E+005  0.235486162084880E+002 
      8.34000000 -0.233076124316173E+005  0.235412302407033E+002 
      8.36000000 -0.233076185776162E+005  0.235350842418235E+002 
      8.38000000 -0.233076235784962E+005  0.235300833617717E+002 
      8.40000000 -0.233076275391989E+005  0.235261226591198E+002 
      8.42000000 -0.233076305703479E+005  0.235230915100722E+002 
      8.44000000 -0.233076327842622E+005  0.235208775957638E+002 
      8.46000000 -0.233076342914783E+005  0.235193703796934E+002 
      8.48000000 -0.233076351978426E+005  0.235184640154506E+002 
      8.50000000 -0.233076356022057E+005  0.235180596522774E+002 
      8.52000000 -0.233076355947249E+005  0.235180671331018E+002 
      8.54000000 -0.233076352557545E+005  0.235184061034637E+002 
      8.56000000 -0.233076346552863E+005  0.235190065716569E+002 
      8.58000000 -0.233076338528808E+005  0.235198089771555E+002 
      8.60000000 -0.233076328980192E+005  0.235207638387879E+002 
      8.62000000 -0.233076318307951E+005  0.235218310629481E+002 
      8.64000000 -0.233076306828610E+005  0.235229789970172E+002 
      8.66000000 -0.233076294785438E+005  0.235241833141689E+002 
      8.68000000 -0.233076282360466E+005  0.235254258113825E+002 
      8.70000000 -0.233076269686609E+005  0.235266931971168E+002 
      8.72000000 -0.233076256859247E+005  0.235279759333469E+002 
      8.74000000 -0.233076243946716E+005  0.235292671864525E+002 
      8.76000000 -0.233076230999312E+005  0.235305619268106E+002 
      8.78000000 -0.233076218056554E+005  0.235318562026434E+002 
      8.80000000 -0.233076205152573E+005  0.235331466007463E+002 
      8.82000000 -0.233076192319662E+005  0.235344298918094E+002 
      8.84000000 -0.233076179590099E+005  0.235357028480785E+002 
      8.86000000 -0.233076166996483E+005  0.235369622096852E+002 
      8.88000000 -0.233076154570882E+005  0.235382047698284E+002 
      8.90000000 -0.233076142343148E+005  0.235394275431822E+002 
      8.92000000 -0.233076130338878E+005  0.235406279702235E+002 
      8.94000000 -0.233076118578724E+005  0.235418039856191E+002 
      8.96000000 -0.233076107079027E+005  0.235429539553232E+002 
      8.98000000 -0.233076095851837E+005  0.235440766742952E+002 
      9.00000000 -0.233076084904890E+005  0.235451713689769E+002 
      9.02000000 -0.233076074241645E+005  0.235462376935313E+002 
      9.04000000 -0.233076063861387E+005  0.235472757192902E+002 
      9.06000000 -0.233076053759400E+005  0.235482859180516E+002 
      9.08000000 -0.233076043927186E+005  0.235492691393550E+002 
      9.10000000 -0.233076034352760E+005  0.235502265819674E+002 
      9.12000000 -0.233076025020973E+005  0.235511597607172E+002 
      9.14000000 -0.233076015913895E+005  0.235520704685113E+002 
      9.16000000 -0.233076007011230E+005  0.235529607349833E+002 
      9.18000000 -0.233075998290756E+005  0.235538327823852E+002 
      9.20000000 -0.233075989728786E+005  0.235546889794342E+002 
      9.22000000 -0.233075981300638E+005  0.235555317942073E+002 
      9.24000000 -0.233075972981110E+005  0.235563637469730E+002 
      9.26000000 -0.233075964744946E+005  0.235571873634229E+002 
      9.28000000 -0.233075956567285E+005  0.235580051294900E+002 
      9.30000000 -0.233075948424101E+005  0.235588194478591E+002 
      9.32000000 -0.233075940292607E+005  0.235596325972708E+002 
      9.34000000 -0.233075932151636E+005  0.235604466943997E+002 
      9.36000000 -0.233075923981987E+005  0.235612636592553E+002 
      9.38000000 -0.233075915766739E+005  0.235620851840547E+002 
      9.40000000 -0.233075907491521E+005  0.235629127059375E+002 
      9.42000000 -0.233075899144741E+005  0.235637473839273E+002 
      9.44000000 -0.233075890717782E+005  0.235645900797741E+002 
      9.46000000 -0.233075882205138E+005  0.235654413441652E+002 
      9.48000000 -0.233075873604513E+005  0.235663014067399E+002 
      9.50000000 -0.233075864916861E+005  0.235671701719037E+002 
      9.52000000 -0.233075856146385E+005  0.235680472194962E+002 
      9.54000000 -0.233075847300473E+005  0.235689318107344E+002 
      9.56000000 -0.233075838389583E+005  0.235698228997264E+002 
      9.58000000 -0.233075829427078E+005  0.235707191502454E+002 
      9.60000000 -0.233075820429002E+005  0.235716189578079E+002 
      9.62000000 -0.233075811413814E+005  0.235725204765852E+002 
      9.64000000 -0.233075802402070E+005  0.235734216509640E+002 
      9.66000000 -0.233075793416068E+005  0.235743202512429E+002 
      9.68000000 -0.233075784479457E+005  0.235752139122962E+002 
      9.70000000 -0.233075775616826E+005  0.235761001753587E+002 
      9.72000000 -0.233075766853267E+005  0.235769765313296E+002 
      9.74000000 -0.233075758213931E+005  0.235778404649026E+002 
      9.76000000 -0.233075749723589E+005  0.235786894991314E+002 
      9.78000000 -0.233075741406193E+005  0.235795212386631E+002 
      9.80000000 -0.233075733284466E+005  0.235803334114112E+002 
      9.82000000 -0.233075725379505E+005  0.235811239075164E+002 
      9.84000000 -0.233075717710433E+005  0.235818908146939E+002 
      9.86000000 -0.233075710294087E+005  0.235826324492554E+002 
      9.88000000 -0.233075703144760E+005  0.235833473820337E+002 
      9.90000000 -0.233075696273995E+005  0.235840344584906E+002 
      9.92000000 -0.233075689690453E+005  0.235846928127278E+002 
      9.94000000 -0.233075683399835E+005  0.235853218745252E+002 
      9.96000000 -0.233075677404880E+005  0.235859213700020E+002 
      9.98000000 -0.233075671705428E+005  0.235864913152450E+002 
     10.00000000 -0.233075666298543E+005  0.235870320036830E+002 
     10.02000000 -0.233075661178702E+005  0.235875439878441E+002 
     10.04000000 -0.233075656338024E+005  0.235880280555694E+002 
     10.06000000 -0.233075651766550E+005  0.235884852030215E+002 
     10.08000000 -0.233075647452536E+005  0.235889166044353E+002 
     10.10000000 -0.233075643382778E+005  0.235893235801955E+002 
     10.12000000 -0.233075639542927E+005  0.235897075652575E+002 
     10.14000000 -0.233075635917802E+005  0.235900700778064E+002 
     10.16000000 -0.233075632491675E+005  0.235904126905234E+002 
     10.18000000 -0.233075629248537E+005  0.235907370042817E+002 
     10.20000000 -0.233075626172322E+005  0.235910446258076E+002 
     10.22000000 -0.233075623247088E+005  0.235913371491683E+002 
     10.24000000 -0.233075620457161E+005  0.235916161418759E+002 
     10.26000000 -0.233075617787230E+005  0.235918831350216E+002 
     10.28000000 -0.233075615222402E+005  0.235921396178408E+002 
     10.30000000 -0.233075612748221E+005  0.235923870359091E+002 
     10.32000000 -0.233075610350655E+005  0.235926267925500E+002 
     10.34000000 -0.233075608016053E+005  0.235928602527454E+002 
     10.36000000 -0.233075605731095E+005  0.235930887485148E+002 
     10.38000000 -0.233075603482730E+005  0.235933135849980E+002 
     10.40000000 -0.233075601258122E+005  0.235935360458003E+002 
     10.42000000 -0.233075599044613E+005  0.235937573967263E+002 
     10.44000000 -0.233075596829710E+005  0.235939788870489E+002 
     10.46000000 -0.233075594601112E+005  0.235942017467554E+002 
     10.48000000 -0.233075592346781E+005  0.235944271798812E+002 
     10.50000000 -0.233075590055053E+005  0.235946563527108E+002 
     10.52000000 -0.233075587714806E+005  0.235948903773817E+002 
     10.54000000 -0.233075585315669E+005  0.235951302910866E+002 
     10.56000000 -0.233075582848266E+005  0.235953770313863E+002 
     10.58000000 -0.233075580304491E+005  0.235956314089093E+002 
     10.60000000 -0.233075577677789E+005  0.235958940791100E+002 
     10.62000000 -0.233075574963437E+005  0.235961655142818E+002 
     10.64000000 -0.233075572158803E+005  0.235964459776972E+002 
     10.66000000 -0.233075569263558E+005  0.235967355022502E+002 
     10.68000000 -0.233075566279839E+005  0.235970338741407E+002 
     10.70000000 -0.233075563212342E+005  0.235973406238194E+002 
     10.72000000 -0.233075560068333E+005  0.235976550246672E+002 
     10.74000000 -0.233075556857575E+005  0.235979761004875E+002 
     10.76000000 -0.233075553592168E+005  0.235983026412341E+002 
     10.78000000 -0.233075550286307E+005  0.235986332272989E+002 
     10.80000000 -0.233075546955970E+005  0.235989662610291E+002 
     10.82000000 -0.233075543618535E+005  0.235993000045309E+002 
     10.84000000 -0.233075540292356E+005  0.235996326224442E+002 
     10.86000000 -0.233075536996305E+005  0.235999622274957E+002 
     10.88000000 -0.233075533749305E+005  0.236002869275025E+002 
     10.90000000 -0.233075530569863E+005  0.236006048716893E+002 
     10.92000000 -0.233075527475632E+005  0.236009142947810E+002 
     10.94000000 -0.233075524483010E+005  0.236012135570152E+002 
     10.96000000 -0.233075521606788E+005  0.236015011792291E+002 
     10.98000000 -0.233075518859866E+005  0.236017758713644E+002 
     11.00000000 -0.233075516253037E+005  0.236020365542641E+002 
     11.02000000 -0.233075513794839E+005  0.236022823740888E+002 
     11.04000000 -0.233075511491489E+005  0.236025127091533E+002 
     11.06000000 -0.233075509346880E+005  0.236027271700136E+002 
     11.08000000 -0.233075507362651E+005  0.236029255928554E+002 
     11.10000000 -0.233075505538309E+005  0.236031080270895E+002 
     11.12000000 -0.233075503871398E+005  0.236032747181910E+002 
     11.14000000 -0.233075502357710E+005  0.236034260870039E+002 
     11.16000000 -0.233075500991520E+005  0.236035627059574E+002 
     11.18000000 -0.233075499765841E+005  0.236036852739491E+002 
     11.20000000 -0.233075498672674E+005  0.236037945906407E+002 
     11.22000000 -0.233075497703271E+005  0.236038915309357E+002 
     11.24000000 -0.233075496848374E+005  0.236039770205994E+002 
     11.26000000 -0.233075496098444E+005  0.236040520135853E+002 
     11.28000000 -0.233075495443865E+005  0.236041174715040E+002 
     11.30000000 -0.233075494875124E+005  0.236041743455743E+002 
     11.32000000 -0.233075494382967E+005  0.236042235613232E+002 
     11.34000000 -0.233075493958522E+005  0.236042660058492E+002 
     11.36000000 -0.233075493593400E+005  0.236043025179879E+002 
     11.38000000 -0.233075493279771E+005  0.236043338809306E+002 
     11.40000000 -0.233075493010410E+005  0.236043608169749E+002 
     11.42000000 -0.233075492778732E+005  0.236043839847711E+002 
     11.44000000 -0.233075492578800E+005  0.236044039779546E+002 
     11.46000000 -0.233075492405325E+005  0.236044213254746E+002 
     11.48000000 -0.233075492253647E+005  0.236044364933164E+002 
     11.50000000 -0.233075492119713E+005  0.236044498867076E+002 
     11.52000000 -0.233075492000046E+005  0.236044618534187E+002 
     11.54000000 -0.233075491891706E+005  0.236044726873736E+002 
     11.56000000 -0.233075491792256E+005  0.236044826323614E+002 
     11.58000000 -0.233075491699718E+005  0.236044918862288E+002 
     11.60000000 -0.233075491612532E+005  0.236045006048024E+002 
     11.62000000 -0.233075491529521E+005  0.236045089059195E+002 
     11.64000000 -0.233075491449848E+005  0.236045168731654E+002 
     11.66000000 -0.233075491372980E+005  0.236045245599694E+002 
     11.68000000 -0.233075491298649E+005  0.236045319931186E+002 
     11.70000000 -0.233075491226812E+005  0.236045391768421E+002 
     11.72000000 -0.233075491157617E+005  0.236045460962690E+002 
     11.74000000 -0.233075491091363E+005  0.236045527216577E+002 
     11.76000000 -0.233075491028458E+005  0.236045590121914E+002 
     11.78000000 -0.233075490969379E+005  0.236045649200993E+002 
     11.80000000 -0.233075490914633E+005  0.236045703946838E+002 
     11.82000000 -0.233075490864715E+005  0.236045753865311E+002 
     11.84000000 -0.233075490820065E+005  0.236045798515115E+002 
     11.86000000 -0.233075490781035E+005  0.236045837545406E+002 
     11.88000000 -0.233075490747847E+005  0.236045870732859E+002 
     11.90000000 -0.233075490720569E+005  0.236045898010964E+002 
     11.92000000 -0.233075490699081E+005  0.236045919498697E+002 
     11.94000000 -0.233075490683062E+005  0.236045935518287E+002 
     11.96000000 -0.233075490671970E+005  0.236045946609841E+002 
     11.98000000 -0.233075490665046E+005  0.236045953534348E+002 
     12.00000000 -0.233075490661308E+005  0.236045957271945E+002 
     12.02000000 -0.233075490658869E+005  0.236045959711291E+002 
     12.04000000 -0.233075490656412E+005  0.236045962168302E+002 
     12.06000000 -0.233075490653943E+005  0.236045964637007E+002 
     12.08000000 -0.233075490651473E+005  0.236045967106671E+002 
     12.10000000 -0.233075490649013E+005  0.236045969566745E+002 
     12.12000000 -0.233075490646573E+005  0.236045972006834E+002 
     12.14000000 -0.233075490644162E+005  0.236045974418091E+002 
     12.16000000 -0.233075490641786E+005  0.236045976793618E+002 
     12.18000000 -0.233075490639452E+005  0.236045979127876E+002 
     12.20000000 -0.233075490637162E+005  0.236045981417834E+002 
     12.22000000 -0.233075490634919E+005  0.236045983661388E+002 
     12.24000000 -0.233075490632721E+005  0.236045985859096E+002 
     12.26000000 -0.233075490630567E+005  0.236045988013369E+002 
     12.28000000 -0.233075490628453E+005  0.236045990127365E+002 
     12.30000000 -0.233075490626374E+005  0.236045992206279E+002 
     12.32000000 -0.233075490624324E+005  0.236045994255835E+002 
     12.34000000 -0.233075490622297E+005  0.236045996283117E+002 
     12.36000000 -0.233075490620285E+005  0.236045998295427E+002 
     12.38000000 -0.233075490618279E+005  0.236046000300652E+002 
     12.40000000 -0.233075490616274E+005  0.236046002305630E+002 
     12.42000000 -0.233075490614262E+005  0.236046004318373E+002 
     12.44000000 -0.233075490612235E+005  0.236046006345253E+002 
     12.46000000 -0.233075490610189E+005  0.236046008391159E+002 
     12.48000000 -0.233075490608119E+005  0.236046010461163E+002 
     12.50000000 -0.233075490606022E+005  0.236046012557804E+002 
     12.52000000 -0.233075490603898E+005  0.236046014681853E+002 
     12.54000000 -0.233075490601747E+005  0.236046016832631E+002 
     12.56000000 -0.233075490599572E+005  0.236046019007879E+002 
     12.58000000 -0.233075490597377E+005  0.236046021202865E+002 
     12.60000000 -0.233075490595169E+005  0.236046023411183E+002 
     12.62000000 -0.233075490592954E+005  0.236046025625689E+002 
     12.64000000 -0.233075490590742E+005  0.236046027837534E+002 
     12.66000000 -0.233075490588542E+005  0.236046030037562E+002 
     12.68000000 -0.233075490586363E+005  0.236046032216801E+002 
     12.70000000 -0.233075490584213E+005  0.236046034367207E+002 
     12.72000000 -0.233075490582098E+005  0.236046036481883E+002 
     12.74000000 -0.233075490580025E+005  0.236046038555477E+002 
     12.76000000 -0.233075490577995E+005  0.236046040585296E+002 
     12.78000000 -0.233075490576009E+005  0.236046042571124E+002 
     12.80000000 -0.233075490574065E+005  0.236046044515035E+002 
     12.82000000 -0.233075490572159E+005  0.236046046421420E+002 
     12.84000000 -0.233075490570284E+005  0.236046048296097E+002 
     12.86000000 -0.233075490568433E+005  0.236046050146767E+002 
     12.88000000 -0.233075490566599E+005  0.236046051981289E+002 
     12.90000000 -0.233075490564772E+005  0.236046053807705E+002 
     12.92000000 -0.233075490562946E+005  0.236046055633998E+002 
     12.94000000 -0.233075490561114E+005  0.236046057466354E+002 
     12.96000000 -0.233075490559270E+005  0.236046059310218E+002 
     12.98000000 -0.233075490557411E+005  0.236046061169148E+002 
     13.00000000 -0.233075490555535E+005  0.236046063044691E+002 
     13.02000000 -0.233075490553644E+005  0.236046064936475E+002 
     13.04000000 -0.233075490551738E+005  0.236046066842272E+002 
     13.06000000 -0.233075490549821E+005  0.236046068759052E+002 
     13.08000000 -0.233075490547898E+005  0.236046070681679E+002 
     13.10000000 -0.233075490545975E+005  0.236046072605234E+002 
     13.12000000 -0.233075490544056E+005  0.236046074523591E+002 
     13.14000000 -0.233075490542147E+005  0.236046076432792E+002 
     13.16000000 -0.233075490540252E+005  0.236046078327979E+002 
     13.18000000 -0.233075490538374E+005  0.236046080206027E+002 
     13.20000000 -0.233075490536515E+005  0.236046082065452E+002 
     13.22000000 -0.233075490534675E+005  0.236046083904985E+002 
     13.24000000 -0.233075490532855E+005  0.236046085724967E+002 
     13.26000000 -0.233075490531054E+005  0.236046087526078E+002 
     13.28000000 -0.233075490529270E+005  0.236046089310237E+002 
     13.30000000 -0.233075490527500E+005  0.236046091079638E+002 
     13.32000000 -0.233075490525743E+005  0.236046092837037E+002 
     13.34000000 -0.233075490523996E+005  0.236046094584289E+002 
     13.36000000 -0.233075490522254E+005  0.236046096325663E+002 
     13.38000000 -0.233075490520516E+005  0.236046098063696E+002 
     13.40000000 -0.233075490518779E+005  0.236046099801358E+002 
     13.42000000 -0.233075490517038E+005  0.236046101542052E+002 
     13.44000000 -0.233075490515292E+005  0.236046103288159E+002 
     13.46000000 -0.233075490513538E+005  0.236046105041876E+002 
     13.48000000 -0.233075490511776E+005  0.236046106804163E+002 
     13.50000000 -0.233075490510005E+005  0.236046108575081E+002 
     13.52000000 -0.233075490508226E+005  0.236046110354104E+002 
     13.54000000 -0.233075490506440E+005  0.236046112140025E+002 
     13.56000000 -0.233075490504650E+005  0.236046113929659E+002 
     13.58000000 -0.233075490502858E+005  0.236046115721582E+002 
     13.60000000 -0.233075490501068E+005  0.236046117512330E+002 
     13.62000000 -0.233075490499281E+005  0.236046119299489E+002 
     13.64000000 -0.233075490497499E+005  0.236046121081327E+002 
     13.66000000 -0.233075490495724E+005  0.236046122855772E+002 
     13.68000000 -0.233075490493958E+005  0.236046124621678E+002 
     13.70000000 -0.233075490492202E+005  0.236046126378396E+002 
     13.72000000 -0.233075490490454E+005  0.236046128125834E+002 
     13.74000000 -0.233075490488717E+005  0.236046129862753E+002 
     13.76000000 -0.233075490486991E+005  0.236046131589309E+002 
     13.78000000 -0.233075490485275E+005  0.236046133305470E+002 
     13.80000000 -0.233075490483569E+005  0.236046135010742E+002 
     13.82000000 -0.233075490481875E+005  0.236046136705125E+002 
     13.84000000 -0.233075490480191E+005  0.236046138389392E+002 
     13.86000000 -0.233075490478516E+005  0.236046140064254E+002 
     13.88000000 -0.233075490476849E+005  0.236046141731042E+002 
     13.90000000 -0.233075490475188E+005  0.236046143392045E+002 
     13.92000000 -0.233075490473530E+005  0.236046145049800E+002 
     13.94000000 -0.233075490471873E+005  0.236046146706657E+002 
     13.96000000 -0.233075490470214E+005  0.236046148365618E+002 
     13.98000000 -0.233075490468551E+005  0.236046150029189E+002 
     14.00000000 -0.233075490466881E+005  0.236046151699380E+002 
     14.02000000 -0.233075490465204E+005  0.236046153376532E+002 
     14.04000000 -0.233075490463518E+005  0.236046155062036E+002 
     14.06000000 -0.233075490461825E+005  0.236046156755397E+002 
     14.08000000 -0.233075490460125E+005  0.236046158454884E+002 
     14.10000000 -0.233075490458421E+005  0.236046160158826E+002 
     14.12000000 -0.233075490456714E+005  0.236046161865676E+002 
     14.14000000 -0.233075490455007E+005  0.236046163572773E+002 
     14.16000000 -0.233075490453301E+005  0.236046165278633E+002 
     14.18000000 -0.233075490451599E+005  0.236046166981245E+002 
     14.20000000 -0.233075490449901E+005  0.236046168678969E+002 
     14.22000000 -0.233075490448209E+005  0.236046170371155E+002 
     14.24000000 -0.233075490446524E+005  0.236046172056411E+002 
     14.26000000 -0.233075490444846E+005  0.236046173733965E+002 
     14.28000000 -0.233075490443177E+005  0.236046175403383E+002 
     14.30000000 -0.233075490441516E+005  0.236046177064169E+002 
     14.32000000 -0.233075490439865E+005  0.236046178715427E+002 
     14.34000000 -0.233075490438223E+005  0.236046180357095E+002 
     14.36000000 -0.233075490436591E+005  0.236046181988709E+002 
     14.38000000 -0.233075490434969E+005  0.236046183610981E+002 
     14.40000000 -0.233075490433355E+005  0.236046185225023E+002 
     14.42000000 -0.233075490431747E+005  0.236046186832600E+002 
     14.44000000 -0.233075490430144E+005  0.236046188436187E+002 
     14.46000000 -0.233075490428541E+005  0.236046190038566E+002 
     14.48000000 -0.233075490426936E+005  0.236046191643730E+002 
     14.50000000 -0.233075490425324E+005  0.236046193255514E+002 
     14.52000000 -0.233075490423703E+005  0.236046194876765E+002 
     14.54000000 -0.233075490422069E+005  0.236046196511194E+002 
     14.56000000 -0.233075490420419E+005  0.236046198160658E+002 
     14.58000000 -0.233075490418753E+005  0.236046199826549E+002 
     14.60000000 -0.233075490417072E+005  0.236046201507753E+002 
     14.62000000 -0.233075490415376E+005  0.236046203203868E+002 
     14.64000000 -0.233075490413669E+005  0.236046204910996E+002 
     14.66000000 -0.233075490411954E+005  0.236046206625920E+002 
     14.68000000 -0.233075490410237E+005  0.236046208343072E+002 
     14.70000000 -0.233075490408523E+005  0.236046210057284E+002 
     14.72000000 -0.233075490406817E+005  0.236046211762835E+002 
     14.74000000 -0.233075490405125E+005  0.236046213454650E+002 
     14.76000000 -0.233075490403452E+005  0.236046215128182E+002 
     14.78000000 -0.233075490401800E+005  0.236046216779873E+002 
     14.80000000 -0.233075490400172E+005  0.236046218407837E+002 
     14.82000000 -0.233075490398569E+005  0.236046220011361E+002 
     14.84000000 -0.233075490396989E+005  0.236046221591498E+002 
     14.86000000 -0.233075490395429E+005  0.236046223150753E+002 
     14.88000000 -0.233075490393886E+005  0.236046224693613E+002 
     14.90000000 -0.233075490392355E+005  0.236046226224562E+002 
     14.92000000 -0.233075490390831E+005  0.236046227749076E+002 
     14.94000000 -0.233075490389307E+005  0.236046229273188E+002 
     14.96000000 -0.233075490387778E+005  0.236046230802250E+002 
     14.98000000 -0.233075490386239E+005  0.236046232341428E+002 
     15.00000000 -0.233075490384686E+005  0.236046233894342E+002 
     15.02000000 -0.233075490383116E+005  0.236046235464332E+002 
     15.04000000 -0.233075490381528E+005  0.236046237052264E+002 
     15.06000000 -0.233075490379921E+005  0.236046238658882E+002 
     15.08000000 -0.233075490378297E+005  0.236046240283350E+002 
     15.10000000 -0.233075490376656E+005  0.236046241924028E+002 
     15.12000000 -0.233075490375001E+005  0.236046243578875E+002 
     15.14000000 -0.233075490373336E+005  0.236046245244487E+002 
     15.16000000 -0.233075490371662E+005  0.236046246918422E+002 
     15.18000000 -0.233075490369983E+005  0.236046248597367E+002 
     15.20000000 -0.233075490368302E+005  0.236046250278293E+002 
     15.22000000 -0.233075490366622E+005  0.236046251958291E+002 
     15.24000000 -0.233075490364946E+005  0.236046253633957E+002 
     15.26000000 -0.233075490363277E+005  0.236046255303034E+002 
     15.28000000 -0.233075490361618E+005  0.236046256962398E+002 
     15.30000000 -0.233075490359971E+005  0.236046258609232E+002 
     15.32000000 -0.233075490358338E+005  0.236046260241620E+002 
     15.34000000 -0.233075490356723E+005  0.236046261857116E+002 
     15.36000000 -0.233075490355125E+005  0.236046263454824E+002 
     15.38000000 -0.233075490353546E+005  0.236046265033600E+002 
     15.40000000 -0.233075490351986E+005  0.236046266594309E+002 
     15.42000000 -0.233075490350442E+005  0.236046268137787E+002 
     15.44000000 -0.233075490348914E+005  0.236046269666385E+002 
     15.46000000 -0.233075490347396E+005  0.236046271183568E+002 
     15.48000000 -0.233075490345887E+005  0.236046272692553E+002 
     15.50000000 -0.233075490344382E+005  0.236046274197980E+002 
     15.52000000 -0.233075490342877E+005  0.236046275703407E+002 
     15.54000000 -0.233075490341368E+005  0.236046277212206E+002 
     15.56000000 -0.233075490339852E+005  0.236046278727687E+002 
     15.58000000 -0.233075490338329E+005  0.236046280250964E+002 
     15.60000000 -0.233075490336797E+005  0.236046281783089E+002 
     15.62000000 -0.233075490335256E+005  0.236046283324308E+002 
     15.64000000 -0.233075490333707E+005  0.236046284873417E+002 
     15.66000000 -0.233075490332151E+005  0.236046286428836E+002 
     15.68000000 -0.233075490330591E+005  0.236046287988586E+002 
     15.70000000 -0.233075490329029E+005  0.236046289550997E+002 
     15.72000000 -0.233075490327467E+005  0.236046291113315E+002 
     15.74000000 -0.233075490325906E+005  0.236046292674302E+002 
     15.76000000 -0.233075490324348E+005  0.236046294232382E+002 
     15.78000000 -0.233075490322794E+005  0.236046295786007E+002 
     15.80000000 -0.233075490321245E+005  0.236046297334744E+002 
     15.82000000 -0.233075490319702E+005  0.236046298878129E+002 
     15.84000000 -0.233075490318164E+005  0.236046300415699E+002 
     15.86000000 -0.233075490316632E+005  0.236046301947854E+002 
     15.88000000 -0.233075490315106E+005  0.236046303474318E+002 
     15.90000000 -0.233075490313585E+005  0.236046304994749E+002 
     15.92000000 -0.233075490312070E+005  0.236046306509580E+002 
     15.94000000 -0.233075490310562E+005  0.236046308017668E+002 
     15.96000000 -0.233075490309062E+005  0.236046309518485E+002 
     15.98000000 -0.233075490307569E+005  0.236046311010764E+002 
     16.00000000 -0.233075490306087E+005  0.236046312493516E+002 
     16.02000000 -0.233075490304614E+005  0.236046313965934E+002 
     16.04000000 -0.233075490303152E+005  0.236046315428391E+002 
     16.06000000 -0.233075490301699E+005  0.236046316880795E+002 
     16.08000000 -0.233075490300255E+005  0.236046318324907E+002 
     16.10000000 -0.233075490298818E+005  0.236046319762430E+002 
     16.12000000 -0.233075490297384E+005  0.236046321195931E+002 
     16.14000000 -0.233075490295953E+005  0.236046322627267E+002 
     16.16000000 -0.233075490294520E+005  0.236046324059686E+002 
     16.18000000 -0.233075490293085E+005  0.236046325494703E+002 
     16.20000000 -0.233075490291646E+005  0.236046326934082E+002 
     16.22000000 -0.233075490290201E+005  0.236046328379247E+002 
     16.24000000 -0.233075490288749E+005  0.236046329830907E+002 
     16.26000000 -0.233075490287291E+005  0.236046331289157E+002 
     16.28000000 -0.233075490285825E+005  0.236046332754770E+002 
     16.30000000 -0.233075490284352E+005  0.236046334227807E+002 
     16.32000000 -0.233075490282872E+005  0.236046335708517E+002 
     16.34000000 -0.233075490281384E+005  0.236046337196279E+002 
     16.36000000 -0.233075490279888E+005  0.236046338691590E+002 
     16.38000000 -0.233075490278387E+005  0.236046340192625E+002 
     16.40000000 -0.233075490276882E+005  0.236046341697619E+002 
     16.42000000 -0.233075490275375E+005  0.236046343204747E+002 
     16.44000000 -0.233075490273869E+005  0.236046344710700E+002 
     16.46000000 -0.233075490272367E+005  0.236046346212600E+002 
     16.48000000 -0.233075490270872E+005  0.236046347707602E+002 
     16.50000000 -0.233075490269387E+005  0.236046349192797E+002 
     16.52000000 -0.233075490267914E+005  0.236046350666144E+002 
     16.54000000 -0.233075490266453E+005  0.236046352126930E+002 
     16.56000000 -0.233075490265005E+005  0.236046353575343E+002 
     16.58000000 -0.233075490263567E+005  0.236046355012897E+002 
     16.60000000 -0.233075490262138E+005  0.236046356441974E+002 
     16.62000000 -0.233075490260714E+005  0.236046357866010E+002 
     16.64000000 -0.233075490259291E+005  0.236046359289488E+002 
     16.66000000 -0.233075490257864E+005  0.236046360715905E+002 
     16.68000000 -0.233075490256431E+005  0.236046362148695E+002 
     16.70000000 -0.233075490254989E+005  0.236046363590672E+002 
     16.72000000 -0.233075490253536E+005  0.236046365043849E+002 
     16.74000000 -0.233075490252072E+005  0.236046366508039E+002 
     16.76000000 -0.233075490250597E+005  0.236046367982561E+002 
     16.78000000 -0.233075490249115E+005  0.236046369465065E+002 
     16.80000000 -0.233075490247627E+005  0.236046370953446E+002 
     16.82000000 -0.233075490246136E+005  0.236046372444488E+002 
     16.84000000 -0.233075490244645E+005  0.236046373935190E+002 
     16.86000000 -0.233075490243156E+005  0.236046375424159E+002 
     16.88000000 -0.233075490241670E+005  0.236046376909787E+002 
     16.90000000 -0.233075490240188E+005  0.236046378392321E+002 
     16.92000000 -0.233075490238707E+005  0.236046379872907E+002 
     16.94000000 -0.233075490237227E+005  0.236046381353493E+002 
     16.96000000 -0.233075490235743E+005  0.236046382836894E+002 
     16.98000000 -0.233075490234254E+005  0.236046384325646E+002 
     17.00000000 -0.233075490232758E+005  0.236046385821947E+002 
     17.02000000 -0.233075490231253E+005  0.236046387326570E+002 
     17.04000000 -0.233075490229739E+005  0.236046388840783E+002 
     17.06000000 -0.233075490228217E+005  0.236046390362915E+002 
     17.08000000 -0.233075490226688E+005  0.236046391891575E+002 
     17.10000000 -0.233075490225157E+005  0.236046393423050E+002 
     17.12000000 -0.233075490223626E+005  0.236046394953906E+002 
     17.14000000 -0.233075490222100E+005  0.236046396480215E+002 
     17.16000000 -0.233075490220581E+005  0.236046397998604E+002 
     17.18000000 -0.233075490219074E+005  0.236046399505670E+002 
     17.20000000 -0.233075490217580E+005  0.236046401000146E+002 
     17.22000000 -0.233075490216099E+005  0.236046402480701E+002 
     17.24000000 -0.233075490214632E+005  0.236046403947922E+002 
     17.26000000 -0.233075490213176E+005  0.236046405403697E+002 
     17.28000000 -0.233075490211729E+005  0.236046406850749E+002 
     17.30000000 -0.233075490210288E+005  0.236046408292324E+002 
     17.32000000 -0.233075490208848E+005  0.236046409732168E+002 
     17.34000000 -0.233075490207407E+005  0.236046411173496E+002 
     17.36000000 -0.233075490205960E+005  0.236046412620454E+002 
     17.38000000 -0.233075490204505E+005  0.236046414074559E+002 
     17.40000000 -0.233075490203042E+005  0.236046415538192E+002 
     17.42000000 -0.233075490201568E+005  0.236046417012528E+002 
     17.44000000 -0.233075490200083E+005  0.236046418497197E+002 
     17.46000000 -0.233075490198588E+005  0.236046419992323E+002 
     17.48000000 -0.233075490197084E+005  0.236046421496358E+002 
     17.50000000 -0.233075490195572E+005  0.236046423008374E+002 
     17.52000000 -0.233075490194053E+005  0.236046424526763E+002 
     17.54000000 -0.233075490192530E+005  0.236046426050288E+002 
     17.56000000 -0.233075490191003E+005  0.236046427577524E+002 
     17.58000000 -0.233075490189473E+005  0.236046429106525E+002 
     17.60000000 -0.233075490187943E+005  0.236046430636731E+002 
     17.62000000 -0.233075490186414E+005  0.236046432166041E+002 
     17.64000000 -0.233075490184886E+005  0.236046433693772E+002 
     17.66000000 -0.233075490183362E+005  0.236046435218534E+002 
     17.68000000 -0.233075490181842E+005  0.236046436738470E+002 
     17.70000000 -0.233075490180327E+005  0.236046438252683E+002 
     17.72000000 -0.233075490178821E+005  0.236046439759285E+002 
     17.74000000 -0.233075490177323E+005  0.236046441257350E+002 
     17.76000000 -0.233075490175835E+005  0.236046442745051E+002 
     17.78000000 -0.233075490174358E+005  0.236046444221955E+002 
     17.80000000 -0.233075490172893E+005  0.236046445687011E+002 
     17.82000000 -0.233075490171441E+005  0.236046447139445E+002 
     17.84000000 -0.233075490170001E+005  0.236046448579505E+002 
     17.86000000 -0.233075490168572E+005  0.236046450007747E+002 
     17.88000000 -0.233075490167155E+005  0.236046451425038E+002 
     17.90000000 -0.233075490165748E+005  0.236046452832492E+002 
     17.92000000 -0.233075490164348E+005  0.236046454232118E+002 
     17.94000000 -0.233075490162954E+005  0.236046455626207E+002 
     17.96000000 -0.233075490161564E+005  0.236046457016492E+002 
     17.98000000 -0.233075490160174E+005  0.236046458406188E+002 
     18.00000000 -0.233075490158782E+005  0.236046459797679E+002 
     18.02000000 -0.233075490157385E+005  0.236046461194614E+002 
     18.04000000 -0.233075490155981E+005  0.236046462599345E+002 
     18.06000000 -0.233075490154565E+005  0.236046464015151E+002 
     18.08000000 -0.233075490153135E+005  0.236046465444878E+002 
     18.10000000 -0.233075490151689E+005  0.236046466890940E+002 
     18.12000000 -0.233075490150225E+005  0.236046468354789E+002 
     18.14000000 -0.233075490148742E+005  0.236046469838283E+002 
     18.16000000 -0.233075490147239E+005  0.236046471340864E+002 
     18.18000000 -0.233075490145718E+005  0.236046472861666E+002 
     18.20000000 -0.233075490144181E+005  0.236046474398616E+002 
     18.22000000 -0.233075490142631E+005  0.236046475948838E+002 
     18.24000000 -0.233075490141071E+005  0.236046477508712E+002 
     18.26000000 -0.233075490139506E+005  0.236046479073876E+002 
     18.28000000 -0.233075490137940E+005  0.236046480640402E+002 
     18.30000000 -0.233075490136376E+005  0.236046482204204E+002 
     18.32000000 -0.233075490134818E+005  0.236046483761758E+002 
     18.34000000 -0.233075490133270E+005  0.236046485310464E+002 
     18.36000000 -0.233075490131732E+005  0.236046486848219E+002 
     18.38000000 -0.233075490130206E+005  0.236046488373847E+002 
     18.40000000 -0.233075490128693E+005  0.236046489886916E+002 
     18.42000000 -0.233075490127192E+005  0.236046491387795E+002 
     18.44000000 -0.233075490125704E+005  0.236046492876455E+002 
     18.46000000 -0.233075490124226E+005  0.236046494354040E+002 
     18.48000000 -0.233075490122758E+005  0.236046495821849E+002 
     18.50000000 -0.233075490121299E+005  0.236046497280749E+002 
     18.52000000 -0.233075490119848E+005  0.236046498731636E+002 
     18.54000000 -0.233075490118404E+005  0.236046500175903E+002 
     18.56000000 -0.233075490116966E+005  0.236046501614168E+002 
     18.58000000 -0.233075490115533E+005  0.236046503047051E+002 
     18.60000000 -0.233075490114105E+005  0.236046504475293E+002 
     18.62000000 -0.233075490112681E+005  0.236046505899267E+002 
     18.64000000 -0.233075490111260E+005  0.236046507319961E+002 
     18.66000000 -0.233075490109842E+005  0.236046508737716E+002 
     18.68000000 -0.233075490108427E+005  0.236046510153243E+002 
     18.70000000 -0.233075490107012E+005  0.236046511568121E+002 
     18.72000000 -0.233075490105597E+005  0.236046512983494E+002 
     18.74000000 -0.233075490104179E+005  0.236046514401064E+002 
     18.76000000 -0.233075490102758E+005  0.236046515822346E+002 
     18.78000000 -0.233075490101330E+005  0.236046517249722E+002 
     18.80000000 -0.233075490099895E+005  0.236046518685389E+002 
     18.82000000 -0.233075490098449E+005  0.236046520130955E+002 
     18.84000000 -0.233075490096991E+005  0.236046521588927E+002 
     18.86000000 -0.233075490095521E+005  0.236046523059118E+002 
     18.88000000 -0.233075490094038E+005  0.236046524542395E+002 
     18.90000000 -0.233075490092542E+005  0.236046526038015E+002 
     18.92000000 -0.233075490091036E+005  0.236046527543875E+002 
     18.94000000 -0.233075490089522E+005  0.236046529057655E+002 
     18.96000000 -0.233075490088005E+005  0.236046530575023E+002 
     18.98000000 -0.233075490086487E+005  0.236046532092639E+002 
     19.00000000 -0.233075490084974E+005  0.236046533606264E+002 
     19.02000000 -0.233075490083468E+005  0.236046535112093E+002 
     19.04000000 -0.233075490081973E+005  0.236046536607466E+002 
     19.06000000 -0.233075490080490E+005  0.236046538090279E+002 
     19.08000000 -0.233075490079020E+005  0.236046539559790E+002 
     19.10000000 -0.233075490077563E+005  0.236046541016679E+002 
     19.12000000 -0.233075490076118E+005  0.236046542462245E+002 
     19.14000000 -0.233075490074681E+005  0.236046543899459E+002 
     19.16000000 -0.233075490073249E+005  0.236046545331104E+002 
     19.18000000 -0.233075490071819E+005  0.236046546761079E+002 
     19.20000000 -0.233075490070389E+005  0.236046548191517E+002 
     19.22000000 -0.233075490068954E+005  0.236046549625576E+002 
     19.24000000 -0.233075490067516E+005  0.236046551064089E+002 
     19.26000000 -0.233075490066073E+005  0.236046552507087E+002 
     19.28000000 -0.233075490064626E+005  0.236046553954324E+002 
     19.30000000 -0.233075490063177E+005  0.236046555403355E+002 
     19.32000000 -0.233075490061728E+005  0.236046556851768E+002 
     19.34000000 -0.233075490060283E+005  0.236046558296839E+002 
     19.36000000 -0.233075490058844E+005  0.236046559735723E+002 
     19.38000000 -0.233075490057414E+005  0.236046561166379E+002 
     19.40000000 -0.233075490055993E+005  0.236046562587258E+002 
     19.42000000 -0.233075490054582E+005  0.236046563998053E+002 
     19.44000000 -0.233075490053180E+005  0.236046565400247E+002 
     19.46000000 -0.233075490051785E+005  0.236046566795203E+002 
     19.48000000 -0.233075490050393E+005  0.236046568187095E+002 
     19.50000000 -0.233075490049000E+005  0.236046569579947E+002 
     19.52000000 -0.233075490047600E+005  0.236046570979636E+002 
     19.54000000 -0.233075490046189E+005  0.236046572391080E+002 
     19.56000000 -0.233075490044760E+005  0.236046573819848E+002 
     19.58000000 -0.233075490043310E+005  0.236046575270302E+002 
     19.60000000 -0.233075490041834E+005  0.236046576745753E+002 
     19.62000000 -0.233075490040332E+005  0.236046578247993E+002 
     19.64000000 -0.233075490038804E+005  0.236046579776282E+002 
     19.66000000 -0.233075490037251E+005  0.236046581328948E+002 
     19.68000000 -0.233075490035679E+005  0.236046582901289E+002 
     19.70000000 -0.233075490034092E+005  0.236046584487644E+002 
     19.72000000 -0.233075490032500E+005  0.236046586080465E+002 
     19.74000000 -0.233075490030908E+005  0.236046587672295E+002 
     19.76000000 -0.233075490029324E+005  0.236046589255897E+002 
     19.78000000 -0.233075490027757E+005  0.236046590823257E+002 
     19.80000000 -0.233075490026211E+005  0.236046592369179E+002 
     19.82000000 -0.233075490024691E+005  0.236046593889084E+002 
     19.84000000 -0.233075490023199E+005  0.236046595381271E+002 
     19.86000000 -0.233075490021735E+005  0.236046596844811E+002 
     19.88000000 -0.233075490020298E+005  0.236046598281932E+002 
     19.90000000 -0.233075490018884E+005  0.236046599696067E+002 
     19.92000000 -0.233075490017488E+005  0.236046601092198E+002 
     19.94000000 -0.233075490016104E+005  0.236046602475739E+002 
     19.96000000 -0.233075490014727E+005  0.236046603853339E+002 
     19.98000000 -0.233075490013349E+005  0.236046605231001E+002 
     20.00000000 -0.233075490011966E+005  0.236046606614232E+002 
     20.02000000 -0.233075490010573E+005  0.236046608007393E+002 
     20.04000000 -0.233075490009166E+005  0.236046609413919E+002 
     20.06000000 -0.233075490007745E+005  0.236046610835169E+002 
     20.08000000 -0.233075490006308E+005  0.236046612271703E+002 
     20.10000000 -0.233075490004857E+005  0.236046613723147E+002 
     20.12000000 -0.233075490003393E+005  0.236046615187398E+002 
     20.14000000 -0.233075490001918E+005  0.236046616662477E+002 
     20.16000000 -0.233075490000434E+005  0.236046618146466E+002 
     20.18000000 -0.233075489998944E+005  0.236046619636301E+002 
     20.20000000 -0.233075489997450E+005  0.236046621130530E+002 
     20.22000000 -0.233075489995953E+005  0.236046622626892E+002 
     20.24000000 -0.233075489994456E+005  0.236046624123812E+002 
     20.26000000 -0.233075489992960E+005  0.236046625619866E+002 
     20.28000000 -0.233075489991466E+005  0.236046627113816E+002 
     20.30000000 -0.233075489989976E+005  0.236046628604362E+002 
     20.32000000 -0.233075489988490E+005  0.236046630090022E+002 
     20.34000000 -0.233075489987010E+005  0.236046631569803E+002 
     20.36000000 -0.233075489985537E+005  0.236046633042902E+002 
     20.38000000 -0.233075489984071E+005  0.236046634509133E+002 
     20.40000000 -0.233075489982611E+005  0.236046635968776E+002 
     20.42000000 -0.233075489981158E+005  0.236046637421612E+002 
     20.44000000 -0.233075489979710E+005  0.236046638870272E+002 
     20.46000000 -0.233075489978264E+005  0.236046640315652E+002 
     20.48000000 -0.233075489976819E+005  0.236046641760538E+002 
     20.50000000 -0.233075489975373E+005  0.236046643207033E+002 
     20.52000000 -0.233075489973922E+005  0.236046644657951E+002 
     20.54000000 -0.233075489972466E+005  0.236046646114376E+002 
     20.56000000 -0.233075489971001E+005  0.236046647578565E+002 
     20.58000000 -0.233075489969530E+005  0.236046649050427E+002 
     20.60000000 -0.233075489968050E+005  0.236046650530518E+002 
     20.62000000 -0.233075489966562E+005  0.236046652017971E+002 
     20.64000000 -0.233075489965068E+005  0.236046653512416E+002 
     20.66000000 -0.233075489963568E+005  0.236046655011563E+002 
     20.68000000 -0.233075489962065E+005  0.236046656514917E+002 
     20.70000000 -0.233075489960560E+005  0.236046658020221E+002 
     20.72000000 -0.233075489959054E+005  0.236046659526019E+002 
     20.74000000 -0.233075489957550E+005  0.236046661030425E+002 
     20.76000000 -0.233075489956047E+005  0.236046662532604E+002 
     20.78000000 -0.233075489954550E+005  0.236046664029709E+002 
     20.80000000 -0.233075489953059E+005  0.236046665520968E+002 
     20.82000000 -0.233075489951576E+005  0.236046667003966E+002 
     20.84000000 -0.233075489950102E+005  0.236046668478117E+002 
     20.86000000 -0.233075489948638E+005  0.236046669941719E+002 
     20.88000000 -0.233075489947186E+005  0.236046671393968E+002 
     20.90000000 -0.233075489945745E+005  0.236046672835017E+002 
     20.92000000 -0.233075489944314E+005  0.236046674265611E+002 
     20.94000000 -0.233075489942893E+005  0.236046675686954E+002 
     20.96000000 -0.233075489941479E+005  0.236046677101121E+002 
     20.98000000 -0.233075489940068E+005  0.236046678511823E+002 
     21.00000000 -0.233075489938658E+005  0.236046679922091E+002 
     21.02000000 -0.233075489937244E+005  0.236046681335732E+002 
     21.04000000 -0.233075489935824E+005  0.236046682756024E+002 
     21.06000000 -0.233075489934394E+005  0.236046684186184E+002 
     21.08000000 -0.233075489932952E+005  0.236046685628007E+002 
     21.10000000 -0.233075489931498E+005  0.236046687081833E+002 
     21.12000000 -0.233075489930032E+005  0.236046688548281E+002 
     21.14000000 -0.233075489928555E+005  0.236046690025340E+002 
     21.16000000 -0.233075489927069E+005  0.236046691511309E+002 
     21.18000000 -0.233075489925577E+005  0.236046693002784E+002 
     21.20000000 -0.233075489924082E+005  0.236046694497786E+002 
     21.22000000 -0.233075489922587E+005  0.236046695992725E+002 
     21.24000000 -0.233075489921095E+005  0.236046697485314E+002 
     21.26000000 -0.233075489919606E+005  0.236046698973912E+002 
     21.28000000 -0.233075489918124E+005  0.236046700456354E+002 
     21.30000000 -0.233075489916648E+005  0.236046701932268E+002 
     21.32000000 -0.233075489915179E+005  0.236046703401222E+002 
     21.34000000 -0.233075489913717E+005  0.236046704863246E+002 
     21.36000000 -0.233075489912262E+005  0.236046706318031E+002 
     21.38000000 -0.233075489910814E+005  0.236046707766320E+002 
     21.40000000 -0.233075489909372E+005  0.236046709208112E+002 
     21.42000000 -0.233075489907937E+005  0.236046710643191E+002 
     21.44000000 -0.233075489906509E+005  0.236046712071526E+002 
     21.46000000 -0.233075489905087E+005  0.236046713493179E+002 
     21.48000000 -0.233075489903672E+005  0.236046714908212E+002 
     21.50000000 -0.233075489902263E+005  0.236046716317058E+002 
     21.52000000 -0.233075489900859E+005  0.236046717720706E+002 
     21.54000000 -0.233075489899459E+005  0.236046719120735E+002 
     21.56000000 -0.233075489898061E+005  0.236046720519465E+002 
     21.58000000 -0.233075489896661E+005  0.236046721918658E+002 
     21.60000000 -0.233075489895259E+005  0.236046723320884E+002 
     21.62000000 -0.233075489893853E+005  0.236046724727409E+002 
     21.64000000 -0.233075489892440E+005  0.236046726139843E+002 
     21.66000000 -0.233075489891021E+005  0.236046727559083E+002 
     21.68000000 -0.233075489889596E+005  0.236046728984294E+002 
     21.70000000 -0.233075489888165E+005  0.236046730414609E+002 
     21.72000000 -0.233075489886731E+005  0.236046731848945E+002 
     21.74000000 -0.233075489885295E+005  0.236046733285200E+002 
     21.76000000 -0.233075489883858E+005  0.236046734722476E+002 
     21.78000000 -0.233075489882422E+005  0.236046736158452E+002 
     21.80000000 -0.233075489880986E+005  0.236046737593531E+002 
     21.82000000 -0.233075489879554E+005  0.236046739026321E+002 
     21.84000000 -0.233075489878123E+005  0.236046740457378E+002 
     21.86000000 -0.233075489876693E+005  0.236046741886734E+002 
     21.88000000 -0.233075489875265E+005  0.236046743314605E+002 
     21.90000000 -0.233075489873838E+005  0.236046744741796E+002 
     21.92000000 -0.233075489872412E+005  0.236046746168430E+002 
     21.94000000 -0.233075489870985E+005  0.236046747594754E+002 
     21.96000000 -0.233075489869559E+005  0.236046749021140E+002 
     21.98000000 -0.233075489868132E+005  0.236046750447681E+002 
     22.00000000 -0.233075489866705E+005  0.236046751875335E+002 
     22.02000000 -0.233075489865276E+005  0.236046753304506E+002 
     22.04000000 -0.233075489863844E+005  0.236046754735811E+002 
     22.06000000 -0.233075489862410E+005  0.236046756170024E+002 
     22.08000000 -0.233075489860972E+005  0.236046757607732E+002 
     22.10000000 -0.233075489859530E+005  0.236046759049525E+002 
     22.12000000 -0.233075489858085E+005  0.236046760495215E+002 
     22.14000000 -0.233075489856636E+005  0.236046761944308E+002 
     22.16000000 -0.233075489855184E+005  0.236046763395721E+002 
     22.18000000 -0.233075489853732E+005  0.236046764848217E+002 
     22.20000000 -0.233075489852280E+005  0.236046766300218E+002 
     22.22000000 -0.233075489850831E+005  0.236046767749342E+002 
     22.24000000 -0.233075489849387E+005  0.236046769193238E+002 
     22.26000000 -0.233075489847950E+005  0.236046770630389E+002 
     22.28000000 -0.233075489846521E+005  0.236046772059467E+002 
     22.30000000 -0.233075489845100E+005  0.236046773479821E+002 
     22.32000000 -0.233075489843689E+005  0.236046774891481E+002 
     22.34000000 -0.233075489842284E+005  0.236046776295717E+002 
     22.36000000 -0.233075489840885E+005  0.236046777694695E+002 
     22.38000000 -0.233075489839489E+005  0.236046779091135E+002 
     22.40000000 -0.233075489838092E+005  0.236046780488070E+002 
     22.42000000 -0.233075489836691E+005  0.236046781888780E+002 
     22.44000000 -0.233075489835284E+005  0.236046783296481E+002 
     22.46000000 -0.233075489833866E+005  0.236046784713679E+002 
     22.48000000 -0.233075489832437E+005  0.236046786142540E+002 
     22.50000000 -0.233075489830996E+005  0.236046787584054E+002 
     22.52000000 -0.233075489829541E+005  0.236046789039179E+002 
     22.54000000 -0.233075489828074E+005  0.236046790506308E+002 
     22.56000000 -0.233075489826594E+005  0.236046791986151E+002 
     22.58000000 -0.233075489825104E+005  0.236046793476141E+002 
     22.60000000 -0.233075489823605E+005  0.236046794975041E+002 
     22.62000000 -0.233075489822099E+005  0.236046796480994E+002 
     22.64000000 -0.233075489820588E+005  0.236046797991834E+002 
     22.66000000 -0.233075489819074E+005  0.236046799505923E+002 
     22.68000000 -0.233075489817559E+005  0.236046801020817E+002 
     22.70000000 -0.233075489816045E+005  0.236046802535092E+002 
     22.72000000 -0.233075489814534E+005  0.236046804046273E+002 
     22.74000000 -0.233075489813027E+005  0.236046805552721E+002 
     22.76000000 -0.233075489811527E+005  0.236046807052734E+002 
     22.78000000 -0.233075489810036E+005  0.236046808544363E+002 
     22.80000000 -0.233075489808554E+005  0.236046810025661E+002 
     22.82000000 -0.233075489807084E+005  0.236046811495604E+002 
     22.84000000 -0.233075489805627E+005  0.236046812953050E+002 
     22.86000000 -0.233075489804182E+005  0.236046814397936E+002 
     22.88000000 -0.233075489802750E+005  0.236046815830447E+002 
     22.90000000 -0.233075489801328E+005  0.236046817251574E+002 
     22.92000000 -0.233075489799916E+005  0.236046818663916E+002 
     22.94000000 -0.233075489798510E+005  0.236046820069699E+002 
     22.96000000 -0.233075489797107E+005  0.236046821472605E+002 
     22.98000000 -0.233075489795704E+005  0.236046822876191E+002 
     23.00000000 -0.233075489794296E+005  0.236046824284232E+002 
     23.02000000 -0.233075489792880E+005  0.236046825700441E+002 
     23.04000000 -0.233075489791452E+005  0.236046827127569E+002 
     23.06000000 -0.233075489790012E+005  0.236046828567877E+002 
     23.08000000 -0.233075489788557E+005  0.236046830023064E+002 
     23.10000000 -0.233075489787086E+005  0.236046831493936E+002 
     23.12000000 -0.233075489785601E+005  0.236046832979378E+002 
     23.14000000 -0.233075489784101E+005  0.236046834479082E+002 
     23.16000000 -0.233075489782588E+005  0.236046835991655E+002 
     23.18000000 -0.233075489781065E+005  0.236046837515273E+002 
     23.20000000 -0.233075489779532E+005  0.236046839048047E+002 
     23.22000000 -0.233075489777993E+005  0.236046840587287E+002 
     23.24000000 -0.233075489776448E+005  0.236046842131631E+002 
     23.26000000 -0.233075489774902E+005  0.236046843677738E+002 
     23.28000000 -0.233075489773357E+005  0.236046845223258E+002 
     23.30000000 -0.233075489771815E+005  0.236046846765468E+002 
     23.32000000 -0.233075489770279E+005  0.236046848300996E+002 
     23.34000000 -0.233075489768754E+005  0.236046849826531E+002 
     23.36000000 -0.233075489767241E+005  0.236046851339537E+002 
     23.38000000 -0.233075489765743E+005  0.236046852837014E+002 
     23.40000000 -0.233075489764263E+005  0.236046854317166E+002 
     23.42000000 -0.233075489762801E+005  0.236046855779098E+002 
     23.44000000 -0.233075489761356E+005  0.236046857223705E+002 
     23.46000000 -0.233075489759928E+005  0.236046858652226E+002 
     23.48000000 -0.233075489758512E+005  0.236046860068063E+002 
     23.50000000 -0.233075489757105E+005  0.236046861475423E+002 
     23.52000000 -0.233075489755701E+005  0.236046862878793E+002 
     23.54000000 -0.233075489754297E+005  0.236046864283029E+002 
     23.56000000 -0.233075489752888E+005  0.236046865692277E+002 
     23.58000000 -0.233075489751469E+005  0.236046867111115E+002 
     23.60000000 -0.233075489750039E+005  0.236046868540873E+002 
     23.62000000 -0.233075489748596E+005  0.236046869984027E+002 
     23.64000000 -0.233075489747139E+005  0.236046871440699E+002 
     23.66000000 -0.233075489745670E+005  0.236046872910240E+002 
     23.68000000 -0.233075489744189E+005  0.236046874391352E+002 
     23.70000000 -0.233075489742698E+005  0.236046875881992E+002 
     23.72000000 -0.233075489741201E+005  0.236046877379406E+002 
     23.74000000 -0.233075489739699E+005  0.236046878881059E+002 
     23.76000000 -0.233075489738196E+005  0.236046880383857E+002 
     23.78000000 -0.233075489736696E+005  0.236046881884427E+002 
     23.80000000 -0.233075489735199E+005  0.236046883380790E+002 
     23.82000000 -0.233075489733710E+005  0.236046884869976E+002 
     23.84000000 -0.233075489732229E+005  0.236046886350747E+002 
     23.86000000 -0.233075489730757E+005  0.236046887822732E+002 
     23.88000000 -0.233075489729294E+005  0.236046889285623E+002 
     23.90000000 -0.233075489727839E+005  0.236046890741305E+002 
     23.92000000 -0.233075489726388E+005  0.236046892191883E+002 
     23.94000000 -0.233075489724940E+005  0.236046893639584E+002 
     23.96000000 -0.233075489723492E+005  0.236046895087749E+002 
     23.98000000 -0.233075489722041E+005  0.236046896538574E+002 
     24.00000000 -0.233075489720587E+005  0.236046897993174E+002 
     24.02000000 -0.233075489719127E+005  0.236046899452599E+002 
     24.04000000 -0.233075489717664E+005  0.236046900916016E+002 
     24.06000000 -0.233075489716198E+005  0.236046902381535E+002 
     24.08000000 -0.233075489714734E+005  0.236046903846406E+002 
     24.10000000 -0.233075489713272E+005  0.236046905307873E+002 
     24.12000000 -0.233075489711818E+005  0.236046906762442E+002 
     24.14000000 -0.233075489710373E+005  0.236046908206987E+002 
     24.16000000 -0.233075489708941E+005  0.236046909639004E+002 
     24.18000000 -0.233075489707523E+005  0.236046911057532E+002 
     24.20000000 -0.233075489706119E+005  0.236046912461150E+002 
     24.22000000 -0.233075489704730E+005  0.236046913850289E+002 
     24.24000000 -0.233075489703354E+005  0.236046915226312E+002 
     24.26000000 -0.233075489701989E+005  0.236046916591260E+002 
     24.28000000 -0.233075489700632E+005  0.236046917948102E+002 
     24.30000000 -0.233075489699280E+005  0.236046919300304E+002 
     24.32000000 -0.233075489697928E+005  0.236046920651609E+002 
     24.34000000 -0.233075489696574E+005  0.236046922006194E+002 
     24.36000000 -0.233075489695212E+005  0.236046923368172E+002 
     24.38000000 -0.233075489693839E+005  0.236046924740977E+002 
     24.40000000 -0.233075489692453E+005  0.236046926127425E+002 
     24.42000000 -0.233075489691051E+005  0.236046927528691E+002 
     24.44000000 -0.233075489689634E+005  0.236046928946044E+002 
     24.46000000 -0.233075489688202E+005  0.236046930377597E+002 
     24.48000000 -0.233075489686758E+005  0.236046931821616E+002 
     24.50000000 -0.233075489685306E+005  0.236046933274020E+002 
     24.52000000 -0.233075489683849E+005  0.236046934730939E+002 
     24.54000000 -0.233075489682393E+005  0.236046936186962E+002 
     24.56000000 -0.233075489680942E+005  0.236046937637787E+002 
     24.58000000 -0.233075489679501E+005  0.236046939078559E+002 
     24.60000000 -0.233075489678074E+005  0.236046940506151E+002 
     24.62000000 -0.233075489676661E+005  0.236046941918678E+002 
     24.64000000 -0.233075489675265E+005  0.236046943314809E+002 
     24.66000000 -0.233075489673884E+005  0.236046944695782E+002 
     24.68000000 -0.233075489672516E+005  0.236046946064071E+002 
     24.70000000 -0.233075489671157E+005  0.236046947423419E+002 
     24.72000000 -0.233075489669802E+005  0.236046948778467E+002 
     24.74000000 -0.233075489668445E+005  0.236046950134629E+002 
     24.76000000 -0.233075489667083E+005  0.236046951496824E+002 
     24.78000000 -0.233075489665710E+005  0.236046952869567E+002 
     24.80000000 -0.233075489664323E+005  0.236046954256727E+002 
     24.82000000 -0.233075489662920E+005  0.236046955659911E+002 
     24.84000000 -0.233075489661500E+005  0.236046957079677E+002 
     24.86000000 -0.233075489660065E+005  0.236046958514663E+002 
     24.88000000 -0.233075489658617E+005  0.236046959962797E+002 
     24.90000000 -0.233075489657159E+005  0.236046961420986E+002 
     24.92000000 -0.233075489655695E+005  0.236046962884897E+002 
     24.94000000 -0.233075489654228E+005  0.236046964351809E+002 
     24.96000000 -0.233075489652762E+005  0.236046965818442E+002 
     24.98000000 -0.233075489651298E+005  0.236046967282508E+002 
     25.00000000 -0.233075489649836E+005  0.236046968743573E+002 
     25.02000000 -0.233075489648379E+005  0.236046970200741E+002 
     25.04000000 -0.233075489646925E+005  0.236046971655526E+002 
     25.06000000 -0.233075489645471E+005  0.236046973109290E+002 
     25.08000000 -0.233075489644016E+005  0.236046974563766E+002 
     25.10000000 -0.233075489642559E+005  0.236046976021274E+002 
     25.12000000 -0.233075489641097E+005  0.236046977483112E+002 
     25.14000000 -0.233075489639629E+005  0.236046978950890E+002 
     25.16000000 -0.233075489638155E+005  0.236046980424732E+002 
     25.18000000 -0.233075489636676E+005  0.236046981904482E+002 
     25.20000000 -0.233075489635191E+005  0.236046983388873E+002 
     25.22000000 -0.233075489633704E+005  0.236046984876079E+002 
     25.24000000 -0.233075489632216E+005  0.236046986364058E+002 
     25.26000000 -0.233075489630730E+005  0.236046987850491E+002 
     25.28000000 -0.233075489629247E+005  0.236046989332871E+002 
     25.30000000 -0.233075489627771E+005  0.236046990809496E+002 
     25.32000000 -0.233075489626300E+005  0.236046992279935E+002 
     25.34000000 -0.233075489624836E+005  0.236046993743537E+002 
     25.36000000 -0.233075489623379E+005  0.236046995201509E+002 
     25.38000000 -0.233075489621925E+005  0.236046996655335E+002 
     25.40000000 -0.233075489620473E+005  0.236046998107274E+002 
     25.42000000 -0.233075489619020E+005  0.236046999559615E+002 
     25.44000000 -0.233075489617565E+005  0.236047001014957E+002 
     25.46000000 -0.233075489616105E+005  0.236047002475063E+002 
     25.48000000 -0.233075489614639E+005  0.236047003941295E+002 
     25.50000000 -0.233075489613165E+005  0.236047005414642E+002 
     25.52000000 -0.233075489611685E+005  0.236047006894794E+002 
     25.54000000 -0.233075489610199E+005  0.236047008381412E+002 
     25.56000000 -0.233075489608706E+005  0.236047009873970E+002 
     25.58000000 -0.233075489607209E+005  0.236047011371323E+002 
     25.60000000 -0.233075489605708E+005  0.236047012872450E+002 
     25.62000000 -0.233075489604203E+005  0.236047014376918E+002 
     25.64000000 -0.233075489602695E+005  0.236047015885098E+002 
     25.66000000 -0.233075489601183E+005  0.236047017396650E+002 
     25.68000000 -0.233075489599667E+005  0.236047018912657E+002 
     25.70000000 -0.233075489598147E+005  0.236047020432779E+002 
     25.72000000 -0.233075489596623E+005  0.236047021957541E+002 
     25.74000000 -0.233075489595094E+005  0.236047023486448E+002 
     25.76000000 -0.233075489593563E+005  0.236047025017521E+002 
     25.78000000 -0.233075489592031E+005  0.236047026549212E+002 
     25.80000000 -0.233075489590501E+005  0.236047028079481E+002 
     25.82000000 -0.233075489588975E+005  0.236047029604923E+002 
     25.84000000 -0.233075489587457E+005  0.236047031123189E+002 
     25.86000000 -0.233075489585948E+005  0.236047032632483E+002 
     25.88000000 -0.233075489584448E+005  0.236047034131630E+002 
     25.90000000 -0.233075489582961E+005  0.236047035619516E+002 
     25.92000000 -0.233075489581483E+005  0.236047037097441E+002 
     25.94000000 -0.233075489580014E+005  0.236047038566333E+002 
     25.96000000 -0.233075489578551E+005  0.236047040028853E+002 
     25.98000000 -0.233075489577093E+005  0.236047041486546E+002 
     26.00000000 -0.233075489575637E+005  0.236047042942816E+002 
     26.02000000 -0.233075489574181E+005  0.236047044399086E+002 
     26.04000000 -0.233075489572722E+005  0.236047045857583E+002 
     26.06000000 -0.233075489571260E+005  0.236047047319855E+002 
     26.08000000 -0.233075489569793E+005  0.236047048786520E+002 
     26.10000000 -0.233075489568322E+005  0.236047050258258E+002 
     26.12000000 -0.233075489566845E+005  0.236047051735007E+002 
     26.14000000 -0.233075489565363E+005  0.236047053217511E+002 
     26.16000000 -0.233075489563874E+005  0.236047054705645E+002 
     26.18000000 -0.233075489562380E+005  0.236047056199533E+002 
     26.20000000 -0.233075489560880E+005  0.236047057699886E+002 
     26.22000000 -0.233075489559373E+005  0.236047059206736E+002 
     26.24000000 -0.233075489557859E+005  0.236047060721228E+002 
     26.26000000 -0.233075489556337E+005  0.236047062243236E+002 
     26.28000000 -0.233075489554807E+005  0.236047063772731E+002 
     26.30000000 -0.233075489553271E+005  0.236047065308847E+002 
     26.32000000 -0.233075489551730E+005  0.236047066850252E+002 
     26.34000000 -0.233075489550186E+005  0.236047068394101E+002 
     26.36000000 -0.233075489548642E+005  0.236047069937920E+002 
     26.38000000 -0.233075489547102E+005  0.236047071477685E+002 
     26.40000000 -0.233075489545571E+005  0.236047073009408E+002 
     26.42000000 -0.233075489544050E+005  0.236047074530148E+002 
     26.44000000 -0.233075489542543E+005  0.236047076037060E+002 
     26.46000000 -0.233075489541052E+005  0.236047077528164E+002 
     26.48000000 -0.233075489539577E+005  0.236047079003088E+002 
     26.50000000 -0.233075489538117E+005  0.236047080462885E+002 
     26.52000000 -0.233075489536671E+005  0.236047081909194E+002 
     26.54000000 -0.233075489535235E+005  0.236047083344706E+002 
     26.56000000 -0.233075489533807E+005  0.236047084773227E+002 
     26.58000000 -0.233075489532382E+005  0.236047086198035E+002 
     26.60000000 -0.233075489530957E+005  0.236047087623215E+002 
     26.62000000 -0.233075489529529E+005  0.236047089051210E+002 
     26.64000000 -0.233075489528095E+005  0.236047090484525E+002 
     26.66000000 -0.233075489526656E+005  0.236047091924090E+002 
     26.68000000 -0.233075489525209E+005  0.236047093370987E+002 
     26.70000000 -0.233075489523756E+005  0.236047094824256E+002 
     26.72000000 -0.233075489522298E+005  0.236047096282506E+002 
     26.74000000 -0.233075489520837E+005  0.236047097743355E+002 
     26.76000000 -0.233075489519376E+005  0.236047099204141E+002 
     26.78000000 -0.233075489517918E+005  0.236047100661927E+002 
     26.80000000 -0.233075489516467E+005  0.236047102113341E+002 
     26.82000000 -0.233075489515024E+005  0.236047103556339E+002 
     26.84000000 -0.233075489513591E+005  0.236047104989005E+002 
     26.86000000 -0.233075489512170E+005  0.236047106409576E+002 
     26.88000000 -0.233075489510761E+005  0.236047107818885E+002 
     26.90000000 -0.233075489509363E+005  0.236047109217429E+002 
     26.92000000 -0.233075489507973E+005  0.236047110606569E+002 
     26.94000000 -0.233075489506591E+005  0.236047111989119E+002 
     26.96000000 -0.233075489505213E+005  0.236047113367029E+002 
     26.98000000 -0.233075489503837E+005  0.236047114743516E+002 
     27.00000000 -0.233075489502460E+005  0.236047116120064E+002 
     27.02000000 -0.233075489501082E+005  0.236047117498438E+002 
     27.04000000 -0.233075489499700E+005  0.236047118879844E+002 
     27.06000000 -0.233075489498316E+005  0.236047120264312E+002 
     27.08000000 -0.233075489496928E+005  0.236047121651812E+002 
     27.10000000 -0.233075489495538E+005  0.236047123042003E+002 
     27.12000000 -0.233075489494146E+005  0.236047124434020E+002 
     27.14000000 -0.233075489492752E+005  0.236047125827645E+002 
     27.16000000 -0.233075489491357E+005  0.236047127222662E+002 
     27.18000000 -0.233075489489961E+005  0.236047128619474E+002 
     27.20000000 -0.233075489488561E+005  0.236047130019193E+002 
     27.22000000 -0.233075489487157E+005  0.236047131422842E+002 
     27.24000000 -0.233075489485748E+005  0.236047132831997E+002 
     27.26000000 -0.233075489484332E+005  0.236047134247988E+002 
     27.28000000 -0.233075489482908E+005  0.236047135671528E+002 
     27.30000000 -0.233075489481477E+005  0.236047137102988E+002 
     27.32000000 -0.233075489480039E+005  0.236047138541470E+002 
     27.34000000 -0.233075489478594E+005  0.236047139985737E+002 
     27.36000000 -0.233075489477147E+005  0.236047141432788E+002 
     27.38000000 -0.233075489475700E+005  0.236047142880180E+002 
     27.40000000 -0.233075489474256E+005  0.236047144324447E+002 
     27.42000000 -0.233075489472817E+005  0.236047145763146E+002 
     27.44000000 -0.233075489471386E+005  0.236047147194327E+002 
     27.46000000 -0.233075489469963E+005  0.236047148616599E+002 
     27.48000000 -0.233075489468549E+005  0.236047150030734E+002 
     27.50000000 -0.233075489467142E+005  0.236047151437878E+002 
     27.52000000 -0.233075489465740E+005  0.236047152840227E+002 
     27.54000000 -0.233075489464340E+005  0.236047154240473E+002 
     27.56000000 -0.233075489462938E+005  0.236047155641554E+002 
     27.58000000 -0.233075489461534E+005  0.236047157045697E+002 
     27.60000000 -0.233075489460125E+005  0.236047158454821E+002 
     27.62000000 -0.233075489458710E+005  0.236047159869916E+002 
     27.64000000 -0.233075489457289E+005  0.236047161290609E+002 
     27.66000000 -0.233075489455864E+005  0.236047162715975E+002 
     27.68000000 -0.233075489454435E+005  0.236047164144681E+002 
     27.70000000 -0.233075489453006E+005  0.236047165574346E+002 
     27.72000000 -0.233075489451576E+005  0.236047167003548E+002 
     27.74000000 -0.233075489450149E+005  0.236047168430769E+002 
     27.76000000 -0.233075489448725E+005  0.236047169855114E+002 
     27.78000000 -0.233075489447304E+005  0.236047171276303E+002 
     27.80000000 -0.233075489445886E+005  0.236047172694398E+002 
     27.82000000 -0.233075489444469E+005  0.236047174111008E+002 
     27.84000000 -0.233075489443053E+005  0.236047175527371E+002 
     27.86000000 -0.233075489441635E+005  0.236047176945188E+002 
     27.88000000 -0.233075489440214E+005  0.236047178366377E+002 
     27.90000000 -0.233075489438787E+005  0.236047179793258E+002 
     27.92000000 -0.233075489437353E+005  0.236047181227038E+002 
     27.94000000 -0.233075489435912E+005  0.236047182668428E+002 
     27.96000000 -0.233075489434461E+005  0.236047184119099E+002 
     27.98000000 -0.233075489433001E+005  0.236047185578927E+002 
     28.00000000 -0.233075489431532E+005  0.236047187048035E+002 
     28.02000000 -0.233075489430053E+005  0.236047188526641E+002 
     28.04000000 -0.233075489428565E+005  0.236047190014558E+002 
     28.06000000 -0.233075489427069E+005  0.236047191511354E+002 
     28.08000000 -0.233075489425563E+005  0.236047193017369E+002 
     28.10000000 -0.233075489424048E+005  0.236047194532077E+002 
     28.12000000 -0.233075489422525E+005  0.236047196054859E+002 
     28.14000000 -0.233075489420995E+005  0.236047197584849E+002 
     28.16000000 -0.233075489419459E+005  0.236047199121088E+002 
     28.18000000 -0.233075489417918E+005  0.236047200661937E+002 
     28.20000000 -0.233075489416375E+005  0.236047202205012E+002 
     28.22000000 -0.233075489414832E+005  0.236047203747903E+002 
     28.24000000 -0.233075489413292E+005  0.236047205288071E+002 
     28.26000000 -0.233075489411757E+005  0.236047206822979E+002 
     28.28000000 -0.233075489410230E+005  0.236047208350340E+002 
     28.30000000 -0.233075489408712E+005  0.236047209868172E+002 
     28.32000000 -0.233075489407204E+005  0.236047211375796E+002 
     28.34000000 -0.233075489405708E+005  0.236047212871787E+002 
     28.36000000 -0.233075489404223E+005  0.236047214357199E+002 
     28.38000000 -0.233075489402747E+005  0.236047215832835E+002 
     28.40000000 -0.233075489401280E+005  0.236047217300025E+002 
     28.42000000 -0.233075489399819E+005  0.236047218761400E+002 
     28.44000000 -0.233075489398361E+005  0.236047220219217E+002 
     28.46000000 -0.233075489396904E+005  0.236047221676106E+002 
     28.48000000 -0.233075489395446E+005  0.236047223134232E+002 
     28.50000000 -0.233075489393984E+005  0.236047224596008E+002 
     28.52000000 -0.233075489392518E+005  0.236047226062487E+002 
     28.54000000 -0.233075489391046E+005  0.236047227534287E+002 
     28.56000000 -0.233075489389569E+005  0.236047229010696E+002 
     28.58000000 -0.233075489388088E+005  0.236047230491684E+002 
     28.60000000 -0.233075489386605E+005  0.236047231974930E+002 
     28.62000000 -0.233075489385121E+005  0.236047233458641E+002 
     28.64000000 -0.233075489383639E+005  0.236047234940866E+002 
     28.66000000 -0.233075489382161E+005  0.236047236418977E+002 
     28.68000000 -0.233075489380688E+005  0.236047237891828E+002 
     28.70000000 -0.233075489379223E+005  0.236047239357255E+002 
     28.72000000 -0.233075489377765E+005  0.236047240814825E+002 
     28.74000000 -0.233075489376316E+005  0.236047242264103E+002 
     28.76000000 -0.233075489374875E+005  0.236047243704689E+002 
     28.78000000 -0.233075489373442E+005  0.236047245137974E+002 
     28.80000000 -0.233075489372015E+005  0.236047246564948E+002 
     28.82000000 -0.233075489370592E+005  0.236047247987714E+002 
     28.84000000 -0.233075489369173E+005  0.236047249407419E+002 
     28.86000000 -0.233075489367753E+005  0.236047250827030E+002 
     28.88000000 -0.233075489366331E+005  0.236047252248559E+002 
     28.90000000 -0.233075489364906E+005  0.236047253674388E+002 
     28.92000000 -0.233075489363473E+005  0.236047255107024E+002 
     28.94000000 -0.233075489362032E+005  0.236047256547826E+002 
     28.96000000 -0.233075489360582E+005  0.236047257998156E+002 
     28.98000000 -0.233075489359121E+005  0.236047259459067E+002 
     29.00000000 -0.233075489357649E+005  0.236047260930619E+002 
     29.02000000 -0.233075489356168E+005  0.236047262412504E+002 
     29.04000000 -0.233075489354677E+005  0.236047263902989E+002 
     29.06000000 -0.233075489353179E+005  0.236047265401517E+002 
     29.08000000 -0.233075489351675E+005  0.236047266905305E+002 
     29.10000000 -0.233075489350168E+005  0.236047268412186E+002 
     29.12000000 -0.233075489348661E+005  0.236047269919314E+002 
     29.14000000 -0.233075489347156E+005  0.236047271424092E+002 
     29.16000000 -0.233075489345656E+005  0.236047272923765E+002 
     29.18000000 -0.233075489344164E+005  0.236047274415766E+002 
     29.20000000 -0.233075489342681E+005  0.236047275898672E+002 
     29.22000000 -0.233075489341209E+005  0.236047277371121E+002 
     29.24000000 -0.233075489339747E+005  0.236047278833300E+002 
     29.26000000 -0.233075489338294E+005  0.236047280285641E+002 
     29.28000000 -0.233075489336850E+005  0.236047281729846E+002 
     29.30000000 -0.233075489335411E+005  0.236047283168576E+002 
     29.32000000 -0.233075489333975E+005  0.236047284605109E+002 
     29.34000000 -0.233075489332537E+005  0.236047286042818E+002 
     29.36000000 -0.233075489331094E+005  0.236047287486002E+002 
     29.38000000 -0.233075489329641E+005  0.236047288938622E+002 
     29.40000000 -0.233075489328176E+005  0.236047290404172E+002 
     29.42000000 -0.233075489326695E+005  0.236047291885408E+002 
     29.44000000 -0.233075489325195E+005  0.236047293384679E+002 
     29.46000000 -0.233075489323677E+005  0.236047294902789E+002 
     29.48000000 -0.233075489322140E+005  0.236047296439678E+002 
     29.50000000 -0.233075489320586E+005  0.236047297993581E+002 
     29.52000000 -0.233075489319018E+005  0.236047299562148E+002 
     29.54000000 -0.233075489317438E+005  0.236047301141821E+002 
     29.56000000 -0.233075489315852E+005  0.236047302727991E+002 
     29.58000000 -0.233075489314263E+005  0.236047304316913E+002 
     29.60000000 -0.233075489312676E+005  0.236047305903887E+002 
     29.62000000 -0.233075489311095E+005  0.236047307484735E+002 
     29.64000000 -0.233075489309524E+005  0.236047309056272E+002 
     29.66000000 -0.233075489307964E+005  0.236047310615744E+002 
     29.68000000 -0.233075489306419E+005  0.236047312161418E+002 
     29.70000000 -0.233075489304888E+005  0.236047313692058E+002 
     29.72000000 -0.233075489303372E+005  0.236047315207972E+002 
     29.74000000 -0.233075489301871E+005  0.236047316709038E+002 
     29.76000000 -0.233075489300383E+005  0.236047318196893E+002 
     29.78000000 -0.233075489298907E+005  0.236047319672622E+002 
     29.80000000 -0.233075489297441E+005  0.236047321139039E+002 
     29.82000000 -0.233075489295982E+005  0.236047322598279E+002 
     29.84000000 -0.233075489294526E+005  0.236047324053868E+002 
     29.86000000 -0.233075489293070E+005  0.236047325509551E+002 
     29.88000000 -0.233075489291612E+005  0.236047326968265E+002 
     29.90000000 -0.233075489290146E+005  0.236047328433816E+002 
     29.92000000 -0.233075489288671E+005  0.236047329908771E+002 
     29.94000000 -0.233075489287184E+005  0.236047331395605E+002 
     29.96000000 -0.233075489285684E+005  0.236047332895804E+002 
     29.98000000 -0.233075489284170E+005  0.236047334410234E+002 
     30.00000000 -0.233075489282642E+005  0.236047335937780E+002 
