# Real time calculation: 
# Eall: Total energy
# Eall0: Initial total energy
# 1:Time[fs] 2:Eall[eV] 3:Eall-Eall0[eV] 
      0.00000000 -0.233311536618580E+005  0.000000000000000E+000 
      0.02000000 -0.233311536618807E+005 -0.227037565857643E-007 
      0.04000000 -0.233311536618813E+005 -0.232977232385053E-007 
      0.06000000 -0.233311536618819E+005 -0.238607541280828E-007 
      0.08000000 -0.233311536618824E+005 -0.243866621018640E-007 
      0.10000000 -0.233311536618829E+005 -0.249373186861760E-007 
      0.12000000 -0.233311536618835E+005 -0.254694138125899E-007 
      0.14000000 -0.233311536618841E+005 -0.260633804653310E-007 
      0.16000000 -0.233311536618846E+005 -0.266016627443776E-007 
      0.18000000 -0.233311536618851E+005 -0.271244771418424E-007 
      0.20000000 -0.233311536618857E+005 -0.276936951840526E-007 
      0.22000000 -0.233311536618862E+005 -0.282196031578337E-007 
      0.24000000 -0.233311536618868E+005 -0.287609790131967E-007 
      0.26000000 -0.233311536618873E+005 -0.293209163264578E-007 
      0.28000000 -0.233311536618878E+005 -0.298313564186572E-007 
      0.30000000 -0.233311536618884E+005 -0.303727322740201E-007 
      0.32000000 -0.233311536618889E+005 -0.309326695872812E-007 
      0.34000000 -0.233311536618895E+005 -0.314926069005423E-007 
      0.36000000 -0.233311536618900E+005 -0.320154212980071E-007 
      0.38000000 -0.233311536618906E+005 -0.325629843060028E-007 
      0.40000000 -0.233311536618911E+005 -0.330888922797840E-007 
      0.42000000 -0.233311536618916E+005 -0.336240809825142E-007 
      0.44000000 -0.233311536618922E+005 -0.341809247194590E-007 
      0.46000000 -0.233311536618927E+005 -0.347161134221892E-007 
      0.48000000 -0.233311536618933E+005 -0.352636764301849E-007 
      0.50000000 -0.233311536618938E+005 -0.357988651329151E-007 
      0.52000000 -0.233311536618943E+005 -0.363402409882781E-007 
      0.54000000 -0.233311536618949E+005 -0.368785232673247E-007 
      0.56000000 -0.233311536618954E+005 -0.374168055463713E-007 
      0.58000000 -0.233311536618960E+005 -0.379489006727852E-007 
      0.60000000 -0.233311536618965E+005 -0.384809957991990E-007 
      0.62000000 -0.233311536618970E+005 -0.390254652308784E-007 
      0.64000000 -0.233311536618976E+005 -0.395761218151904E-007 
      0.66000000 -0.233311536618981E+005 -0.400958426363388E-007 
      0.68000000 -0.233311536618986E+005 -0.406217506101200E-007 
      0.70000000 -0.233311536618992E+005 -0.411785943470647E-007 
      0.72000000 -0.233311536618997E+005 -0.417199702024277E-007 
      0.74000000 -0.233311536619003E+005 -0.422551589051579E-007 
      0.76000000 -0.233311536619008E+005 -0.427810668789391E-007 
      0.78000000 -0.233311536619013E+005 -0.433224427343021E-007 
      0.80000000 -0.233311536619019E+005 -0.438607250133487E-007 
      0.82000000 -0.233311536619024E+005 -0.443928201397625E-007 
      0.84000000 -0.233311536619029E+005 -0.449403831477582E-007 
      0.86000000 -0.233311536619035E+005 -0.454972268847030E-007 
      0.88000000 -0.233311536619040E+005 -0.460324155874332E-007 
      0.90000000 -0.233311536619046E+005 -0.465490428322653E-007 
      0.92000000 -0.233311536619051E+005 -0.470811379586792E-007 
      0.94000000 -0.233311536619056E+005 -0.476379816956239E-007 
      0.96000000 -0.233311536619062E+005 -0.481731703983542E-007 
      0.98000000 -0.233311536619067E+005 -0.487145462537171E-007 
      1.00000000 -0.233311536619073E+005 -0.492528285327637E-007 
      1.02000000 -0.233311536619078E+005 -0.497880172354940E-007 
      1.04000000 -0.233311536619083E+005 -0.503232059382242E-007 
      1.06000000 -0.233311536619089E+005 -0.508614882172708E-007 
      1.08000000 -0.233311536619094E+005 -0.514028640726337E-007 
      1.10000000 -0.233311536619099E+005 -0.519380527753640E-007 
      1.12000000 -0.233311536619105E+005 -0.524701479017779E-007 
      1.14000000 -0.233311536619110E+005 -0.529929622992427E-007 
      1.16000000 -0.233311536619115E+005 -0.535405253072383E-007 
      1.18000000 -0.233311536619121E+005 -0.540911818915504E-007 
      1.20000000 -0.233311536619126E+005 -0.546201834416479E-007 
      1.22000000 -0.233311536619132E+005 -0.551615592970109E-007 
      1.24000000 -0.233311536619137E+005 -0.556874672707920E-007 
      1.26000000 -0.233311536619142E+005 -0.562133752445732E-007 
      1.28000000 -0.233311536619148E+005 -0.567516575236198E-007 
      1.30000000 -0.233311536619153E+005 -0.572930333789827E-007 
      1.32000000 -0.233311536619158E+005 -0.578405963869784E-007 
      1.34000000 -0.233311536619164E+005 -0.583665043607596E-007 
      1.36000000 -0.233311536619169E+005 -0.588985994871734E-007 
      1.38000000 -0.233311536619174E+005 -0.594399753425364E-007 
      1.40000000 -0.233311536619180E+005 -0.599689768926339E-007 
      1.42000000 -0.233311536619185E+005 -0.605134463243132E-007 
      1.44000000 -0.233311536619191E+005 -0.610517286033598E-007 
      1.46000000 -0.233311536619196E+005 -0.615714494245083E-007 
      1.48000000 -0.233311536619201E+005 -0.621097317035549E-007 
      1.50000000 -0.233311536619207E+005 -0.626542011352342E-007 
      1.52000000 -0.233311536619212E+005 -0.631770155326990E-007 
      1.54000000 -0.233311536619217E+005 -0.637214849643783E-007 
      1.56000000 -0.233311536619222E+005 -0.642319250565777E-007 
      1.58000000 -0.233311536619228E+005 -0.647980495224715E-007 
      1.60000000 -0.233311536619233E+005 -0.653394253778345E-007 
      1.62000000 -0.233311536619239E+005 -0.658529590463502E-007 
      1.64000000 -0.233311536619244E+005 -0.664036156306622E-007 
      1.66000000 -0.233311536619249E+005 -0.669326171807597E-007 
      1.68000000 -0.233311536619255E+005 -0.674616187308573E-007 
      1.70000000 -0.233311536619260E+005 -0.680215560441184E-007 
      1.72000000 -0.233311536619266E+005 -0.685567447468486E-007 
      1.74000000 -0.233311536619271E+005 -0.690764655679970E-007 
      1.76000000 -0.233311536619276E+005 -0.696023735417782E-007 
      1.78000000 -0.233311536619281E+005 -0.701406558208248E-007 
      1.80000000 -0.233311536619287E+005 -0.706913124051368E-007 
      1.82000000 -0.233311536619292E+005 -0.712172203789180E-007 
      1.84000000 -0.233311536619298E+005 -0.717709705395464E-007 
      1.86000000 -0.233311536619303E+005 -0.723030656659603E-007 
      1.88000000 -0.233311536619308E+005 -0.728320672160578E-007 
      1.90000000 -0.233311536619314E+005 -0.733579751898390E-007 
      1.92000000 -0.233311536619319E+005 -0.738838831636201E-007 
      1.94000000 -0.233311536619324E+005 -0.744190718663503E-007 
      1.96000000 -0.233311536619330E+005 -0.749666348743460E-007 
      1.98000000 -0.233311536619335E+005 -0.755018235770763E-007 
      2.00000000 -0.233311536619341E+005 -0.760586673140210E-007 
      2.02000000 -0.233311536619346E+005 -0.765691074062204E-007 
      2.04000000 -0.233311536619351E+005 -0.771197639905324E-007 
      2.06000000 -0.233311536619357E+005 -0.776518591169463E-007 
      2.08000000 -0.233311536619362E+005 -0.781777670907275E-007 
      2.10000000 -0.233311536619367E+005 -0.787222365224068E-007 
      2.12000000 -0.233311536619372E+005 -0.792419573435552E-007 
      2.14000000 -0.233311536619378E+005 -0.797740524699691E-007 
      2.16000000 -0.233311536619383E+005 -0.803061475963830E-007 
      2.18000000 -0.233311536619388E+005 -0.808444298754296E-007 
      2.20000000 -0.233311536619394E+005 -0.813703378492107E-007 
      2.22000000 -0.233311536619399E+005 -0.819302751624718E-007 
      2.24000000 -0.233311536619405E+005 -0.824530895599366E-007 
      2.26000000 -0.233311536619410E+005 -0.829728103810851E-007 
      2.28000000 -0.233311536619415E+005 -0.835110926601317E-007 
      2.30000000 -0.233311536619421E+005 -0.840617492444437E-007 
      2.32000000 -0.233311536619426E+005 -0.845907507945412E-007 
      2.34000000 -0.233311536619431E+005 -0.851414073788533E-007 
      2.36000000 -0.233311536619437E+005 -0.856704089289508E-007 
      2.38000000 -0.233311536619442E+005 -0.862025040553647E-007 
      2.40000000 -0.233311536619448E+005 -0.867500670633604E-007 
      2.42000000 -0.233311536619453E+005 -0.872574135792433E-007 
      2.44000000 -0.233311536619458E+005 -0.877987894346063E-007 
      2.46000000 -0.233311536619463E+005 -0.883246974083875E-007 
      2.48000000 -0.233311536619469E+005 -0.888753539926995E-007 
      2.50000000 -0.233311536619474E+005 -0.894074491191134E-007 
      2.52000000 -0.233311536619479E+005 -0.899271699402618E-007 
      2.54000000 -0.233311536619485E+005 -0.904932944061557E-007 
      2.56000000 -0.233311536619490E+005 -0.909975473457223E-007 
      2.58000000 -0.233311536619496E+005 -0.915482039300343E-007 
      2.60000000 -0.233311536619501E+005 -0.920926733617136E-007 
      2.62000000 -0.233311536619506E+005 -0.926062070302294E-007 
      2.64000000 -0.233311536619512E+005 -0.931568636145414E-007 
      2.66000000 -0.233311536619517E+005 -0.936580229777917E-007 
      2.68000000 -0.233311536619522E+005 -0.942148667147365E-007 
      2.70000000 -0.233311536619528E+005 -0.947469618411503E-007 
      2.72000000 -0.233311536619533E+005 -0.952790569675642E-007 
      2.74000000 -0.233311536619538E+005 -0.958204328229272E-007 
      2.76000000 -0.233311536619544E+005 -0.963618086782901E-007 
      2.78000000 -0.233311536619549E+005 -0.968815294994386E-007 
      2.80000000 -0.233311536619554E+005 -0.974383732363833E-007 
      2.82000000 -0.233311536619560E+005 -0.979611876338481E-007 
      2.84000000 -0.233311536619565E+005 -0.985087506418438E-007 
      2.86000000 -0.233311536619570E+005 -0.990284714629922E-007 
      2.88000000 -0.233311536619576E+005 -0.995729408946715E-007 
      2.90000000 -0.233311536619581E+005 -0.100098848868453E-006 
      2.92000000 -0.233311536619586E+005 -0.100634037571183E-006 
      2.94000000 -0.233311536619592E+005 -0.101163039121280E-006 
      2.96000000 -0.233311536619597E+005 -0.101707508552960E-006 
      2.98000000 -0.233311536619602E+005 -0.102236510103057E-006 
      3.00000000 -0.233311536619608E+005 -0.102768605229471E-006 
      3.02000000 -0.233311536619613E+005 -0.103300700355885E-006 
      3.04000000 -0.233311536619618E+005 -0.103835889058615E-006 
      3.06000000 -0.233311536619624E+005 -0.104392732795560E-006 
      3.08000000 -0.233311536619629E+005 -0.104918640769341E-006 
      3.10000000 -0.233311536619634E+005 -0.105444548743122E-006 
      3.12000000 -0.233311536619640E+005 -0.106001392480067E-006 
      3.14000000 -0.233311536619645E+005 -0.106514926148583E-006 
      3.16000000 -0.233311536619651E+005 -0.107053208427629E-006 
      3.18000000 -0.233311536619656E+005 -0.107579116401411E-006 
      3.20000000 -0.233311536619661E+005 -0.108095743646243E-006 
      3.22000000 -0.233311536619666E+005 -0.108587622280544E-006 
      3.24000000 -0.233311536619672E+005 -0.109159933899070E-006 
      3.26000000 -0.233311536619674E+005 -0.109385764970165E-006 
      3.28000000 -0.233311536619649E+005 -0.106923278222342E-006 
      3.30000000 -0.233311536619514E+005 -0.933610396514212E-007 
      3.32000000 -0.233311536619035E+005 -0.454910397320703E-007 
      3.34000000 -0.233311536617667E+005  0.912821563668274E-007 
      3.36000000 -0.233311536614266E+005  0.431411591621634E-006 
      3.38000000 -0.233311536606639E+005  0.119413592599645E-005 
      3.40000000 -0.233311536590874E+005  0.277056982601600E-005 
      3.42000000 -0.233311536560397E+005  0.581832718355416E-005 
      3.44000000 -0.233311536504688E+005  0.113891899168337E-004 
      3.46000000 -0.233311536407641E+005  0.210938811257649E-004 
      3.48000000 -0.233311536245513E+005  0.373067299138826E-004 
      3.50000000 -0.233311535984470E+005  0.634109888966579E-004 
      3.52000000 -0.233311535577767E+005  0.104081277719182E-003 
      3.54000000 -0.233311534962610E+005  0.165597011834232E-003 
      3.56000000 -0.233311534056818E+005  0.256176193199659E-003 
      3.58000000 -0.233311532755443E+005  0.386313680474270E-003 
      3.60000000 -0.233311530927536E+005  0.569104449181435E-003 
      3.62000000 -0.233311528413307E+005  0.820527297405905E-003 
      3.64000000 -0.233311525021966E+005  0.115966139922953E-002 
      3.66000000 -0.233311520530534E+005  0.160880462165107E-002 
      3.68000000 -0.233311514683957E+005  0.219346226396838E-002 
      3.70000000 -0.233311507196839E+005  0.294217405571009E-002 
      3.72000000 -0.233311497757073E+005  0.388615066451199E-002 
      3.74000000 -0.233311486031639E+005  0.505869408675201E-002 
      3.76000000 -0.233311471674735E+005  0.649438450101540E-002 
      3.78000000 -0.233311454338341E+005  0.822802392933867E-002 
      3.80000000 -0.233311433685190E+005  0.102933389552620E-001 
      3.82000000 -0.233311409403993E+005  0.127214587461531E-001 
      3.84000000 -0.233311381226599E+005  0.155391981090710E-001 
      3.86000000 -0.233311348946645E+005  0.187671934965731E-001 
      3.88000000 -0.233311312439029E+005  0.224179550868901E-001 
      3.90000000 -0.233311271679421E+005  0.264939159221105E-001 
      3.92000000 -0.233311226762833E+005  0.309855747384167E-001 
      3.94000000 -0.233311177920160E+005  0.358698419855078E-001 
      3.96000000 -0.233311125531463E+005  0.411087116862280E-001 
      3.98000000 -0.233311070134712E+005  0.466483867959218E-001 
      4.00000000 -0.233311012428666E+005  0.524189913760937E-001 
      4.02000000 -0.233310953268591E+005  0.583349989000494E-001 
      4.04000000 -0.233310893653591E+005  0.642964989362795E-001 
      4.06000000 -0.233310834704475E+005  0.701914104878519E-001 
      4.08000000 -0.233310777631293E+005  0.758987287285977E-001 
      4.10000000 -0.233310723689920E+005  0.812928660393290E-001 
      4.12000000 -0.233310674127440E+005  0.862491139952467E-001 
      4.14000000 -0.233310630116437E+005  0.906502143478681E-001 
      4.16000000 -0.233310592678745E+005  0.943939834810580E-001 
      4.18000000 -0.233310562599710E+005  0.974018870095287E-001 
      4.20000000 -0.233310540334464E+005  0.996284116445471E-001 
      4.22000000 -0.233310525908271E+005  0.101071030862336E+000 
      4.24000000 -0.233310518813471E+005  0.101780510912271E+000 
      4.26000000 -0.233310517905996E+005  0.101871258405843E+000 
      4.28000000 -0.233310521304903E+005  0.101531367720434E+000 
      4.30000000 -0.233310526298652E+005  0.101031992800062E+000 
      4.32000000 -0.233310529262155E+005  0.100735642487465E+000 
      4.34000000 -0.233310525588754E+005  0.101102982605459E+000 
      4.36000000 -0.233310509641316E+005  0.102697726449435E+000 
      4.38000000 -0.233310474726519E+005  0.106189206053527E+000 
      4.40000000 -0.233310413096166E+005  0.112352241446800E+000 
      4.42000000 -0.233310315978909E+005  0.122063967058484E+000 
      4.44000000 -0.233310173645288E+005  0.136297329212363E+000 
      4.46000000 -0.233309975508170E+005  0.156111040956553E+000 
      4.48000000 -0.233309710259944E+005  0.182635863577678E+000 
      4.50000000 -0.233309366046744E+005  0.217057183644013E+000 
      4.52000000 -0.233308930678973E+005  0.260593960732967E+000 
      4.54000000 -0.233308391876190E+005  0.314474238977942E+000 
      4.56000000 -0.233307737543212E+005  0.379907536769780E+000 
      4.58000000 -0.233306956073059E+005  0.458054552115637E+000 
      4.60000000 -0.233306036671117E+005  0.549994746342786E+000 
      4.62000000 -0.233304969693755E+005  0.656692482514495E+000 
      4.64000000 -0.233303746993530E+005  0.778962504969845E+000 
      4.66000000 -0.233302362262182E+005  0.917435639825321E+000 
      4.68000000 -0.233300811361860E+005  0.107252567196967E+001 
      4.70000000 -0.233299092634491E+005  0.124439840888927E+001 
      4.72000000 -0.233297207178875E+005  0.143294397050589E+001 
      4.74000000 -0.233295159085122E+005  0.163775334579854E+001 
      4.76000000 -0.233292955616326E+005  0.185810022538061E+001 
      4.78000000 -0.233290607328004E+005  0.209292905761004E+001 
      4.80000000 -0.233288128116786E+005  0.234085017939306E+001 
      4.82000000 -0.233285535191157E+005  0.260014274234844E+001 
      4.84000000 -0.233282848958631E+005  0.286876599490097E+001 
      4.86000000 -0.233280092825693E+005  0.314437928873027E+001 
      4.88000000 -0.233277292908935E+005  0.342437096450133E+001 
      4.90000000 -0.233274477658252E+005  0.370589603279965E+001 
      4.92000000 -0.233271677395382E+005  0.398592231977787E+001 
      4.94000000 -0.233268923773693E+005  0.426128448871056E+001 
      4.96000000 -0.233266249167630E+005  0.452874509496798E+001 
      4.98000000 -0.233263686002696E+005  0.478506158841197E+001 
      5.00000000 -0.233261266039068E+005  0.502705795118802E+001 
      5.02000000 -0.233259019623942E+005  0.525169946375410E+001 
      5.04000000 -0.233256974929280E+005  0.545616893004118E+001 
      5.06000000 -0.233255157192819E+005  0.563794257606815E+001 
      5.08000000 -0.233253587980947E+005  0.579486376332562E+001 
      5.10000000 -0.233252284492120E+005  0.592521264603882E+001 
      5.12000000 -0.233251258919263E+005  0.602776993170585E+001 
      5.14000000 -0.233250517888608E+005  0.610187299717994E+001 
      5.16000000 -0.233250061991091E+005  0.614746274891680E+001 
      5.18000000 -0.233249885420552E+005  0.616511980276417E+001 
      5.20000000 -0.233249975730802E+005  0.615608877781663E+001 
      5.22000000 -0.233250313721033E+005  0.612228975474695E+001 
      5.24000000 -0.233250873456374E+005  0.606631622062577E+001 
      5.26000000 -0.233251622427496E+005  0.599141910839113E+001 
      5.28000000 -0.233252521850333E+005  0.590147682474047E+001 
      5.30000000 -0.233253527104146E+005  0.580095144342565E+001 
      5.32000000 -0.233254588303503E+005  0.569483150768737E+001 
      5.34000000 -0.233255650997212E+005  0.558856213682556E+001 
      5.36000000 -0.233256656984968E+005  0.548796336124790E+001 
      5.38000000 -0.233257545240395E+005  0.539913781850520E+001 
      5.40000000 -0.233258252927279E+005  0.532836913007039E+001 
      5.42000000 -0.233258716494096E+005  0.528201244836259E+001 
      5.44000000 -0.233258872830399E+005  0.526637881807235E+001 
      5.46000000 -0.233258660467183E+005  0.528761513974868E+001 
      5.48000000 -0.233258020801972E+005  0.535158166075542E+001 
      5.50000000 -0.233256899328095E+005  0.546372904845558E+001 
      5.52000000 -0.233255246846319E+005  0.562897722614952E+001 
      5.54000000 -0.233253020635889E+005  0.585159826909694E+001 
      5.56000000 -0.233250185560967E+005  0.613510576130906E+001 
      5.58000000 -0.233246715087618E+005  0.648215309624727E+001 
      5.60000000 -0.233242592186038E+005  0.689444325417030E+001 
      5.62000000 -0.233237810092614E+005  0.737265259659626E+001 
      5.64000000 -0.233232372906925E+005  0.791637116546763E+001 
      5.66000000 -0.233226296000063E+005  0.852406185174285E+001 
      5.68000000 -0.233219606212650E+005  0.919304059300286E+001 
      5.70000000 -0.233212341824016E+005  0.991947945637617E+001 
      5.72000000 -0.233204552277967E+005  0.106984340612616E+002 
      5.74000000 -0.233196297655650E+005  0.115238962929654E+002 
      5.76000000 -0.233187647892044E+005  0.123888726536217E+002 
      5.78000000 -0.233178681739546E+005  0.132854879034282E+002 
      5.80000000 -0.233169485489780E+005  0.142051128800169E+002 
      5.82000000 -0.233160151472828E+005  0.151385145751799E+002 
      5.84000000 -0.233150776361453E+005  0.160760257127503E+002 
      5.86000000 -0.233141459315964E+005  0.170077302615517E+002 
      5.88000000 -0.233132300012963E+005  0.179236605617339E+002 
      5.90000000 -0.233123396607713E+005  0.188140010866639E+002 
      5.92000000 -0.233114843685178E+005  0.196692933401742E+002 
      5.94000000 -0.233106730258024E+005  0.204806360556465E+002 
      5.96000000 -0.233099137871278E+005  0.212398747302355E+002 
      5.98000000 -0.233092138872205E+005  0.219397746374553E+002 
      6.00000000 -0.233085794900407E+005  0.225741718173478E+002 
      6.02000000 -0.233080155647057E+005  0.231380971523363E+002 
      6.04000000 -0.233075257923741E+005  0.236278694839095E+002 
      6.06000000 -0.233071125070747E+005  0.240411547832732E+002 
      6.08000000 -0.233067766722400E+005  0.243769896180173E+002 
      6.10000000 -0.233065178933596E+005  0.246357684984134E+002 
      6.12000000 -0.233063344657788E+005  0.248191960792485E+002 
      6.14000000 -0.233062234552978E+005  0.249302065602479E+002 
      6.16000000 -0.233061808079548E+005  0.249728539031761E+002 
      6.18000000 -0.233062014842736E+005  0.249521775844494E+002 
      6.20000000 -0.233062796123887E+005  0.248740494692864E+002 
      6.22000000 -0.233064086538797E+005  0.247450079782849E+002 
      6.24000000 -0.233065815758812E+005  0.245720859768417E+002 
      6.26000000 -0.233067910231186E+005  0.243626387394034E+002 
      6.28000000 -0.233070294839234E+005  0.241241779345555E+002 
      6.30000000 -0.233072894449931E+005  0.238642168648858E+002 
      6.32000000 -0.233075635306257E+005  0.235901312323067E+002 
      6.34000000 -0.233078446233134E+005  0.233090385445607E+002 
      6.36000000 -0.233081259638371E+005  0.230276980209465E+002 
      6.38000000 -0.233084012302880E+005  0.227524315699812E+002 
      6.40000000 -0.233086645966635E+005  0.224890651944690E+002 
      6.42000000 -0.233089107727542E+005  0.222428891037729E+002 
      6.44000000 -0.233091350279041E+005  0.220186339539421E+002 
      6.46000000 -0.233093332018209E+005  0.218204600370642E+002 
      6.48000000 -0.233095017059173E+005  0.216519559407133E+002 
      6.50000000 -0.233096375186655E+005  0.215161431925156E+002 
      6.52000000 -0.233097381781691E+005  0.214154836888840E+002 
      6.54000000 -0.233098017746269E+005  0.213518872310942E+002 
      6.56000000 -0.233098269446465E+005  0.213267172115124E+002 
      6.58000000 -0.233098128685254E+005  0.213407933325526E+002 
      6.60000000 -0.233097592707297E+005  0.213943911282791E+002 
      6.62000000 -0.233096664229387E+005  0.214872389193444E+002 
      6.64000000 -0.233095351482621E+005  0.216185135958653E+002 
      6.66000000 -0.233093668246302E+005  0.217868372277922E+002 
      6.68000000 -0.233091633849468E+005  0.219902769111545E+002 
      6.70000000 -0.233089273114215E+005  0.222263504365388E+002 
      6.72000000 -0.233086616215471E+005  0.224920403108774E+002 
      6.74000000 -0.233083698434739E+005  0.227838183841139E+002 
      6.76000000 -0.233080559790074E+005  0.230976828506431E+002 
      6.78000000 -0.233077244531015E+005  0.234292087564549E+002 
      6.80000000 -0.233073800494688E+005  0.237736123891720E+002 
      6.82000000 -0.233070278327405E+005  0.241258291175192E+002 
      6.84000000 -0.233066730584245E+005  0.244806034334533E+002 
      6.86000000 -0.233063210726767E+005  0.248325891813324E+002 
      6.88000000 -0.233059772045639E+005  0.251764572940898E+002 
      6.90000000 -0.233056466540407E+005  0.255070078172812E+002 
      6.92000000 -0.233053343792234E+005  0.258192826346195E+002 
      6.94000000 -0.233050449867398E+005  0.261086751181904E+002 
      6.96000000 -0.233047826289277E+005  0.263710329302706E+002 
      6.98000000 -0.233045509114738E+005  0.266027503841647E+002 
      7.00000000 -0.233043528147250E+005  0.268008471329569E+002 
      7.02000000 -0.233041906314033E+005  0.269630304547351E+002 
      7.04000000 -0.233040659228286E+005  0.270877390293621E+002 
      7.06000000 -0.233039794950517E+005  0.271741668063208E+002 
      7.08000000 -0.233039313955378E+005  0.272222663202262E+002 
      7.10000000 -0.233039209302807E+005  0.272327315772576E+002 
      7.12000000 -0.233039467004822E+005  0.272069613758303E+002 
      7.14000000 -0.233040066572468E+005  0.271470046112169E+002 
      7.16000000 -0.233040981721446E+005  0.270554897133946E+002 
      7.18000000 -0.233042181209964E+005  0.269355408615834E+002 
      7.20000000 -0.233043629778685E+005  0.267906839895368E+002 
      7.22000000 -0.233045289160206E+005  0.266247458373794E+002 
      7.24000000 -0.233047119124491E+005  0.264417494089438E+002 
      7.26000000 -0.233049078526895E+005  0.262458091685080E+002 
      7.28000000 -0.233051126326968E+005  0.260410291611849E+002 
      7.30000000 -0.233053222548771E+005  0.258314069809140E+002 
      7.32000000 -0.233055329156990E+005  0.256207461590366E+002 
      7.34000000 -0.233057410827403E+005  0.254125791176682E+002 
      7.36000000 -0.233059435595009E+005  0.252101023570619E+002 
      7.38000000 -0.233061375368240E+005  0.250161250340222E+002 
      7.40000000 -0.233063206302853E+005  0.248330315726884E+002 
      7.42000000 -0.233064909034138E+005  0.246627584441780E+002 
      7.44000000 -0.233066468770824E+005  0.245067847756093E+002 
      7.46000000 -0.233067875258360E+005  0.243661360219782E+002 
      7.48000000 -0.233069122622928E+005  0.242413995652076E+002 
      7.50000000 -0.233070209110521E+005  0.241327508059488E+002 
      7.52000000 -0.233071136737688E+005  0.240399880891944E+002 
      7.54000000 -0.233071910871998E+005  0.239625746581727E+002 
      7.56000000 -0.233072539760957E+005  0.238996857623072E+002 
      7.58000000 -0.233073034028110E+005  0.238502590469680E+002 
      7.60000000 -0.233073406154343E+005  0.238130464236550E+002 
      7.62000000 -0.233073669961132E+005  0.237866657447838E+002 
      7.64000000 -0.233073840110754E+005  0.237696507826019E+002 
      7.66000000 -0.233073931636383E+005  0.237604982196719E+002 
      7.68000000 -0.233073959512660E+005  0.237577105919806E+002 
      7.70000000 -0.233073938274887E+005  0.237598343692632E+002 
      7.72000000 -0.233073881692557E+005  0.237654926023349E+002 
      7.74000000 -0.233073802500555E+005  0.237734118025003E+002 
      7.76000000 -0.233073712189216E+005  0.237824429364346E+002 
      7.78000000 -0.233073620852444E+005  0.237915766136318E+002 
      7.80000000 -0.233073537091469E+005  0.237999527110810E+002 
      7.82000000 -0.233073467970427E+005  0.238068648153081E+002 
      7.84000000 -0.233073419018905E+005  0.238117599675107E+002 
      7.86000000 -0.233073394275838E+005  0.238142342741825E+002 
      7.88000000 -0.233073396368659E+005  0.238140249921485E+002 
      7.90000000 -0.233073426621357E+005  0.238109997223251E+002 
      7.92000000 -0.233073485185112E+005  0.238051433467978E+002 
      7.94000000 -0.233073571185290E+005  0.237965433290094E+002 
      7.96000000 -0.233073682878922E+005  0.237853739658321E+002 
      7.98000000 -0.233073817817193E+005  0.237718801387409E+002 
      8.00000000 -0.233073973007966E+005  0.237563610614316E+002 
      8.02000000 -0.233074145073945E+005  0.237391544634884E+002 
      8.04000000 -0.233074330402665E+005  0.237206215914976E+002 
      8.06000000 -0.233074525285139E+005  0.237011333441149E+002 
      8.08000000 -0.233074726040627E+005  0.236810577952638E+002 
      8.10000000 -0.233074929125612E+005  0.236607492968153E+002 
      8.12000000 -0.233075131225693E+005  0.236405392887293E+002 
      8.14000000 -0.233075329329700E+005  0.236207288879686E+002 
      8.16000000 -0.233075520785889E+005  0.236015832691266E+002 
      8.18000000 -0.233075703340575E+005  0.235833278004999E+002 
      8.20000000 -0.233075875160055E+005  0.235661458524544E+002 
      8.22000000 -0.233076034837031E+005  0.235501781548979E+002 
      8.24000000 -0.233076181383095E+005  0.235355235484632E+002 
      8.26000000 -0.233076314209109E+005  0.235222409470784E+002 
      8.28000000 -0.233076433095452E+005  0.235103523127657E+002 
      8.30000000 -0.233076538154266E+005  0.234998464314098E+002 
      8.32000000 -0.233076629785816E+005  0.234906832764458E+002 
      8.34000000 -0.233076708631086E+005  0.234827987494240E+002 
      8.36000000 -0.233076775522602E+005  0.234761095977789E+002 
      8.38000000 -0.233076831435339E+005  0.234705183240714E+002 
      8.40000000 -0.233076877439359E+005  0.234659179221280E+002 
      8.42000000 -0.233076914655602E+005  0.234621962977824E+002 
      8.44000000 -0.233076944215986E+005  0.234592402593633E+002 
      8.46000000 -0.233076967228681E+005  0.234569389898781E+002 
      8.48000000 -0.233076984749163E+005  0.234551869417031E+002 
      8.50000000 -0.233076997757356E+005  0.234538861224212E+002 
      8.52000000 -0.233077007140912E+005  0.234529477668004E+002 
      8.54000000 -0.233077013684435E+005  0.234522934145248E+002 
      8.56000000 -0.233077018064241E+005  0.234518554338909E+002 
      8.58000000 -0.233077020848077E+005  0.234515770502993E+002 
      8.60000000 -0.233077022499073E+005  0.234514119506726E+002 
      8.62000000 -0.233077023383127E+005  0.234513235453164E+002 
      8.64000000 -0.233077023778856E+005  0.234512839724336E+002 
      8.66000000 -0.233077023889255E+005  0.234512729325084E+002 
      8.68000000 -0.233077023854237E+005  0.234512764343038E+002 
      8.70000000 -0.233077023763284E+005  0.234512855296161E+002 
      8.72000000 -0.233077023667561E+005  0.234512951019487E+002 
      8.74000000 -0.233077023590944E+005  0.234513027636204E+002 
      8.76000000 -0.233077023539562E+005  0.234513079018496E+002 
      8.78000000 -0.233077023509584E+005  0.234513108996303E+002 
      8.80000000 -0.233077023493134E+005  0.234513125445807E+002 
      8.82000000 -0.233077023482336E+005  0.234513136243718E+002 
      8.84000000 -0.233077023471616E+005  0.234513146963765E+002 
      8.86000000 -0.233077023458482E+005  0.234513160097883E+002 
      8.88000000 -0.233077023443080E+005  0.234513175500336E+002 
      8.90000000 -0.233077023426858E+005  0.234513191721843E+002 
      8.92000000 -0.233077023410825E+005  0.234513207755045E+002 
      8.94000000 -0.233077023395084E+005  0.234513223495904E+002 
      8.96000000 -0.233077023379616E+005  0.234513238963693E+002 
      8.98000000 -0.233077023364398E+005  0.234513254181923E+002 
      9.00000000 -0.233077023349403E+005  0.234513269177415E+002 
      9.02000000 -0.233077023334604E+005  0.234513283976311E+002 
      9.04000000 -0.233077023319976E+005  0.234513298603699E+002 
      9.06000000 -0.233077023305500E+005  0.234513313079872E+002 
      9.08000000 -0.233077023291160E+005  0.234513327419589E+002 
      9.10000000 -0.233077023276950E+005  0.234513341630334E+002 
      9.12000000 -0.233077023262869E+005  0.234513355711210E+002 
      9.14000000 -0.233077023248928E+005  0.234513369651669E+002 
      9.16000000 -0.233077023235148E+005  0.234513383431758E+002 
      9.18000000 -0.233077023221557E+005  0.234513397022736E+002 
      9.20000000 -0.233077023208193E+005  0.234513410387418E+002 
      9.22000000 -0.233077023195098E+005  0.234513423481784E+002 
      9.24000000 -0.233077023182321E+005  0.234513436258966E+002 
      9.26000000 -0.233077023169911E+005  0.234513448668940E+002 
      9.28000000 -0.233077023157916E+005  0.234513460664375E+002 
      9.30000000 -0.233077023146378E+005  0.234513472202332E+002 
      9.32000000 -0.233077023135333E+005  0.234513483246616E+002 
      9.34000000 -0.233077023124809E+005  0.234513493771272E+002 
      9.36000000 -0.233077023114819E+005  0.234513503761327E+002 
      9.38000000 -0.233077023105365E+005  0.234513513215204E+002 
      9.40000000 -0.233077023096437E+005  0.234513522142739E+002 
      9.42000000 -0.233077023088013E+005  0.234513530567011E+002 
      9.44000000 -0.233077023080058E+005  0.234513538522514E+002 
      9.46000000 -0.233077023072528E+005  0.234513546052495E+002 
      9.48000000 -0.233077023065371E+005  0.234513553208835E+002 
      9.50000000 -0.233077023058533E+005  0.234513560047432E+002 
      9.52000000 -0.233077023051952E+005  0.234513566627964E+002 
      9.54000000 -0.233077023045570E+005  0.234513573009548E+002 
      9.56000000 -0.233077023039331E+005  0.234513579248766E+002 
      9.58000000 -0.233077023033182E+005  0.234513585398300E+002 
      9.60000000 -0.233077023027076E+005  0.234513591504525E+002 
      9.62000000 -0.233077023020974E+005  0.234513597605924E+002 
      9.64000000 -0.233077023014848E+005  0.234513603731824E+002 
      9.66000000 -0.233077023008676E+005  0.234513609903632E+002 
      9.68000000 -0.233077023002447E+005  0.234513616132672E+002 
      9.70000000 -0.233077022996157E+005  0.234513622422964E+002 
      9.72000000 -0.233077022989809E+005  0.234513628770612E+002 
      9.74000000 -0.233077022983414E+005  0.234513635165529E+002 
      9.76000000 -0.233077022976988E+005  0.234513641592372E+002 
      9.78000000 -0.233077022970548E+005  0.234513648032517E+002 
      9.80000000 -0.233077022964114E+005  0.234513654465702E+002 
      9.82000000 -0.233077022957710E+005  0.234513660870178E+002 
      9.84000000 -0.233077022951355E+005  0.234513667225188E+002 
      9.86000000 -0.233077022945070E+005  0.234513673510160E+002 
      9.88000000 -0.233077022938873E+005  0.234513679707521E+002 
      9.90000000 -0.233077022932779E+005  0.234513685800815E+002 
      9.92000000 -0.233077022926804E+005  0.234513691776521E+002 
      9.94000000 -0.233077022920957E+005  0.234513697623412E+002 
      9.96000000 -0.233077022915247E+005  0.234513703333287E+002 
      9.98000000 -0.233077022909681E+005  0.234513708899126E+002 
     10.00000000 -0.233077022904262E+005  0.234513714318391E+002 
     10.02000000 -0.233077022898989E+005  0.234513719590526E+002 
     10.04000000 -0.233077022893862E+005  0.234513724718314E+002 
     10.06000000 -0.233077022888871E+005  0.234513729709397E+002 
     10.08000000 -0.233077022884006E+005  0.234513734574139E+002 
     10.10000000 -0.233077022879253E+005  0.234513739327233E+002 
     10.12000000 -0.233077022874593E+005  0.234513743986902E+002 
     10.14000000 -0.233077022870007E+005  0.234513748573438E+002 
     10.16000000 -0.233077022865471E+005  0.234513753108559E+002 
     10.18000000 -0.233077022860967E+005  0.234513757612837E+002 
     10.20000000 -0.233077022856475E+005  0.234513762105112E+002 
     10.22000000 -0.233077022851981E+005  0.234513766599212E+002 
     10.24000000 -0.233077022847477E+005  0.234513771103428E+002 
     10.26000000 -0.233077022842962E+005  0.234513775618225E+002 
     10.28000000 -0.233077022838443E+005  0.234513780137352E+002 
     10.30000000 -0.233077022833932E+005  0.234513784647631E+002 
     10.32000000 -0.233077022829451E+005  0.234513789128584E+002 
     10.34000000 -0.233077022825022E+005  0.234513793557750E+002 
     10.36000000 -0.233077022820670E+005  0.234513797909669E+002 
     10.38000000 -0.233077022816418E+005  0.234513802161914E+002 
     10.40000000 -0.233077022812285E+005  0.234513806294808E+002 
     10.42000000 -0.233077022808284E+005  0.234513810296040E+002 
     10.44000000 -0.233077022804420E+005  0.234513814160411E+002 
     10.46000000 -0.233077022800689E+005  0.234513817891450E+002 
     10.48000000 -0.233077022797080E+005  0.234513821500200E+002 
     10.50000000 -0.233077022793576E+005  0.234513825003582E+002 
     10.52000000 -0.233077022790157E+005  0.234513828422881E+002 
     10.54000000 -0.233077022786801E+005  0.234513831778762E+002 
     10.56000000 -0.233077022783488E+005  0.234513835092291E+002 
     10.58000000 -0.233077022780200E+005  0.234513838379835E+002 
     10.60000000 -0.233077022776927E+005  0.234513841653395E+002 
     10.62000000 -0.233077022773660E+005  0.234513844919964E+002 
     10.64000000 -0.233077022770398E+005  0.234513848182388E+002 
     10.66000000 -0.233077022767140E+005  0.234513851440110E+002 
     10.68000000 -0.233077022763888E+005  0.234513854692294E+002 
     10.70000000 -0.233077022760642E+005  0.234513857938074E+002 
     10.72000000 -0.233077022757401E+005  0.234513861178935E+002 
     10.74000000 -0.233077022754161E+005  0.234513864418869E+002 
     10.76000000 -0.233077022750917E+005  0.234513867663504E+002 
     10.78000000 -0.233077022747659E+005  0.234513870921257E+002 
     10.80000000 -0.233077022744380E+005  0.234513874199705E+002 
     10.82000000 -0.233077022741075E+005  0.234513877505161E+002 
     10.84000000 -0.233077022737740E+005  0.234513880839850E+002 
     10.86000000 -0.233077022734378E+005  0.234513884201547E+002 
     10.88000000 -0.233077022730998E+005  0.234513887581681E+002 
     10.90000000 -0.233077022727613E+005  0.234513890966858E+002 
     10.92000000 -0.233077022724242E+005  0.234513894338423E+002 
     10.94000000 -0.233077022720904E+005  0.234513897675526E+002 
     10.96000000 -0.233077022717624E+005  0.234513900956325E+002 
     10.98000000 -0.233077022714420E+005  0.234513904159971E+002 
     11.00000000 -0.233077022711309E+005  0.234513907271057E+002 
     11.02000000 -0.233077022708301E+005  0.234513910279251E+002 
     11.04000000 -0.233077022705398E+005  0.234513913182324E+002 
     11.06000000 -0.233077022702596E+005  0.234513915983929E+002 
     11.08000000 -0.233077022699884E+005  0.234513918695975E+002 
     11.10000000 -0.233077022697246E+005  0.234513921334393E+002 
     11.12000000 -0.233077022694661E+005  0.234513923918581E+002 
     11.14000000 -0.233077022692111E+005  0.234513926469235E+002 
     11.16000000 -0.233077022689575E+005  0.234513929004854E+002 
     11.18000000 -0.233077022687039E+005  0.234513931540844E+002 
     11.20000000 -0.233077022684492E+005  0.234513934087785E+002 
     11.22000000 -0.233077022681929E+005  0.234513936651122E+002 
     11.24000000 -0.233077022679349E+005  0.234513939231134E+002 
     11.26000000 -0.233077022676757E+005  0.234513941822840E+002 
     11.28000000 -0.233077022674161E+005  0.234513944419340E+002 
     11.30000000 -0.233077022671570E+005  0.234513947010520E+002 
     11.32000000 -0.233077022668992E+005  0.234513949587902E+002 
     11.34000000 -0.233077022666437E+005  0.234513952143010E+002 
     11.36000000 -0.233077022663909E+005  0.234513954671390E+002 
     11.38000000 -0.233077022661408E+005  0.234513957171618E+002 
     11.40000000 -0.233077022658934E+005  0.234513959646015E+002 
     11.42000000 -0.233077022656478E+005  0.234513962101727E+002 
     11.44000000 -0.233077022654033E+005  0.234513964547447E+002 
     11.46000000 -0.233077022651585E+005  0.234513966994775E+002 
     11.48000000 -0.233077022649125E+005  0.234513969455189E+002 
     11.50000000 -0.233077022646641E+005  0.234513971939114E+002 
     11.52000000 -0.233077022644126E+005  0.234513974454439E+002 
     11.54000000 -0.233077022641575E+005  0.234513977005464E+002 
     11.56000000 -0.233077022638989E+005  0.234513979591261E+002 
     11.58000000 -0.233077022636373E+005  0.234513982207127E+002 
     11.60000000 -0.233077022633738E+005  0.234513984842421E+002 
     11.62000000 -0.233077022631096E+005  0.234513987483902E+002 
     11.64000000 -0.233077022628465E+005  0.234513990115298E+002 
     11.66000000 -0.233077022625860E+005  0.234513992720306E+002 
     11.68000000 -0.233077022623297E+005  0.234513995282963E+002 
     11.70000000 -0.233077022620790E+005  0.234513997790337E+002 
     11.72000000 -0.233077022618346E+005  0.234514000233706E+002 
     11.74000000 -0.233077022615970E+005  0.234514002609572E+002 
     11.76000000 -0.233077022613660E+005  0.234514004919670E+002 
     11.78000000 -0.233077022611408E+005  0.234514007171669E+002 
     11.80000000 -0.233077022609203E+005  0.234514009376956E+002 
     11.82000000 -0.233077022607028E+005  0.234514011551709E+002 
     11.84000000 -0.233077022604867E+005  0.234514013712789E+002 
     11.86000000 -0.233077022602702E+005  0.234514015878509E+002 
     11.88000000 -0.233077022600515E+005  0.234514018065513E+002 
     11.90000000 -0.233077022598293E+005  0.234514020287010E+002 
     11.92000000 -0.233077022596027E+005  0.234514022553457E+002 
     11.94000000 -0.233077022593710E+005  0.234514024869958E+002 
     11.96000000 -0.233077022591343E+005  0.234514027236946E+002 
     11.98000000 -0.233077022588929E+005  0.234514029650585E+002 
     12.00000000 -0.233077022586478E+005  0.234514032102430E+002 
     12.02000000 -0.233077022583999E+005  0.234514034581003E+002 
     12.04000000 -0.233077022581507E+005  0.234514037073312E+002 
     12.06000000 -0.233077022579015E+005  0.234514039564940E+002 
     12.08000000 -0.233077022576539E+005  0.234514042041410E+002 
     12.10000000 -0.233077022574090E+005  0.234514044489852E+002 
     12.12000000 -0.233077022571681E+005  0.234514046899129E+002 
     12.14000000 -0.233077022569320E+005  0.234514049259837E+002 
     12.16000000 -0.233077022567013E+005  0.234514051566841E+002 
     12.18000000 -0.233077022564763E+005  0.234514053816613E+002 
     12.20000000 -0.233077022562571E+005  0.234514056008907E+002 
     12.22000000 -0.233077022560434E+005  0.234514058145980E+002 
     12.24000000 -0.233077022558348E+005  0.234514060232381E+002 
     12.26000000 -0.233077022556305E+005  0.234514062275069E+002 
     12.28000000 -0.233077022554298E+005  0.234514064281687E+002 
     12.30000000 -0.233077022552319E+005  0.234514066261483E+002 
     12.32000000 -0.233077022550356E+005  0.234514068224388E+002 
     12.34000000 -0.233077022548400E+005  0.234514070179899E+002 
     12.36000000 -0.233077022546443E+005  0.234514072137267E+002 
     12.38000000 -0.233077022544475E+005  0.234514074105307E+002 
     12.40000000 -0.233077022542489E+005  0.234514076091291E+002 
     12.42000000 -0.233077022540479E+005  0.234514078100785E+002 
     12.44000000 -0.233077022538442E+005  0.234514080138369E+002 
     12.46000000 -0.233077022536374E+005  0.234514082206239E+002 
     12.48000000 -0.233077022534274E+005  0.234514084305602E+002 
     12.50000000 -0.233077022532145E+005  0.234514086434601E+002 
     12.52000000 -0.233077022529989E+005  0.234514088590638E+002 
     12.54000000 -0.233077022527810E+005  0.234514090770187E+002 
     12.56000000 -0.233077022525613E+005  0.234514092967337E+002 
     12.58000000 -0.233077022523404E+005  0.234514095176151E+002 
     12.60000000 -0.233077022521191E+005  0.234514097388893E+002 
     12.62000000 -0.233077022518982E+005  0.234514099598078E+002 
     12.64000000 -0.233077022516784E+005  0.234514101795569E+002 
     12.66000000 -0.233077022514607E+005  0.234514103973013E+002 
     12.68000000 -0.233077022512457E+005  0.234514106122925E+002 
     12.70000000 -0.233077022510341E+005  0.234514108238591E+002 
     12.72000000 -0.233077022508266E+005  0.234514110313917E+002 
     12.74000000 -0.233077022506234E+005  0.234514112345840E+002 
     12.76000000 -0.233077022504247E+005  0.234514114332782E+002 
     12.78000000 -0.233077022502305E+005  0.234514116275022E+002 
     12.80000000 -0.233077022500404E+005  0.234514118176272E+002 
     12.82000000 -0.233077022498539E+005  0.234514120041203E+002 
     12.84000000 -0.233077022496703E+005  0.234514121877148E+002 
     12.86000000 -0.233077022494887E+005  0.234514123692644E+002 
     12.88000000 -0.233077022493084E+005  0.234514125496478E+002 
     12.90000000 -0.233077022491283E+005  0.234514127297280E+002 
     12.92000000 -0.233077022489476E+005  0.234514129103742E+002 
     12.94000000 -0.233077022487657E+005  0.234514130922611E+002 
     12.96000000 -0.233077022485821E+005  0.234514132758803E+002 
     12.98000000 -0.233077022483965E+005  0.234514134615103E+002 
     13.00000000 -0.233077022482088E+005  0.234514136492285E+002 
     13.02000000 -0.233077022480191E+005  0.234514138389236E+002 
     13.04000000 -0.233077022478278E+005  0.234514140301684E+002 
     13.06000000 -0.233077022476355E+005  0.234514142225054E+002 
     13.08000000 -0.233077022474427E+005  0.234514144153311E+002 
     13.10000000 -0.233077022472500E+005  0.234514146079743E+002 
     13.12000000 -0.233077022470581E+005  0.234514147999183E+002 
     13.14000000 -0.233077022468674E+005  0.234514149905692E+002 
     13.16000000 -0.233077022466784E+005  0.234514151796053E+002 
     13.18000000 -0.233077022464913E+005  0.234514153667172E+002 
     13.20000000 -0.233077022463062E+005  0.234514155518058E+002 
     13.22000000 -0.233077022461231E+005  0.234514157348589E+002 
     13.24000000 -0.233077022459420E+005  0.234514159159971E+002 
     13.26000000 -0.233077022457626E+005  0.234514160954307E+002 
     13.28000000 -0.233077022455847E+005  0.234514162733454E+002 
     13.30000000 -0.233077022454079E+005  0.234514164500566E+002 
     13.32000000 -0.233077022452322E+005  0.234514166258089E+002 
     13.34000000 -0.233077022450571E+005  0.234514168009177E+002 
     13.36000000 -0.233077022448824E+005  0.234514169756398E+002 
     13.38000000 -0.233077022447077E+005  0.234514171503062E+002 
     13.40000000 -0.233077022445328E+005  0.234514173252356E+002 
     13.42000000 -0.233077022443573E+005  0.234514175007403E+002 
     13.44000000 -0.233077022441809E+005  0.234514176771361E+002 
     13.46000000 -0.233077022440033E+005  0.234514178546764E+002 
     13.48000000 -0.233077022438244E+005  0.234514180335594E+002 
     13.50000000 -0.233077022436441E+005  0.234514182138839E+002 
     13.52000000 -0.233077022434624E+005  0.234514183955882E+002 
     13.54000000 -0.233077022432795E+005  0.234514185785114E+002 
     13.56000000 -0.233077022430956E+005  0.234514187623998E+002 
     13.58000000 -0.233077022429112E+005  0.234514189467769E+002 
     13.60000000 -0.233077022427268E+005  0.234514191311633E+002 
     13.62000000 -0.233077022425430E+005  0.234514193150486E+002 
     13.64000000 -0.233077022423601E+005  0.234514194978728E+002 
     13.66000000 -0.233077022421788E+005  0.234514196792182E+002 
     13.68000000 -0.233077022419993E+005  0.234514198586921E+002 
     13.70000000 -0.233077022418220E+005  0.234514200360128E+002 
     13.72000000 -0.233077022416469E+005  0.234514202110566E+002 
     13.74000000 -0.233077022414742E+005  0.234514203838421E+002 
     13.76000000 -0.233077022413035E+005  0.234514205544528E+002 
     13.78000000 -0.233077022411348E+005  0.234514207231610E+002 
     13.80000000 -0.233077022409678E+005  0.234514208902358E+002 
     13.82000000 -0.233077022408019E+005  0.234514210560762E+002 
     13.84000000 -0.233077022406368E+005  0.234514212211649E+002 
     13.86000000 -0.233077022404720E+005  0.234514213859597E+002 
     13.88000000 -0.233077022403071E+005  0.234514215508938E+002 
     13.90000000 -0.233077022401416E+005  0.234514217163692E+002 
     13.92000000 -0.233077022399753E+005  0.234514218827293E+002 
     13.94000000 -0.233077022398077E+005  0.234514220502558E+002 
     13.96000000 -0.233077022396390E+005  0.234514222190444E+002 
     13.98000000 -0.233077022394689E+005  0.234514223891168E+002 
     14.00000000 -0.233077022392976E+005  0.234514225603710E+002 
     14.02000000 -0.233077022391254E+005  0.234514227326399E+002 
     14.04000000 -0.233077022389524E+005  0.234514229056080E+002 
     14.06000000 -0.233077022387790E+005  0.234514230789967E+002 
     14.08000000 -0.233077022386055E+005  0.234514232525154E+002 
     14.10000000 -0.233077022384321E+005  0.234514234258794E+002 
     14.12000000 -0.233077022382591E+005  0.234514235989093E+002 
     14.14000000 -0.233077022380865E+005  0.234514237714628E+002 
     14.16000000 -0.233077022379145E+005  0.234514239435276E+002 
     14.18000000 -0.233077022377430E+005  0.234514241149983E+002 
     14.20000000 -0.233077022375721E+005  0.234514242859060E+002 
     14.22000000 -0.233077022374018E+005  0.234514244562229E+002 
     14.24000000 -0.233077022372321E+005  0.234514246258901E+002 
     14.26000000 -0.233077022370632E+005  0.234514247947715E+002 
     14.28000000 -0.233077022368952E+005  0.234514249627651E+002 
     14.30000000 -0.233077022367283E+005  0.234514251297285E+002 
     14.32000000 -0.233077022365625E+005  0.234514252955256E+002 
     14.34000000 -0.233077022363979E+005  0.234514254600853E+002 
     14.36000000 -0.233077022362346E+005  0.234514256234261E+002 
     14.38000000 -0.233077022360724E+005  0.234514257856038E+002 
     14.40000000 -0.233077022359111E+005  0.234514259468997E+002 
     14.42000000 -0.233077022357504E+005  0.234514261076512E+002 
     14.44000000 -0.233077022355897E+005  0.234514262683099E+002 
     14.46000000 -0.233077022354287E+005  0.234514264293213E+002 
     14.48000000 -0.233077022352667E+005  0.234514265912638E+002 
     14.50000000 -0.233077022351034E+005  0.234514267545923E+002 
     14.52000000 -0.233077022349382E+005  0.234514269197955E+002 
     14.54000000 -0.233077022347709E+005  0.234514270870899E+002 
     14.56000000 -0.233077022346013E+005  0.234514272566983E+002 
     14.58000000 -0.233077022344294E+005  0.234514274286052E+002 
     14.60000000 -0.233077022342555E+005  0.234514276025478E+002 
     14.62000000 -0.233077022340798E+005  0.234514277781886E+002 
     14.64000000 -0.233077022339031E+005  0.234514279549308E+002 
     14.66000000 -0.233077022337259E+005  0.234514281321402E+002 
     14.68000000 -0.233077022335489E+005  0.234514283090958E+002 
     14.70000000 -0.233077022333729E+005  0.234514284851327E+002 
     14.72000000 -0.233077022331984E+005  0.234514286595795E+002 
     14.74000000 -0.233077022330261E+005  0.234514288319102E+002 
     14.76000000 -0.233077022328563E+005  0.234514290017414E+002 
     14.78000000 -0.233077022326891E+005  0.234514291689368E+002 
     14.80000000 -0.233077022325246E+005  0.234514293334315E+002 
     14.82000000 -0.233077022323626E+005  0.234514294954143E+002 
     14.84000000 -0.233077022322029E+005  0.234514296550861E+002 
     14.86000000 -0.233077022320451E+005  0.234514298129080E+002 
     14.88000000 -0.233077022318887E+005  0.234514299692636E+002 
     14.90000000 -0.233077022317334E+005  0.234514301246292E+002 
     14.92000000 -0.233077022315786E+005  0.234514302794472E+002 
     14.94000000 -0.233077022314239E+005  0.234514304341477E+002 
     14.96000000 -0.233077022312689E+005  0.234514305891080E+002 
     14.98000000 -0.233077022311134E+005  0.234514307446499E+002 
     15.00000000 -0.233077022309570E+005  0.234514309010178E+002 
     15.02000000 -0.233077022307997E+005  0.234514310583385E+002 
     15.04000000 -0.233077022306413E+005  0.234514312167049E+002 
     15.06000000 -0.233077022304819E+005  0.234514313761169E+002 
     15.08000000 -0.233077022303216E+005  0.234514315364415E+002 
     15.10000000 -0.233077022301605E+005  0.234514316975209E+002 
     15.12000000 -0.233077022299989E+005  0.234514318591170E+002 
     15.14000000 -0.233077022298371E+005  0.234514320209543E+002 
     15.16000000 -0.233077022296752E+005  0.234514321827607E+002 
     15.18000000 -0.233077022295137E+005  0.234514323442702E+002 
     15.20000000 -0.233077022293528E+005  0.234514325051887E+002 
     15.22000000 -0.233077022291926E+005  0.234514326653710E+002 
     15.24000000 -0.233077022290334E+005  0.234514328246190E+002 
     15.26000000 -0.233077022288752E+005  0.234514329828307E+002 
     15.28000000 -0.233077022287181E+005  0.234514331399194E+002 
     15.30000000 -0.233077022285622E+005  0.234514332957800E+002 
     15.32000000 -0.233077022284076E+005  0.234514334503784E+002 
     15.34000000 -0.233077022282544E+005  0.234514336036218E+002 
     15.36000000 -0.233077022281025E+005  0.234514337555040E+002 
     15.38000000 -0.233077022279521E+005  0.234514339059044E+002 
     15.40000000 -0.233077022278032E+005  0.234514340547642E+002 
     15.42000000 -0.233077022276560E+005  0.234514342020215E+002 
     15.44000000 -0.233077022275103E+005  0.234514343477321E+002 
     15.46000000 -0.233077022273661E+005  0.234514344919236E+002 
     15.48000000 -0.233077022272232E+005  0.234514346347912E+002 
     15.50000000 -0.233077022270814E+005  0.234514347765605E+002 
     15.52000000 -0.233077022269405E+005  0.234514349175441E+002 
     15.54000000 -0.233077022267999E+005  0.234514350581409E+002 
     15.56000000 -0.233077022266592E+005  0.234514351988306E+002 
     15.58000000 -0.233077022265179E+005  0.234514353400585E+002 
     15.60000000 -0.233077022263757E+005  0.234514354822826E+002 
     15.62000000 -0.233077022262322E+005  0.234514356258060E+002 
     15.64000000 -0.233077022260870E+005  0.234514357709937E+002 
     15.66000000 -0.233077022259401E+005  0.234514359179417E+002 
     15.68000000 -0.233077022257913E+005  0.234514360667025E+002 
     15.70000000 -0.233077022256409E+005  0.234514362171307E+002 
     15.72000000 -0.233077022254889E+005  0.234514363690624E+002 
     15.74000000 -0.233077022253358E+005  0.234514365221883E+002 
     15.76000000 -0.233077022251819E+005  0.234514366761154E+002 
     15.78000000 -0.233077022250276E+005  0.234514368304508E+002 
     15.80000000 -0.233077022248732E+005  0.234514369847986E+002 
     15.82000000 -0.233077022247191E+005  0.234514371388525E+002 
     15.84000000 -0.233077022245658E+005  0.234514372921918E+002 
     15.86000000 -0.233077022244134E+005  0.234514374446061E+002 
     15.88000000 -0.233077022242622E+005  0.234514375958418E+002 
     15.90000000 -0.233077022241123E+005  0.234514377457348E+002 
     15.92000000 -0.233077022239638E+005  0.234514378942079E+002 
     15.94000000 -0.233077022238168E+005  0.234514380412333E+002 
     15.96000000 -0.233077022236713E+005  0.234514381867303E+002 
     15.98000000 -0.233077022235272E+005  0.234514383308415E+002 
     16.00000000 -0.233077022233844E+005  0.234514384736472E+002 
     16.02000000 -0.233077022232427E+005  0.234514386153330E+002 
     16.04000000 -0.233077022231018E+005  0.234514387561526E+002 
     16.06000000 -0.233077022229617E+005  0.234514388962668E+002 
     16.08000000 -0.233077022228219E+005  0.234514390360593E+002 
     16.10000000 -0.233077022226822E+005  0.234514391757591E+002 
     16.12000000 -0.233077022225423E+005  0.234514393156939E+002 
     16.14000000 -0.233077022224019E+005  0.234514394560866E+002 
     16.16000000 -0.233077022222608E+005  0.234514395971815E+002 
     16.18000000 -0.233077022221189E+005  0.234514397390838E+002 
     16.20000000 -0.233077022219761E+005  0.234514398819204E+002 
     16.22000000 -0.233077022218322E+005  0.234514400257996E+002 
     16.24000000 -0.233077022216873E+005  0.234514401706903E+002 
     16.26000000 -0.233077022215414E+005  0.234514403165555E+002 
     16.28000000 -0.233077022213946E+005  0.234514404633890E+002 
     16.30000000 -0.233077022212469E+005  0.234514406111352E+002 
     16.32000000 -0.233077022210984E+005  0.234514407596206E+002 
     16.34000000 -0.233077022209491E+005  0.234514409089012E+002 
     16.36000000 -0.233077022207992E+005  0.234514410587880E+002 
     16.38000000 -0.233077022206489E+005  0.234514412091358E+002 
     16.40000000 -0.233077022204981E+005  0.234514413598858E+002 
     16.42000000 -0.233077022203472E+005  0.234514415108028E+002 
     16.44000000 -0.233077022201963E+005  0.234514416616889E+002 
     16.46000000 -0.233077022200457E+005  0.234514418123152E+002 
     16.48000000 -0.233077022198955E+005  0.234514419624588E+002 
     16.50000000 -0.233077022197462E+005  0.234514421118414E+002 
     16.52000000 -0.233077022195978E+005  0.234514422602464E+002 
     16.54000000 -0.233077022194505E+005  0.234514424074821E+002 
     16.56000000 -0.233077022193045E+005  0.234514425535082E+002 
     16.58000000 -0.233077022191597E+005  0.234514426982814E+002 
     16.60000000 -0.233077022190161E+005  0.234514428419409E+002 
     16.62000000 -0.233077022188733E+005  0.234514429847002E+002 
     16.64000000 -0.233077022187311E+005  0.234514431268809E+002 
     16.66000000 -0.233077022185891E+005  0.234514432688544E+002 
     16.68000000 -0.233077022184470E+005  0.234514434110259E+002 
     16.70000000 -0.233077022183042E+005  0.234514435537759E+002 
     16.72000000 -0.233077022181606E+005  0.234514436974509E+002 
     16.74000000 -0.233077022180157E+005  0.234514438422921E+002 
     16.76000000 -0.233077022178695E+005  0.234514439884605E+002 
     16.78000000 -0.233077022177221E+005  0.234514441359251E+002 
     16.80000000 -0.233077022175734E+005  0.234514442845962E+002 
     16.82000000 -0.233077022174238E+005  0.234514444342139E+002 
     16.84000000 -0.233077022172735E+005  0.234514445844875E+002 
     16.86000000 -0.233077022171229E+005  0.234514447350828E+002 
     16.88000000 -0.233077022169723E+005  0.234514448857337E+002 
     16.90000000 -0.233077022168219E+005  0.234514450360815E+002 
     16.92000000 -0.233077022166720E+005  0.234514451859901E+002 
     16.94000000 -0.233077022165227E+005  0.234514453353232E+002 
     16.96000000 -0.233077022163739E+005  0.234514454841149E+002 
     16.98000000 -0.233077022162256E+005  0.234514456323653E+002 
     17.00000000 -0.233077022160778E+005  0.234514457802475E+002 
     17.02000000 -0.233077022159301E+005  0.234514459278730E+002 
     17.04000000 -0.233077022157826E+005  0.234514460754211E+002 
     17.06000000 -0.233077022156349E+005  0.234514462230558E+002 
     17.08000000 -0.233077022154872E+005  0.234514463708484E+002 
     17.10000000 -0.233077022153391E+005  0.234514465189317E+002 
     17.12000000 -0.233077022151907E+005  0.234514466673367E+002 
     17.14000000 -0.233077022150419E+005  0.234514468161037E+002 
     17.16000000 -0.233077022148927E+005  0.234514469652790E+002 
     17.18000000 -0.233077022147431E+005  0.234514471148658E+002 
     17.20000000 -0.233077022145931E+005  0.234514472649321E+002 
     17.22000000 -0.233077022144425E+005  0.234514474155058E+002 
     17.24000000 -0.233077022142913E+005  0.234514475667352E+002 
     17.26000000 -0.233077022141393E+005  0.234514477186886E+002 
     17.28000000 -0.233077022139866E+005  0.234514478714432E+002 
     17.30000000 -0.233077022138329E+005  0.234514480251507E+002 
     17.32000000 -0.233077022136782E+005  0.234514481797800E+002 
     17.34000000 -0.233077022135226E+005  0.234514483354302E+002 
     17.36000000 -0.233077022133660E+005  0.234514484919837E+002 
     17.38000000 -0.233077022132086E+005  0.234514486493570E+002 
     17.40000000 -0.233077022130507E+005  0.234514488073367E+002 
     17.42000000 -0.233077022128923E+005  0.234514489656752E+002 
     17.44000000 -0.233077022127340E+005  0.234514491240477E+002 
     17.46000000 -0.233077022125759E+005  0.234514492821202E+002 
     17.48000000 -0.233077022124185E+005  0.234514494395523E+002 
     17.50000000 -0.233077022122620E+005  0.234514495959883E+002 
     17.52000000 -0.233077022121069E+005  0.234514497511373E+002 
     17.54000000 -0.233077022119532E+005  0.234514499047767E+002 
     17.56000000 -0.233077022118013E+005  0.234514500567394E+002 
     17.58000000 -0.233077022116511E+005  0.234514502069263E+002 
     17.60000000 -0.233077022115026E+005  0.234514503553530E+002 
     17.62000000 -0.233077022113559E+005  0.234514505021463E+002 
     17.64000000 -0.233077022112106E+005  0.234514506474083E+002 
     17.66000000 -0.233077022110667E+005  0.234514507913524E+002 
     17.68000000 -0.233077022109237E+005  0.234514509342601E+002 
     17.70000000 -0.233077022107816E+005  0.234514510764099E+002 
     17.72000000 -0.233077022106400E+005  0.234514512180246E+002 
     17.74000000 -0.233077022104986E+005  0.234514513593639E+002 
     17.76000000 -0.233077022103574E+005  0.234514515005980E+002 
     17.78000000 -0.233077022102161E+005  0.234514516419435E+002 
     17.80000000 -0.233077022100746E+005  0.234514517834375E+002 
     17.82000000 -0.233077022099329E+005  0.234514519251357E+002 
     17.84000000 -0.233077022097910E+005  0.234514520670442E+002 
     17.86000000 -0.233077022096489E+005  0.234514522090703E+002 
     17.88000000 -0.233077022095068E+005  0.234514523511768E+002 
     17.90000000 -0.233077022093647E+005  0.234514524932834E+002 
     17.92000000 -0.233077022092227E+005  0.234514526352971E+002 
     17.94000000 -0.233077022090809E+005  0.234514527771066E+002 
     17.96000000 -0.233077022089393E+005  0.234514529186996E+002 
     17.98000000 -0.233077022087979E+005  0.234514530601008E+002 
     18.00000000 -0.233077022086567E+005  0.234514532013164E+002 
     18.02000000 -0.233077022085155E+005  0.234514533425134E+002 
     18.04000000 -0.233077022083741E+005  0.234514534838836E+002 
     18.06000000 -0.233077022082323E+005  0.234514536257117E+002 
     18.08000000 -0.233077022080897E+005  0.234514537683256E+002 
     18.10000000 -0.233077022079460E+005  0.234514539120129E+002 
     18.12000000 -0.233077022078009E+005  0.234514540571233E+002 
     18.14000000 -0.233077022076541E+005  0.234514542039011E+002 
     18.16000000 -0.233077022075055E+005  0.234514543525227E+002 
     18.18000000 -0.233077022073550E+005  0.234514545030190E+002 
     18.20000000 -0.233077022072027E+005  0.234514546553251E+002 
     18.22000000 -0.233077022070488E+005  0.234514548091872E+002 
     18.24000000 -0.233077022068937E+005  0.234514549642713E+002 
     18.26000000 -0.233077022067379E+005  0.234514551201195E+002 
     18.28000000 -0.233077022065819E+005  0.234514552761285E+002 
     18.30000000 -0.233077022064263E+005  0.234514554317509E+002 
     18.32000000 -0.233077022062716E+005  0.234514555863523E+002 
     18.34000000 -0.233077022061186E+005  0.234514557394472E+002 
     18.36000000 -0.233077022059675E+005  0.234514558905128E+002 
     18.38000000 -0.233077022058188E+005  0.234514560392333E+002 
     18.40000000 -0.233077022056726E+005  0.234514561854048E+002 
     18.42000000 -0.233077022055290E+005  0.234514563289870E+002 
     18.44000000 -0.233077022053878E+005  0.234514564701747E+002 
     18.46000000 -0.233077022052487E+005  0.234514566093362E+002 
     18.48000000 -0.233077022051111E+005  0.234514567468796E+002 
     18.50000000 -0.233077022049746E+005  0.234514568833682E+002 
     18.52000000 -0.233077022048386E+005  0.234514570193835E+002 
     18.54000000 -0.233077022047025E+005  0.234514571554885E+002 
     18.56000000 -0.233077022045658E+005  0.234514572922308E+002 
     18.58000000 -0.233077022044280E+005  0.234514574299753E+002 
     18.60000000 -0.233077022042890E+005  0.234514575690068E+002 
     18.62000000 -0.233077022041486E+005  0.234514577094428E+002 
     18.64000000 -0.233077022040067E+005  0.234514578513452E+002 
     18.66000000 -0.233077022038634E+005  0.234514579945963E+002 
     18.68000000 -0.233077022037189E+005  0.234514581390540E+002 
     18.70000000 -0.233077022035735E+005  0.234514582845139E+002 
     18.72000000 -0.233077022034272E+005  0.234514584308339E+002 
     18.74000000 -0.233077022032803E+005  0.234514585777169E+002 
     18.76000000 -0.233077022031330E+005  0.234514587250268E+002 
     18.78000000 -0.233077022029855E+005  0.234514588725440E+002 
     18.80000000 -0.233077022028379E+005  0.234514590201045E+002 
     18.82000000 -0.233077022026904E+005  0.234514591675846E+002 
     18.84000000 -0.233077022025431E+005  0.234514593148543E+002 
     18.86000000 -0.233077022023962E+005  0.234514594618053E+002 
     18.88000000 -0.233077022022497E+005  0.234514596083480E+002 
     18.90000000 -0.233077022021036E+005  0.234514597544329E+002 
     18.92000000 -0.233077022019579E+005  0.234514599000630E+002 
     18.94000000 -0.233077022018128E+005  0.234514600452414E+002 
     18.96000000 -0.233077022016680E+005  0.234514601900332E+002 
     18.98000000 -0.233077022015235E+005  0.234514603345125E+002 
     19.00000000 -0.233077022013792E+005  0.234514604788123E+002 
     19.02000000 -0.233077022012349E+005  0.234514606230906E+002 
     19.04000000 -0.233077022010906E+005  0.234514607674430E+002 
     19.06000000 -0.233077022009460E+005  0.234514609120430E+002 
     19.08000000 -0.233077022008010E+005  0.234514610570451E+002 
     19.10000000 -0.233077022006555E+005  0.234514612025019E+002 
     19.12000000 -0.233077022005095E+005  0.234514613485342E+002 
     19.14000000 -0.233077022003628E+005  0.234514614952378E+002 
     19.16000000 -0.233077022002154E+005  0.234514616425663E+002 
     19.18000000 -0.233077022000675E+005  0.234514617905258E+002 
     19.20000000 -0.233077021999189E+005  0.234514619390825E+002 
     19.22000000 -0.233077021997699E+005  0.234514620881093E+002 
     19.24000000 -0.233077021996205E+005  0.234514622374610E+002 
     19.26000000 -0.233077021994711E+005  0.234514623869086E+002 
     19.28000000 -0.233077021993217E+005  0.234514625362850E+002 
     19.30000000 -0.233077021991727E+005  0.234514626853428E+002 
     19.32000000 -0.233077021990242E+005  0.234514628338190E+002 
     19.34000000 -0.233077021988765E+005  0.234514629815341E+002 
     19.36000000 -0.233077021987297E+005  0.234514631283058E+002 
     19.38000000 -0.233077021985839E+005  0.234514632741277E+002 
     19.40000000 -0.233077021984390E+005  0.234514634189720E+002 
     19.42000000 -0.233077021982950E+005  0.234514635629594E+002 
     19.44000000 -0.233077021981518E+005  0.234514637062353E+002 
     19.46000000 -0.233077021980090E+005  0.234514638490224E+002 
     19.48000000 -0.233077021978664E+005  0.234514639916208E+002 
     19.50000000 -0.233077021977238E+005  0.234514641341945E+002 
     19.52000000 -0.233077021975809E+005  0.234514642770620E+002 
     19.54000000 -0.233077021974376E+005  0.234514644203751E+002 
     19.56000000 -0.233077021972937E+005  0.234514645642851E+002 
     19.58000000 -0.233077021971491E+005  0.234514647088882E+002 
     19.60000000 -0.233077021970038E+005  0.234514648542306E+002 
     19.62000000 -0.233077021968577E+005  0.234514650003123E+002 
     19.64000000 -0.233077021967110E+005  0.234514651470499E+002 
     19.66000000 -0.233077021965637E+005  0.234514652943351E+002 
     19.68000000 -0.233077021964160E+005  0.234514654420379E+002 
     19.70000000 -0.233077021962681E+005  0.234514655899047E+002 
     19.72000000 -0.233077021961203E+005  0.234514657377065E+002 
     19.74000000 -0.233077021959729E+005  0.234514658850844E+002 
     19.76000000 -0.233077021958263E+005  0.234514660317385E+002 
     19.78000000 -0.233077021956806E+005  0.234514661773594E+002 
     19.80000000 -0.233077021955364E+005  0.234514663216066E+002 
     19.82000000 -0.233077021953938E+005  0.234514664642452E+002 
     19.84000000 -0.233077021952529E+005  0.234514666051515E+002 
     19.86000000 -0.233077021951138E+005  0.234514667442479E+002 
     19.88000000 -0.233077021949763E+005  0.234514668816677E+002 
     19.90000000 -0.233077021948403E+005  0.234514670176706E+002 
     19.92000000 -0.233077021947054E+005  0.234514671525722E+002 
     19.94000000 -0.233077021945712E+005  0.234514672868457E+002 
     19.96000000 -0.233077021944370E+005  0.234514674210203E+002 
     19.98000000 -0.233077021943024E+005  0.234514675556157E+002 
     20.00000000 -0.233077021941668E+005  0.234514676912164E+002 
     20.02000000 -0.233077021940298E+005  0.234514678282340E+002 
     20.04000000 -0.233077021938910E+005  0.234514679670427E+002 
     20.06000000 -0.233077021937501E+005  0.234514681078933E+002 
     20.08000000 -0.233077021936072E+005  0.234514682508165E+002 
     20.10000000 -0.233077021934623E+005  0.234514683957351E+002 
     20.12000000 -0.233077021933156E+005  0.234514685424418E+002 
     20.14000000 -0.233077021931675E+005  0.234514686905374E+002 
     20.16000000 -0.233077021930184E+005  0.234514688396323E+002 
     20.18000000 -0.233077021928688E+005  0.234514689892037E+002 
     20.20000000 -0.233077021927193E+005  0.234514691387502E+002 
     20.22000000 -0.233077021925702E+005  0.234514692878018E+002 
     20.24000000 -0.233077021924221E+005  0.234514694359161E+002 
     20.26000000 -0.233077021922753E+005  0.234514695826939E+002 
     20.28000000 -0.233077021921302E+005  0.234514697278383E+002 
     20.30000000 -0.233077021919869E+005  0.234514698711049E+002 
     20.32000000 -0.233077021918457E+005  0.234514700123422E+002 
     20.34000000 -0.233077021917064E+005  0.234514701516212E+002 
     20.36000000 -0.233077021915691E+005  0.234514702889079E+002 
     20.38000000 -0.233077021914334E+005  0.234514704245550E+002 
     20.40000000 -0.233077021912992E+005  0.234514705588193E+002 
     20.42000000 -0.233077021911658E+005  0.234514706921556E+002 
     20.44000000 -0.233077021910329E+005  0.234514708251484E+002 
     20.46000000 -0.233077021908997E+005  0.234514709582650E+002 
     20.48000000 -0.233077021907660E+005  0.234514710920312E+002 
     20.50000000 -0.233077021906311E+005  0.234514712268988E+002 
     20.52000000 -0.233077021904948E+005  0.234514713631956E+002 
     20.54000000 -0.233077021903569E+005  0.234514715011320E+002 
     20.56000000 -0.233077021902173E+005  0.234514716407451E+002 
     20.58000000 -0.233077021900760E+005  0.234514717819792E+002 
     20.60000000 -0.233077021899334E+005  0.234514719246302E+002 
     20.62000000 -0.233077021897895E+005  0.234514720684939E+002 
     20.64000000 -0.233077021896447E+005  0.234514722132578E+002 
     20.66000000 -0.233077021894993E+005  0.234514723587270E+002 
     20.68000000 -0.233077021893534E+005  0.234514725046448E+002 
     20.70000000 -0.233077021892072E+005  0.234514726508379E+002 
     20.72000000 -0.233077021890608E+005  0.234514727971981E+002 
     20.74000000 -0.233077021889144E+005  0.234514729436418E+002 
     20.76000000 -0.233077021887679E+005  0.234514730900670E+002 
     20.78000000 -0.233077021886216E+005  0.234514732364427E+002 
     20.80000000 -0.233077021884753E+005  0.234514733827317E+002 
     20.82000000 -0.233077021883292E+005  0.234514735287856E+002 
     20.84000000 -0.233077021881835E+005  0.234514736745487E+002 
     20.86000000 -0.233077021880381E+005  0.234514738199159E+002 
     20.88000000 -0.233077021878932E+005  0.234514739648004E+002 
     20.90000000 -0.233077021877489E+005  0.234514741090756E+002 
     20.92000000 -0.233077021876053E+005  0.234514742527320E+002 
     20.94000000 -0.233077021874623E+005  0.234514743957294E+002 
     20.96000000 -0.233077021873199E+005  0.234514745380865E+002 
     20.98000000 -0.233077021871782E+005  0.234514746798064E+002 
     21.00000000 -0.233077021870370E+005  0.234514748210158E+002 
     21.02000000 -0.233077021868962E+005  0.234514749617549E+002 
     21.04000000 -0.233077021867558E+005  0.234514751022157E+002 
     21.06000000 -0.233077021866155E+005  0.234514752425527E+002 
     21.08000000 -0.233077021864751E+005  0.234514753828896E+002 
     21.10000000 -0.233077021863344E+005  0.234514755235577E+002 
     21.12000000 -0.233077021861933E+005  0.234514756646835E+002 
     21.14000000 -0.233077021860514E+005  0.234514758066044E+002 
     21.16000000 -0.233077021859084E+005  0.234514759495555E+002 
     21.18000000 -0.233077021857642E+005  0.234514760937749E+002 
     21.20000000 -0.233077021856185E+005  0.234514762394947E+002 
     21.22000000 -0.233077021854712E+005  0.234514763868511E+002 
     21.24000000 -0.233077021853221E+005  0.234514765358903E+002 
     21.26000000 -0.233077021851714E+005  0.234514766866372E+002 
     21.28000000 -0.233077021850191E+005  0.234514768388628E+002 
     21.30000000 -0.233077021848656E+005  0.234514769923629E+002 
     21.32000000 -0.233077021847113E+005  0.234514771467169E+002 
     21.34000000 -0.233077021845565E+005  0.234514773015040E+002 
     21.36000000 -0.233077021844018E+005  0.234514774562014E+002 
     21.38000000 -0.233077021842477E+005  0.234514776103172E+002 
     21.40000000 -0.233077021840947E+005  0.234514777633348E+002 
     21.42000000 -0.233077021839432E+005  0.234514779148457E+002 
     21.44000000 -0.233077021837935E+005  0.234514780645284E+002 
     21.46000000 -0.233077021836458E+005  0.234514782122281E+002 
     21.48000000 -0.233077021835001E+005  0.234514783578768E+002 
     21.50000000 -0.233077021833564E+005  0.234514785015611E+002 
     21.52000000 -0.233077021832144E+005  0.234514786435531E+002 
     21.54000000 -0.233077021830739E+005  0.234514787841221E+002 
     21.56000000 -0.233077021829343E+005  0.234514789236919E+002 
     21.58000000 -0.233077021827955E+005  0.234514790625502E+002 
     21.60000000 -0.233077021826569E+005  0.234514792011146E+002 
     21.62000000 -0.233077021825184E+005  0.234514793396263E+002 
     21.64000000 -0.233077021823796E+005  0.234514794783794E+002 
     21.66000000 -0.233077021822406E+005  0.234514796174264E+002 
     21.68000000 -0.233077021821011E+005  0.234514797568539E+002 
     21.70000000 -0.233077021819614E+005  0.234514798966464E+002 
     21.72000000 -0.233077021818213E+005  0.234514800367359E+002 
     21.74000000 -0.233077021816810E+005  0.234514801770141E+002 
     21.76000000 -0.233077021815405E+005  0.234514803174532E+002 
     21.78000000 -0.233077021814001E+005  0.234514804579449E+002 
     21.80000000 -0.233077021812595E+005  0.234514805984706E+002 
     21.82000000 -0.233077021811189E+005  0.234514807391262E+002 
     21.84000000 -0.233077021809781E+005  0.234514808799025E+002 
     21.86000000 -0.233077021808370E+005  0.234514810209913E+002 
     21.88000000 -0.233077021806954E+005  0.234514811625564E+002 
     21.90000000 -0.233077021805532E+005  0.234514813047557E+002 
     21.92000000 -0.233077021804102E+005  0.234514814477625E+002 
     21.94000000 -0.233077021802663E+005  0.234514815917035E+002 
     21.96000000 -0.233077021801215E+005  0.234514817365478E+002 
     21.98000000 -0.233077021799757E+005  0.234514818823017E+002 
     22.00000000 -0.233077021798292E+005  0.234514820288104E+002 
     22.02000000 -0.233077021796821E+005  0.234514821758914E+002 
     22.04000000 -0.233077021795348E+005  0.234514823231734E+002 
     22.06000000 -0.233077021793876E+005  0.234514824703905E+002 
     22.08000000 -0.233077021792408E+005  0.234514826171807E+002 
     22.10000000 -0.233077021790947E+005  0.234514827632656E+002 
     22.12000000 -0.233077021789496E+005  0.234514829084409E+002 
     22.14000000 -0.233077021788055E+005  0.234514830525459E+002 
     22.16000000 -0.233077021786624E+005  0.234514831956115E+002 
     22.18000000 -0.233077021785203E+005  0.234514833377087E+002 
     22.20000000 -0.233077021783789E+005  0.234514834790573E+002 
     22.22000000 -0.233077021782381E+005  0.234514836198985E+002 
     22.24000000 -0.233077021780975E+005  0.234514837605109E+002 
     22.26000000 -0.233077021779568E+005  0.234514839012036E+002 
     22.28000000 -0.233077021778157E+005  0.234514840422676E+002 
     22.30000000 -0.233077021776741E+005  0.234514841838606E+002 
     22.32000000 -0.233077021775319E+005  0.234514843261280E+002 
     22.34000000 -0.233077021773889E+005  0.234514844690883E+002 
     22.36000000 -0.233077021772453E+005  0.234514846126736E+002 
     22.38000000 -0.233077021771013E+005  0.234514847567291E+002 
     22.40000000 -0.233077021769569E+005  0.234514849010568E+002 
     22.42000000 -0.233077021768126E+005  0.234514850454216E+002 
     22.44000000 -0.233077021766684E+005  0.234514851895823E+002 
     22.46000000 -0.233077021765246E+005  0.234514853334212E+002 
     22.48000000 -0.233077021763813E+005  0.234514854767404E+002 
     22.50000000 -0.233077021762384E+005  0.234514856195801E+002 
     22.52000000 -0.233077021760961E+005  0.234514857619434E+002 
     22.54000000 -0.233077021759540E+005  0.234514859039818E+002 
     22.56000000 -0.233077021758121E+005  0.234514860459058E+002 
     22.58000000 -0.233077021756700E+005  0.234514861879783E+002 
     22.60000000 -0.233077021755276E+005  0.234514863303880E+002 
     22.62000000 -0.233077021753846E+005  0.234514864734443E+002 
     22.64000000 -0.233077021752407E+005  0.234514866173172E+002 
     22.66000000 -0.233077021750959E+005  0.234514867621306E+002 
     22.68000000 -0.233077021749500E+005  0.234514869080361E+002 
     22.70000000 -0.233077021748030E+005  0.234514870549716E+002 
     22.72000000 -0.233077021746552E+005  0.234514872028075E+002 
     22.74000000 -0.233077021745066E+005  0.234514873514383E+002 
     22.76000000 -0.233077021743574E+005  0.234514875005951E+002 
     22.78000000 -0.233077021742081E+005  0.234514876498787E+002 
     22.80000000 -0.233077021740591E+005  0.234514877989334E+002 
     22.82000000 -0.233077021739106E+005  0.234514879474127E+002 
     22.84000000 -0.233077021737631E+005  0.234514880948557E+002 
     22.86000000 -0.233077021736170E+005  0.234514882409869E+002 
     22.88000000 -0.233077021734724E+005  0.234514883855776E+002 
     22.90000000 -0.233077021733295E+005  0.234514885285318E+002 
     22.92000000 -0.233077021731881E+005  0.234514886699391E+002 
     22.94000000 -0.233077021730481E+005  0.234514888099173E+002 
     22.96000000 -0.233077021729091E+005  0.234514889488900E+002 
     22.98000000 -0.233077021727707E+005  0.234514890872842E+002 
     23.00000000 -0.233077021726324E+005  0.234514892255980E+002 
     23.02000000 -0.233077021724936E+005  0.234514893643821E+002 
     23.04000000 -0.233077021723539E+005  0.234514895041498E+002 
     23.06000000 -0.233077021722127E+005  0.234514896452850E+002 
     23.08000000 -0.233077021720699E+005  0.234514897881525E+002 
     23.10000000 -0.233077021719251E+005  0.234514899329195E+002 
     23.12000000 -0.233077021717784E+005  0.234514900796231E+002 
     23.14000000 -0.233077021716298E+005  0.234514902281673E+002 
     23.16000000 -0.233077021714796E+005  0.234514903783821E+002 
     23.18000000 -0.233077021713280E+005  0.234514905299921E+002 
     23.20000000 -0.233077021711753E+005  0.234514906826849E+002 
     23.22000000 -0.233077021710218E+005  0.234514908361603E+002 
     23.24000000 -0.233077021708679E+005  0.234514909900595E+002 
     23.26000000 -0.233077021707139E+005  0.234514911441103E+002 
     23.28000000 -0.233077021705600E+005  0.234514912979910E+002 
     23.30000000 -0.233077021704065E+005  0.234514914514757E+002 
     23.32000000 -0.233077021702537E+005  0.234514916043045E+002 
     23.34000000 -0.233077021701018E+005  0.234514917562177E+002 
     23.36000000 -0.233077021699510E+005  0.234514919070326E+002 
     23.38000000 -0.233077021698015E+005  0.234514920565514E+002 
     23.40000000 -0.233077021696534E+005  0.234514922045883E+002 
     23.42000000 -0.233077021695069E+005  0.234514923510846E+002 
     23.44000000 -0.233077021693620E+005  0.234514924959568E+002 
     23.46000000 -0.233077021692188E+005  0.234514926392419E+002 
     23.48000000 -0.233077021690770E+005  0.234514927809896E+002 
     23.50000000 -0.233077021689366E+005  0.234514929213854E+002 
     23.52000000 -0.233077021687974E+005  0.234514930606118E+002 
     23.54000000 -0.233077021686590E+005  0.234514931989720E+002 
     23.56000000 -0.233077021685213E+005  0.234514933367135E+002 
     23.58000000 -0.233077021683838E+005  0.234514934741982E+002 
     23.60000000 -0.233077021682463E+005  0.234514936116953E+002 
     23.62000000 -0.233077021681084E+005  0.234514937495605E+002 
     23.64000000 -0.233077021679699E+005  0.234514938881187E+002 
     23.66000000 -0.233077021678303E+005  0.234514940276978E+002 
     23.68000000 -0.233077021676894E+005  0.234514941685638E+002 
     23.70000000 -0.233077021675471E+005  0.234514943108930E+002 
     23.72000000 -0.233077021674032E+005  0.234514944548371E+002 
     23.74000000 -0.233077021672575E+005  0.234514946004580E+002 
     23.76000000 -0.233077021671103E+005  0.234514947476565E+002 
     23.78000000 -0.233077021669617E+005  0.234514948963214E+002 
     23.80000000 -0.233077021668119E+005  0.234514950460814E+002 
     23.82000000 -0.233077021666614E+005  0.234514951966458E+002 
     23.84000000 -0.233077021665104E+005  0.234514953476061E+002 
     23.86000000 -0.233077021663595E+005  0.234514954985046E+002 
     23.88000000 -0.233077021662090E+005  0.234514956489947E+002 
     23.90000000 -0.233077021660592E+005  0.234514957987981E+002 
     23.92000000 -0.233077021659103E+005  0.234514959477104E+002 
     23.94000000 -0.233077021657623E+005  0.234514960956917E+002 
     23.96000000 -0.233077021656152E+005  0.234514962428067E+002 
     23.98000000 -0.233077021654688E+005  0.234514963892133E+002 
     24.00000000 -0.233077021653228E+005  0.234514965351682E+002 
     24.02000000 -0.233077021651770E+005  0.234514966809808E+002 
     24.04000000 -0.233077021650311E+005  0.234514968268553E+002 
     24.06000000 -0.233077021648850E+005  0.234514969729897E+002 
     24.08000000 -0.233077021647385E+005  0.234514971194891E+002 
     24.10000000 -0.233077021645917E+005  0.234514972663257E+002 
     24.12000000 -0.233077021644446E+005  0.234514974134036E+002 
     24.14000000 -0.233077021642975E+005  0.234514975604970E+002 
     24.16000000 -0.233077021641506E+005  0.234514977073954E+002 
     24.18000000 -0.233077021640042E+005  0.234514978538484E+002 
     24.20000000 -0.233077021638584E+005  0.234514979996239E+002 
     24.22000000 -0.233077021637133E+005  0.234514981446570E+002 
     24.24000000 -0.233077021635691E+005  0.234514982888609E+002 
     24.26000000 -0.233077021634257E+005  0.234514984323163E+002 
     24.28000000 -0.233077021632828E+005  0.234514985752086E+002 
     24.30000000 -0.233077021631402E+005  0.234514987177977E+002 
     24.32000000 -0.233077021629976E+005  0.234514988603559E+002 
     24.34000000 -0.233077021628549E+005  0.234514990031244E+002 
     24.36000000 -0.233077021627116E+005  0.234514991463632E+002 
     24.38000000 -0.233077021625678E+005  0.234514992902083E+002 
     24.40000000 -0.233077021624233E+005  0.234514994347495E+002 
     24.42000000 -0.233077021622781E+005  0.234514995799372E+002 
     24.44000000 -0.233077021621324E+005  0.234514997256292E+002 
     24.46000000 -0.233077021619864E+005  0.234514998716274E+002 
     24.48000000 -0.233077021618404E+005  0.234515000176194E+002 
     24.50000000 -0.233077021616947E+005  0.234515001632836E+002 
     24.52000000 -0.233077021615497E+005  0.234515003083507E+002 
     24.54000000 -0.233077021614055E+005  0.234515004525392E+002 
     24.56000000 -0.233077021612623E+005  0.234515005956604E+002 
     24.58000000 -0.233077021611204E+005  0.234515007376493E+002 
     24.60000000 -0.233077021609795E+005  0.234515008785215E+002 
     24.62000000 -0.233077021608396E+005  0.234515010184347E+002 
     24.64000000 -0.233077021607004E+005  0.234515011575899E+002 
     24.66000000 -0.233077021605617E+005  0.234515012963183E+002 
     24.68000000 -0.233077021604230E+005  0.234515014349786E+002 
     24.70000000 -0.233077021602841E+005  0.234515015739296E+002 
     24.72000000 -0.233077021601445E+005  0.234515017135304E+002 
     24.74000000 -0.233077021600040E+005  0.234515018540066E+002 
     24.76000000 -0.233077021598624E+005  0.234515019955655E+002 
     24.78000000 -0.233077021597197E+005  0.234515021382536E+002 
     24.80000000 -0.233077021595760E+005  0.234515022820121E+002 
     24.82000000 -0.233077021594313E+005  0.234515024267049E+002 
     24.84000000 -0.233077021592859E+005  0.234515025720844E+002 
     24.86000000 -0.233077021591402E+005  0.234515027177857E+002 
     24.88000000 -0.233077021589945E+005  0.234515028635426E+002 
     24.90000000 -0.233077021588490E+005  0.234515030090366E+002 
     24.92000000 -0.233077021587040E+005  0.234515031539583E+002 
     24.94000000 -0.233077021585599E+005  0.234515032981096E+002 
     24.96000000 -0.233077021584166E+005  0.234515034413917E+002 
     24.98000000 -0.233077021582743E+005  0.234515035837457E+002 
     25.00000000 -0.233077021581327E+005  0.234515037252799E+002 
     25.02000000 -0.233077021579919E+005  0.234515038661459E+002 
     25.04000000 -0.233077021578514E+005  0.234515040066438E+002 
     25.06000000 -0.233077021577109E+005  0.234515041470736E+002 
     25.08000000 -0.233077021575702E+005  0.234515042877633E+002 
     25.10000000 -0.233077021574290E+005  0.234515044290407E+002 
     25.12000000 -0.233077021572868E+005  0.234515045711844E+002 
     25.14000000 -0.233077021571436E+005  0.234515047143922E+002 
     25.16000000 -0.233077021569993E+005  0.234515048587416E+002 
     25.18000000 -0.233077021568538E+005  0.234515050041551E+002 
     25.20000000 -0.233077021567075E+005  0.234515051504998E+002 
     25.22000000 -0.233077021565605E+005  0.234515052975437E+002 
     25.24000000 -0.233077021564131E+005  0.234515054449402E+002 
     25.26000000 -0.233077021562657E+005  0.234515055923027E+002 
     25.28000000 -0.233077021561186E+005  0.234515057394209E+002 
     25.30000000 -0.233077021559720E+005  0.234515058859543E+002 
     25.32000000 -0.233077021558262E+005  0.234515060317545E+002 
     25.34000000 -0.233077021556813E+005  0.234515061767505E+002 
     25.36000000 -0.233077021555370E+005  0.234515063210256E+002 
     25.38000000 -0.233077021553933E+005  0.234515064646851E+002 
     25.40000000 -0.233077021552501E+005  0.234515066079208E+002 
     25.42000000 -0.233077021551070E+005  0.234515067509739E+002 
     25.44000000 -0.233077021549639E+005  0.234515068940673E+002 
     25.46000000 -0.233077021548207E+005  0.234515070373494E+002 
     25.48000000 -0.233077021546771E+005  0.234515071808758E+002 
     25.50000000 -0.233077021545333E+005  0.234515073247271E+002 
     25.52000000 -0.233077021543891E+005  0.234515074688630E+002 
     25.54000000 -0.233077021542448E+005  0.234515076131722E+002 
     25.56000000 -0.233077021541004E+005  0.234515077575865E+002 
     25.58000000 -0.233077021539559E+005  0.234515079020751E+002 
     25.60000000 -0.233077021538115E+005  0.234515080465513E+002 
     25.62000000 -0.233077021536669E+005  0.234515081911234E+002 
     25.64000000 -0.233077021535222E+005  0.234515083357945E+002 
     25.66000000 -0.233077021533773E+005  0.234515084807502E+002 
     25.68000000 -0.233077021532319E+005  0.234515086261359E+002 
     25.70000000 -0.233077021530860E+005  0.234515087720321E+002 
     25.72000000 -0.233077021529394E+005  0.234515089185624E+002 
     25.74000000 -0.233077021527923E+005  0.234515090656774E+002 
     25.76000000 -0.233077021526447E+005  0.234515092133369E+002 
     25.78000000 -0.233077021524966E+005  0.234515093613645E+002 
     25.80000000 -0.233077021523485E+005  0.234515095094726E+002 
     25.82000000 -0.233077021522005E+005  0.234515096575188E+002 
     25.84000000 -0.233077021520529E+005  0.234515098051288E+002 
     25.86000000 -0.233077021519059E+005  0.234515099521232E+002 
     25.88000000 -0.233077021517596E+005  0.234515100983658E+002 
     25.90000000 -0.233077021516143E+005  0.234515102437237E+002 
     25.92000000 -0.233077021514698E+005  0.234515103881535E+002 
     25.94000000 -0.233077021513262E+005  0.234515105317635E+002 
     25.96000000 -0.233077021511833E+005  0.234515106746557E+002 
     25.98000000 -0.233077021510411E+005  0.234515108169108E+002 
     26.00000000 -0.233077021508993E+005  0.234515109587481E+002 
     26.02000000 -0.233077021507577E+005  0.234515111002916E+002 
     26.04000000 -0.233077021506164E+005  0.234515112416526E+002 
     26.06000000 -0.233077021504751E+005  0.234515113829022E+002 
     26.08000000 -0.233077021503339E+005  0.234515115241023E+002 
     26.10000000 -0.233077021501928E+005  0.234515116652313E+002 
     26.12000000 -0.233077021500517E+005  0.234515118062829E+002 
     26.14000000 -0.233077021499108E+005  0.234515119472541E+002 
     26.16000000 -0.233077021497700E+005  0.234515120880180E+002 
     26.18000000 -0.233077021496293E+005  0.234515122286519E+002 
     26.20000000 -0.233077021494889E+005  0.234515123691498E+002 
     26.22000000 -0.233077021493484E+005  0.234515125095796E+002 
     26.24000000 -0.233077021492080E+005  0.234515126499939E+002 
     26.26000000 -0.233077021490675E+005  0.234515127905258E+002 
     26.28000000 -0.233077021489267E+005  0.234515129313392E+002 
     26.30000000 -0.233077021487855E+005  0.234515130725177E+002 
     26.32000000 -0.233077021486438E+005  0.234515132141540E+002 
     26.34000000 -0.233077021485017E+005  0.234515133563409E+002 
     26.36000000 -0.233077021483589E+005  0.234515134990878E+002 
     26.38000000 -0.233077021482157E+005  0.234515136423483E+002 
     26.40000000 -0.233077021480720E+005  0.234515137859768E+002 
     26.42000000 -0.233077021479282E+005  0.234515139297972E+002 
     26.44000000 -0.233077021477844E+005  0.234515140736206E+002 
     26.46000000 -0.233077021476408E+005  0.234515142171626E+002 
     26.48000000 -0.233077021474977E+005  0.234515143602807E+002 
     26.50000000 -0.233077021473553E+005  0.234515145027090E+002 
     26.52000000 -0.233077021472137E+005  0.234515146443298E+002 
     26.54000000 -0.233077021470730E+005  0.234515147850411E+002 
     26.56000000 -0.233077021469332E+005  0.234515149247872E+002 
     26.58000000 -0.233077021467944E+005  0.234515150636207E+002 
     26.60000000 -0.233077021466564E+005  0.234515152016159E+002 
     26.62000000 -0.233077021465191E+005  0.234515153388964E+002 
     26.64000000 -0.233077021463824E+005  0.234515154756480E+002 
     26.66000000 -0.233077021462460E+005  0.234515156120128E+002 
     26.68000000 -0.233077021461098E+005  0.234515157482137E+002 
     26.70000000 -0.233077021459737E+005  0.234515158843434E+002 
     26.72000000 -0.233077021458375E+005  0.234515160204917E+002 
     26.74000000 -0.233077021457013E+005  0.234515161566617E+002 
     26.76000000 -0.233077021455652E+005  0.234515162928409E+002 
     26.78000000 -0.233077021454290E+005  0.234515164289552E+002 
     26.80000000 -0.233077021452932E+005  0.234515165648065E+002 
     26.82000000 -0.233077021451577E+005  0.234515167002711E+002 
     26.84000000 -0.233077021450228E+005  0.234515168351665E+002 
     26.86000000 -0.233077021448886E+005  0.234515169693906E+002 
     26.88000000 -0.233077021447550E+005  0.234515171029712E+002 
     26.90000000 -0.233077021446221E+005  0.234515172358589E+002 
     26.92000000 -0.233077021444897E+005  0.234515173683413E+002 
     26.94000000 -0.233077021443575E+005  0.234515175005267E+002 
     26.96000000 -0.233077021442252E+005  0.234515176327647E+002 
     26.98000000 -0.233077021440927E+005  0.234515177653245E+002 
     27.00000000 -0.233077021439595E+005  0.234515178984906E+002 
     27.02000000 -0.233077021438256E+005  0.234515180324177E+002 
     27.04000000 -0.233077021436908E+005  0.234515181672295E+002 
     27.06000000 -0.233077021435551E+005  0.234515183028890E+002 
     27.08000000 -0.233077021434188E+005  0.234515184392415E+002 
     27.10000000 -0.233077021432820E+005  0.234515185760395E+002 
     27.12000000 -0.233077021431450E+005  0.234515187129766E+002 
     27.14000000 -0.233077021430083E+005  0.234515188496570E+002 
     27.16000000 -0.233077021428723E+005  0.234515189857527E+002 
     27.18000000 -0.233077021427370E+005  0.234515191210162E+002 
     27.20000000 -0.233077021426028E+005  0.234515192551754E+002 
     27.22000000 -0.233077021424698E+005  0.234515193882424E+002 
     27.24000000 -0.233077021423378E+005  0.234515195201804E+002 
     27.26000000 -0.233077021422068E+005  0.234515196512243E+002 
     27.28000000 -0.233077021420764E+005  0.234515197815845E+002 
     27.30000000 -0.233077021419464E+005  0.234515199115704E+002 
     27.32000000 -0.233077021418166E+005  0.234515200414480E+002 
     27.34000000 -0.233077021416865E+005  0.234515201715360E+002 
     27.36000000 -0.233077021415559E+005  0.234515203021127E+002 
     27.38000000 -0.233077021414247E+005  0.234515204333422E+002 
     27.40000000 -0.233077021412927E+005  0.234515205653482E+002 
     27.42000000 -0.233077021411598E+005  0.234515206982266E+002 
     27.44000000 -0.233077021410260E+005  0.234515208320176E+002 
     27.46000000 -0.233077021408912E+005  0.234515209667738E+002 
     27.48000000 -0.233077021407555E+005  0.234515211024766E+002 
     27.50000000 -0.233077021406189E+005  0.234515212390982E+002 
     27.52000000 -0.233077021404813E+005  0.234515213766665E+002 
     27.54000000 -0.233077021403429E+005  0.234515215150916E+002 
     27.56000000 -0.233077021402037E+005  0.234515216543026E+002 
     27.58000000 -0.233077021400639E+005  0.234515217941508E+002 
     27.60000000 -0.233077021399235E+005  0.234515219344630E+002 
     27.62000000 -0.233077021397830E+005  0.234515220750351E+002 
     27.64000000 -0.233077021396424E+005  0.234515222155701E+002 
     27.66000000 -0.233077021395022E+005  0.234515223558298E+002 
     27.68000000 -0.233077021393624E+005  0.234515224955821E+002 
     27.70000000 -0.233077021392234E+005  0.234515226345703E+002 
     27.72000000 -0.233077021390854E+005  0.234515227726087E+002 
     27.74000000 -0.233077021389484E+005  0.234515229095954E+002 
     27.76000000 -0.233077021388125E+005  0.234515230454900E+002 
     27.78000000 -0.233077021386777E+005  0.234515231803514E+002 
     27.80000000 -0.233077021385437E+005  0.234515233142878E+002 
     27.82000000 -0.233077021384105E+005  0.234515234474570E+002 
     27.84000000 -0.233077021382779E+005  0.234515235801466E+002 
     27.86000000 -0.233077021381454E+005  0.234515237126352E+002 
     27.88000000 -0.233077021380128E+005  0.234515238452166E+002 
     27.90000000 -0.233077021378798E+005  0.234515239782404E+002 
     27.92000000 -0.233077021377460E+005  0.234515241119571E+002 
     27.94000000 -0.233077021376113E+005  0.234515242466948E+002 
     27.96000000 -0.233077021374754E+005  0.234515243826203E+002 
     27.98000000 -0.233077021373381E+005  0.234515245199225E+002 
     28.00000000 -0.233077021371993E+005  0.234515246587189E+002 
     28.02000000 -0.233077021370591E+005  0.234515247989198E+002 
     28.04000000 -0.233077021369175E+005  0.234515249405066E+002 
     28.06000000 -0.233077021367747E+005  0.234515250832906E+002 
     28.08000000 -0.233077021366309E+005  0.234515252270893E+002 
     28.10000000 -0.233077021364864E+005  0.234515253715965E+002 
     28.12000000 -0.233077021363415E+005  0.234515255165460E+002 
     28.14000000 -0.233077021361964E+005  0.234515256616285E+002 
     28.16000000 -0.233077021360515E+005  0.234515258065316E+002 
     28.18000000 -0.233077021359070E+005  0.234515259510202E+002 
     28.20000000 -0.233077021357631E+005  0.234515260948529E+002 
     28.22000000 -0.233077021356201E+005  0.234515262379339E+002 
     28.24000000 -0.233077021354778E+005  0.234515263801673E+002 
     28.26000000 -0.233077021353364E+005  0.234515265215685E+002 
     28.28000000 -0.233077021351958E+005  0.234515266622396E+002 
     28.30000000 -0.233077021350557E+005  0.234515268023353E+002 
     28.32000000 -0.233077021349159E+005  0.234515269420721E+002 
     28.34000000 -0.233077021347764E+005  0.234515270815986E+002 
     28.36000000 -0.233077021346369E+005  0.234515272211003E+002 
     28.38000000 -0.233077021344973E+005  0.234515273607011E+002 
     28.40000000 -0.233077021343576E+005  0.234515275004193E+002 
     28.42000000 -0.233077021342177E+005  0.234515276402985E+002 
     28.44000000 -0.233077021340777E+005  0.234515277802643E+002 
     28.46000000 -0.233077021339378E+005  0.234515279202455E+002 
     28.48000000 -0.233077021337978E+005  0.234515280601556E+002 
     28.50000000 -0.233077021336581E+005  0.234515281999172E+002 
     28.52000000 -0.233077021335185E+005  0.234515283394962E+002 
     28.54000000 -0.233077021333791E+005  0.234515284789113E+002 
     28.56000000 -0.233077021332398E+005  0.234515286182089E+002 
     28.58000000 -0.233077021331005E+005  0.234515287575126E+002 
     28.60000000 -0.233077021329610E+005  0.234515288969958E+002 
     28.62000000 -0.233077021328212E+005  0.234515290368162E+002 
     28.64000000 -0.233077021326809E+005  0.234515291771130E+002 
     28.66000000 -0.233077021325400E+005  0.234515293179697E+002 
     28.68000000 -0.233077021323985E+005  0.234515294594699E+002 
     28.70000000 -0.233077021322565E+005  0.234515296015269E+002 
     28.72000000 -0.233077021321140E+005  0.234515297440201E+002 
     28.74000000 -0.233077021319713E+005  0.234515298866556E+002 
     28.76000000 -0.233077021318288E+005  0.234515300291767E+002 
     28.78000000 -0.233077021316868E+005  0.234515301712151E+002 
     28.80000000 -0.233077021315455E+005  0.234515303125235E+002 
     28.82000000 -0.233077021314052E+005  0.234515304528172E+002 
     28.84000000 -0.233077021312661E+005  0.234515305919477E+002 
     28.86000000 -0.233077021311281E+005  0.234515307298903E+002 
     28.88000000 -0.233077021309912E+005  0.234515308667625E+002 
     28.90000000 -0.233077021308552E+005  0.234515310028180E+002 
     28.92000000 -0.233077021307195E+005  0.234515311384651E+002 
     28.94000000 -0.233077021305839E+005  0.234515312740999E+002 
     28.96000000 -0.233077021304477E+005  0.234515314102976E+002 
     28.98000000 -0.233077021303104E+005  0.234515315475875E+002 
     29.00000000 -0.233077021301715E+005  0.234515316865076E+002 
     29.02000000 -0.233077021300306E+005  0.234515318274045E+002 
     29.04000000 -0.233077021298873E+005  0.234515319706619E+002 
     29.06000000 -0.233077021297417E+005  0.234515321163260E+002 
     29.08000000 -0.233077021295937E+005  0.234515322643536E+002 
     29.10000000 -0.233077021294434E+005  0.234515324145963E+002 
     29.12000000 -0.233077021292914E+005  0.234515325666332E+002 
     29.14000000 -0.233077021291380E+005  0.234515327199694E+002 
     29.16000000 -0.233077021289840E+005  0.234515328740357E+002 
     29.18000000 -0.233077021288298E+005  0.234515330281576E+002 
     29.20000000 -0.233077021286762E+005  0.234515331817599E+002 
     29.22000000 -0.233077021285237E+005  0.234515333342856E+002 
     29.24000000 -0.233077021283727E+005  0.234515334852768E+002 
     29.26000000 -0.233077021282236E+005  0.234515336343872E+002 
     29.28000000 -0.233077021280766E+005  0.234515337814156E+002 
     29.30000000 -0.233077021279317E+005  0.234515339262940E+002 
     29.32000000 -0.233077021277889E+005  0.234515340690904E+002 
     29.34000000 -0.233077021276480E+005  0.234515342100337E+002 
     29.36000000 -0.233077021275086E+005  0.234515343494241E+002 
     29.38000000 -0.233077021273703E+005  0.234515344876884E+002 
     29.40000000 -0.233077021272327E+005  0.234515346252597E+002 
     29.42000000 -0.233077021270954E+005  0.234515347626176E+002 
     29.44000000 -0.233077021269578E+005  0.234515349002075E+002 
     29.46000000 -0.233077021268196E+005  0.234515350384409E+002 
     29.48000000 -0.233077021266804E+005  0.234515351776239E+002 
     29.50000000 -0.233077021265400E+005  0.234515353179981E+002 
     29.52000000 -0.233077021263983E+005  0.234515354596870E+002 
     29.54000000 -0.233077021262552E+005  0.234515356027865E+002 
     29.56000000 -0.233077021261107E+005  0.234515357473246E+002 
     29.58000000 -0.233077021259648E+005  0.234515358932207E+002 
     29.60000000 -0.233077021258175E+005  0.234515360404533E+002 
     29.62000000 -0.233077021256691E+005  0.234515361889079E+002 
     29.64000000 -0.233077021255195E+005  0.234515363384792E+002 
     29.66000000 -0.233077021253690E+005  0.234515364889909E+002 
     29.68000000 -0.233077021252178E+005  0.234515366402359E+002 
     29.70000000 -0.233077021250660E+005  0.234515367919820E+002 
     29.72000000 -0.233077021249141E+005  0.234515369439416E+002 
     29.74000000 -0.233077021247622E+005  0.234515370958052E+002 
     29.76000000 -0.233077021246107E+005  0.234515372472636E+002 
     29.78000000 -0.233077021244599E+005  0.234515373980755E+002 
     29.80000000 -0.233077021243100E+005  0.234515375479716E+002 
     29.82000000 -0.233077021241612E+005  0.234515376967912E+002 
     29.84000000 -0.233077021240136E+005  0.234515378443981E+002 
     29.86000000 -0.233077021238672E+005  0.234515379907892E+002 
     29.88000000 -0.233077021237221E+005  0.234515381358872E+002 
     29.90000000 -0.233077021235782E+005  0.234515382798066E+002 
     29.92000000 -0.233077021234355E+005  0.234515384225473E+002 
     29.94000000 -0.233077021232938E+005  0.234515385642362E+002 
     29.96000000 -0.233077021231531E+005  0.234515387048980E+002 
     29.98000000 -0.233077021230133E+005  0.234515388446596E+002 
     30.00000000 -0.233077021228745E+005  0.234515389835519E+002 
