# Real time calculation: 
# Eall: Total energy
# Eall0: Initial total energy
# 1:Time[fs] 2:Eall[eV] 3:Eall-Eall0[eV] 
      0.00000000 -0.865026927883626E+003  0.000000000000000E+000 
      0.02000000 -0.865026927887522E+003 -0.389606934767546E-008 
      0.04000000 -0.865026927887607E+003 -0.398114269637535E-008 
      0.06000000 -0.865026927887663E+003 -0.403682707006983E-008 
      0.08000000 -0.865026927887705E+003 -0.407955709293955E-008 
      0.10000000 -0.865026927887741E+003 -0.411503654631780E-008 
      0.12000000 -0.865026927887772E+003 -0.414664902930060E-008 
      0.14000000 -0.865026927887801E+003 -0.417545795874670E-008 
      0.16000000 -0.865026927887829E+003 -0.420272010003462E-008 
      0.18000000 -0.865026927887854E+003 -0.422843545316436E-008 
      0.20000000 -0.865026927887879E+003 -0.425337741221501E-008 
      0.22000000 -0.865026927887903E+003 -0.427735262866680E-008 
      0.24000000 -0.865026927887927E+003 -0.430123117085870E-008 
      0.26000000 -0.865026927887950E+003 -0.432433631897151E-008 
      0.28000000 -0.865026927887973E+003 -0.434695809578489E-008 
      0.30000000 -0.865026927887995E+003 -0.436967654685816E-008 
      0.32000000 -0.865026927888018E+003 -0.439191162663199E-008 
      0.34000000 -0.865026927888040E+003 -0.441376000936629E-008 
      0.36000000 -0.865026927888061E+003 -0.443560839210058E-008 
      0.38000000 -0.865026927888083E+003 -0.445726342631509E-008 
      0.40000000 -0.865026927888105E+003 -0.447882178626973E-008 
      0.42000000 -0.865026927888126E+003 -0.450028347196447E-008 
      0.44000000 -0.865026927888147E+003 -0.452155180913945E-008 
      0.46000000 -0.865026927888169E+003 -0.454282014631442E-008 
      0.48000000 -0.865026927888190E+003 -0.456370178644985E-008 
      0.50000000 -0.865026927888211E+003 -0.458477677510505E-008 
      0.52000000 -0.865026927888231E+003 -0.460546506672070E-008 
      0.54000000 -0.865026927888252E+003 -0.462654005537591E-008 
      0.56000000 -0.865026927888273E+003 -0.464722834699156E-008 
      0.58000000 -0.865026927888294E+003 -0.466810998712699E-008 
      0.60000000 -0.865026927888315E+003 -0.468879827874265E-008 
      0.62000000 -0.865026927888335E+003 -0.470948657035830E-008 
      0.64000000 -0.865026927888356E+003 -0.473017486197396E-008 
      0.66000000 -0.865026927888376E+003 -0.475066980506984E-008 
      0.68000000 -0.865026927888397E+003 -0.477145477094538E-008 
      0.70000000 -0.865026927888418E+003 -0.479185303978138E-008 
      0.72000000 -0.865026927888438E+003 -0.481234798287726E-008 
      0.74000000 -0.865026927888459E+003 -0.483284292597315E-008 
      0.76000000 -0.865026927888479E+003 -0.485343454332892E-008 
      0.78000000 -0.865026927888500E+003 -0.487383281216491E-008 
      0.80000000 -0.865026927888520E+003 -0.489423108100091E-008 
      0.82000000 -0.865026927888541E+003 -0.491462934983691E-008 
      0.84000000 -0.865026927888561E+003 -0.493493094441302E-008 
      0.86000000 -0.865026927888581E+003 -0.495542588750890E-008 
      0.88000000 -0.865026927888602E+003 -0.497572748208501E-008 
      0.90000000 -0.865026927888622E+003 -0.499612575092101E-008 
      0.92000000 -0.865026927888642E+003 -0.501633067123723E-008 
      0.94000000 -0.865026927888662E+003 -0.503663226581335E-008 
      0.96000000 -0.865026927888683E+003 -0.505693386038946E-008 
      0.98000000 -0.865026927888703E+003 -0.507713878070568E-008 
      1.00000000 -0.865026927888723E+003 -0.509753704954168E-008 
      1.02000000 -0.865026927888744E+003 -0.511783864411779E-008 
      1.04000000 -0.865026927888764E+003 -0.513785021591424E-008 
      1.06000000 -0.865026927888784E+003 -0.515824848475024E-008 
      1.08000000 -0.865026927888804E+003 -0.517826005654669E-008 
      1.10000000 -0.865026927888824E+003 -0.519856165112280E-008 
      1.12000000 -0.865026927888845E+003 -0.521876657143903E-008 
      1.14000000 -0.865026927888865E+003 -0.523887481749537E-008 
      1.16000000 -0.865026927888885E+003 -0.525898306355170E-008 
      1.18000000 -0.865026927888905E+003 -0.527909130960804E-008 
      1.20000000 -0.865026927888925E+003 -0.529939290418415E-008 
      1.22000000 -0.865026927888946E+003 -0.531969449876026E-008 
      1.24000000 -0.865026927888966E+003 -0.533980274481660E-008 
      1.26000000 -0.865026927888986E+003 -0.535991099087294E-008 
      1.28000000 -0.865026927889006E+003 -0.537982588840951E-008 
      1.30000000 -0.865026927889026E+003 -0.540003080872573E-008 
      1.32000000 -0.865026927889046E+003 -0.542033240330184E-008 
      1.34000000 -0.865026927889066E+003 -0.544034397509829E-008 
      1.36000000 -0.865026927889086E+003 -0.546045222115463E-008 
      1.38000000 -0.865026927889107E+003 -0.548075381573074E-008 
      1.40000000 -0.865026927889126E+003 -0.550066871326731E-008 
      1.42000000 -0.865026927889147E+003 -0.552097030784342E-008 
      1.44000000 -0.865026927889167E+003 -0.554069185686021E-008 
      1.46000000 -0.865026927889187E+003 -0.556109012569621E-008 
      1.48000000 -0.865026927889207E+003 -0.558110169749266E-008 
      1.50000000 -0.865026927889227E+003 -0.560120994354900E-008 
      1.52000000 -0.865026927889247E+003 -0.562131818960534E-008 
      1.54000000 -0.865026927889267E+003 -0.564142643566168E-008 
      1.56000000 -0.865026927889287E+003 -0.566124465893836E-008 
      1.58000000 -0.865026927889307E+003 -0.568144957925458E-008 
      1.60000000 -0.865026927889327E+003 -0.570155782531092E-008 
      1.62000000 -0.865026927889347E+003 -0.572127937432771E-008 
      1.64000000 -0.865026927889367E+003 -0.574158096890383E-008 
      1.66000000 -0.865026927889387E+003 -0.576159254070028E-008 
      1.68000000 -0.865026927889407E+003 -0.578160411249673E-008 
      1.70000000 -0.865026927889428E+003 -0.580180903281295E-008 
      1.72000000 -0.865026927889448E+003 -0.582162725608963E-008 
      1.74000000 -0.865026927889467E+003 -0.584154215362620E-008 
      1.76000000 -0.865026927889488E+003 -0.586165039968254E-008 
      1.78000000 -0.865026927889508E+003 -0.588175864573888E-008 
      1.80000000 -0.865026927889528E+003 -0.590167354327544E-008 
      1.82000000 -0.865026927889547E+003 -0.592158844081201E-008 
      1.84000000 -0.865026927889568E+003 -0.594179336112823E-008 
      1.86000000 -0.865026927889588E+003 -0.596180493292469E-008 
      1.88000000 -0.865026927889608E+003 -0.598171983046125E-008 
      1.90000000 -0.865026927889628E+003 -0.600173140225770E-008 
      1.92000000 -0.865026927889648E+003 -0.602174297405416E-008 
      1.94000000 -0.865026927889668E+003 -0.604175454585061E-008 
      1.96000000 -0.865026927889687E+003 -0.606157276912729E-008 
      1.98000000 -0.865026927889708E+003 -0.608187436370340E-008 
      2.00000000 -0.865026927889727E+003 -0.610159591272019E-008 
      2.02000000 -0.865026927889748E+003 -0.612170415877653E-008 
      2.04000000 -0.865026927889768E+003 -0.614181240483287E-008 
      2.06000000 -0.865026927889788E+003 -0.616172730236944E-008 
      2.08000000 -0.865026927889807E+003 -0.618164219990600E-008 
      2.10000000 -0.865026927889828E+003 -0.620175044596234E-008 
      2.12000000 -0.865026927889847E+003 -0.622166534349891E-008 
      2.14000000 -0.865026927889867E+003 -0.624138689251570E-008 
      2.16000000 -0.865026927889887E+003 -0.626149513857204E-008 
      2.18000000 -0.865026927889907E+003 -0.628150671036849E-008 
      2.20000000 -0.865026927889927E+003 -0.630151828216494E-008 
      2.22000000 -0.865026927889947E+003 -0.632143317970151E-008 
      2.24000000 -0.865026927889967E+003 -0.634125140297819E-008 
      2.26000000 -0.865026927889987E+003 -0.636126297477464E-008 
      2.28000000 -0.865026927890007E+003 -0.638137122083098E-008 
      2.30000000 -0.865026927890027E+003 -0.640128611836754E-008 
      2.32000000 -0.865026927890047E+003 -0.642100766738434E-008 
      2.34000000 -0.865026927890067E+003 -0.644111591344068E-008 
      2.36000000 -0.865026927890087E+003 -0.646103081097724E-008 
      2.38000000 -0.865026927890107E+003 -0.648104238277369E-008 
      2.40000000 -0.865026927890127E+003 -0.650105395457015E-008 
      2.42000000 -0.865026927890147E+003 -0.652087217784683E-008 
      2.44000000 -0.865026927890167E+003 -0.654078707538339E-008 
      2.46000000 -0.865026927890187E+003 -0.656070197291996E-008 
      2.48000000 -0.865026927890207E+003 -0.658071354471641E-008 
      2.50000000 -0.865026927890226E+003 -0.660062844225298E-008 
      2.52000000 -0.865026927890246E+003 -0.662064001404943E-008 
      2.54000000 -0.865026927890266E+003 -0.664045823732611E-008 
      2.56000000 -0.865026927890286E+003 -0.666037313486267E-008 
      2.58000000 -0.865026927890306E+003 -0.668028803239924E-008 
      2.60000000 -0.865026927890326E+003 -0.670020292993581E-008 
      2.62000000 -0.865026927890346E+003 -0.672011782747237E-008 
      2.64000000 -0.865026927890366E+003 -0.674003272500894E-008 
      2.66000000 -0.865026927890386E+003 -0.675994762254550E-008 
      2.68000000 -0.865026927890406E+003 -0.677986252008207E-008 
      2.70000000 -0.865026927890426E+003 -0.679977741761864E-008 
      2.72000000 -0.865026927890446E+003 -0.681978898941509E-008 
      2.74000000 -0.865026927890466E+003 -0.683970388695165E-008 
      2.76000000 -0.865026927890485E+003 -0.685952211022833E-008 
      2.78000000 -0.865026927890505E+003 -0.687943700776490E-008 
      2.80000000 -0.865026927890525E+003 -0.689954525382124E-008 
      2.82000000 -0.865026927890545E+003 -0.691936347709792E-008 
      2.84000000 -0.865026927890565E+003 -0.693898835185482E-008 
      2.86000000 -0.865026927890585E+003 -0.695899992365128E-008 
      2.88000000 -0.865026927890605E+003 -0.697881814692796E-008 
      2.90000000 -0.865026927890625E+003 -0.699873304446452E-008 
      2.92000000 -0.865026927890645E+003 -0.701864794200109E-008 
      2.94000000 -0.865026927890664E+003 -0.703856283953765E-008 
      2.96000000 -0.865026927890684E+003 -0.705847773707422E-008 
      2.98000000 -0.865026927890704E+003 -0.707839263461079E-008 
      3.00000000 -0.865026927890724E+003 -0.709811418362758E-008 
      3.02000000 -0.865026927890744E+003 -0.711822242968392E-008 
      3.04000000 -0.865026927890764E+003 -0.713813732722048E-008 
      3.06000000 -0.865026927890784E+003 -0.715785887623728E-008 
      3.08000000 -0.865026927890804E+003 -0.717777377377384E-008 
      3.10000000 -0.865026927890824E+003 -0.719768867131041E-008 
      3.12000000 -0.865026927890843E+003 -0.721760356884698E-008 
      3.14000000 -0.865026927890863E+003 -0.723732511786377E-008 
      3.16000000 -0.865026927890883E+003 -0.725743336392011E-008 
      3.18000000 -0.865026927890903E+003 -0.727734826145667E-008 
      3.20000000 -0.865026927890923E+003 -0.729726315899324E-008 
      3.22000000 -0.865026927890943E+003 -0.731698470801003E-008 
      3.24000000 -0.865026927890963E+003 -0.733689960554660E-008 
      3.26000000 -0.865026927890983E+003 -0.735681450308316E-008 
      3.28000000 -0.865026927891003E+003 -0.737672940061973E-008 
      3.30000000 -0.865026927891023E+003 -0.739664429815630E-008 
      3.32000000 -0.865026927891042E+003 -0.741636584717309E-008 
      3.34000000 -0.865026927891062E+003 -0.743628074470966E-008 
      3.36000000 -0.865026927891082E+003 -0.745600229372645E-008 
      3.38000000 -0.865026927891102E+003 -0.747601386552290E-008 
      3.40000000 -0.865026927891122E+003 -0.749602543731935E-008 
      3.42000000 -0.865026927891141E+003 -0.751565031207626E-008 
      3.44000000 -0.865026927891161E+003 -0.753556520961283E-008 
      3.46000000 -0.865026927891181E+003 -0.755538343288951E-008 
      3.48000000 -0.865026927891201E+003 -0.757529833042607E-008 
      3.50000000 -0.865026927891221E+003 -0.759521322796264E-008 
      3.52000000 -0.865026927891241E+003 -0.761493477697943E-008 
      3.54000000 -0.865026927891261E+003 -0.763484967451600E-008 
      3.56000000 -0.865026927891280E+003 -0.765457122353279E-008 
      3.58000000 -0.865026927891300E+003 -0.767467946958913E-008 
      3.60000000 -0.865026927891320E+003 -0.769440101860592E-008 
      3.62000000 -0.865026927891340E+003 -0.771431591614249E-008 
      3.64000000 -0.865026927891360E+003 -0.773413413941917E-008 
      3.66000000 -0.865026927891380E+003 -0.775395236269585E-008 
      3.68000000 -0.865026927891400E+003 -0.777367391171264E-008 
      3.70000000 -0.865026927891419E+003 -0.779358880924921E-008 
      3.72000000 -0.865026927891439E+003 -0.781350370678577E-008 
      3.74000000 -0.865026927891459E+003 -0.783341860432234E-008 
      3.76000000 -0.865026927891479E+003 -0.785314015333913E-008 
      3.78000000 -0.865026927891499E+003 -0.787305505087570E-008 
      3.80000000 -0.865026927891519E+003 -0.789277659989249E-008 
      3.82000000 -0.865026927891539E+003 -0.791269149742906E-008 
      3.84000000 -0.865026927891558E+003 -0.793241304644585E-008 
      3.86000000 -0.865026927891578E+003 -0.795232794398242E-008 
      3.88000000 -0.865026927891598E+003 -0.797214616725910E-008 
      3.90000000 -0.865026927891618E+003 -0.799196439053578E-008 
      3.92000000 -0.865026927891638E+003 -0.801187928807234E-008 
      3.94000000 -0.865026927891658E+003 -0.803179418560891E-008 
      3.96000000 -0.865026927891677E+003 -0.805151573462570E-008 
      3.98000000 -0.865026927891697E+003 -0.807123728364250E-008 
      4.00000000 -0.865026927891717E+003 -0.809115218117906E-008 
      4.02000000 -0.865026927891737E+003 -0.811106707871563E-008 
      4.04000000 -0.865026927891757E+003 -0.813088530199231E-008 
      4.06000000 -0.865026927891776E+003 -0.815070352526899E-008 
      4.08000000 -0.865026927891797E+003 -0.817061842280555E-008 
      4.10000000 -0.865026927891816E+003 -0.819033997182235E-008 
      4.12000000 -0.865026927891836E+003 -0.821025486935891E-008 
      4.14000000 -0.865026927891856E+003 -0.822997641837571E-008 
      4.16000000 -0.865026927891876E+003 -0.824989131591227E-008 
      4.18000000 -0.865026927891896E+003 -0.826970953918895E-008 
      4.20000000 -0.865026927891915E+003 -0.828962443672552E-008 
      4.22000000 -0.865026927891935E+003 -0.830944266000220E-008 
      4.24000000 -0.865026927891955E+003 -0.832916420901899E-008 
      4.26000000 -0.865026927891975E+003 -0.834898243229567E-008 
      4.28000000 -0.865026927891995E+003 -0.836880065557235E-008 
      4.30000000 -0.865026927892014E+003 -0.838852220458914E-008 
      4.32000000 -0.865026927892034E+003 -0.840824375360594E-008 
      4.34000000 -0.865026927892054E+003 -0.842815865114250E-008 
      4.36000000 -0.865026927892074E+003 -0.844797687441918E-008 
      4.38000000 -0.865026927892094E+003 -0.846779509769586E-008 
      4.40000000 -0.865026927892113E+003 -0.848751664671266E-008 
      4.42000000 -0.865026927892133E+003 -0.850743154424922E-008 
      4.44000000 -0.865026927892153E+003 -0.852734644178579E-008 
      4.46000000 -0.865026927892173E+003 -0.854706799080258E-008 
      4.48000000 -0.865026927892193E+003 -0.856698288833915E-008 
      4.50000000 -0.865026927892212E+003 -0.858660776309606E-008 
      4.52000000 -0.865026927892232E+003 -0.860652266063262E-008 
      4.54000000 -0.865026927892252E+003 -0.862614753538953E-008 
      4.56000000 -0.865026927892272E+003 -0.864596575866621E-008 
      4.58000000 -0.865026927892292E+003 -0.866578398194289E-008 
      4.60000000 -0.865026927892312E+003 -0.868569887947945E-008 
      4.62000000 -0.865026927892331E+003 -0.870532375423636E-008 
      4.64000000 -0.865026927892351E+003 -0.872533532603281E-008 
      4.66000000 -0.865026927892371E+003 -0.874525022356938E-008 
      4.68000000 -0.865026927892391E+003 -0.876497177258617E-008 
      4.70000000 -0.865026927892411E+003 -0.878469332160297E-008 
      4.72000000 -0.865026927892430E+003 -0.880431819635987E-008 
      4.74000000 -0.865026927892450E+003 -0.882452311667610E-008 
      4.76000000 -0.865026927892470E+003 -0.884405131717312E-008 
      4.78000000 -0.865026927892490E+003 -0.886396621470968E-008 
      4.80000000 -0.865026927892510E+003 -0.888368776372648E-008 
      4.82000000 -0.865026927892529E+003 -0.890360266126304E-008 
      4.84000000 -0.865026927892549E+003 -0.892313086176006E-008 
      4.86000000 -0.865026927892569E+003 -0.894304575929663E-008 
      4.88000000 -0.865026927892589E+003 -0.896296065683320E-008 
      4.90000000 -0.865026927892609E+003 -0.898268220584999E-008 
      4.92000000 -0.865026927892628E+003 -0.900240375486678E-008 
      4.94000000 -0.865026927892648E+003 -0.902231865240335E-008 
      4.96000000 -0.865026927892668E+003 -0.904204020142014E-008 
      4.98000000 -0.865026927892688E+003 -0.906195509895671E-008 
      5.00000000 -0.865026927892707E+003 -0.908148329945373E-008 
      5.02000000 -0.865026927892727E+003 -0.910130152273041E-008 
      5.04000000 -0.865026927892747E+003 -0.912111974600709E-008 
      5.06000000 -0.865026927892767E+003 -0.914093796928377E-008 
      5.08000000 -0.865026927892787E+003 -0.916075619256045E-008 
      5.10000000 -0.865026927892806E+003 -0.918067109009701E-008 
      5.12000000 -0.865026927892826E+003 -0.920039263911381E-008 
      5.14000000 -0.865026927892846E+003 -0.922011418813060E-008 
      5.16000000 -0.865026927892866E+003 -0.924002908566717E-008 
      5.18000000 -0.865026927892886E+003 -0.925975063468396E-008 
      5.20000000 -0.865026927892905E+003 -0.927927883518098E-008 
      5.22000000 -0.865026927892925E+003 -0.929919373271755E-008 
      5.24000000 -0.865026927892945E+003 -0.931901195599423E-008 
      5.26000000 -0.865026927892965E+003 -0.933883017927091E-008 
      5.28000000 -0.865026927892984E+003 -0.935855172828770E-008 
      5.30000000 -0.865026927893004E+003 -0.937827327730449E-008 
      5.32000000 -0.865026927893024E+003 -0.939818817484106E-008 
      5.34000000 -0.865026927893044E+003 -0.941781304959797E-008 
      5.36000000 -0.865026927893064E+003 -0.943772794713453E-008 
      5.38000000 -0.865026927893083E+003 -0.945735282189144E-008 
      5.40000000 -0.865026927893103E+003 -0.947707437090823E-008 
      5.42000000 -0.865026927893123E+003 -0.949708594270469E-008 
      5.44000000 -0.865026927893143E+003 -0.951671081746159E-008 
      5.46000000 -0.865026927893162E+003 -0.953643236647839E-008 
      5.48000000 -0.865026927893182E+003 -0.955634726401495E-008 
      5.50000000 -0.865026927893202E+003 -0.957606881303175E-008 
      5.52000000 -0.865026927893222E+003 -0.959598371056831E-008 
      5.54000000 -0.865026927893242E+003 -0.961570525958511E-008 
      5.56000000 -0.865026927893261E+003 -0.963533013434201E-008 
      5.58000000 -0.865026927893281E+003 -0.965534170613847E-008 
      5.60000000 -0.865026927893301E+003 -0.967486990663549E-008 
      5.62000000 -0.865026927893321E+003 -0.969478480417205E-008 
      5.64000000 -0.865026927893340E+003 -0.971450635318885E-008 
      5.66000000 -0.865026927893360E+003 -0.973413122794575E-008 
      5.68000000 -0.865026927893380E+003 -0.975404612548232E-008 
      5.70000000 -0.865026927893400E+003 -0.977386434875900E-008 
      5.72000000 -0.865026927893420E+003 -0.979377924629556E-008 
      5.74000000 -0.865026927893439E+003 -0.981330744679259E-008 
      5.76000000 -0.865026927893459E+003 -0.983293232154949E-008 
      5.78000000 -0.865026927893479E+003 -0.985284721908606E-008 
      5.80000000 -0.865026927893498E+003 -0.987256876810285E-008 
      5.82000000 -0.865026927893518E+003 -0.989229031711965E-008 
      5.84000000 -0.865026927893538E+003 -0.991230188891610E-008 
      5.86000000 -0.865026927893558E+003 -0.993183008941312E-008 
      5.88000000 -0.865026927893577E+003 -0.995155163842991E-008 
      5.90000000 -0.865026927893597E+003 -0.997156321022636E-008 
      5.92000000 -0.865026927893617E+003 -0.999109141072339E-008 
      5.94000000 -0.865026927893637E+003 -0.100108129597402E-007 
      5.96000000 -0.865026927893657E+003 -0.100308245315366E-007 
      5.98000000 -0.865026927893676E+003 -0.100505460805534E-007 
      6.00000000 -0.865026927893696E+003 -0.100700742810504E-007 
      6.02000000 -0.865026927893716E+003 -0.100897958300672E-007 
      6.04000000 -0.865026927893736E+003 -0.101099040761236E-007 
      6.06000000 -0.865026927893755E+003 -0.101294322766206E-007 
      6.08000000 -0.865026927893775E+003 -0.101487671285978E-007 
      6.10000000 -0.865026927893792E+003 -0.101665551924169E-007 
      6.12000000 -0.865026927893806E+003 -0.101797028917614E-007 
      6.14000000 -0.865026927893808E+003 -0.101824097710383E-007 
      6.16000000 -0.865026927893791E+003 -0.101651050785186E-007 
      6.18000000 -0.865026927893744E+003 -0.101180247139540E-007 
      6.20000000 -0.865026927893657E+003 -0.100312112285762E-007 
      6.22000000 -0.865026927893529E+003 -0.990360120552634E-008 
      6.24000000 -0.865026927893373E+003 -0.974766562432983E-008 
      6.26000000 -0.865026927893222E+003 -0.959598371056831E-008 
      6.28000000 -0.865026927893123E+003 -0.949747263974423E-008 
      6.30000000 -0.865026927893128E+003 -0.950240302699843E-008 
      6.32000000 -0.865026927893244E+003 -0.961841213886192E-008 
      6.34000000 -0.865026927893352E+003 -0.972630061289497E-008 
      6.36000000 -0.865026927893065E+003 -0.943956475807237E-008 
      6.38000000 -0.865026927891507E+003 -0.788117568870614E-008 
      6.40000000 -0.865026927886986E+003 -0.335991390234636E-008 
      6.42000000 -0.865026927876538E+003  0.708767336355987E-008 
      6.44000000 -0.865026927855317E+003  0.283090268482285E-007 
      6.46000000 -0.865026927815791E+003  0.678348780482780E-007 
      6.48000000 -0.865026927746736E+003  0.136890268627620E-006 
      6.50000000 -0.865026927631985E+003  0.251640681627392E-006 
      6.52000000 -0.865026927448932E+003  0.434694166116071E-006 
      6.54000000 -0.865026927166757E+003  0.716869316054273E-006 
      6.56000000 -0.865026926744386E+003  0.113923983421709E-005 
      6.58000000 -0.865026926128177E+003  0.175544843060445E-005 
      6.60000000 -0.865026925249351E+003  0.263427449078372E-005 
      6.62000000 -0.865026924021194E+003  0.386243202231934E-005 
      6.64000000 -0.865026922336068E+003  0.554755775947159E-005 
      6.66000000 -0.865026920062294E+003  0.782133190498006E-005 
      6.68000000 -0.865026917040962E+003  0.108426643203209E-004 
      6.70000000 -0.865026913082756E+003  0.148008702751442E-004 
      6.72000000 -0.865026907964903E+003  0.199187232270524E-004 
      6.74000000 -0.865026901428329E+003  0.264552968514929E-004 
      6.76000000 -0.865026893175171E+003  0.347084545972982E-004 
      6.78000000 -0.865026882866751E+003  0.450168744323852E-004 
      6.80000000 -0.865026870122163E+003  0.577614624147831E-004 
      6.82000000 -0.865026854517598E+003  0.733660274789677E-004 
      6.84000000 -0.865026835586556E+003  0.922970695258832E-004 
      6.86000000 -0.865026812821067E+003  0.115062558620389E-003 
      6.88000000 -0.865026785674055E+003  0.142209570725559E-003 
      6.90000000 -0.865026753562945E+003  0.174320680786047E-003 
      6.92000000 -0.865026715874621E+003  0.212009004788667E-003 
      6.94000000 -0.865026671971797E+003  0.255911828831991E-003 
      6.96000000 -0.865026621200846E+003  0.306682779864742E-003 
      6.98000000 -0.865026562901115E+003  0.364982510927501E-003 
      7.00000000 -0.865026496415692E+003  0.431467934057015E-003 
      7.02000000 -0.865026421103592E+003  0.506780033335648E-003 
      7.04000000 -0.865026336353243E+003  0.591530382795767E-003 
      7.06000000 -0.865026241597155E+003  0.686286470977073E-003 
      7.08000000 -0.865026136327581E+003  0.791556044433537E-003 
      7.10000000 -0.865026020112962E+003  0.907770663731815E-003 
      7.12000000 -0.865025892614883E+003  0.103526874320912E-002 
      7.14000000 -0.865025753605229E+003  0.117427839689918E-002 
      7.16000000 -0.865025602983247E+003  0.132490037871567E-002 
      7.18000000 -0.865025440792068E+003  0.148709155743753E-002 
      7.20000000 -0.865025267234369E+003  0.166064925702569E-002 
      7.22000000 -0.865025082686693E+003  0.184519693278469E-002 
      7.24000000 -0.865024887712015E+003  0.204017161057275E-002 
      7.26000000 -0.865024683070136E+003  0.224481348958177E-002 
      7.28000000 -0.865024469725367E+003  0.245815825866721E-002 
      7.30000000 -0.865024248851191E+003  0.267903243519861E-002 
      7.32000000 -0.865024021831359E+003  0.290605226674332E-002 
      7.34000000 -0.865023790257135E+003  0.313762649063328E-002 
      7.36000000 -0.865023555920216E+003  0.337196340994076E-002 
      7.38000000 -0.865023320801128E+003  0.360708249796654E-002 
      7.40000000 -0.865023087052770E+003  0.384083085606585E-002 
      7.42000000 -0.865022856978901E+003  0.407090472444465E-002 
      7.44000000 -0.865022633007499E+003  0.429487612722909E-002 
      7.46000000 -0.865022417658888E+003  0.451022473755832E-002 
      7.48000000 -0.865022213508662E+003  0.471437496376412E-002 
      7.50000000 -0.865022023145597E+003  0.490473802925929E-002 
      7.52000000 -0.865021849124658E+003  0.507875896753891E-002 
      7.54000000 -0.865021693915536E+003  0.523396808962281E-002 
      7.56000000 -0.865021559846999E+003  0.536803662647260E-002 
      7.58000000 -0.865021449047651E+003  0.547883597465178E-002 
      7.60000000 -0.865021363383626E+003  0.556450000027602E-002 
      7.62000000 -0.865021304393959E+003  0.562348966701268E-002 
      7.64000000 -0.865021273224343E+003  0.565465928250406E-002 
      7.66000000 -0.865021270560143E+003  0.565732348338206E-002 
      7.68000000 -0.865021296559584E+003  0.563132404143541E-002 
      7.70000000 -0.865021350788086E+003  0.557709553975150E-002 
      7.72000000 -0.865021432154733E+003  0.549572889263551E-002 
      7.74000000 -0.865021538852013E+003  0.538903161292408E-002 
      7.76000000 -0.865021668299811E+003  0.525958381528737E-002 
      7.78000000 -0.865021817094821E+003  0.511078880528925E-002 
      7.80000000 -0.865021980966463E+003  0.494691716313978E-002 
      7.82000000 -0.865022154740331E+003  0.477314329526614E-002 
      7.84000000 -0.865022332310254E+003  0.459557337191703E-002 
      7.86000000 -0.865022506619947E+003  0.442126367854731E-002 
      7.88000000 -0.865022669655179E+003  0.425822844681984E-002 
      7.90000000 -0.865022812447297E+003  0.411543632908848E-002 
      7.92000000 -0.865022925088884E+003  0.400279474190512E-002 
      7.94000000 -0.865022996762179E+003  0.393112144659075E-002 
      7.96000000 -0.865023015780802E+003  0.391210282404488E-002 
      7.98000000 -0.865022969645168E+003  0.395823845796620E-002 
      8.00000000 -0.865022845111854E+003  0.408277177223120E-002 
      8.02000000 -0.865022628276995E+003  0.429960663039685E-002 
      8.04000000 -0.865022304673645E+003  0.462320998046724E-002 
      8.06000000 -0.865021859382838E+003  0.506850078738320E-002 
      8.08000000 -0.865021277157904E+003  0.565072572162164E-002 
      8.10000000 -0.865020542561412E+003  0.638532221420929E-002 
      8.12000000 -0.865019640113878E+003  0.728776974773583E-002 
      8.14000000 -0.865018554453233E+003  0.837343039274218E-002 
      8.16000000 -0.865017270503696E+003  0.965737992958279E-002 
      8.18000000 -0.865015773652744E+003  0.111542308822293E-001 
      8.20000000 -0.865014049934325E+003  0.128779493009230E-001 
      8.22000000 -0.865012086216606E+003  0.148416670198924E-001 
      8.24000000 -0.865009870392036E+003  0.170574915899576E-001 
      8.26000000 -0.865007391567679E+003  0.195363159470206E-001 
      8.28000000 -0.865004640253113E+003  0.222876305131709E-001 
      8.30000000 -0.865001608543766E+003  0.253193398598480E-001 
      8.32000000 -0.864998290296603E+003  0.286375870227729E-001 
      8.34000000 -0.864994681295778E+003  0.322465878475099E-001 
      8.36000000 -0.864990779405291E+003  0.361484783347198E-001 
      8.38000000 -0.864986584706016E+003  0.403431776101004E-001 
      8.40000000 -0.864982099614359E+003  0.448282692669799E-001 
      8.42000000 -0.864977328979960E+003  0.495989036657630E-001 
      8.44000000 -0.864972280160061E+003  0.546477235652264E-001 
      8.46000000 -0.864966963068468E+003  0.599648151573930E-001 
      8.48000000 -0.864961390197004E+003  0.655376866216038E-001 
      8.50000000 -0.864955576608312E+003  0.713512753136027E-001 
      8.52000000 -0.864949539898436E+003  0.773879851897862E-001 
      8.54000000 -0.864943300129069E+003  0.836277545566211E-001 
      8.56000000 -0.864936879729034E+003  0.900481545914793E-001 
      8.58000000 -0.864930303365606E+003  0.966245180199452E-001 
      8.60000000 -0.864923597786771E+003  0.103330096854951E+000 
      8.62000000 -0.864916791635869E+003  0.110136247756718E+000 
      8.64000000 -0.864909915241173E+003  0.117012642452400E+000 
      8.66000000 -0.864903000382991E+003  0.123927500635109E+000 
      8.68000000 -0.864896080041833E+003  0.130847841793208E+000 
      8.70000000 -0.864889188131141E+003  0.137739752484864E+000 
      8.72000000 -0.864882359219122E+003  0.144568664503535E+000 
      8.74000000 -0.864875628243949E+003  0.151299639676764E+000 
      8.76000000 -0.864869030226883E+003  0.157897656743082E+000 
      8.78000000 -0.864862599988123E+003  0.164327895503177E+000 
      8.80000000 -0.864856371869567E+003  0.170556014058859E+000 
      8.82000000 -0.864850379468693E+003  0.176548414933226E+000 
      8.84000000 -0.864844655387437E+003  0.182272496189109E+000 
      8.86000000 -0.864839230998566E+003  0.187696885060211E+000 
      8.88000000 -0.864834136232227E+003  0.192791651398878E+000 
      8.90000000 -0.864829399383624E+003  0.197528500001717E+000 
      8.92000000 -0.864825046942534E+003  0.201880941091550E+000 
      8.94000000 -0.864821103443431E+003  0.205824440195200E+000 
      8.96000000 -0.864817591334501E+003  0.209336549125313E+000 
      8.98000000 -0.864814530863038E+003  0.212397020587893E+000 
      9.00000000 -0.864811939972815E+003  0.214987910811303E+000 
      9.02000000 -0.864809834209379E+003  0.217093674246732E+000 
      9.04000000 -0.864808226627693E+003  0.218701255933098E+000 
      9.06000000 -0.864807127696406E+003  0.219800187219459E+000 
      9.08000000 -0.864806545193767E+003  0.220382689859306E+000 
      9.10000000 -0.864806484088877E+003  0.220443794748891E+000 
      9.12000000 -0.864806946404717E+003  0.219981478908368E+000 
      9.14000000 -0.864807931058100E+003  0.218996825526028E+000 
      9.16000000 -0.864809433675098E+003  0.217494208527541E+000 
      9.18000000 -0.864811446380437E+003  0.215481503189049E+000 
      9.20000000 -0.864813957562547E+003  0.212970321078627E+000 
      9.22000000 -0.864816951617274E+003  0.209976266352115E+000 
      9.24000000 -0.864820408675724E+003  0.206519207901317E+000 
      9.26000000 -0.864824304323997E+003  0.202623559629015E+000 
      9.28000000 -0.864828609324519E+003  0.198318559106625E+000 
      9.30000000 -0.864833289350763E+003  0.193638532862966E+000 
      9.32000000 -0.864838304748716E+003  0.188623134909628E+000 
      9.34000000 -0.864843610339429E+003  0.183317544197278E+000 
      9.36000000 -0.864849155278155E+003  0.177772605470827E+000 
      9.38000000 -0.864854882985229E+003  0.172044898396556E+000 
      9.40000000 -0.864860731163854E+003  0.166196719771829E+000 
      9.42000000 -0.864866631918201E+003  0.160295965424625E+000 
      9.44000000 -0.864872511984436E+003  0.154415899189512E+000 
      9.46000000 -0.864878293083912E+003  0.148634799714041E+000 
      9.48000000 -0.864883892405926E+003  0.143035477699685E+000 
      9.50000000 -0.864889223223470E+003  0.137704660156116E+000 
      9.52000000 -0.864894195642407E+003  0.132732241218808E+000 
      9.54000000 -0.864898717480156E+003  0.128210403469830E+000 
      9.56000000 -0.864902695266641E+003  0.124232616984539E+000 
      9.58000000 -0.864906035356076E+003  0.120892527549563E+000 
      9.60000000 -0.864908645134744E+003  0.118282748881492E+000 
      9.62000000 -0.864910434306418E+003  0.116493577208023E+000 
      9.64000000 -0.864911316234158E+003  0.115611649467904E+000 
      9.66000000 -0.864911209314603E+003  0.115718569023298E+000 
      9.68000000 -0.864910038358834E+003  0.116889524791816E+000 
      9.70000000 -0.864907735952329E+003  0.119191931297229E+000 
      9.72000000 -0.864904243765546E+003  0.122684118080010E+000 
      9.74000000 -0.864899513786252E+003  0.127414097374113E+000 
      9.76000000 -0.864893509444770E+003  0.133418438856388E+000 
      9.78000000 -0.864886206604024E+003  0.140721279601809E+000 
      9.80000000 -0.864877594387296E+003  0.149333496329365E+000 
      9.82000000 -0.864867675818522E+003  0.159252065103590E+000 
      9.84000000 -0.864856468251789E+003  0.170459631836637E+000 
      9.86000000 -0.864844003569653E+003  0.182924313972831E+000 
      9.88000000 -0.864830328132854E+003  0.196599750771850E+000 
      9.90000000 -0.864815502468106E+003  0.211425415519601E+000 
      9.92000000 -0.864799600684350E+003  0.227327199275339E+000 
      9.94000000 -0.864782709613119E+003  0.244218270507310E+000 
      9.96000000 -0.864764927674013E+003  0.262000209613040E+000 
      9.98000000 -0.864746363471818E+003  0.280564411808248E+000 
     10.00000000 -0.864727134138959E+003  0.299793744667256E+000 
     10.02000000 -0.864707363443555E+003  0.319564440070935E+000 
     10.04000000 -0.864687179690339E+003  0.339748193286593E+000 
     10.06000000 -0.864666713450256E+003  0.360214433369640E+000 
     10.08000000 -0.864646095160952E+003  0.380832722673531E+000 
     10.10000000 -0.864625452649159E+003  0.401475234467296E+000 
     10.12000000 -0.864604908631612E+003  0.422019252013298E+000 
     10.14000000 -0.864584578258824E+003  0.442349624801672E+000 
     10.16000000 -0.864564566769368E+003  0.462361114257371E+000 
     10.18000000 -0.864544967328169E+003  0.481960555456658E+000 
     10.20000000 -0.864525859121242E+003  0.501068762383622E+000 
     10.22000000 -0.864507305781065E+003  0.519622102561193E+000 
     10.24000000 -0.864489354211978E+003  0.537573671647654E+000 
     10.26000000 -0.864472033879250E+003  0.554894004376252E+000 
     10.28000000 -0.864455356615694E+003  0.571571267931362E+000 
     10.30000000 -0.864439316987786E+003  0.587610895839393E+000 
     10.32000000 -0.864423893246199E+003  0.603034637427154E+000 
     10.34000000 -0.864409048868022E+003  0.617879015603676E+000 
     10.36000000 -0.864394734675684E+003  0.632193207942284E+000 
     10.38000000 -0.864380891495442E+003  0.646036388183307E+000 
     10.40000000 -0.864367453291711E+003  0.659474591914489E+000 
     10.42000000 -0.864354350692529E+003  0.672577191096714E+000 
     10.44000000 -0.864341514794078E+003  0.685413089547793E+000 
     10.46000000 -0.864328881113627E+003  0.698046769998874E+000 
     10.48000000 -0.864316393542133E+003  0.710534341492312E+000 
     10.50000000 -0.864304008133414E+003  0.722919750211425E+000 
     10.52000000 -0.864291696563502E+003  0.735231320123971E+000 
     10.54000000 -0.864279449090659E+003  0.747478792966833E+000 
     10.56000000 -0.864267276858354E+003  0.759651025272377E+000 
     10.58000000 -0.864255213398769E+003  0.771714484857206E+000 
     10.60000000 -0.864243315220505E+003  0.783612663120866E+000 
     10.62000000 -0.864231661397260E+003  0.795266486366306E+000 
     10.64000000 -0.864220352114776E+003  0.806575768849774E+000 
     10.66000000 -0.864209506179421E+003  0.817421704205163E+000 
     10.68000000 -0.864199257539866E+003  0.827670343759525E+000 
     10.70000000 -0.864189750923858E+003  0.837176959768016E+000 
     10.72000000 -0.864181136740803E+003  0.845791142822756E+000 
     10.74000000 -0.864173565443032E+003  0.853362440594234E+000 
     10.76000000 -0.864167181576276E+003  0.859746307350295E+000 
     10.78000000 -0.864162117773741E+003  0.864810109885141E+000 
     10.80000000 -0.864158488963510E+003  0.868438920115688E+000 
     10.82000000 -0.864156387057329E+003  0.870540826296968E+000 
     10.84000000 -0.864155876374319E+003  0.871051509306447E+000 
     10.86000000 -0.864156990023327E+003  0.869937860299246E+000 
     10.88000000 -0.864159727424812E+003  0.867200458813770E+000 
     10.90000000 -0.864164053099054E+003  0.862874784571765E+000 
     10.92000000 -0.864169896785010E+003  0.857031098615575E+000 
     10.94000000 -0.864177154886351E+003  0.849772997274863E+000 
     10.96000000 -0.864185693175181E+003  0.841234708445101E+000 
     10.98000000 -0.864195350617734E+003  0.831577265892059E+000 
     11.00000000 -0.864205944132713E+003  0.820983750913218E+000 
     11.02000000 -0.864217274046385E+003  0.809653837241107E+000 
     11.04000000 -0.864229129979648E+003  0.797797903977917E+000 
     11.06000000 -0.864241296887979E+003  0.785630995646931E+000 
     11.08000000 -0.864253560978192E+003  0.773366905433732E+000 
     11.10000000 -0.864265715245603E+003  0.761212638023149E+000 
     11.12000000 -0.864277564408930E+003  0.749363474695870E+000 
     11.14000000 -0.864288929066779E+003  0.737998816846379E+000 
     11.16000000 -0.864299648953521E+003  0.727278930105157E+000 
     11.18000000 -0.864309585231451E+003  0.717342652175061E+000 
     11.20000000 -0.864318621814280E+003  0.708306069345433E+000 
     11.22000000 -0.864326665772738E+003  0.700262110887799E+000 
     11.24000000 -0.864333646919253E+003  0.693280964372837E+000 
     11.26000000 -0.864339516706893E+003  0.687411176733164E+000 
     11.28000000 -0.864344246601898E+003  0.682681281727414E+000 
     11.30000000 -0.864347826101630E+003  0.679101781995752E+000 
     11.32000000 -0.864350260569198E+003  0.676667314427946E+000 
     11.34000000 -0.864351569043669E+003  0.675358839956389E+000 
     11.36000000 -0.864351782163153E+003  0.675145720472842E+000 
     11.38000000 -0.864350940309043E+003  0.675987574582589E+000 
     11.40000000 -0.864349092046236E+003  0.677835837390164E+000 
     11.42000000 -0.864346292899077E+003  0.680634984548806E+000 
     11.44000000 -0.864342604468732E+003  0.684323414893645E+000 
     11.46000000 -0.864338093866807E+003  0.688834016818686E+000 
     11.48000000 -0.864332833414252E+003  0.694094469374008E+000 
     11.50000000 -0.864326900535253E+003  0.700027348373307E+000 
     11.52000000 -0.864320377763104E+003  0.706550120521319E+000 
     11.54000000 -0.864313352769971E+003  0.713575113654972E+000 
     11.56000000 -0.864305918333704E+003  0.721009549921509E+000 
     11.58000000 -0.864298172162575E+003  0.728755721050752E+000 
     11.60000000 -0.864290216511729E+003  0.736711371897283E+000 
     11.62000000 -0.864282157541487E+003  0.744770342139135E+000 
     11.64000000 -0.864274104387642E+003  0.752823495983422E+000 
     11.66000000 -0.864266167934950E+003  0.760759948675379E+000 
     11.68000000 -0.864258459306105E+003  0.768468577520334E+000 
     11.70000000 -0.864251088099673E+003  0.775839783953356E+000 
     11.72000000 -0.864244160428202E+003  0.782767455423967E+000 
     11.74000000 -0.864237776824301E+003  0.789151059324649E+000 
     11.76000000 -0.864232030094068E+003  0.794897789557712E+000 
     11.78000000 -0.864227003205111E+003  0.799924678515106E+000 
     11.80000000 -0.864222767299231E+003  0.804160584394944E+000 
     11.82000000 -0.864219379918832E+003  0.807547964793849E+000 
     11.84000000 -0.864216883527882E+003  0.810044355743573E+000 
     11.86000000 -0.864215304398893E+003  0.811623484732476E+000 
     11.88000000 -0.864214651921035E+003  0.812275962590547E+000 
     11.90000000 -0.864214918367752E+003  0.812009515874112E+000 
     11.92000000 -0.864216079141560E+003  0.810848742065442E+000 
     11.94000000 -0.864218093494569E+003  0.808834389056786E+000 
     11.96000000 -0.864220905702138E+003  0.806022181487826E+000 
     11.98000000 -0.864224446650738E+003  0.802481232888268E+000 
     12.00000000 -0.864228635784378E+003  0.798292099248347E+000 
     12.02000000 -0.864233383342435E+003  0.793544541190488E+000 
     12.04000000 -0.864238592813292E+003  0.788335070333861E+000 
     12.06000000 -0.864244163523078E+003  0.782764360547382E+000 
     12.08000000 -0.864249993277793E+003  0.776934605833286E+000 
     12.10000000 -0.864255980977798E+003  0.770946905827849E+000 
     12.12000000 -0.864262029128601E+003  0.764898755024682E+000 
     12.14000000 -0.864268046176532E+003  0.758881707094160E+000 
     12.16000000 -0.864273948606738E+003  0.752979276888123E+000 
     12.18000000 -0.864279662748070E+003  0.747265135555802E+000 
     12.20000000 -0.864285126240022E+003  0.741801643603767E+000 
     12.22000000 -0.864290289126323E+003  0.736638757302489E+000 
     12.24000000 -0.864295114551535E+003  0.731813332091355E+000 
     12.26000000 -0.864299579047826E+003  0.727348835799409E+000 
     12.28000000 -0.864303672411460E+003  0.723255472165470E+000 
     12.30000000 -0.864307397180435E+003  0.719530703191106E+000 
     12.32000000 -0.864310767736589E+003  0.716160147036754E+000 
     12.34000000 -0.864313809067223E+003  0.713118816402652E+000 
     12.36000000 -0.864316555232080E+003  0.710372651546039E+000 
     12.38000000 -0.864319047590719E+003  0.707880292907054E+000 
     12.40000000 -0.864321332854232E+003  0.705595029393507E+000 
     12.42000000 -0.864323461030817E+003  0.703466852809152E+000 
     12.44000000 -0.864325483338787E+003  0.701444544838468E+000 
     12.46000000 -0.864327450161772E+003  0.699477721854200E+000 
     12.48000000 -0.864329409119430E+003  0.697518764196264E+000 
     12.50000000 -0.864331403321980E+003  0.695524561646286E+000 
     12.52000000 -0.864333469869059E+003  0.693458014566568E+000 
     12.54000000 -0.864335638642695E+003  0.691289240931103E+000 
     12.56000000 -0.864337931431113E+003  0.688996452512907E+000 
     12.58000000 -0.864340361405399E+003  0.686566478226649E+000 
     12.60000000 -0.864342932955321E+003  0.683994928304840E+000 
     12.62000000 -0.864345641874883E+003  0.681286008742616E+000 
     12.64000000 -0.864348475873552E+003  0.678452010074288E+000 
     12.66000000 -0.864351415376461E+003  0.675512507165308E+000 
     12.68000000 -0.864354434566155E+003  0.672493317470552E+000 
     12.70000000 -0.864357502611223E+003  0.669425272403182E+000 
     12.72000000 -0.864360585022515E+003  0.666342861110785E+000 
     12.74000000 -0.864363645076262E+003  0.663282807363568E+000 
     12.76000000 -0.864366645245081E+003  0.660282638544642E+000 
     12.78000000 -0.864369548581386E+003  0.657379302239723E+000 
     12.80000000 -0.864372320004123E+003  0.654607879503115E+000 
     12.82000000 -0.864374927447072E+003  0.652000436553995E+000 
     12.84000000 -0.864377342835948E+003  0.649585047677769E+000 
     12.86000000 -0.864379542870704E+003  0.647385012922208E+000 
     12.88000000 -0.864381509599053E+003  0.645418284572857E+000 
     12.90000000 -0.864383230776381E+003  0.643697107244819E+000 
     12.92000000 -0.864384700015699E+003  0.642227867926474E+000 
     12.94000000 -0.864385916738881E+003  0.641011144744689E+000 
     12.96000000 -0.864386885946601E+003  0.640041937024705E+000 
     12.98000000 -0.864387617829337E+003  0.639310054288511E+000 
     13.00000000 -0.864388127245349E+003  0.638800638277284E+000 
     13.02000000 -0.864388433093644E+003  0.638494789981704E+000 
     13.04000000 -0.864388557610802E+003  0.638370272824028E+000 
     13.06000000 -0.864388525620236E+003  0.638402263390083E+000 
     13.08000000 -0.864388363761182E+003  0.638564122443709E+000 
     13.10000000 -0.864388099722588E+003  0.638828161038166E+000 
     13.12000000 -0.864387761504318E+003  0.639166379308279E+000 
     13.14000000 -0.864387376724890E+003  0.639551158735573E+000 
     13.16000000 -0.864386971991436E+003  0.639955892189987E+000 
     13.18000000 -0.864386572343962E+003  0.640355539663309E+000 
     13.20000000 -0.864386200782379E+003  0.640727101247316E+000 
     13.22000000 -0.864385877881351E+003  0.641050002274550E+000 
     13.24000000 -0.864385621494877E+003  0.641306388748572E+000 
     13.26000000 -0.864385446549683E+003  0.641481333943047E+000 
     13.28000000 -0.864385364924295E+003  0.641562959330796E+000 
     13.30000000 -0.864385385408729E+003  0.641542474896869E+000 
     13.32000000 -0.864385513738386E+003  0.641414145240006E+000 
     13.34000000 -0.864385752694792E+003  0.641175188833417E+000 
     13.36000000 -0.864386102265204E+003  0.640825618421766E+000 
     13.38000000 -0.864386559852638E+003  0.640368030988126E+000 
     13.40000000 -0.864387120527857E+003  0.639807355768553E+000 
     13.42000000 -0.864387777314463E+003  0.639150569162695E+000 
     13.44000000 -0.864388521498425E+003  0.638406385200692E+000 
     13.46000000 -0.864389342953157E+003  0.637584930468828E+000 
     13.48000000 -0.864390230471498E+003  0.636697412127799E+000 
     13.50000000 -0.864391172096207E+003  0.635755787419092E+000 
     13.52000000 -0.864392155441074E+003  0.634772442551475E+000 
     13.54000000 -0.864393167995462E+003  0.633759888163347E+000 
     13.56000000 -0.864394197406265E+003  0.632730477361050E+000 
     13.58000000 -0.864395231732255E+003  0.631696151371205E+000 
     13.60000000 -0.864396259667294E+003  0.630668216331357E+000 
     13.62000000 -0.864397270730007E+003  0.629657153618456E+000 
     13.64000000 -0.864398255418822E+003  0.628672464803839E+000 
     13.66000000 -0.864399205332157E+003  0.627722551468374E+000 
     13.68000000 -0.864400113254312E+003  0.626814629313467E+000 
     13.70000000 -0.864400973208114E+003  0.625954675511487E+000 
     13.72000000 -0.864401780475714E+003  0.625147407911909E+000 
     13.74000000 -0.864402531589120E+003  0.624396294506204E+000 
     13.76000000 -0.864403224292471E+003  0.623703591155261E+000 
     13.78000000 -0.864403857478199E+003  0.623070405426685E+000 
     13.80000000 -0.864404431099985E+003  0.622496783641079E+000 
     13.82000000 -0.864404946065881E+003  0.621981817744563E+000 
     13.84000000 -0.864405404115797E+003  0.621523767829288E+000 
     13.86000000 -0.864405807688165E+003  0.621120195460770E+000 
     13.88000000 -0.864406159781117E+003  0.620768102508419E+000 
     13.90000000 -0.864406463813733E+003  0.620464069892909E+000 
     13.92000000 -0.864406723492718E+003  0.620204390908212E+000 
     13.94000000 -0.864406942689274E+003  0.619985194351435E+000 
     13.96000000 -0.864407125329946E+003  0.619802553679957E+000 
     13.98000000 -0.864407275303916E+003  0.619652579709378E+000 
     14.00000000 -0.864407396387841E+003  0.619531495784716E+000 
     14.02000000 -0.864407492187946E+003  0.619435695679977E+000 
     14.04000000 -0.864407566097975E+003  0.619361785651066E+000 
     14.06000000 -0.864407621270813E+003  0.619306612812590E+000 
     14.08000000 -0.864407660601222E+003  0.619267282403971E+000 
     14.10000000 -0.864407686717196E+003  0.619241166429325E+000 
     14.12000000 -0.864407701977820E+003  0.619225905805368E+000 
     14.14000000 -0.864407708476021E+003  0.619219407604755E+000 
     14.16000000 -0.864407708045277E+003  0.619219838348907E+000 
     14.18000000 -0.864407702269802E+003  0.619225613823775E+000 
     14.20000000 -0.864407692498024E+003  0.619235385601700E+000 
     14.22000000 -0.864407679859289E+003  0.619248024336975E+000 
     14.24000000 -0.864407665283525E+003  0.619262600100366E+000 
     14.26000000 -0.864407649523355E+003  0.619278360270385E+000 
     14.28000000 -0.864407633177769E+003  0.619294705856412E+000 
     14.30000000 -0.864407616716244E+003  0.619311167381753E+000 
     14.32000000 -0.864407600502014E+003  0.619327381612016E+000 
     14.34000000 -0.864407584813295E+003  0.619343070331153E+000 
     14.36000000 -0.864407569861463E+003  0.619358022162829E+000 
     14.38000000 -0.864407555805612E+003  0.619372078014274E+000 
     14.40000000 -0.864407542763321E+003  0.619385120304645E+000 
     14.42000000 -0.864407530817970E+003  0.619397065656069E+000 
     14.44000000 -0.864407520023226E+003  0.619407860399539E+000 
     14.46000000 -0.864407510405629E+003  0.619417477996907E+000 
     14.48000000 -0.864407501966172E+003  0.619425917453879E+000 
     14.50000000 -0.864407494681736E+003  0.619433201889620E+000 
     14.52000000 -0.864407488506961E+003  0.619439376664757E+000 
     14.54000000 -0.864407483376873E+003  0.619444506752900E+000 
     14.56000000 -0.864407479210300E+003  0.619448673325625E+000 
     14.58000000 -0.864407475913873E+003  0.619451969752574E+000 
     14.60000000 -0.864407473386291E+003  0.619454497334548E+000 
     14.62000000 -0.864407471522494E+003  0.619456361132105E+000 
     14.64000000 -0.864407470217448E+003  0.619457666177479E+000 
     14.66000000 -0.864407469369366E+003  0.619458514260255E+000 
     14.68000000 -0.864407468882279E+003  0.619459001346843E+000 
     14.70000000 -0.864407468668036E+003  0.619459215589860E+000 
     14.72000000 -0.864407468647795E+003  0.619459235830647E+000 
     14.74000000 -0.864407468753142E+003  0.619459130483449E+000 
     14.76000000 -0.864407468926888E+003  0.619458956737762E+000 
     14.78000000 -0.864407469123561E+003  0.619458760064808E+000 
     14.80000000 -0.864407469309538E+003  0.619458574087894E+000 
     14.82000000 -0.864407469462701E+003  0.619458420924930E+000 
     14.84000000 -0.864407469571536E+003  0.619458312089629E+000 
     14.86000000 -0.864407469633610E+003  0.619458250015473E+000 
     14.88000000 -0.864407469653473E+003  0.619458230152490E+000 
     14.90000000 -0.864407469640144E+003  0.619458243482227E+000 
     14.92000000 -0.864407469604455E+003  0.619458279170883E+000 
     14.94000000 -0.864407469556624E+003  0.619458327001827E+000 
     14.96000000 -0.864407469504426E+003  0.619458379200126E+000 
     14.98000000 -0.864407469452330E+003  0.619458431296048E+000 
     15.00000000 -0.864407469401858E+003  0.619458481768229E+000 
     15.02000000 -0.864407469353181E+003  0.619458530444976E+000 
     15.04000000 -0.864407469306395E+003  0.619458577230387E+000 
     15.06000000 -0.864407469261366E+003  0.619458622259904E+000 
     15.08000000 -0.864407469217734E+003  0.619458665891511E+000 
     15.10000000 -0.864407469175006E+003  0.619458708620277E+000 
     15.12000000 -0.864407469132629E+003  0.619458750997149E+000 
     15.14000000 -0.864407469090069E+003  0.619458793556445E+000 
     15.16000000 -0.864407469046872E+003  0.619458836753598E+000 
     15.18000000 -0.864407469002718E+003  0.619458880907633E+000 
     15.20000000 -0.864407468957469E+003  0.619458926156794E+000 
     15.22000000 -0.864407468911196E+003  0.619458972429735E+000 
     15.24000000 -0.864407468864185E+003  0.619459019440494E+000 
     15.26000000 -0.864407468816914E+003  0.619459066712273E+000 
     15.28000000 -0.864407468769996E+003  0.619459113629452E+000 
     15.30000000 -0.864407468724114E+003  0.619459159512216E+000 
     15.32000000 -0.864407468679930E+003  0.619459203695639E+000 
     15.34000000 -0.864407468638013E+003  0.619459245613018E+000 
     15.36000000 -0.864407468598764E+003  0.619459284861994E+000 
     15.38000000 -0.864407468562363E+003  0.619459321262947E+000 
     15.40000000 -0.864407468528722E+003  0.619459354904042E+000 
     15.42000000 -0.864407468497447E+003  0.619459386178359E+000 
     15.44000000 -0.864407468467825E+003  0.619459415800899E+000 
     15.46000000 -0.864407468438828E+003  0.619459444797473E+000 
     15.48000000 -0.864407468409188E+003  0.619459474437995E+000 
     15.50000000 -0.864407468377520E+003  0.619459506106259E+000 
     15.52000000 -0.864407468342524E+003  0.619459541101761E+000 
     15.54000000 -0.864407468303230E+003  0.619459580395400E+000 
     15.56000000 -0.864407468259240E+003  0.619459624385475E+000 
     15.58000000 -0.864407468210916E+003  0.619459672710038E+000 
     15.60000000 -0.864407468159456E+003  0.619459724170230E+000 
     15.62000000 -0.864407468106821E+003  0.619459776805014E+000 
     15.64000000 -0.864407468055494E+003  0.619459828132279E+000 
     15.66000000 -0.864407468008102E+003  0.619459875523548E+000 
     15.68000000 -0.864407467966962E+003  0.619459916664149E+000 
     15.70000000 -0.864407467933608E+003  0.619459950017639E+000 
     15.72000000 -0.864407467908420E+003  0.619459975206310E+000 
     15.74000000 -0.864407467890391E+003  0.619459993234706E+000 
     15.76000000 -0.864407467877119E+003  0.619460006506536E+000 
     15.78000000 -0.864407467865008E+003  0.619460018617500E+000 
     15.80000000 -0.864407467849673E+003  0.619460033952841E+000 
     15.82000000 -0.864407467826480E+003  0.619460057146253E+000 
     15.84000000 -0.864407467791143E+003  0.619460092482628E+000 
     15.86000000 -0.864407467740288E+003  0.619460143338316E+000 
     15.88000000 -0.864407467671889E+003  0.619460211737289E+000 
     15.90000000 -0.864407467585536E+003  0.619460298089444E+000 
     15.92000000 -0.864407467482491E+003  0.619460401134925E+000 
     15.94000000 -0.864407467365521E+003  0.619460518104399E+000 
     15.96000000 -0.864407467238570E+003  0.619460645055490E+000 
     15.98000000 -0.864407467106289E+003  0.619460777336427E+000 
     16.00000000 -0.864407466973520E+003  0.619460910106245E+000 
     16.02000000 -0.864407466844793E+003  0.619461038832856E+000 
     16.04000000 -0.864407466723919E+003  0.619461159706906E+000 
     16.06000000 -0.864407466613708E+003  0.619461269917786E+000 
     16.08000000 -0.864407466515858E+003  0.619461367767508E+000 
     16.10000000 -0.864407466430993E+003  0.619461452632717E+000 
     16.12000000 -0.864407466358821E+003  0.619461524804403E+000 
     16.14000000 -0.864407466298354E+003  0.619461585271445E+000 
     16.16000000 -0.864407466248123E+003  0.619461635503197E+000 
     16.18000000 -0.864407466206334E+003  0.619461677292000E+000 
     16.20000000 -0.864407466170939E+003  0.619461712687153E+000 
     16.22000000 -0.864407466139615E+003  0.619461744011257E+000 
     16.24000000 -0.864407466109696E+003  0.619461773930007E+000 
     16.26000000 -0.864407466078117E+003  0.619461805509040E+000 
     16.28000000 -0.864407466041434E+003  0.619461842191605E+000 
     16.30000000 -0.864407465995980E+003  0.619461887645715E+000 
     16.32000000 -0.864407465938162E+003  0.619461945463593E+000 
     16.34000000 -0.864407465864882E+003  0.619462018743939E+000 
     16.36000000 -0.864407465773999E+003  0.619462109627024E+000 
     16.38000000 -0.864407465664734E+003  0.619462218891559E+000 
     16.40000000 -0.864407465537924E+003  0.619462345701893E+000 
     16.42000000 -0.864407465396044E+003  0.619462487582197E+000 
     16.44000000 -0.864407465242993E+003  0.619462640633018E+000 
     16.46000000 -0.864407465083671E+003  0.619462799954712E+000 
     16.48000000 -0.864407464923429E+003  0.619462960196745E+000 
     16.50000000 -0.864407464767492E+003  0.619463116133679E+000 
     16.52000000 -0.864407464620444E+003  0.619463263182189E+000 
     16.54000000 -0.864407464485833E+003  0.619463397792589E+000 
     16.56000000 -0.864407464365931E+003  0.619463517695353E+000 
     16.58000000 -0.864407464261627E+003  0.619463621998759E+000 
     16.60000000 -0.864407464172466E+003  0.619463711160172E+000 
     16.62000000 -0.864407464096775E+003  0.619463786850897E+000 
     16.64000000 -0.864407464031893E+003  0.619463851732666E+000 
     16.66000000 -0.864407463974472E+003  0.619463909153503E+000 
     16.68000000 -0.864407463920841E+003  0.619463962784612E+000 
     16.70000000 -0.864407463867401E+003  0.619464016224983E+000 
     16.72000000 -0.864407463811012E+003  0.619464072613435E+000 
     16.74000000 -0.864407463749315E+003  0.619464134310948E+000 
     16.76000000 -0.864407463680925E+003  0.619464202700543E+000 
     16.78000000 -0.864407463605482E+003  0.619464278144169E+000 
     16.80000000 -0.864407463523522E+003  0.619464360103833E+000 
     16.82000000 -0.864407463436237E+003  0.619464447388895E+000 
     16.84000000 -0.864407463345159E+003  0.619464538466489E+000 
     16.86000000 -0.864407463251869E+003  0.619464631756666E+000 
     16.88000000 -0.864407463157778E+003  0.619464725847403E+000 
     16.90000000 -0.864407463064034E+003  0.619464819591370E+000 
     16.92000000 -0.864407462971543E+003  0.619464912083114E+000 
     16.94000000 -0.864407462881073E+003  0.619465002553207E+000 
     16.96000000 -0.864407462793394E+003  0.619465090232024E+000 
     16.98000000 -0.864407462709393E+003  0.619465174232578E+000 
     17.00000000 -0.864407462630126E+003  0.619465253499671E+000 
     17.02000000 -0.864407462556786E+003  0.619465326840051E+000 
     17.04000000 -0.864407462490597E+003  0.619465393028567E+000 
     17.06000000 -0.864407462432653E+003  0.619465450973088E+000 
     17.08000000 -0.864407462383720E+003  0.619465499905538E+000 
     17.10000000 -0.864407462344062E+003  0.619465539563833E+000 
     17.12000000 -0.864407462313283E+003  0.619465570342404E+000 
     17.14000000 -0.864407462290243E+003  0.619465593382780E+000 
     17.16000000 -0.864407462273032E+003  0.619465610593505E+000 
     17.18000000 -0.864407462259038E+003  0.619465624587974E+000 
     17.20000000 -0.864407462245093E+003  0.619465638532946E+000 
     17.22000000 -0.864407462227717E+003  0.619465655908888E+000 
     17.24000000 -0.864407462203435E+003  0.619465680191238E+000 
     17.26000000 -0.864407462169148E+003  0.619465714477731E+000 
     17.28000000 -0.864407462122528E+003  0.619465761097540E+000 
     17.30000000 -0.864407462062369E+003  0.619465821256965E+000 
     17.32000000 -0.864407461988845E+003  0.619465894781123E+000 
     17.34000000 -0.864407461903621E+003  0.619465980004414E+000 
     17.36000000 -0.864407461809773E+003  0.619466073852788E+000 
     17.38000000 -0.864407461711500E+003  0.619466172125557E+000 
     17.40000000 -0.864407461613666E+003  0.619466269960101E+000 
     17.42000000 -0.864407461521207E+003  0.619466362419170E+000 
     17.44000000 -0.864407461438506E+003  0.619466445120132E+000 
     17.46000000 -0.864407461368821E+003  0.619466514805066E+000 
     17.48000000 -0.864407461313864E+003  0.619466569761869E+000 
     17.50000000 -0.864407461273600E+003  0.619466610025538E+000 
     17.52000000 -0.864407461246300E+003  0.619466637326059E+000 
     17.54000000 -0.864407461228825E+003  0.619466654800512E+000 
     17.56000000 -0.864407461217108E+003  0.619466666517722E+000 
     17.58000000 -0.864407461206727E+003  0.619466676898604E+000 
     17.60000000 -0.864407461193498E+003  0.619466690127510E+000 
     17.62000000 -0.864407461173986E+003  0.619466709640146E+000 
     17.64000000 -0.864407461145869E+003  0.619466737756984E+000 
     17.66000000 -0.864407461108123E+003  0.619466775502965E+000 
     17.68000000 -0.864407461061008E+003  0.619466822617843E+000 
     17.70000000 -0.864407461005884E+003  0.619466877741506E+000 
     17.72000000 -0.864407460944907E+003  0.619466938719279E+000 
     17.74000000 -0.864407460880646E+003  0.619467002980109E+000 
     17.76000000 -0.864407460815712E+003  0.619467067913503E+000 
     17.78000000 -0.864407460752422E+003  0.619467131203917E+000 
     17.80000000 -0.864407460692557E+003  0.619467191068583E+000 
     17.82000000 -0.864407460637238E+003  0.619467246387914E+000 
     17.84000000 -0.864407460586907E+003  0.619467296719047E+000 
     17.86000000 -0.864407460541406E+003  0.619467342219851E+000 
     17.88000000 -0.864407460500128E+003  0.619467383498117E+000 
     17.90000000 -0.864407460462192E+003  0.619467421433386E+000 
     17.92000000 -0.864407460426627E+003  0.619467456998493E+000 
     17.94000000 -0.864407460392515E+003  0.619467491110392E+000 
     17.96000000 -0.864407460359104E+003  0.619467524522177E+000 
     17.98000000 -0.864407460325861E+003  0.619467557765265E+000 
     18.00000000 -0.864407460292491E+003  0.619467591134319E+000 
     18.02000000 -0.864407460258922E+003  0.619467624703876E+000 
     18.04000000 -0.864407460225260E+003  0.619467658365853E+000 
     18.06000000 -0.864407460191745E+003  0.619467691880789E+000 
     18.08000000 -0.864407460158690E+003  0.619467724935748E+000 
     18.10000000 -0.864407460126417E+003  0.619467757208516E+000 
     18.12000000 -0.864407460095193E+003  0.619467788432949E+000 
     18.14000000 -0.864407460065165E+003  0.619467818461327E+000 
     18.16000000 -0.864407460036310E+003  0.619467847316080E+000 
     18.18000000 -0.864407460008408E+003  0.619467875218205E+000 
     18.20000000 -0.864407459981037E+003  0.619467902588622E+000 
     18.22000000 -0.864407459953613E+003  0.619467930012789E+000 
     18.24000000 -0.864407459925447E+003  0.619467958178448E+000 
     18.26000000 -0.864407459895840E+003  0.619467987785714E+000 
     18.28000000 -0.864407459864178E+003  0.619468019447694E+000 
     18.30000000 -0.864407459830037E+003  0.619468053589175E+000 
     18.32000000 -0.864407459793270E+003  0.619468090355460E+000 
     18.34000000 -0.864407459754078E+003  0.619468129547495E+000 
     18.36000000 -0.864407459713040E+003  0.619468170585718E+000 
     18.38000000 -0.864407459671106E+003  0.619468212519338E+000 
     18.40000000 -0.864407459629535E+003  0.619468254091010E+000 
     18.42000000 -0.864407459589775E+003  0.619468293850813E+000 
     18.44000000 -0.864407459553301E+003  0.619468330324948E+000 
     18.46000000 -0.864407459521418E+003  0.619468362208216E+000 
     18.48000000 -0.864407459495064E+003  0.619468388562102E+000 
     18.50000000 -0.864407459474645E+003  0.619468408981253E+000 
     18.52000000 -0.864407459459932E+003  0.619468423693722E+000 
     18.54000000 -0.864407459450042E+003  0.619468433583788E+000 
     18.56000000 -0.864407459443503E+003  0.619468440123125E+000 
     18.58000000 -0.864407459438406E+003  0.619468445219986E+000 
     18.60000000 -0.864407459432616E+003  0.619468451009904E+000 
     18.62000000 -0.864407459424010E+003  0.619468459615460E+000 
     18.64000000 -0.864407459410723E+003  0.619468472903143E+000 
     18.66000000 -0.864407459391353E+003  0.619468492272605E+000 
     18.68000000 -0.864407459365132E+003  0.619468518493758E+000 
     18.70000000 -0.864407459332010E+003  0.619468551615422E+000 
     18.72000000 -0.864407459292680E+003  0.619468590946088E+000 
     18.74000000 -0.864407459248508E+003  0.619468635117814E+000 
     18.76000000 -0.864407459201405E+003  0.619468682221091E+000 
     18.78000000 -0.864407459153620E+003  0.619468730005437E+000 
     18.80000000 -0.864407459107502E+003  0.619468776123506E+000 
     18.82000000 -0.864407459065233E+003  0.619468818392393E+000 
     18.84000000 -0.864407459028582E+003  0.619468855044118E+000 
     18.86000000 -0.864407458998697E+003  0.619468884928646E+000 
     18.88000000 -0.864407458975975E+003  0.619468907650384E+000 
     18.90000000 -0.864407458960014E+003  0.619468923611497E+000 
     18.92000000 -0.864407458949659E+003  0.619468933966857E+000 
     18.94000000 -0.864407458943137E+003  0.619468940489276E+000 
     18.96000000 -0.864407458938260E+003  0.619468945366299E+000 
     18.98000000 -0.864407458932676E+003  0.619468950949335E+000 
     19.00000000 -0.864407458924144E+003  0.619468959481708E+000 
     19.02000000 -0.864407458910783E+003  0.619468972842671E+000 
     19.04000000 -0.864407458891298E+003  0.619468992327948E+000 
     19.06000000 -0.864407458865119E+003  0.619469018506758E+000 
     19.08000000 -0.864407458832454E+003  0.619469051171927E+000 
     19.10000000 -0.864407458794230E+003  0.619469089396059E+000 
     19.12000000 -0.864407458751940E+003  0.619469131686020E+000 
     19.14000000 -0.864407458707414E+003  0.619469176211961E+000 
     19.16000000 -0.864407458662559E+003  0.619469221066884E+000 
     19.18000000 -0.864407458619125E+003  0.619469264501082E+000 
     19.20000000 -0.864407458578529E+003  0.619469305097021E+000 
     19.22000000 -0.864407458541771E+003  0.619469341854508E+000 
     19.24000000 -0.864407458509432E+003  0.619469374194078E+000 
     19.26000000 -0.864407458481724E+003  0.619469401902178E+000 
     19.28000000 -0.864407458458566E+003  0.619469425059337E+000 
     19.30000000 -0.864407458439646E+003  0.619469443979553E+000 
     19.32000000 -0.864407458424454E+003  0.619469459172106E+000 
     19.34000000 -0.864407458412307E+003  0.619469471318743E+000 
     19.36000000 -0.864407458402378E+003  0.619469481248060E+000 
     19.38000000 -0.864407458393738E+003  0.619469489887355E+000 
     19.40000000 -0.864407458385439E+003  0.619469498186550E+000 
     19.42000000 -0.864407458376598E+003  0.619469507028088E+000 
     19.44000000 -0.864407458366487E+003  0.619469517138572E+000 
     19.46000000 -0.864407458354601E+003  0.619469529024576E+000 
     19.48000000 -0.864407458340678E+003  0.619469542947603E+000 
     19.50000000 -0.864407458324688E+003  0.619469558937622E+000 
     19.52000000 -0.864407458306788E+003  0.619469576838118E+000 
     19.54000000 -0.864407458287254E+003  0.619469596371829E+000 
     19.56000000 -0.864407458266415E+003  0.619469617210352E+000 
     19.58000000 -0.864407458244588E+003  0.619469639038143E+000 
     19.60000000 -0.864407458222031E+003  0.619469661594375E+000 
     19.62000000 -0.864407458198934E+003  0.619469684691983E+000 
     19.64000000 -0.864407458175423E+003  0.619469708202583E+000 
     19.66000000 -0.864407458151603E+003  0.619469732022927E+000 
     19.68000000 -0.864407458127601E+003  0.619469756025309E+000 
     19.70000000 -0.864407458103609E+003  0.619469780016960E+000 
     19.72000000 -0.864407458079904E+003  0.619469803721972E+000 
     19.74000000 -0.864407458056834E+003  0.619469826792124E+000 
     19.76000000 -0.864407458034776E+003  0.619469848850096E+000 
     19.78000000 -0.864407458014077E+003  0.619469869548732E+000 
     19.80000000 -0.864407457994997E+003  0.619469888629137E+000 
     19.82000000 -0.864407457977666E+003  0.619469905960125E+000 
     19.84000000 -0.864407457962084E+003  0.619469921542083E+000 
     19.86000000 -0.864407457948145E+003  0.619469935480674E+000 
     19.88000000 -0.864407457935691E+003  0.619469947934929E+000 
     19.90000000 -0.864407457924563E+003  0.619469959062523E+000 
     19.92000000 -0.864407457914646E+003  0.619469968979465E+000 
     19.94000000 -0.864407457905878E+003  0.619469977747821E+000 
     19.96000000 -0.864407457898232E+003  0.619469985393498E+000 
     19.98000000 -0.864407457891681E+003  0.619469991944532E+000 
     20.00000000 -0.864407457886157E+003  0.619469997469273E+000 
     20.02000000 -0.864407457881523E+003  0.619470002102483E+000 
     20.04000000 -0.864407457877576E+003  0.619470006050273E+000 
     20.06000000 -0.864407457874057E+003  0.619470009568733E+000 
     20.08000000 -0.864407457870689E+003  0.619470012936671E+000 
     20.10000000 -0.864407457867206E+003  0.619470016419458E+000 
     20.12000000 -0.864407457863382E+003  0.619470020243602E+000 
     20.14000000 -0.864407457859045E+003  0.619470024581279E+000 
     20.16000000 -0.864407457854082E+003  0.619470029543472E+000 
     20.18000000 -0.864407457848444E+003  0.619470035181998E+000 
     20.20000000 -0.864407457842133E+003  0.619470041493184E+000 
     20.22000000 -0.864407457835199E+003  0.619470048426662E+000 
     20.24000000 -0.864407457827727E+003  0.619470055898519E+000 
     20.26000000 -0.864407457819824E+003  0.619470063802220E+000 
     20.28000000 -0.864407457811601E+003  0.619470072024559E+000 
     20.30000000 -0.864407457803171E+003  0.619470080454554E+000 
     20.32000000 -0.864407457794638E+003  0.619470088987411E+000 
     20.34000000 -0.864407457786105E+003  0.619470097520461E+000 
     20.36000000 -0.864407457777677E+003  0.619470105948910E+000 
     20.38000000 -0.864407457769465E+003  0.619470114161002E+000 
     20.40000000 -0.864407457761585E+003  0.619470122041114E+000 
     20.42000000 -0.864407457754145E+003  0.619470129481358E+000 
     20.44000000 -0.864407457747227E+003  0.619470136398402E+000 
     20.46000000 -0.864407457740876E+003  0.619470142749804E+000 
     20.48000000 -0.864407457735082E+003  0.619470148543396E+000 
     20.50000000 -0.864407457729792E+003  0.619470153833894E+000 
     20.52000000 -0.864407457724913E+003  0.619470158712948E+000 
     20.54000000 -0.864407457720339E+003  0.619470163286994E+000 
     20.56000000 -0.864407457715964E+003  0.619470167661697E+000 
     20.58000000 -0.864407457711703E+003  0.619470171923099E+000 
     20.60000000 -0.864407457707498E+003  0.619470176127655E+000 
     20.62000000 -0.864407457703330E+003  0.619470180295476E+000 
     20.64000000 -0.864407457699219E+003  0.619470184407226E+000 
     20.66000000 -0.864407457695218E+003  0.619470188407800E+000 
     20.68000000 -0.864407457691409E+003  0.619470192216863E+000 
     20.70000000 -0.864407457687879E+003  0.619470195746440E+000 
     20.72000000 -0.864407457684701E+003  0.619470198924993E+000 
     20.74000000 -0.864407457681903E+003  0.619470201723132E+000 
     20.76000000 -0.864407457679451E+003  0.619470204175178E+000 
     20.78000000 -0.864407457677235E+003  0.619470206391146E+000 
     20.80000000 -0.864407457675072E+003  0.619470208554329E+000 
     20.82000000 -0.864407457672720E+003  0.619470210905834E+000 
     20.84000000 -0.864407457669914E+003  0.619470213712191E+000 
     20.86000000 -0.864407457666399E+003  0.619470217226784E+000 
     20.88000000 -0.864407457661979E+003  0.619470221646731E+000 
     20.90000000 -0.864407457656549E+003  0.619470227076731E+000 
     20.92000000 -0.864407457650122E+003  0.619470233504215E+000 
     20.94000000 -0.864407457642832E+003  0.619470240793648E+000 
     20.96000000 -0.864407457634927E+003  0.619470248698315E+000 
     20.98000000 -0.864407457626740E+003  0.619470256885465E+000 
     21.00000000 -0.864407457618654E+003  0.619470264972074E+000 
     21.02000000 -0.864407457611059E+003  0.619470272567287E+000 
     21.04000000 -0.864407457604305E+003  0.619470279320661E+000 
     21.06000000 -0.864407457598651E+003  0.619470284974751E+000 
     21.08000000 -0.864407457594202E+003  0.619470289423314E+000 
     21.10000000 -0.864407457590860E+003  0.619470292766213E+000 
     21.12000000 -0.864407457588274E+003  0.619470295351573E+000 
     21.14000000 -0.864407457585836E+003  0.619470297790085E+000 
     21.16000000 -0.864407457582700E+003  0.619470300926004E+000 
     21.18000000 -0.864407457577872E+003  0.619470305754110E+000 
     21.20000000 -0.864407457570343E+003  0.619470313283198E+000 
     21.22000000 -0.864407457559263E+003  0.619470324363035E+000 
     21.24000000 -0.864407457544128E+003  0.619470339498067E+000 
     21.26000000 -0.864407457524930E+003  0.619470358696319E+000 
     21.28000000 -0.864407457502242E+003  0.619470381384124E+000 
     21.30000000 -0.864407457477199E+003  0.619470406426431E+000 
     21.32000000 -0.864407457451369E+003  0.619470432256536E+000 
     21.34000000 -0.864407457426524E+003  0.619470457101918E+000 
     21.36000000 -0.864407457404357E+003  0.619470479269229E+000 
     21.38000000 -0.864407457386196E+003  0.619470497430262E+000 
     21.40000000 -0.864407457372772E+003  0.619470510853966E+000 
     21.42000000 -0.864407457364084E+003  0.619470519541599E+000 
     21.44000000 -0.864407457359389E+003  0.619470524236778E+000 
     21.46000000 -0.864407457357314E+003  0.619470526311794E+000 
     21.48000000 -0.864407457356070E+003  0.619470527555605E+000 
     21.50000000 -0.864407457353725E+003  0.619470529900729E+000 
     21.52000000 -0.864407457348491E+003  0.619470535134673E+000 
     21.54000000 -0.864407457338978E+003  0.619470544648097E+000 
     21.56000000 -0.864407457324377E+003  0.619470559249294E+000 
     21.58000000 -0.864407457304554E+003  0.619470579071964E+000 
     21.60000000 -0.864407457280042E+003  0.619470603584110E+000 
     21.62000000 -0.864407457251944E+003  0.619470631682000E+000 
     21.64000000 -0.864407457221767E+003  0.619470661858580E+000 
     21.66000000 -0.864407457191219E+003  0.619470692407260E+000 
     21.68000000 -0.864407457161987E+003  0.619470721639236E+000 
     21.70000000 -0.864407457135547E+003  0.619470748079162E+000 
     21.72000000 -0.864407457113005E+003  0.619470770620603E+000 
     21.74000000 -0.864407457095002E+003  0.619470788624250E+000 
     21.76000000 -0.864407457081674E+003  0.619470801951570E+000 
     21.78000000 -0.864407457072690E+003  0.619470810935703E+000 
     21.80000000 -0.864407457067324E+003  0.619470816301511E+000 
     21.82000000 -0.864407457064580E+003  0.619470819046093E+000 
     21.84000000 -0.864407457063324E+003  0.619470820301988E+000 
     21.86000000 -0.864407457062425E+003  0.619470821200866E+000 
     21.88000000 -0.864407457060868E+003  0.619470822757805E+000 
     21.90000000 -0.864407457057841E+003  0.619470825784869E+000 
     21.92000000 -0.864407457052779E+003  0.619470830846540E+000 
     21.94000000 -0.864407457045380E+003  0.619470838245794E+000 
     21.96000000 -0.864407457035585E+003  0.619470848040734E+000 
     21.98000000 -0.864407457023552E+003  0.619470860074069E+000 
     22.00000000 -0.864407457009618E+003  0.619470874008117E+000 
     22.02000000 -0.864407456994271E+003  0.619470889354382E+000 
     22.04000000 -0.864407456978125E+003  0.619470905501304E+000 
     22.06000000 -0.864407456961884E+003  0.619470921742193E+000 
     22.08000000 -0.864407456946308E+003  0.619470937318059E+000 
     22.10000000 -0.864407456932145E+003  0.619470951480838E+000 
     22.12000000 -0.864407456920045E+003  0.619470963580589E+000 
     22.14000000 -0.864407456910457E+003  0.619470973169225E+000 
     22.16000000 -0.864407456903534E+003  0.619470980092262E+000 
     22.18000000 -0.864407456899085E+003  0.619470984540825E+000 
     22.20000000 -0.864407456896586E+003  0.619470987040145E+000 
     22.22000000 -0.864407456895264E+003  0.619470988361778E+000 
     22.24000000 -0.864407456894249E+003  0.619470989377245E+000 
     22.26000000 -0.864407456892742E+003  0.619470990883817E+000 
     22.28000000 -0.864407456890171E+003  0.619470993454385E+000 
     22.30000000 -0.864407456886281E+003  0.619470997344364E+000 
     22.32000000 -0.864407456881146E+003  0.619471002480281E+000 
     22.34000000 -0.864407456875104E+003  0.619471008521649E+000 
     22.36000000 -0.864407456868650E+003  0.619471014975429E+000 
     22.38000000 -0.864407456862305E+003  0.619471021320547E+000 
     22.40000000 -0.864407456856506E+003  0.619471027120036E+000 
     22.42000000 -0.864407456851533E+003  0.619471032093347E+000 
     22.44000000 -0.864407456847479E+003  0.619471036147285E+000 
     22.46000000 -0.864407456844256E+003  0.619471039370212E+000 
     22.48000000 -0.864407456841626E+003  0.619471042000332E+000 
     22.50000000 -0.864407456839248E+003  0.619471044377358E+000 
     22.52000000 -0.864407456836748E+003  0.619471046878128E+000 
     22.54000000 -0.864407456833780E+003  0.619471049845641E+000 
     22.56000000 -0.864407456830116E+003  0.619471053510176E+000 
     22.58000000 -0.864407456825709E+003  0.619471057917072E+000 
     22.60000000 -0.864407456820742E+003  0.619471062883518E+000 
     22.62000000 -0.864407456815618E+003  0.619471068007738E+000 
     22.64000000 -0.864407456810877E+003  0.619471072749223E+000 
     22.66000000 -0.864407456807047E+003  0.619471076578587E+000 
     22.68000000 -0.864407456804460E+003  0.619471079165494E+000 
     22.70000000 -0.864407456803074E+003  0.619471080552286E+000 
     22.72000000 -0.864407456802372E+003  0.619471081254238E+000 
     22.74000000 -0.864407456801389E+003  0.619471082236642E+000 
     22.76000000 -0.864407456798870E+003  0.619471084755780E+000 
     22.78000000 -0.864407456793532E+003  0.619471090093939E+000 
     22.80000000 -0.864407456784372E+003  0.619471099254309E+000 
     22.82000000 -0.864407456770937E+003  0.619471112688840E+000 
     22.84000000 -0.864407456753490E+003  0.619471130135354E+000 
     22.86000000 -0.864407456733024E+003  0.619471150601488E+000 
     22.88000000 -0.864407456711120E+003  0.619471172505555E+000 
     22.90000000 -0.864407456689684E+003  0.619471193941816E+000 
     22.92000000 -0.864407456670605E+003  0.619471213021158E+000 
     22.94000000 -0.864407456655401E+003  0.619471228225312E+000 
     22.96000000 -0.864407456644918E+003  0.619471238707702E+000 
     22.98000000 -0.864407456639132E+003  0.619471244494236E+000 
     23.00000000 -0.864407456637084E+003  0.619471246541797E+000 
     23.02000000 -0.864407456636986E+003  0.619471246640018E+000 
     23.04000000 -0.864407456636457E+003  0.619471247168440E+000 
     23.06000000 -0.864407456632891E+003  0.619471250734946E+000 
     23.08000000 -0.864407456623867E+003  0.619471259758909E+000 
     23.10000000 -0.864407456607568E+003  0.619471276058189E+000 
     23.12000000 -0.864407456583106E+003  0.619471300519774E+000 
     23.14000000 -0.864407456550718E+003  0.619471332907391E+000 
     23.16000000 -0.864407456511776E+003  0.619471371850103E+000 
     23.18000000 -0.864407456468604E+003  0.619471415021444E+000 
     23.20000000 -0.864407456424150E+003  0.619471459475459E+000 
     23.22000000 -0.864407456381536E+003  0.619471502089569E+000 
     23.24000000 -0.864407456343592E+003  0.619471540033829E+000 
     23.26000000 -0.864407456312444E+003  0.619471571181502E+000 
     23.28000000 -0.864407456289227E+003  0.619471594399373E+000 
     23.30000000 -0.864407456273956E+003  0.619471609669556E+000 
     23.32000000 -0.864407456265590E+003  0.619471618036036E+000 
     23.34000000 -0.864407456262232E+003  0.619471621394306E+000 
     23.36000000 -0.864407456261453E+003  0.619471622172921E+000 
     23.38000000 -0.864407456260665E+003  0.619471622961009E+000 
     23.40000000 -0.864407456257481E+003  0.619471626145266E+000 
     23.42000000 -0.864407456250023E+003  0.619471633602719E+000 
     23.44000000 -0.864407456237134E+003  0.619471646491524E+000 
     23.46000000 -0.864407456218469E+003  0.619471665156810E+000 
     23.48000000 -0.864407456194477E+003  0.619471689148945E+000 
     23.50000000 -0.864407456166278E+003  0.619471717347570E+000 
     23.52000000 -0.864407456135470E+003  0.619471748156013E+000 
     23.54000000 -0.864407456103890E+003  0.619471779736110E+000 
     23.56000000 -0.864407456073373E+003  0.619471810253273E+000 
     23.58000000 -0.864407456045532E+003  0.619471838093720E+000 
     23.60000000 -0.864407456021587E+003  0.619471862039161E+000 
     23.62000000 -0.864407456002244E+003  0.619471881382037E+000 
     23.64000000 -0.864407455987651E+003  0.619471895975306E+000 
     23.66000000 -0.864407455977404E+003  0.619471906221908E+000 
     23.68000000 -0.864407455970616E+003  0.619471913010181E+000 
     23.70000000 -0.864407455966026E+003  0.619471917599695E+000 
     23.72000000 -0.864407455962153E+003  0.619471921472369E+000 
     23.74000000 -0.864407455957469E+003  0.619471926156624E+000 
     23.76000000 -0.864407455950588E+003  0.619471933038284E+000 
     23.78000000 -0.864407455940444E+003  0.619471943181928E+000 
     23.80000000 -0.864407455926446E+003  0.619471957180264E+000 
     23.82000000 -0.864407455908562E+003  0.619471975063552E+000 
     23.84000000 -0.864407455887341E+003  0.619471996284905E+000 
     23.86000000 -0.864407455863831E+003  0.619472019794635E+000 
     23.88000000 -0.864407455839431E+003  0.619472044194542E+000 
     23.90000000 -0.864407455815677E+003  0.619472067948567E+000 
     23.92000000 -0.864407455794014E+003  0.619472089612302E+000 
     23.94000000 -0.864407455775591E+003  0.619472108034936E+000 
     23.96000000 -0.864407455761120E+003  0.619472122505526E+000 
     23.98000000 -0.864407455750807E+003  0.619472132818736E+000 
     24.00000000 -0.864407455744364E+003  0.619472139261302E+000 
     24.02000000 -0.864407455741089E+003  0.619472142536432E+000 
     24.04000000 -0.864407455739976E+003  0.619472143649540E+000 
     24.06000000 -0.864407455739844E+003  0.619472143781790E+000 
     24.08000000 -0.864407455739457E+003  0.619472144168681E+000 
     24.10000000 -0.864407455737636E+003  0.619472145990024E+000 
     24.12000000 -0.864407455733350E+003  0.619472150276174E+000 
     24.14000000 -0.864407455725802E+003  0.619472157823533E+000 
     24.16000000 -0.864407455714506E+003  0.619472169119920E+000 
     24.18000000 -0.864407455699344E+003  0.619472184281731E+000 
     24.20000000 -0.864407455680612E+003  0.619472203013819E+000 
     24.22000000 -0.864407455659019E+003  0.619472224606499E+000 
     24.24000000 -0.864407455635645E+003  0.619472247980691E+000 
     24.26000000 -0.864407455611831E+003  0.619472271794945E+000 
     24.28000000 -0.864407455589017E+003  0.619472294608717E+000 
     24.30000000 -0.864407455568542E+003  0.619472315084132E+000 
     24.32000000 -0.864407455551433E+003  0.619472332192769E+000 
     24.34000000 -0.864407455538239E+003  0.619472345387065E+000 
     24.36000000 -0.864407455528935E+003  0.619472354690513E+000 
     24.38000000 -0.864407455522940E+003  0.619472360686154E+000 
     24.40000000 -0.864407455519226E+003  0.619472364399412E+000 
     24.42000000 -0.864407455516524E+003  0.619472367101844E+000 
     24.44000000 -0.864407455513543E+003  0.619472370082698E+000 
     24.46000000 -0.864407455509185E+003  0.619472374440677E+000 
     24.48000000 -0.864407455502690E+003  0.619472380936317E+000 
     24.50000000 -0.864407455493691E+003  0.619472389935144E+000 
     24.52000000 -0.864407455482188E+003  0.619472401437641E+000 
     24.54000000 -0.864407455468450E+003  0.619472415175827E+000 
     24.56000000 -0.864407455452881E+003  0.619472430744443E+000 
     24.58000000 -0.864407455435897E+003  0.619472447728370E+000 
     24.60000000 -0.864407455417832E+003  0.619472465793502E+000 
     24.62000000 -0.864407455398901E+003  0.619472484725319E+000 
     24.64000000 -0.864407455379218E+003  0.619472504407522E+000 
     24.66000000 -0.864407455358864E+003  0.619472524761804E+000 
     24.68000000 -0.864407455337958E+003  0.619472545667516E+000 
     24.70000000 -0.864407455316734E+003  0.619472566891480E+000 
     24.72000000 -0.864407455295575E+003  0.619472588051252E+000 
     24.74000000 -0.864407455275002E+003  0.619472608623438E+000 
     24.76000000 -0.864407455255630E+003  0.619472627995896E+000 
     24.78000000 -0.864407455238071E+003  0.619472645554648E+000 
     24.80000000 -0.864407455222844E+003  0.619472660781811E+000 
     24.82000000 -0.864407455210274E+003  0.619472673351398E+000 
     24.84000000 -0.864407455200428E+003  0.619472683197382E+000 
     24.86000000 -0.864407455193073E+003  0.619472690552843E+000 
     24.88000000 -0.864407455187680E+003  0.619472695945526E+000 
     24.90000000 -0.864407455183471E+003  0.619472700154434E+000 
     24.92000000 -0.864407455179494E+003  0.619472704131516E+000 
     24.94000000 -0.864407455174728E+003  0.619472708898040E+000 
     24.96000000 -0.864407455168202E+003  0.619472715423843E+000 
     24.98000000 -0.864407455159117E+003  0.619472724508516E+000 
     25.00000000 -0.864407455146949E+003  0.619472736677099E+000 
     25.02000000 -0.864407455131520E+003  0.619472752105344E+000 
     25.04000000 -0.864407455113034E+003  0.619472770591783E+000 
     25.06000000 -0.864407455092048E+003  0.619472791577444E+000 
     25.08000000 -0.864407455069409E+003  0.619472814216719E+000 
     25.10000000 -0.864407455046139E+003  0.619472837486504E+000 
     25.12000000 -0.864407455023314E+003  0.619472860311586E+000 
     25.14000000 -0.864407455001932E+003  0.619472881693419E+000 
     25.16000000 -0.864407454982811E+003  0.619472900814428E+000 
     25.18000000 -0.864407454966517E+003  0.619472917109357E+000 
     25.20000000 -0.864407454953322E+003  0.619472930303461E+000 
     25.22000000 -0.864407454943214E+003  0.619472940411721E+000 
     25.24000000 -0.864407454935913E+003  0.619472947712755E+000 
     25.26000000 -0.864407454930924E+003  0.619472952701340E+000 
     25.28000000 -0.864407454927597E+003  0.619472956028771E+000 
     25.30000000 -0.864407454925193E+003  0.619472958432383E+000 
     25.32000000 -0.864407454922961E+003  0.619472960664398E+000 
     25.34000000 -0.864407454920205E+003  0.619472963420388E+000 
     25.36000000 -0.864407454916343E+003  0.619472967283298E+000 
     25.38000000 -0.864407454910947E+003  0.619472972678786E+000 
     25.40000000 -0.864407454903771E+003  0.619472979855206E+000 
     25.42000000 -0.864407454894745E+003  0.619472988881295E+000 
     25.44000000 -0.864407454883961E+003  0.619472999665115E+000 
     25.46000000 -0.864407454871644E+003  0.619473011981513E+000 
     25.48000000 -0.864407454858120E+003  0.619473025505371E+000 
     25.50000000 -0.864407454843781E+003  0.619473039844484E+000 
     25.52000000 -0.864407454829057E+003  0.619473054569328E+000 
     25.54000000 -0.864407454814387E+003  0.619473069239066E+000 
     25.56000000 -0.864407454800195E+003  0.619473083430751E+000 
     25.58000000 -0.864407454786859E+003  0.619473096766385E+000 
     25.60000000 -0.864407454774684E+003  0.619473108941445E+000 
     25.62000000 -0.864407454763872E+003  0.619473119754267E+000 
     25.64000000 -0.864407454754508E+003  0.619473129117460E+000 
     25.66000000 -0.864407454746563E+003  0.619473137063020E+000 
     25.68000000 -0.864407454739901E+003  0.619473143724457E+000 
     25.70000000 -0.864407454734324E+003  0.619473149302175E+000 
     25.72000000 -0.864407454729603E+003  0.619473154022489E+000 
     25.74000000 -0.864407454725526E+003  0.619473158100113E+000 
     25.76000000 -0.864407454721909E+003  0.619473161717277E+000 
     25.78000000 -0.864407454718604E+003  0.619473165021410E+000 
     25.80000000 -0.864407454715481E+003  0.619473168145245E+000 
     25.82000000 -0.864407454712392E+003  0.619473171233504E+000 
     25.84000000 -0.864407454709159E+003  0.619473174467258E+000 
     25.86000000 -0.864407454705556E+003  0.619473178069438E+000 
     25.88000000 -0.864407454701333E+003  0.619473182292363E+000 
     25.90000000 -0.864407454696245E+003  0.619473187381006E+000 
     25.92000000 -0.864407454690096E+003  0.619473193529489E+000 
     25.94000000 -0.864407454682786E+003  0.619473200839996E+000 
     25.96000000 -0.864407454674330E+003  0.619473209296094E+000 
     25.98000000 -0.864407454664863E+003  0.619473218762631E+000 
     26.00000000 -0.864407454654622E+003  0.619473229003335E+000 
     26.02000000 -0.864407454643908E+003  0.619473239717743E+000 
     26.04000000 -0.864407454633045E+003  0.619473250581030E+000 
     26.06000000 -0.864407454622349E+003  0.619473261276780E+000 
     26.08000000 -0.864407454612111E+003  0.619473271514681E+000 
     26.10000000 -0.864407454602589E+003  0.619473281037289E+000 
     26.12000000 -0.864407454594012E+003  0.619473289614036E+000 
     26.14000000 -0.864407454586583E+003  0.619473297042969E+000 
     26.16000000 -0.864407454580466E+003  0.619473303160226E+000 
     26.18000000 -0.864407454575754E+003  0.619473307871743E+000 
     26.20000000 -0.864407454572434E+003  0.619473311191634E+000 
     26.22000000 -0.864407454570343E+003  0.619473313283278E+000 
     26.24000000 -0.864407454569149E+003  0.619473314476432E+000 
     26.26000000 -0.864407454568371E+003  0.619473315254370E+000 
     26.28000000 -0.864407454567426E+003  0.619473316199747E+000 
     26.30000000 -0.864407454565713E+003  0.619473317912815E+000 
     26.32000000 -0.864407454562712E+003  0.619473320914067E+000 
     26.34000000 -0.864407454558064E+003  0.619473325561876E+000 
     26.36000000 -0.864407454551629E+003  0.619473331996418E+000 
     26.38000000 -0.864407454543500E+003  0.619473340125756E+000 
     26.40000000 -0.864407454533977E+003  0.619473349648751E+000 
     26.42000000 -0.864407454523517E+003  0.619473360109293E+000 
     26.44000000 -0.864407454512660E+003  0.619473370965619E+000 
     26.46000000 -0.864407454501964E+003  0.619473381661659E+000 
     26.48000000 -0.864407454491934E+003  0.619473391691420E+000 
     26.50000000 -0.864407454482979E+003  0.619473400647323E+000 
     26.52000000 -0.864407454475371E+003  0.619473408255201E+000 
     26.54000000 -0.864407454469237E+003  0.619473414389279E+000 
     26.56000000 -0.864407454464553E+003  0.619473419072471E+000 
     26.58000000 -0.864407454461161E+003  0.619473422464577E+000 
     26.60000000 -0.864407454458794E+003  0.619473424831936E+000 
     26.62000000 -0.864407454457112E+003  0.619473426513875E+000 
     26.64000000 -0.864407454455746E+003  0.619473427880076E+000 
     26.66000000 -0.864407454454335E+003  0.619473429291230E+000 
     26.68000000 -0.864407454452563E+003  0.619473431062399E+000 
     26.70000000 -0.864407454450186E+003  0.619473433440006E+000 
     26.72000000 -0.864407454447042E+003  0.619473436584046E+000 
     26.74000000 -0.864407454443064E+003  0.619473440561998E+000 
     26.76000000 -0.864407454438278E+003  0.619473445347664E+000 
     26.78000000 -0.864407454432800E+003  0.619473450826291E+000 
     26.80000000 -0.864407454426816E+003  0.619473456809655E+000 
     26.82000000 -0.864407454420565E+003  0.619473463061289E+000 
     26.84000000 -0.864407454414291E+003  0.619473469334772E+000 
     26.86000000 -0.864407454408207E+003  0.619473475419160E+000 
     26.88000000 -0.864407454402443E+003  0.619473481183169E+000 
     26.90000000 -0.864407454397023E+003  0.619473486603115E+000 
     26.92000000 -0.864407454391856E+003  0.619473491770064E+000 
     26.94000000 -0.864407454386760E+003  0.619473496866054E+000 
     26.96000000 -0.864407454381505E+003  0.619473502121267E+000 
     26.98000000 -0.864407454375870E+003  0.619473507755539E+000 
     27.00000000 -0.864407454369696E+003  0.619473513929641E+000 
     27.02000000 -0.864407454362919E+003  0.619473520707087E+000 
     27.04000000 -0.864407454355586E+003  0.619473528039926E+000 
     27.06000000 -0.864407454347850E+003  0.619473535775897E+000 
     27.08000000 -0.864407454339945E+003  0.619473543680951E+000 
     27.10000000 -0.864407454332148E+003  0.619473551478117E+000 
     27.12000000 -0.864407454324741E+003  0.619473558885105E+000 
     27.14000000 -0.864407454317968E+003  0.619473565658297E+000 
     27.16000000 -0.864407454312000E+003  0.619473571626193E+000 
     27.18000000 -0.864407454306908E+003  0.619473576717446E+000 
     27.20000000 -0.864407454302651E+003  0.619473580975077E+000 
     27.22000000 -0.864407454299073E+003  0.619473584553088E+000 
     27.24000000 -0.864407454295923E+003  0.619473587703122E+000 
     27.26000000 -0.864407454292880E+003  0.619473590746041E+000 
     27.28000000 -0.864407454289590E+003  0.619473594035673E+000 
     27.30000000 -0.864407454285710E+003  0.619473597915791E+000 
     27.32000000 -0.864407454280948E+003  0.619473602677965E+000 
     27.34000000 -0.864407454275110E+003  0.619473608516317E+000 
     27.36000000 -0.864407454268131E+003  0.619473615494652E+000 
     27.38000000 -0.864407454260108E+003  0.619473623517745E+000 
     27.40000000 -0.864407454251300E+003  0.619473632326220E+000 
     27.42000000 -0.864407454242114E+003  0.619473641511435E+000 
     27.44000000 -0.864407454233067E+003  0.619473650558406E+000 
     27.46000000 -0.864407454224713E+003  0.619473658913285E+000 
     27.48000000 -0.864407454217556E+003  0.619473666070274E+000 
     27.50000000 -0.864407454211964E+003  0.619473671661817E+000 
     27.52000000 -0.864407454208087E+003  0.619473675539228E+000 
     27.54000000 -0.864407454205807E+003  0.619473677819000E+000 
     27.56000000 -0.864407454204741E+003  0.619473678884931E+000 
     27.58000000 -0.864407454204289E+003  0.619473679336400E+000 
     27.60000000 -0.864407454203737E+003  0.619473679888990E+000 
     27.62000000 -0.864407454202385E+003  0.619473681241269E+000 
     27.64000000 -0.864407454199682E+003  0.619473683943798E+000 
     27.66000000 -0.864407454195336E+003  0.619473688290273E+000 
     27.68000000 -0.864407454189363E+003  0.619473694262519E+000 
     27.70000000 -0.864407454182084E+003  0.619473701541607E+000 
     27.72000000 -0.864407454174043E+003  0.619473709583359E+000 
     27.74000000 -0.864407454165887E+003  0.619473717738509E+000 
     27.76000000 -0.864407454158231E+003  0.619473725395304E+000 
     27.78000000 -0.864407454151519E+003  0.619473732107011E+000 
     27.80000000 -0.864407454145942E+003  0.619473737683762E+000 
     27.82000000 -0.864407454141404E+003  0.619473742221652E+000 
     27.84000000 -0.864407454137558E+003  0.619473746067741E+000 
     27.86000000 -0.864407454133900E+003  0.619473749726088E+000 
     27.88000000 -0.864407454129897E+003  0.619473753728983E+000 
     27.90000000 -0.864407454125127E+003  0.619473758498697E+000 
     27.92000000 -0.864407454119382E+003  0.619473764243468E+000 
     27.94000000 -0.864407454112717E+003  0.619473770909159E+000 
     27.96000000 -0.864407454105420E+003  0.619473778205552E+000 
     27.98000000 -0.864407454097923E+003  0.619473785703027E+000 
     28.00000000 -0.864407454090658E+003  0.619473792968291E+000 
     28.02000000 -0.864407454083919E+003  0.619473799706390E+000 
     28.04000000 -0.864407454077766E+003  0.619473805859901E+000 
     28.06000000 -0.864407454071988E+003  0.619473811638121E+000 
     28.08000000 -0.864407454066162E+003  0.619473817464002E+000 
     28.10000000 -0.864407454059769E+003  0.619473823856781E+000 
     28.12000000 -0.864407454052346E+003  0.619473831279430E+000 
     28.14000000 -0.864407454043625E+003  0.619473840000512E+000 
     28.16000000 -0.864407454033620E+003  0.619473850005911E+000 
     28.18000000 -0.864407454022634E+003  0.619473860991394E+000 
     28.20000000 -0.864407454011191E+003  0.619473872434920E+000 
     28.22000000 -0.864407453999895E+003  0.619473883731210E+000 
     28.24000000 -0.864407453989270E+003  0.619473894355421E+000 
     28.26000000 -0.864407453979620E+003  0.619473904005446E+000 
     28.28000000 -0.864407453970945E+003  0.619473912680607E+000 
     28.30000000 -0.864407453962945E+003  0.619473920680402E+000 
     28.32000000 -0.864407453955110E+003  0.619473928515658E+000 
     28.34000000 -0.864407453946862E+003  0.619473936763326E+000 
     28.36000000 -0.864407453937722E+003  0.619473945903490E+000 
     28.38000000 -0.864407453927438E+003  0.619473956188181E+000 
     28.40000000 -0.864407453916052E+003  0.619473967573606E+000 
     28.42000000 -0.864407453903893E+003  0.619473979732617E+000 
     28.44000000 -0.864407453891486E+003  0.619473992139695E+000 
     28.46000000 -0.864407453879427E+003  0.619474004199229E+000 
     28.48000000 -0.864407453868243E+003  0.619474015382411E+000 
     28.50000000 -0.864407453858286E+003  0.619474025340343E+000 
     28.52000000 -0.864407453849656E+003  0.619474033969487E+000 
     28.54000000 -0.864407453842209E+003  0.619474041417079E+000 
     28.56000000 -0.864407453835589E+003  0.619474048036559E+000 
     28.58000000 -0.864407453829326E+003  0.619474054300084E+000 
     28.60000000 -0.864407453822932E+003  0.619474060693926E+000 
     28.62000000 -0.864407453816010E+003  0.619474067615803E+000 
     28.64000000 -0.864407453808331E+003  0.619474075294640E+000 
     28.66000000 -0.864407453799877E+003  0.619474083749094E+000 
     28.68000000 -0.864407453790837E+003  0.619474092788717E+000 
     28.70000000 -0.864407453781563E+003  0.619474102062969E+000 
     28.72000000 -0.864407453772485E+003  0.619474111141069E+000 
     28.74000000 -0.864407453764018E+003  0.619474119607414E+000 
     28.76000000 -0.864407453756473E+003  0.619474127152453E+000 
     28.78000000 -0.864407453749992E+003  0.619474133634269E+000 
     28.80000000 -0.864407453744523E+003  0.619474139102938E+000 
     28.82000000 -0.864407453739840E+003  0.619474143785453E+000 
     28.84000000 -0.864407453735590E+003  0.619474148036123E+000 
     28.86000000 -0.864407453731357E+003  0.619474152268619E+000 
     28.88000000 -0.864407453726745E+003  0.619474156881141E+000 
     28.90000000 -0.864407453721436E+003  0.619474162189912E+000 
     28.92000000 -0.864407453715246E+003  0.619474168380061E+000 
     28.94000000 -0.864407453708147E+003  0.619474175478949E+000 
     28.96000000 -0.864407453700273E+003  0.619474183353261E+000 
     28.98000000 -0.864407453691897E+003  0.619474191729022E+000 
     29.00000000 -0.864407453683393E+003  0.619474200232876E+000 
     29.02000000 -0.864407453675180E+003  0.619474208445838E+000 
     29.04000000 -0.864407453667659E+003  0.619474215967192E+000 
     29.06000000 -0.864407453661152E+003  0.619474222473467E+000 
     29.08000000 -0.864407453655856E+003  0.619474227769669E+000 
     29.10000000 -0.864407453651805E+003  0.619474231820707E+000 
     29.12000000 -0.864407453648871E+003  0.619474234754868E+000 
     29.14000000 -0.864407453646784E+003  0.619474236841388E+000 
     29.16000000 -0.864407453645183E+003  0.619474238442701E+000 
     29.18000000 -0.864407453643675E+003  0.619474239950819E+000 
     29.20000000 -0.864407453641906E+003  0.619474241719958E+000 
     29.22000000 -0.864407453639618E+003  0.619474244007465E+000 
     29.24000000 -0.864407453636690E+003  0.619474246935728E+000 
     29.26000000 -0.864407453633152E+003  0.619474250474006E+000 
     29.28000000 -0.864407453629170E+003  0.619474254455438E+000 
     29.30000000 -0.864407453625018E+003  0.619474258607405E+000 
     29.32000000 -0.864407453621016E+003  0.619474262609526E+000 
     29.34000000 -0.864407453617473E+003  0.619474266153024E+000 
     29.36000000 -0.864407453614621E+003  0.619474269005011E+000 
     29.38000000 -0.864407453612570E+003  0.619474271055762E+000 
     29.40000000 -0.864407453611279E+003  0.619474272347040E+000 
     29.42000000 -0.864407453610560E+003  0.619474273066200E+000 
     29.44000000 -0.864407453610115E+003  0.619474273511192E+000 
     29.46000000 -0.864407453609596E+003  0.619474274029656E+000 
     29.48000000 -0.864407453608680E+003  0.619474274946128E+000 
     29.50000000 -0.864407453607128E+003  0.619474276497750E+000 
     29.52000000 -0.864407453604836E+003  0.619474278789703E+000 
     29.54000000 -0.864407453601838E+003  0.619474281788152E+000 
     29.56000000 -0.864407453598281E+003  0.619474285344605E+000 
     29.58000000 -0.864407453594379E+003  0.619474289246378E+000 
     29.60000000 -0.864407453590351E+003  0.619474293274891E+000 
     29.62000000 -0.864407453586369E+003  0.619474297257097E+000 
     29.64000000 -0.864407453582528E+003  0.619474301097482E+000 
     29.66000000 -0.864407453578840E+003  0.619474304785412E+000 
     29.68000000 -0.864407453575246E+003  0.619474308379761E+000 
     29.70000000 -0.864407453571645E+003  0.619474311981070E+000 
     29.72000000 -0.864407453567932E+003  0.619474315694135E+000 
     29.74000000 -0.864407453564027E+003  0.619474319598615E+000 
     29.76000000 -0.864407453559900E+003  0.619474323725446E+000 
     29.78000000 -0.864407453555576E+003  0.619474328049492E+000 
     29.80000000 -0.864407453551131E+003  0.619474332495348E+000 
     29.82000000 -0.864407453546669E+003  0.619474336956865E+000 
     29.84000000 -0.864407453542302E+003  0.619474341324028E+000 
     29.86000000 -0.864407453538111E+003  0.619474345514857E+000 
     29.88000000 -0.864407453534128E+003  0.619474349498030E+000 
     29.90000000 -0.864407453530315E+003  0.619474353310863E+000 
     29.92000000 -0.864407453526566E+003  0.619474357059891E+000 
     29.94000000 -0.864407453522716E+003  0.619474360909847E+000 
     29.96000000 -0.864407453518565E+003  0.619474365060943E+000 
     29.98000000 -0.864407453513908E+003  0.619474369717838E+000 
     30.00000000 -0.864407453508570E+003  0.619474375055611E+000 
