# Real time calculation: 
# Eall: Total energy
# Eall0: Initial total energy
# 1:Time[fs] 2:Eall[eV] 3:Eall-Eall0[eV] 
      0.00000000 -0.233455656959566E+005  0.000000000000000E+000 
      0.02000000 -0.233455656960226E+005 -0.659921699805864E-007 
      0.04000000 -0.233455656960230E+005 -0.663541184096005E-007 
      0.06000000 -0.233455656960227E+005 -0.661128194569244E-007 
      0.08000000 -0.233455656960221E+005 -0.654941041936524E-007 
      0.10000000 -0.233455656960218E+005 -0.651754658330674E-007 
      0.12000000 -0.233455656960226E+005 -0.659272048779428E-007 
      0.14000000 -0.233455656960243E+005 -0.676379525808898E-007 
      0.16000000 -0.233455656960247E+005 -0.680958018757110E-007 
      0.18000000 -0.233455656960182E+005 -0.615714494245083E-007 
      0.20000000 -0.233455656959936E+005 -0.369867984383973E-007 
      0.22000000 -0.233455656959330E+005  0.236596716675194E-007 
      0.24000000 -0.233455656958094E+005  0.147235671200826E-006 
      0.26000000 -0.233455656955854E+005  0.371192035047375E-006 
      0.28000000 -0.233455656952113E+005  0.745369371240037E-006 
      0.30000000 -0.233455656946230E+005  0.133365931144059E-005 
      0.32000000 -0.233455656937412E+005  0.221541518173998E-005 
      0.34000000 -0.233455656924700E+005  0.348666468457433E-005 
      0.36000000 -0.233455656906955E+005  0.526116790182513E-005 
      0.38000000 -0.233455656882855E+005  0.767116903386414E-005 
      0.40000000 -0.233455656850889E+005  0.108676779149981E-004 
      0.42000000 -0.233455656809360E+005  0.150206741895058E-004 
      0.44000000 -0.233455656756378E+005  0.203188288897694E-004 
      0.46000000 -0.233455656689875E+005  0.269690991777769E-004 
      0.48000000 -0.233455656607607E+005  0.351959085473987E-004 
      0.50000000 -0.233455656507163E+005  0.452403239330872E-004 
      0.52000000 -0.233455656385980E+005  0.573586574133817E-004 
      0.54000000 -0.233455656241353E+005  0.718212968390609E-004 
      0.56000000 -0.233455656070455E+005  0.889111466706798E-004 
      0.58000000 -0.233455655870347E+005  0.108921926511595E-003 
      0.60000000 -0.233455655638000E+005  0.132156611945502E-003 
      0.62000000 -0.233455655370313E+005  0.158925374214608E-003 
      0.64000000 -0.233455655064130E+005  0.189543581769331E-003 
      0.66000000 -0.233455654716269E+005  0.224329758507933E-003 
      0.68000000 -0.233455654323530E+005  0.263603665759202E-003 
      0.70000000 -0.233455653882725E+005  0.307684167714794E-003 
      0.72000000 -0.233455653390691E+005  0.356887499026496E-003 
      0.74000000 -0.233455652844312E+005  0.411525414847589E-003 
      0.76000000 -0.233455652240528E+005  0.471903786349201E-003 
      0.78000000 -0.233455651576354E+005  0.538321208610963E-003 
      0.80000000 -0.233455650848886E+005  0.611068069454539E-003 
      0.82000000 -0.233455650055307E+005  0.690425890511871E-003 
      0.84000000 -0.233455649192902E+005  0.776666457930232E-003 
      0.86000000 -0.233455648259052E+005  0.870051444955918E-003 
      0.88000000 -0.233455647251243E+005  0.970832362437026E-003 
      0.90000000 -0.233455646167062E+005  0.107925038248960E-002 
      0.92000000 -0.233455645004199E+005  0.119553671591395E-002 
      0.94000000 -0.233455643760433E+005  0.131991332681078E-002 
      0.96000000 -0.233455642433633E+005  0.145259337186901E-002 
      0.98000000 -0.233455641021741E+005  0.159378253060361E-002 
      1.00000000 -0.233455639522764E+005  0.174368025516043E-002 
      1.02000000 -0.233455637934754E+005  0.190248120264202E-002 
      1.04000000 -0.233455636255795E+005  0.207037717477999E-002 
      1.06000000 -0.233455634483979E+005  0.224755877299835E-002 
      1.08000000 -0.233455632617391E+005  0.243421748039035E-002 
      1.10000000 -0.233455630654091E+005  0.263054751477071E-002 
      1.12000000 -0.233455628592088E+005  0.283674783950022E-002 
      1.14000000 -0.233455626429324E+005  0.305302426093047E-002 
      1.16000000 -0.233455624163657E+005  0.327959095663058E-002 
      1.18000000 -0.233455621792842E+005  0.351667238721732E-002 
      1.20000000 -0.233455619314518E+005  0.376450478127180E-002 
      1.22000000 -0.233455616726187E+005  0.402333794508157E-002 
      1.24000000 -0.233455614025201E+005  0.429343652791332E-002 
      1.26000000 -0.233455611208751E+005  0.457508155023965E-002 
      1.28000000 -0.233455608273851E+005  0.486857151123931E-002 
      1.30000000 -0.233455605217334E+005  0.517422323025001E-002 
      1.32000000 -0.233455602035842E+005  0.549237246548369E-002 
      1.34000000 -0.233455598725821E+005  0.582337455749034E-002 
      1.36000000 -0.233455595283521E+005  0.616760452815248E-002 
      1.38000000 -0.233455591704992E+005  0.652545742716571E-002 
      1.40000000 -0.233455587986086E+005  0.689734805361685E-002 
      1.42000000 -0.233455584122461E+005  0.728371051669605E-002 
      1.44000000 -0.233455580109586E+005  0.768499798202360E-002 
      1.46000000 -0.233455575942749E+005  0.810168173120268E-002 
      1.48000000 -0.233455571617061E+005  0.853425049360691E-002 
      1.50000000 -0.233455567127476E+005  0.898320904808382E-002 
      1.52000000 -0.233455562468797E+005  0.944907689890422E-002 
      1.54000000 -0.233455557635702E+005  0.993238647530077E-002 
      1.56000000 -0.233455552622752E+005  0.104336814176267E-001 
      1.58000000 -0.233455547424416E+005  0.109535150491291E-001 
      1.60000000 -0.233455542035081E+005  0.114924485631132E-001 
      1.62000000 -0.233455536449074E+005  0.120510492719782E-001 
      1.64000000 -0.233455530660681E+005  0.126298885097726E-001 
      1.66000000 -0.233455524664173E+005  0.132295393367602E-001 
      1.68000000 -0.233455518453820E+005  0.138505746183099E-001 
      1.70000000 -0.233455512023917E+005  0.144935649057952E-001 
      1.72000000 -0.233455505368803E+005  0.151590763174948E-001 
      1.74000000 -0.233455498482882E+005  0.158476684442415E-001 
      1.76000000 -0.233455491360644E+005  0.165598922550708E-001 
      1.78000000 -0.233455483996687E+005  0.172962878945947E-001 
      1.80000000 -0.233455476385736E+005  0.180573829815346E-001 
      1.82000000 -0.233455468522663E+005  0.188436903287558E-001 
      1.84000000 -0.233455460402503E+005  0.196557063346076E-001 
      1.86000000 -0.233455452020469E+005  0.204939097671479E-001 
      1.88000000 -0.233455443371964E+005  0.213587602328228E-001 
      1.90000000 -0.233455434452591E+005  0.222506975391901E-001 
      1.92000000 -0.233455425258158E+005  0.231701407946884E-001 
      1.94000000 -0.233455415784689E+005  0.241174876940210E-001 
      1.96000000 -0.233455406028424E+005  0.250931142706699E-001 
      1.98000000 -0.233455395985824E+005  0.260973741977475E-001 
      2.00000000 -0.233455385653573E+005  0.271305992891559E-001 
      2.02000000 -0.233455375028573E+005  0.281930993634697E-001 
      2.04000000 -0.233455364107939E+005  0.292851627327207E-001 
      2.06000000 -0.233455352888995E+005  0.304070571675942E-001 
      2.08000000 -0.233455341369258E+005  0.315590307976593E-001 
      2.10000000 -0.233455329546434E+005  0.327413132528990E-001 
      2.12000000 -0.233455317418394E+005  0.339541171981234E-001 
      2.14000000 -0.233455304983169E+005  0.351976397157989E-001 
      2.16000000 -0.233455292238927E+005  0.364720639208949E-001 
      2.18000000 -0.233455279183958E+005  0.377775608572460E-001 
      2.20000000 -0.233455265816653E+005  0.391142913072939E-001 
      2.22000000 -0.233455252135489E+005  0.404824077719768E-001 
      2.24000000 -0.233455238139002E+005  0.418820564134949E-001 
      2.26000000 -0.233455223825777E+005  0.433133789176436E-001 
      2.28000000 -0.233455209194422E+005  0.447765144180175E-001 
      2.30000000 -0.233455194243555E+005  0.462716011387001E-001 
      2.32000000 -0.233455178971787E+005  0.477987779441452E-001 
      2.34000000 -0.233455163377704E+005  0.493581862200710E-001 
      2.36000000 -0.233455147459856E+005  0.509499710706748E-001 
      2.38000000 -0.233455131216739E+005  0.525742827726132E-001 
      2.40000000 -0.233455114646787E+005  0.542312778855964E-001 
      2.42000000 -0.233455097748362E+005  0.559211204434150E-001 
      2.44000000 -0.233455080519739E+005  0.576439827458957E-001 
      2.46000000 -0.233455062959107E+005  0.594000459343059E-001 
      2.48000000 -0.233455045064564E+005  0.611895002202791E-001 
      2.50000000 -0.233455026834116E+005  0.630125449971831E-001 
      2.52000000 -0.233455008265681E+005  0.648693884998271E-001 
      2.54000000 -0.233454989357090E+005  0.667602476250336E-001 
      2.56000000 -0.233454970106098E+005  0.686853467932030E-001 
      2.58000000 -0.233454950510396E+005  0.706449170697374E-001 
      2.60000000 -0.233454930567618E+005  0.726391948193354E-001 
      2.62000000 -0.233454910275364E+005  0.746684202489172E-001 
      2.64000000 -0.233454889631210E+005  0.767328356628477E-001 
      2.66000000 -0.233454868632732E+005  0.788326834737672E-001 
      2.68000000 -0.233454847277526E+005  0.809682040370874E-001 
      2.70000000 -0.233454825563230E+005  0.831396336061381E-001 
      2.72000000 -0.233454803487547E+005  0.853472019655810E-001 
      2.74000000 -0.233454781048257E+005  0.875911309774287E-001 
      2.76000000 -0.233454758243246E+005  0.898716319948151E-001 
      2.78000000 -0.233454735070527E+005  0.921889039099488E-001 
      2.80000000 -0.233454711528261E+005  0.945431305709767E-001 
      2.82000000 -0.233454687614780E+005  0.969344786319486E-001 
      2.84000000 -0.233454663328609E+005  0.993630957214197E-001 
      2.86000000 -0.233454638668484E+005  0.101829108208889E+000 
      2.88000000 -0.233454613633368E+005  0.104332619868374E+000 
      2.90000000 -0.233454588222467E+005  0.106873709910897E+000 
      2.92000000 -0.233454562435249E+005  0.109452431731584E+000 
      2.94000000 -0.233454536271451E+005  0.112068811486623E+000 
      2.96000000 -0.233454509731094E+005  0.114722847248717E+000 
      2.98000000 -0.233454482814486E+005  0.117414508063541E+000 
      3.00000000 -0.233454455522229E+005  0.120143733711537E+000 
      3.02000000 -0.233454427855222E+005  0.122910434420216E+000 
      3.04000000 -0.233454399814660E+005  0.125714490647601E+000 
      3.06000000 -0.233454371402033E+005  0.128555753286406E+000 
      3.08000000 -0.233454342619123E+005  0.131434044279661E+000 
      3.10000000 -0.233454313467987E+005  0.134349157941663E+000 
      3.12000000 -0.233454283950949E+005  0.137300861743747E+000 
      3.14000000 -0.233454254070587E+005  0.140288897907481E+000 
      3.16000000 -0.233454223829714E+005  0.143312985254620E+000 
      3.18000000 -0.233454193231357E+005  0.146372820942603E+000 
      3.20000000 -0.233454162278739E+005  0.149468082769270E+000 
      3.22000000 -0.233454130975253E+005  0.152598431329083E+000 
      3.24000000 -0.233454099324443E+005  0.155763512302372E+000 
      3.26000000 -0.233454067329975E+005  0.158962959115810E+000 
      3.28000000 -0.233454034995611E+005  0.162196395537928E+000 
      3.30000000 -0.233454002325184E+005  0.165463438225123E+000 
      3.32000000 -0.233453969322572E+005  0.168763699388322E+000 
      3.34000000 -0.233453935991673E+005  0.172096789292594E+000 
      3.36000000 -0.233453902336374E+005  0.175462319186765E+000 
      3.38000000 -0.233453868360525E+005  0.178859904106198E+000 
      3.40000000 -0.233453834067915E+005  0.182289165143479E+000 
      3.42000000 -0.233453799462240E+005  0.185749732625518E+000 
      3.44000000 -0.233453764547087E+005  0.189241247941855E+000 
      3.46000000 -0.233453729325909E+005  0.192763365710163E+000 
      3.48000000 -0.233453693802014E+005  0.196315755180730E+000 
      3.50000000 -0.233453657978550E+005  0.199898101582165E+000 
      3.52000000 -0.233453621858497E+005  0.203510106897888E+000 
      3.54000000 -0.233453585444661E+005  0.207151490497217E+000 
      3.56000000 -0.233453548739675E+005  0.210821989141555E+000 
      3.58000000 -0.233453511745996E+005  0.214521357012235E+000 
      3.60000000 -0.233453474465918E+005  0.218249364804100E+000 
      3.62000000 -0.233453436901573E+005  0.222005799283122E+000 
      3.64000000 -0.233453399054947E+005  0.225790461953069E+000 
      3.66000000 -0.233453360927892E+005  0.229603167440662E+000 
      3.68000000 -0.233453322522151E+005  0.233443741509496E+000 
      3.70000000 -0.233453283839380E+005  0.237312018662517E+000 
      3.72000000 -0.233453244881173E+005  0.241207839305218E+000 
      3.74000000 -0.233453205649096E+005  0.245131047020193E+000 
      3.76000000 -0.233453166144720E+005  0.249081484675420E+000 
      3.78000000 -0.233453126369653E+005  0.253058991346153E+000 
      3.80000000 -0.233453086325585E+005  0.257063398175715E+000 
      3.82000000 -0.233453046014319E+005  0.261094524774578E+000 
      3.84000000 -0.233453005437814E+005  0.265152175251303E+000 
      3.86000000 -0.233452964598220E+005  0.269236134658019E+000 
      3.88000000 -0.233452923497910E+005  0.273346165593681E+000 
      3.90000000 -0.233452882139516E+005  0.277482005023869E+000 
      3.92000000 -0.233452840525952E+005  0.281643361437792E+000 
      3.94000000 -0.233452798660443E+005  0.285829912345587E+000 
      3.96000000 -0.233452756546550E+005  0.290041301624030E+000 
      3.98000000 -0.233452714188195E+005  0.294277137103545E+000 
      4.00000000 -0.233452671589684E+005  0.298536988213993E+000 
      4.02000000 -0.233452628755727E+005  0.302820383899601E+000 
      4.04000000 -0.233452585691456E+005  0.307126811062896E+000 
      4.06000000 -0.233452542402431E+005  0.311455713488136E+000 
      4.08000000 -0.233452498894660E+005  0.315806490579135E+000 
      4.10000000 -0.233452455174595E+005  0.320178497102493E+000 
      4.12000000 -0.233452411249130E+005  0.324571043599043E+000 
      4.14000000 -0.233452367125594E+005  0.328983397231493E+000 
      4.16000000 -0.233452322811732E+005  0.333414783411643E+000 
      4.18000000 -0.233452278315684E+005  0.337864388244312E+000 
      4.20000000 -0.233452233645956E+005  0.342331361064072E+000 
      4.22000000 -0.233452188811392E+005  0.346814817380331E+000 
      4.24000000 -0.233452143821145E+005  0.351313842134871E+000 
      4.26000000 -0.233452098684638E+005  0.355827492866572E+000 
      4.28000000 -0.233452053411534E+005  0.360354803188596E+000 
      4.30000000 -0.233452008011702E+005  0.364894786444996E+000 
      4.32000000 -0.233451962495175E+005  0.369446439088893E+000 
      4.34000000 -0.233451916872121E+005  0.374008744487585E+000 
      4.36000000 -0.233451871152799E+005  0.378580676777134E+000 
      4.38000000 -0.233451825347515E+005  0.383161205106761E+000 
      4.40000000 -0.233451779466590E+005  0.387749297663582E+000 
      4.42000000 -0.233451733520309E+005  0.392343925722103E+000 
      4.44000000 -0.233451687518895E+005  0.396944067146149E+000 
      4.46000000 -0.233451641472465E+005  0.401548710104244E+000 
      4.48000000 -0.233451595391005E+005  0.406156856141540E+000 
      4.50000000 -0.233451549284332E+005  0.410767523428066E+000 
      4.52000000 -0.233451503162078E+005  0.415379748806678E+000 
      4.54000000 -0.233451457033668E+005  0.419992589785321E+000 
      4.56000000 -0.233451410908305E+005  0.424605126145692E+000 
      4.58000000 -0.233451364794950E+005  0.429216461607580E+000 
      4.60000000 -0.233451318702318E+005  0.433825724849746E+000 
      4.62000000 -0.233451272638867E+005  0.438432069933747E+000 
      4.64000000 -0.233451226612797E+005  0.443034676969052E+000 
      4.66000000 -0.233451180632044E+005  0.447632752193475E+000 
      4.68000000 -0.233451134704280E+005  0.452225528629015E+000 
      4.70000000 -0.233451088836901E+005  0.456812266496393E+000 
      4.72000000 -0.233451043037029E+005  0.461392253682183E+000 
      4.74000000 -0.233450997311507E+005  0.465964805896584E+000 
      4.76000000 -0.233450951666893E+005  0.470529267310698E+000 
      4.78000000 -0.233450906109460E+005  0.475085010649337E+000 
      4.80000000 -0.233450860645194E+005  0.479631437274547E+000 
      4.82000000 -0.233450815279796E+005  0.484167977064961E+000 
      4.84000000 -0.233450770018691E+005  0.488694087571254E+000 
      4.86000000 -0.233450724867042E+005  0.493209252398199E+000 
      4.88000000 -0.233450679829775E+005  0.497712979144346E+000 
      4.90000000 -0.233450634911600E+005  0.502204796617807E+000 
      4.92000000 -0.233450590117052E+005  0.506684251454973E+000 
      4.94000000 -0.233450545450529E+005  0.511150903727636E+000 
      4.96000000 -0.233450500916351E+005  0.515604321557074E+000 
      4.98000000 -0.233450456518816E+005  0.520044074982584E+000 
      5.00000000 -0.233450412262276E+005  0.524469729013305E+000 
      5.02000000 -0.233450368151201E+005  0.528880836509905E+000 
      5.04000000 -0.233450324190264E+005  0.533276930258833E+000 
      5.06000000 -0.233450280384408E+005  0.537657515789037E+000 
      5.08000000 -0.233450236738927E+005  0.542022063907166E+000 
      5.10000000 -0.233450193259521E+005  0.546370004553724E+000 
      5.12000000 -0.233450149952351E+005  0.550700721574931E+000 
      5.14000000 -0.233450106824080E+005  0.555013548648476E+000 
      5.16000000 -0.233450063881896E+005  0.559307767034493E+000 
      5.18000000 -0.233450021133516E+005  0.563582605003247E+000 
      5.20000000 -0.233449978587178E+005  0.567837238868390E+000 
      5.22000000 -0.233449936251611E+005  0.572070795492753E+000 
      5.24000000 -0.233449894136001E+005  0.576282356504899E+000 
      5.26000000 -0.233449852249933E+005  0.580470963307613E+000 
      5.28000000 -0.233449810603332E+005  0.584635623453772E+000 
      5.30000000 -0.233449769206388E+005  0.588775317789408E+000 
      5.32000000 -0.233449728069491E+005  0.592889007510153E+000 
      5.34000000 -0.233449687203146E+005  0.596975642003463E+000 
      5.36000000 -0.233449646617903E+005  0.601034166356719E+000 
      5.38000000 -0.233449606324281E+005  0.605063528562172E+000 
      5.40000000 -0.233449566332702E+005  0.609062686384681E+000 
      5.42000000 -0.233449526653437E+005  0.613030612899213E+000 
      5.44000000 -0.233449487296555E+005  0.616966301177613E+000 
      5.46000000 -0.233449448271891E+005  0.620868767573980E+000 
      5.48000000 -0.233449409589025E+005  0.624737054085070E+000 
      5.50000000 -0.233449371257275E+005  0.628570229095842E+000 
      5.52000000 -0.233449333285693E+005  0.632367387363995E+000 
      5.54000000 -0.233449295683074E+005  0.636127649221823E+000 
      5.56000000 -0.233449258457975E+005  0.639850159125326E+000 
      5.58000000 -0.233449221618726E+005  0.643534084051743E+000 
      5.60000000 -0.233449185173451E+005  0.647178611504191E+000 
      5.62000000 -0.233449149130085E+005  0.650782948097898E+000 
      5.64000000 -0.233449113496392E+005  0.654346317434925E+000 
      5.66000000 -0.233449078279976E+005  0.657867959058528E+000 
      5.68000000 -0.233449043488290E+005  0.661347127583868E+000 
      5.70000000 -0.233449009128648E+005  0.664783091819434E+000 
      5.72000000 -0.233448975208219E+005  0.668175134729920E+000 
      5.74000000 -0.233448941734031E+005  0.671522553525939E+000 
      5.76000000 -0.233448908712958E+005  0.674824660811741E+000 
      5.78000000 -0.233448876151711E+005  0.678080785553499E+000 
      5.80000000 -0.233448844056818E+005  0.681290274858119E+000 
      5.82000000 -0.233448812434609E+005  0.684452495761325E+000 
      5.84000000 -0.233448781291188E+005  0.687566837782954E+000 
      5.86000000 -0.233448750632409E+005  0.690632715689519E+000 
      5.88000000 -0.233448720463851E+005  0.693649571551439E+000 
      5.90000000 -0.233448690790790E+005  0.696616877616967E+000 
      5.92000000 -0.233448661618182E+005  0.699534138431295E+000 
      5.94000000 -0.233448632950639E+005  0.702400892751476E+000 
      5.96000000 -0.233448604792421E+005  0.705216714523991E+000 
      5.98000000 -0.233448577147433E+005  0.707981213373539E+000 
      6.00000000 -0.233448550019230E+005  0.710694033650213E+000 
      6.02000000 -0.233448523411033E+005  0.713354853359121E+000 
      6.04000000 -0.233448497325747E+005  0.715963381905172E+000 
      6.06000000 -0.233448471765994E+005  0.718519357188207E+000 
      6.08000000 -0.233448446734153E+005  0.721022541324580E+000 
      6.10000000 -0.233448422232404E+005  0.723472716272847E+000 
      6.12000000 -0.233448398262779E+005  0.725869678729358E+000 
      6.14000000 -0.233448374827225E+005  0.728213234123631E+000 
      6.16000000 -0.233448351927661E+005  0.730503190505443E+000 
      6.18000000 -0.233448329566046E+005  0.732739352026665E+000 
      6.20000000 -0.233448307744440E+005  0.734921512593242E+000 
      6.22000000 -0.233448286465072E+005  0.737049449411995E+000 
      6.24000000 -0.233448265730391E+005  0.739122917539738E+000 
      6.26000000 -0.233448245543115E+005  0.741141645174857E+000 
      6.28000000 -0.233448225906270E+005  0.743105329583067E+000 
      6.30000000 -0.233448206823222E+005  0.745013634470967E+000 
      6.32000000 -0.233448188297679E+005  0.746866188767171E+000 
      6.34000000 -0.233448170333698E+005  0.748662586783175E+000 
      6.36000000 -0.233448152935667E+005  0.750402389886980E+000 
      6.38000000 -0.233448136108273E+005  0.752085129339904E+000 
      6.40000000 -0.233448119856460E+005  0.753710310627583E+000 
      6.42000000 -0.233448104185379E+005  0.755277418740714E+000 
      6.44000000 -0.233448089100319E+005  0.756785924773649E+000 
      6.46000000 -0.233448074606632E+005  0.758235293386098E+000 
      6.48000000 -0.233448060709662E+005  0.759624990419519E+000 
      6.50000000 -0.233448047414649E+005  0.760954491760215E+000 
      6.52000000 -0.233448034726651E+005  0.762223291490900E+000 
      6.54000000 -0.233448022650457E+005  0.763430910923950E+000 
      6.56000000 -0.233448011190501E+005  0.764576906558077E+000 
      6.58000000 -0.233448000350786E+005  0.765660878004073E+000 
      6.60000000 -0.233447990134814E+005  0.766682475273275E+000 
      6.62000000 -0.233447980545523E+005  0.767641404333628E+000 
      6.64000000 -0.233447971585247E+005  0.768537431923291E+000 
      6.66000000 -0.233447963255676E+005  0.769370389015440E+000 
      6.68000000 -0.233447955557843E+005  0.770140172377435E+000 
      6.70000000 -0.233447948492113E+005  0.770846745291618E+000 
      6.72000000 -0.233447942058207E+005  0.771490135890973E+000 
      6.74000000 -0.233447936255220E+005  0.772070434637857E+000 
      6.76000000 -0.233447931081665E+005  0.772587790153864E+000 
      6.78000000 -0.233447926535523E+005  0.773042404310316E+000 
      6.80000000 -0.233447922614308E+005  0.773434525830750E+000 
      6.82000000 -0.233447919315132E+005  0.773764443407708E+000 
      6.84000000 -0.233447916634786E+005  0.774032478049229E+000 
      6.86000000 -0.233447914569812E+005  0.774238975450092E+000 
      6.88000000 -0.233447913116584E+005  0.774384298251687E+000 
      6.90000000 -0.233447912271380E+005  0.774468818605059E+000 
      6.92000000 -0.233447912030457E+005  0.774492910947404E+000 
      6.94000000 -0.233447912390105E+005  0.774456946130463E+000 
      6.96000000 -0.233447913346705E+005  0.774361286176912E+000 
      6.98000000 -0.233447914896761E+005  0.774206280487633E+000 
      7.00000000 -0.233447917036937E+005  0.773992262955412E+000 
      7.02000000 -0.233447919764061E+005  0.773719550498582E+000 
      7.04000000 -0.233447923075138E+005  0.773388442810442E+000 
      7.06000000 -0.233447926967337E+005  0.772999222894446E+000 
      7.08000000 -0.233447931437975E+005  0.772552159090497E+000 
      7.10000000 -0.233447936484486E+005  0.772047508020033E+000 
      7.12000000 -0.233447942104390E+005  0.771485517630101E+000 
      7.14000000 -0.233447948295254E+005  0.770866431193355E+000 
      7.16000000 -0.233447955054652E+005  0.770190491410139E+000 
      7.18000000 -0.233447962380120E+005  0.769457944600279E+000 
      7.20000000 -0.233447970269116E+005  0.768669045074310E+000 
      7.22000000 -0.233447978718980E+005  0.767824058632309E+000 
      7.24000000 -0.233447987726906E+005  0.766923265988485E+000 
      7.26000000 -0.233447997289920E+005  0.765966964599481E+000 
      7.28000000 -0.233448007404857E+005  0.764955470919593E+000 
      7.30000000 -0.233448018068359E+005  0.763889120756530E+000 
      7.32000000 -0.233448029276873E+005  0.762768269311630E+000 
      7.34000000 -0.233448041026662E+005  0.761593290477622E+000 
      7.36000000 -0.233448053313815E+005  0.760364575168090E+000 
      7.38000000 -0.233448066134272E+005  0.759082529436579E+000 
      7.40000000 -0.233448079483843E+005  0.757747572289441E+000 
      7.42000000 -0.233448093358231E+005  0.756360133529607E+000 
      7.44000000 -0.233448107753048E+005  0.754920651863322E+000 
      7.46000000 -0.233448122663836E+005  0.753429573074933E+000 
      7.48000000 -0.233448138086077E+005  0.751887348968887E+000 
      7.50000000 -0.233448154015195E+005  0.750294437177929E+000 
      7.52000000 -0.233448170446551E+005  0.748651301503393E+000 
      7.54000000 -0.233448187375430E+005  0.746958413641423E+000 
      7.56000000 -0.233448204797011E+005  0.745216255490775E+000 
      7.58000000 -0.233448222706346E+005  0.743425322073158E+000 
      7.60000000 -0.233448241098312E+005  0.741586125437323E+000 
      7.62000000 -0.233448259967570E+005  0.739699199596414E+000 
      7.64000000 -0.233448279308514E+005  0.737765105261138E+000 
      7.66000000 -0.233448299115216E+005  0.735784434993665E+000 
      7.68000000 -0.233448319381382E+005  0.733757818386271E+000 
      7.70000000 -0.233448340100300E+005  0.731685926584152E+000 
      7.72000000 -0.233448361264799E+005  0.729569476706140E+000 
      7.74000000 -0.233448382867222E+005  0.727409234464965E+000 
      7.76000000 -0.233448404899406E+005  0.725206015995555E+000 
      7.78000000 -0.233448427352682E+005  0.722960688396416E+000 
      7.80000000 -0.233448450217878E+005  0.720674168792277E+000 
      7.82000000 -0.233448473485351E+005  0.718347421568431E+000 
      7.84000000 -0.233448497145023E+005  0.715981454318152E+000 
      7.86000000 -0.233448521186441E+005  0.713577312543399E+000 
      7.88000000 -0.233448545598841E+005  0.711136072502466E+000 
      7.90000000 -0.233448570371237E+005  0.708658832968696E+000 
      7.92000000 -0.233448595492503E+005  0.706146706324072E+000 
      7.94000000 -0.233448620951481E+005  0.703600808570064E+000 
      7.96000000 -0.233448646737076E+005  0.701022249056952E+000 
      7.98000000 -0.233448672838362E+005  0.698412120429703E+000 
      8.00000000 -0.233448699244675E+005  0.695771489090478E+000 
      8.02000000 -0.233448725945706E+005  0.693101386023081E+000 
      8.04000000 -0.233448752931569E+005  0.690402799717952E+000 
      8.06000000 -0.233448780192864E+005  0.687676670247970E+000 
      8.08000000 -0.233448807720713E+005  0.684923885370542E+000 
      8.10000000 -0.233448835506783E+005  0.682145278287858E+000 
      8.12000000 -0.233448863543293E+005  0.679341627297316E+000 
      8.14000000 -0.233448891822988E+005  0.676513657876591E+000 
      8.16000000 -0.233448920339104E+005  0.673662046194846E+000 
      8.18000000 -0.233448949085320E+005  0.670787424622390E+000 
      8.20000000 -0.233448978055674E+005  0.667890389198573E+000 
      8.22000000 -0.233449007244488E+005  0.664971507835946E+000 
      8.24000000 -0.233449036646259E+005  0.662031330745620E+000 
      8.26000000 -0.233449066255561E+005  0.659070400519224E+000 
      8.28000000 -0.233449096066929E+005  0.656089263745292E+000 
      8.30000000 -0.233449126074749E+005  0.653088481743964E+000 
      8.32000000 -0.233449156273156E+005  0.650068640992345E+000 
      8.34000000 -0.233449186655938E+005  0.647030362822864E+000 
      8.36000000 -0.233449217216448E+005  0.643974311816146E+000 
      8.38000000 -0.233449247947539E+005  0.640901202712064E+000 
      8.40000000 -0.233449278841517E+005  0.637811804926358E+000 
      8.42000000 -0.233449309890115E+005  0.634706945124490E+000 
      8.44000000 -0.233449341084482E+005  0.631587508409581E+000 
      8.46000000 -0.233449372415173E+005  0.628454439368037E+000 
      8.48000000 -0.233449403872101E+005  0.625308746573794E+000 
      8.50000000 -0.233449435444380E+005  0.622151518606862E+000 
      8.52000000 -0.233449467119906E+005  0.618983966002214E+000 
      8.54000000 -0.233449498884480E+005  0.615807508624759E+000 
      8.56000000 -0.233449530720228E+005  0.612623933785122E+000 
      8.58000000 -0.233449562603019E+005  0.609435654704846E+000 
      8.60000000 -0.233449594498587E+005  0.606246097912586E+000 
      8.62000000 -0.233449626357129E+005  0.603060243722824E+000 
      8.64000000 -0.233449658106229E+005  0.599885333724401E+000 
      8.66000000 -0.233449689642163E+005  0.596731740292008E+000 
      8.68000000 -0.233449720819856E+005  0.593613971014734E+000 
      8.70000000 -0.233449751442058E+005  0.590551750822874E+000 
      8.72000000 -0.233449781248630E+005  0.587571093673920E+000 
      8.74000000 -0.233449809907127E+005  0.584705243961858E+000 
      8.76000000 -0.233449837006180E+005  0.581995338619843E+000 
      8.78000000 -0.233449862053348E+005  0.579490621814394E+000 
      8.80000000 -0.233449884479215E+005  0.577248035123871E+000 
      8.82000000 -0.233449903649409E+005  0.575331015708828E+000 
      8.84000000 -0.233449918885940E+005  0.573807362585802E+000 
      8.86000000 -0.233449929498752E+005  0.572746081380556E+000 
      8.88000000 -0.233449934827675E+005  0.572213189089023E+000 
      8.90000000 -0.233449934294014E+005  0.572266555183030E+000 
      8.92000000 -0.233449927459914E+005  0.572949965263182E+000 
      8.94000000 -0.233449914092411E+005  0.574286715499745E+000 
      8.96000000 -0.233449894227848E+005  0.576273171791278E+000 
      8.98000000 -0.233449868231080E+005  0.578872848678134E+000 
      9.00000000 -0.233449836842905E+005  0.582011666110382E+000 
      9.02000000 -0.233449801208364E+005  0.585575120245430E+000 
      9.04000000 -0.233449762878155E+005  0.589408141128043E+000 
      9.06000000 -0.233449723775573E+005  0.593318399287236E+000 
      9.08000000 -0.233449686122032E+005  0.597083753456289E+000 
      9.10000000 -0.233449652315576E+005  0.600464399019098E+000 
      9.12000000 -0.233449624758778E+005  0.603220078874524E+000 
      9.14000000 -0.233449605635006E+005  0.605132455988514E+000 
      9.16000000 -0.233449596635286E+005  0.606032428017910E+000 
      9.18000000 -0.233449598641552E+005  0.605831801463876E+000 
      9.20000000 -0.233449611376075E+005  0.604558349096499E+000 
      9.22000000 -0.233449633030800E+005  0.602392876657214E+000 
      9.24000000 -0.233449659894176E+005  0.599706539067433E+000 
      9.26000000 -0.233449685996479E+005  0.597096308701740E+000 
      9.28000000 -0.233449702797322E+005  0.595416224428246E+000 
      9.30000000 -0.233449698940775E+005  0.595801879118187E+000 
      9.32000000 -0.233449660104079E+005  0.599685548700464E+000 
      9.34000000 -0.233449568965021E+005  0.608799454486362E+000 
      9.36000000 -0.233449405310625E+005  0.625164894167583E+000 
      9.38000000 -0.233449146305740E+005  0.651065382622556E+000 
      9.40000000 -0.233448766934446E+005  0.689002512024000E+000 
      9.42000000 -0.233448240619984E+005  0.741633958255549E+000 
      9.44000000 -0.233447540020468E+005  0.811693909782411E+000 
      9.46000000 -0.233446637988127E+005  0.901897143883828E+000 
      9.48000000 -0.233445508669717E+005  0.101482898493545E+001 
      9.50000000 -0.233444128715532E+005  0.115282440337886E+001 
      9.52000000 -0.233442478554557E+005  0.131784050091876E+001 
      9.54000000 -0.233440543684430E+005  0.151132751368067E+001 
      9.56000000 -0.233438315917524E+005  0.173410420424683E+001 
      9.58000000 -0.233435794519228E+005  0.198624403383128E+001 
      9.60000000 -0.233432987171809E+005  0.226697877568227E+001 
      9.62000000 -0.233429910697703E+005  0.257462618635854E+001 
      9.64000000 -0.233426591479749E+005  0.290654798168836E+001 
      9.66000000 -0.233423065523204E+005  0.325914363618462E+001 
      9.68000000 -0.233419378115059E+005  0.362788445071372E+001 
      9.70000000 -0.233415583050311E+005  0.400739092548110E+001 
      9.72000000 -0.233411741411784E+005  0.439155477822649E+001 
      9.74000000 -0.233407919909390E+005  0.477370501759072E+001 
      9.76000000 -0.233404188805587E+005  0.514681539796923E+001 
      9.78000000 -0.233400619475214E+005  0.550374843522178E+001 
      9.80000000 -0.233397281668970E+005  0.583752905960124E+001 
      9.82000000 -0.233394240569255E+005  0.614163903110536E+001 
      9.84000000 -0.233391553744023E+005  0.641032155437440E+001 
      9.86000000 -0.233389268117481E+005  0.663888420852081E+001 
      9.88000000 -0.233387417085128E+005  0.682398744386008E+001 
      9.90000000 -0.233386017904012E+005  0.696390555543339E+001 
      9.92000000 -0.233385069486786E+005  0.705874727805230E+001 
      9.94000000 -0.233384550719869E+005  0.711062396972905E+001 
      9.96000000 -0.233384419412063E+005  0.712375475033564E+001 
      9.98000000 -0.233384611960635E+005  0.710449989310041E+001 
     10.00000000 -0.233385043797950E+005  0.706131616159496E+001 
     10.02000000 -0.233385610654090E+005  0.700463054764728E+001 
     10.04000000 -0.233386190640654E+005  0.694663189118722E+001 
     10.06000000 -0.233386647129313E+005  0.690098302533997E+001 
     10.08000000 -0.233386832366804E+005  0.688245927625622E+001 
     10.10000000 -0.233386591737298E+005  0.690652222681076E+001 
     10.12000000 -0.233385768554341E+005  0.698884052254991E+001 
     10.14000000 -0.233384209239058E+005  0.714477205080877E+001 
     10.16000000 -0.233381768719822E+005  0.738882397446563E+001 
     10.18000000 -0.233378315871873E+005  0.773410876934009E+001 
     10.20000000 -0.233373738804177E+005  0.819181553891793E+001 
     10.22000000 -0.233367949795588E+005  0.877071639785382E+001 
     10.24000000 -0.233360889683717E+005  0.947672758494439E+001 
     10.26000000 -0.233352531518113E+005  0.103125441453677E+002 
     10.28000000 -0.233342883304767E+005  0.112773654798932E+002 
     10.30000000 -0.233331989691693E+005  0.123667267873576E+002 
     10.32000000 -0.233319932475292E+005  0.135724484274086E+002 
     10.34000000 -0.233306829844167E+005  0.148827115398871E+002 
     10.36000000 -0.233292834320152E+005  0.162822639413876E+002 
     10.38000000 -0.233278129404731E+005  0.177527554835387E+002 
     10.40000000 -0.233262924990894E+005  0.192731968671848E+002 
     10.42000000 -0.233247451654191E+005  0.208205305375017E+002 
     10.44000000 -0.233231953989508E+005  0.223702970057867E+002 
     10.46000000 -0.233216683209572E+005  0.238973749994251E+002 
     10.48000000 -0.233201889264111E+005  0.253767695455439E+002 
     10.50000000 -0.233187812772293E+005  0.267844187273009E+002 
     10.52000000 -0.233174677082726E+005  0.280979876840311E+002 
     10.54000000 -0.233162680782746E+005  0.292976176820327E+002 
     10.56000000 -0.233151990970516E+005  0.303665989050554E+002 
     10.58000000 -0.233142737578900E+005  0.312919380665911E+002 
     10.60000000 -0.233135008999828E+005  0.320647959738335E+002 
     10.62000000 -0.233128849203347E+005  0.326807756219633E+002 
     10.64000000 -0.233124256479701E+005  0.331400479864995E+002 
     10.66000000 -0.233121183859044E+005  0.334473100521837E+002 
     10.68000000 -0.233119541186219E+005  0.336115773347580E+002 
     10.70000000 -0.233119198752228E+005  0.336458207338769E+002 
     10.72000000 -0.233119992313966E+005  0.335664645600499E+002 
     10.74000000 -0.233121729274052E+005  0.333927685513994E+002 
     10.76000000 -0.233124195746409E+005  0.331461213157434E+002 
     10.78000000 -0.233127164202982E+005  0.328492756584006E+002 
     10.80000000 -0.233130401383814E+005  0.325255575751994E+002 
     10.82000000 -0.233133676156217E+005  0.321980803349030E+002 
     10.84000000 -0.233136767027701E+005  0.318889931865051E+002 
     10.86000000 -0.233139469049071E+005  0.316187910495596E+002 
     10.88000000 -0.233141599885609E+005  0.314057073957476E+002 
     10.90000000 -0.233143004882012E+005  0.312652077554555E+002 
     10.92000000 -0.233143560997317E+005  0.312095962249403E+002 
     10.94000000 -0.233143179536357E+005  0.312477423209208E+002 
     10.96000000 -0.233141807651752E+005  0.313849307814670E+002 
     10.98000000 -0.233139428633315E+005  0.316228326251023E+002 
     11.00000000 -0.233136061038974E+005  0.319595920592737E+002 
     11.02000000 -0.233131756752421E+005  0.323900207145753E+002 
     11.04000000 -0.233126598078087E+005  0.329058881479659E+002 
     11.06000000 -0.233120694003963E+005  0.334962955603632E+002 
     11.08000000 -0.233114175778216E+005  0.341481181349817E+002 
     11.10000000 -0.233107191957013E+005  0.348465002553189E+002 
     11.12000000 -0.233099903088997E+005  0.355753870569292E+002 
     11.14000000 -0.233092476206813E+005  0.363180752752989E+002 
     11.16000000 -0.233085079297783E+005  0.370577661783474E+002 
     11.18000000 -0.233077875924054E+005  0.377781035512185E+002 
     11.20000000 -0.233071020156949E+005  0.384636802617207E+002 
     11.22000000 -0.233064651980079E+005  0.391004979487377E+002 
     11.24000000 -0.233058893300917E+005  0.396763658648869E+002 
     11.26000000 -0.233053844690554E+005  0.401812269012203E+002 
     11.28000000 -0.233049582946541E+005  0.406074013025788E+002 
     11.30000000 -0.233046159544517E+005  0.409497415048984E+002 
     11.32000000 -0.233043600011693E+005  0.412056947873290E+002 
     11.34000000 -0.233041904220422E+005  0.413752739144398E+002 
     11.36000000 -0.233041047564735E+005  0.414609394831128E+002 
     11.38000000 -0.233040982948482E+005  0.414674011084658E+002 
     11.40000000 -0.233041643482485E+005  0.414013477080995E+002 
     11.42000000 -0.233042945761564E+005  0.412711198002141E+002 
     11.44000000 -0.233044793571783E+005  0.410863387783361E+002 
     11.46000000 -0.233047081865069E+005  0.408575094496916E+002 
     11.48000000 -0.233049700832904E+005  0.405956126661932E+002 
     11.50000000 -0.233052539913389E+005  0.403117046177413E+002 
     11.52000000 -0.233055491576264E+005  0.400165383302260E+002 
     11.54000000 -0.233058454747568E+005  0.397202211998540E+002 
     11.56000000 -0.233061337758490E+005  0.394319201075946E+002 
     11.58000000 -0.233064060730079E+005  0.391596229487368E+002 
     11.60000000 -0.233066557335207E+005  0.389099624359019E+002 
     11.62000000 -0.233068775909933E+005  0.386881049633108E+002 
     11.64000000 -0.233070679916479E+005  0.384977043087536E+002 
     11.66000000 -0.233072247788028E+005  0.383409171538424E+002 
     11.68000000 -0.233073472210190E+005  0.382184749376702E+002 
     11.70000000 -0.233074358914318E+005  0.381298045248022E+002 
     11.72000000 -0.233074925073227E+005  0.380731886339270E+002 
     11.74000000 -0.233075197399918E+005  0.380459559648777E+002 
     11.76000000 -0.233075210054613E+005  0.380446904953294E+002 
     11.78000000 -0.233075002464918E+005  0.380654494647880E+002 
     11.80000000 -0.233074617158759E+005  0.381039800806820E+002 
     11.82000000 -0.233074097700492E+005  0.381559259074414E+002 
     11.84000000 -0.233073486807986E+005  0.382170151580041E+002 
     11.86000000 -0.233072824713480E+005  0.382832246086057E+002 
     11.88000000 -0.233072147814363E+005  0.383509145202974E+002 
     11.90000000 -0.233071487642787E+005  0.384169316779075E+002 
     11.92000000 -0.233070870165874E+005  0.384786793692100E+002 
     11.94000000 -0.233070315412151E+005  0.385341547415691E+002 
     11.96000000 -0.233069837405294E+005  0.385819554271826E+002 
     11.98000000 -0.233069444373951E+005  0.386212585615065E+002 
     12.00000000 -0.233069139196632E+005  0.386517762933869E+002 
     12.02000000 -0.233068920033820E+005  0.386736925746086E+002 
     12.04000000 -0.233068781095457E+005  0.386875864109768E+002 
     12.06000000 -0.233068713490985E+005  0.386943468580882E+002 
     12.08000000 -0.233068706110791E+005  0.386950848775428E+002 
     12.10000000 -0.233068746491960E+005  0.386910467606185E+002 
     12.12000000 -0.233068821627381E+005  0.386835332185168E+002 
     12.14000000 -0.233068918684757E+005  0.386738274809490E+002 
     12.16000000 -0.233069025610668E+005  0.386631348897953E+002 
     12.18000000 -0.233069131603806E+005  0.386525355759877E+002 
     12.20000000 -0.233069227450367E+005  0.386429509199204E+002 
     12.22000000 -0.233069305722920E+005  0.386351236645863E+002 
     12.24000000 -0.233069360851381E+005  0.386296108184955E+002 
     12.26000000 -0.233069389080721E+005  0.386267878845168E+002 
     12.28000000 -0.233069388334557E+005  0.386268625008970E+002 
     12.30000000 -0.233069358006607E+005  0.386298952959066E+002 
     12.32000000 -0.233069298703236E+005  0.386358256330555E+002 
     12.34000000 -0.233069211960031E+005  0.386444999535447E+002 
     12.36000000 -0.233069099953696E+005  0.386557005869967E+002 
     12.38000000 -0.233068965227825E+005  0.386691731741591E+002 
     12.40000000 -0.233068810447563E+005  0.386846512003479E+002 
     12.42000000 -0.233068638194146E+005  0.387018765419823E+002 
     12.44000000 -0.233068450806050E+005  0.387206153516532E+002 
     12.46000000 -0.233068250269360E+005  0.387406690206536E+002 
     12.48000000 -0.233068038156222E+005  0.387618803343973E+002 
     12.50000000 -0.233067815606996E+005  0.387841352570688E+002 
     12.52000000 -0.233067583349274E+005  0.388073610292164E+002 
     12.54000000 -0.233067341745265E+005  0.388315214301410E+002 
     12.56000000 -0.233067090858185E+005  0.388566101381753E+002 
     12.58000000 -0.233066830528323E+005  0.388826431243461E+002 
     12.60000000 -0.233066560450140E+005  0.389096509426044E+002 
     12.62000000 -0.233066280243089E+005  0.389376716477409E+002 
     12.64000000 -0.233065989510596E+005  0.389667448970435E+002 
     12.66000000 -0.233065687883682E+005  0.389969075884415E+002 
     12.68000000 -0.233065375047760E+005  0.390281911806363E+002 
     12.70000000 -0.233065050753647E+005  0.390606205919550E+002 
     12.72000000 -0.233064714820645E+005  0.390942138921409E+002 
     12.74000000 -0.233064367140594E+005  0.391289818972586E+002 
     12.76000000 -0.233064007681866E+005  0.391649277700507E+002 
     12.78000000 -0.233063636492502E+005  0.392020467064498E+002 
     12.80000000 -0.233063253702405E+005  0.392403257161548E+002 
     12.82000000 -0.233062859524497E+005  0.392797435069523E+002 
     12.84000000 -0.233062454254786E+005  0.393202704779973E+002 
     12.86000000 -0.233062038271266E+005  0.393618688299978E+002 
     12.88000000 -0.233061612031612E+005  0.394044927954566E+002 
     12.90000000 -0.233061176069642E+005  0.394480889924065E+002 
     12.92000000 -0.233060730990533E+005  0.394925969033516E+002 
     12.94000000 -0.233060277464788E+005  0.395379494778746E+002 
     12.96000000 -0.233059816220999E+005  0.395840738567435E+002 
     12.98000000 -0.233059348037448E+005  0.396308922118271E+002 
     13.00000000 -0.233058873732637E+005  0.396783226929679E+002 
     13.02000000 -0.233058394154857E+005  0.397262804709002E+002 
     13.04000000 -0.233057910170947E+005  0.397746788619204E+002 
     13.06000000 -0.233057422654387E+005  0.398234305179423E+002 
     13.08000000 -0.233056932472936E+005  0.398724486630239E+002 
     13.10000000 -0.233056440476016E+005  0.399216483550153E+002 
     13.12000000 -0.233055947482058E+005  0.399709477508709E+002 
     13.14000000 -0.233055454266039E+005  0.400202693527328E+002 
     13.16000000 -0.233054961547455E+005  0.400695412111589E+002 
     13.18000000 -0.233054469978931E+005  0.401186980635035E+002 
     13.20000000 -0.233053980135714E+005  0.401676823851974E+002 
     13.22000000 -0.233053492506228E+005  0.402164453337875E+002 
     13.24000000 -0.233053007483882E+005  0.402649475684647E+002 
     13.26000000 -0.233052525360264E+005  0.403131599301873E+002 
     13.28000000 -0.233052046319847E+005  0.403610639719442E+002 
     13.30000000 -0.233051570436233E+005  0.404086523332790E+002 
     13.32000000 -0.233051097670007E+005  0.404559289559585E+002 
     13.34000000 -0.233050627868132E+005  0.405029091433820E+002 
     13.36000000 -0.233050160764888E+005  0.405496194678480E+002 
     13.38000000 -0.233049695984234E+005  0.405960975332677E+002 
     13.40000000 -0.233049233043561E+005  0.406423916005454E+002 
     13.42000000 -0.233048771358737E+005  0.406885600829665E+002 
     13.44000000 -0.233048310250385E+005  0.407346709181582E+002 
     13.46000000 -0.233047848951355E+005  0.407808008211026E+002 
     13.48000000 -0.233047386615348E+005  0.408270344218759E+002 
     13.50000000 -0.233046922326663E+005  0.408734632903742E+002 
     13.52000000 -0.233046455111055E+005  0.409201848511239E+002 
     13.54000000 -0.233045983947647E+005  0.409673011919269E+002 
     13.56000000 -0.233045507781841E+005  0.410149177724813E+002 
     13.58000000 -0.233045025539137E+005  0.410631420429599E+002 
     13.60000000 -0.233044536139701E+005  0.411120819864973E+002 
     13.62000000 -0.233044038513542E+005  0.411618446024704E+002 
     13.64000000 -0.233043531616031E+005  0.412125343535394E+002 
     13.66000000 -0.233043014443561E+005  0.412642516005418E+002 
     13.68000000 -0.233042486049032E+005  0.413170910534126E+002 
     13.70000000 -0.233041945556896E+005  0.413711402670652E+002 
     13.72000000 -0.233041392177470E+005  0.414264782096630E+002 
     13.74000000 -0.233040825220275E+005  0.414831739291118E+002 
     13.76000000 -0.233040244106159E+005  0.415412853406962E+002 
     13.78000000 -0.233039648378037E+005  0.416008581529622E+002 
     13.80000000 -0.233039037710113E+005  0.416619249453271E+002 
     13.82000000 -0.233038411915502E+005  0.417245044063948E+002 
     13.84000000 -0.233037770952178E+005  0.417886007388042E+002 
     13.86000000 -0.233037114927233E+005  0.418542032333273E+002 
     13.88000000 -0.233036444099383E+005  0.419212860183266E+002 
     13.90000000 -0.233035758879676E+005  0.419898079890544E+002 
     13.92000000 -0.233035059830316E+005  0.420597129249957E+002 
     13.94000000 -0.233034347661504E+005  0.421309298062444E+002 
     13.96000000 -0.233033623226173E+005  0.422033733393191E+002 
     13.98000000 -0.233032887512542E+005  0.422769447024180E+002 
     14.00000000 -0.233032141634406E+005  0.423515325160000E+002 
     14.02000000 -0.233031386819180E+005  0.424270140386167E+002 
     14.04000000 -0.233030624393769E+005  0.425032565797296E+002 
     14.06000000 -0.233029855768452E+005  0.425801191114542E+002 
     14.08000000 -0.233029082419010E+005  0.426574540556203E+002 
     14.10000000 -0.233028305867405E+005  0.427351092161493E+002 
     14.12000000 -0.233027527661314E+005  0.428129298252046E+002 
     14.14000000 -0.233026749352837E+005  0.428907606728932E+002 
     14.16000000 -0.233025972476606E+005  0.429684482960292E+002 
     14.18000000 -0.233025198527509E+005  0.430458432057167E+002 
     14.20000000 -0.233024428938177E+005  0.431228021389622E+002 
     14.22000000 -0.233023665056353E+005  0.431991903213047E+002 
     14.24000000 -0.233022908122336E+005  0.432748837229973E+002 
     14.26000000 -0.233022159246757E+005  0.433497712809690E+002 
     14.28000000 -0.233021419389102E+005  0.434237570464746E+002 
     14.30000000 -0.233020689337567E+005  0.434967621998826E+002 
     14.32000000 -0.233019969691015E+005  0.435687268551147E+002 
     14.34000000 -0.233019260843887E+005  0.436396115679374E+002 
     14.36000000 -0.233018562975053E+005  0.437093984513111E+002 
     14.38000000 -0.233017876041467E+005  0.437780918098947E+002 
     14.40000000 -0.233017199777366E+005  0.438457182200423E+002 
     14.42000000 -0.233016533699501E+005  0.439123260065373E+002 
     14.44000000 -0.233015877118555E+005  0.439779841011497E+002 
     14.46000000 -0.233015229156523E+005  0.440427803043144E+002 
     14.48000000 -0.233014588769511E+005  0.441068190055533E+002 
     14.50000000 -0.233013954775081E+005  0.441702184484992E+002 
     14.52000000 -0.233013325883066E+005  0.442331076500441E+002 
     14.54000000 -0.233012700728622E+005  0.442956230943852E+002 
     14.56000000 -0.233012077906278E+005  0.443579053288229E+002 
     14.58000000 -0.233011456003709E+005  0.444200955857055E+002 
     14.60000000 -0.233010833634101E+005  0.444823325465572E+002 
     14.62000000 -0.233010209465993E+005  0.445447493573620E+002 
     14.64000000 -0.233009582249647E+005  0.446074709919397E+002 
     14.66000000 -0.233008950839067E+005  0.446706120499687E+002 
     14.68000000 -0.233008314208919E+005  0.447342750646918E+002 
     14.70000000 -0.233007671465798E+005  0.447985493767803E+002 
     14.72000000 -0.233007021853454E+005  0.448635106112376E+002 
     14.74000000 -0.233006364751939E+005  0.449292207627301E+002 
     14.76000000 -0.233005699670976E+005  0.449957288590315E+002 
     14.78000000 -0.233005026238264E+005  0.450630721302688E+002 
     14.80000000 -0.233004344183888E+005  0.451312775677900E+002 
     14.82000000 -0.233003653322405E+005  0.452003637161745E+002 
     14.84000000 -0.233002953534463E+005  0.452703425103748E+002 
     14.86000000 -0.233002244750044E+005  0.453412209522554E+002 
     14.88000000 -0.233001526935343E+005  0.454130024223218E+002 
     14.90000000 -0.233000800085153E+005  0.454856874413127E+002 
     14.92000000 -0.233000064222208E+005  0.455592737358793E+002 
     14.94000000 -0.232999319404368E+005  0.456337555198029E+002 
     14.96000000 -0.232998565739881E+005  0.457091219685237E+002 
     14.98000000 -0.232997803410129E+005  0.457853549437510E+002 
     15.00000000 -0.232997032698572E+005  0.458624260994132E+002 
     15.02000000 -0.232996254023808E+005  0.459402935757816E+002 
     15.04000000 -0.232995467974077E+005  0.460188985489697E+002 
     15.06000000 -0.232994675340046E+005  0.460981619520485E+002 
     15.08000000 -0.232993877142485E+005  0.461779817081735E+002 
     15.10000000 -0.232993074651374E+005  0.462582308192404E+002 
     15.12000000 -0.232992269393284E+005  0.463387566282216E+002 
     15.14000000 -0.232991463144365E+005  0.464193815200933E+002 
     15.16000000 -0.232990657907086E+005  0.464999052480566E+002 
     15.18000000 -0.232989855869862E+005  0.465801089704379E+002 
     15.20000000 -0.232989059349919E+005  0.466597609647684E+002 
     15.22000000 -0.232988270720955E+005  0.467386238611077E+002 
     15.24000000 -0.232987492328469E+005  0.468164631097802E+002 
     15.26000000 -0.232986726396705E+005  0.468930562861537E+002 
     15.28000000 -0.232985974932153E+005  0.469682027413169E+002 
     15.30000000 -0.232985239629121E+005  0.470417330445157E+002 
     15.32000000 -0.232984521783215E+005  0.471135176350911E+002 
     15.34000000 -0.232983822218415E+005  0.471834741151213E+002 
     15.36000000 -0.232983141232899E+005  0.472515726666852E+002 
     15.38000000 -0.232982478567859E+005  0.473178391706887E+002 
     15.40000000 -0.232981833402273E+005  0.473823557292799E+002 
     15.42000000 -0.232981204375096E+005  0.474452584470526E+002 
     15.44000000 -0.232980589634661E+005  0.475067324905462E+002 
     15.46000000 -0.232979986913382E+005  0.475670046184004E+002 
     15.48000000 -0.232979393624196E+005  0.476263335370694E+002 
     15.50000000 -0.232978806973782E+005  0.476849985784774E+002 
     15.52000000 -0.232978224086469E+005  0.477432873097263E+002 
     15.54000000 -0.232977642131967E+005  0.478014827599262E+002 
     15.56000000 -0.232977058449794E+005  0.478598509772434E+002 
     15.58000000 -0.232976470663401E+005  0.479186296164969E+002 
     15.60000000 -0.232975876777604E+005  0.479780181961803E+002 
     15.62000000 -0.232975275253930E+005  0.480381705636087E+002 
     15.64000000 -0.232974665059846E+005  0.480991899720179E+002 
     15.66000000 -0.232974045689429E+005  0.481611270137516E+002 
     15.68000000 -0.232973417154780E+005  0.482239804786772E+002 
     15.70000000 -0.232972779949297E+005  0.482877010269252E+002 
     15.72000000 -0.232972134985655E+005  0.483521973910957E+002 
     15.74000000 -0.232971483512912E+005  0.484173446653874E+002 
     15.76000000 -0.232970827018491E+005  0.484829941075081E+002 
     15.78000000 -0.232970167121737E+005  0.485489837829432E+002 
     15.80000000 -0.232969505466289E+005  0.486151493277093E+002 
     15.82000000 -0.232968843618571E+005  0.486813340995348E+002 
     15.84000000 -0.232968182979256E+005  0.487473980310041E+002 
     15.86000000 -0.232967524713631E+005  0.488132245935135E+002 
     15.88000000 -0.232966869705381E+005  0.488787254184862E+002 
     15.90000000 -0.232966218536569E+005  0.489438422997271E+002 
     15.92000000 -0.232965571494540E+005  0.490085465026050E+002 
     15.94000000 -0.232964928604412E+005  0.490728355154176E+002 
     15.96000000 -0.232964289683719E+005  0.491367275847277E+002 
     15.98000000 -0.232963654414007E+005  0.492002545558808E+002 
     16.00000000 -0.232963022422785E+005  0.492634536781192E+002 
     16.02000000 -0.232962393368360E+005  0.493263591206211E+002 
     16.04000000 -0.232961767019917E+005  0.493889939649647E+002 
     16.06000000 -0.232961143325600E+005  0.494513633966119E+002 
     16.08000000 -0.232960522462479E+005  0.495134497087022E+002 
     16.10000000 -0.232959904863863E+005  0.495752095703567E+002 
     16.12000000 -0.232959291221456E+005  0.496365738110187E+002 
     16.14000000 -0.232958682462023E+005  0.496974497543002E+002 
     16.16000000 -0.232958079700436E+005  0.497577259129947E+002 
     16.18000000 -0.232957484172953E+005  0.498172786613579E+002 
     16.20000000 -0.232956897156162E+005  0.498759803404264E+002 
     16.22000000 -0.232956319878125E+005  0.499337081441671E+002 
     16.24000000 -0.232955753428712E+005  0.499903530854470E+002 
     16.26000000 -0.232955198676053E+005  0.500458283512881E+002 
     16.28000000 -0.232954656195344E+005  0.501000764221825E+002 
     16.30000000 -0.232954126215124E+005  0.501530744442361E+002 
     16.32000000 -0.232953608584683E+005  0.502048374882918E+002 
     16.34000000 -0.232953102764610E+005  0.502554194956785E+002 
     16.36000000 -0.232952607840748E+005  0.503049118818610E+002 
     16.38000000 -0.232952122560265E+005  0.503534399301279E+002 
     16.40000000 -0.232951645387081E+005  0.504011572484938E+002 
     16.42000000 -0.232951174572804E+005  0.504482386761937E+002 
     16.44000000 -0.232950708238529E+005  0.504948721037477E+002 
     16.46000000 -0.232950244462435E+005  0.505412497131466E+002 
     16.48000000 -0.232949781368043E+005  0.505875591523153E+002 
     16.50000000 -0.232949317208224E+005  0.506339751342369E+002 
     16.52000000 -0.232948850440581E+005  0.506806518984826E+002 
     16.54000000 -0.232948379790542E+005  0.507277169024601E+002 
     16.56000000 -0.232947904299362E+005  0.507752660204181E+002 
     16.58000000 -0.232947423355235E+005  0.508233604331523E+002 
     16.60000000 -0.232946936706684E+005  0.508720252882115E+002 
     16.62000000 -0.232946444458447E+005  0.509212501119281E+002 
     16.64000000 -0.232945947050977E+005  0.509709908589463E+002 
     16.66000000 -0.232945445225550E+005  0.510211734016740E+002 
     16.68000000 -0.232944939977626E+005  0.510716981940380E+002 
     16.70000000 -0.232944432501637E+005  0.511224457929330E+002 
     16.72000000 -0.232943924130625E+005  0.511732828941448E+002 
     16.74000000 -0.232943416274225E+005  0.512240685341570E+002 
     16.76000000 -0.232942910358286E+005  0.512746601280541E+002 
     16.78000000 -0.232942407769039E+005  0.513249190527464E+002 
     16.80000000 -0.232941909804179E+005  0.513747155387615E+002 
     16.82000000 -0.232941417632564E+005  0.514239327001845E+002 
     16.84000000 -0.232940932263557E+005  0.514724696009644E+002 
     16.86000000 -0.232940454526335E+005  0.515202433231059E+002 
     16.88000000 -0.232939985058946E+005  0.515671900620213E+002 
     16.90000000 -0.232939524306326E+005  0.516132653239995E+002 
     16.92000000 -0.232939072526215E+005  0.516584433351695E+002 
     16.94000000 -0.232938629801600E+005  0.517027157965982E+002 
     16.96000000 -0.232938196058267E+005  0.517460901299731E+002 
     16.98000000 -0.232937771085967E+005  0.517885873599350E+002 
     17.00000000 -0.232937354561847E+005  0.518302397719403E+002 
     17.02000000 -0.232936946074846E+005  0.518710884720360E+002 
     17.04000000 -0.232936545149965E+005  0.519111809601529E+002 
     17.06000000 -0.232936151271489E+005  0.519505688077023E+002 
     17.08000000 -0.232935763904418E+005  0.519893055148477E+002 
     17.10000000 -0.232935382513525E+005  0.520274446041501E+002 
     17.12000000 -0.232935006579643E+005  0.520650379922886E+002 
     17.14000000 -0.232934635612899E+005  0.521021346667619E+002 
     17.16000000 -0.232934269162729E+005  0.521387796836870E+002 
     17.18000000 -0.232933906824682E+005  0.521750134884683E+002 
     17.20000000 -0.232933548244054E+005  0.522108715512505E+002 
     17.22000000 -0.232933193116623E+005  0.522463842943468E+002 
     17.24000000 -0.232932841186786E+005  0.522815772780539E+002 
     17.26000000 -0.232932492243607E+005  0.523164715959313E+002 
     17.28000000 -0.232932146115343E+005  0.523510844222989E+002 
     17.30000000 -0.232931802663091E+005  0.523854296475464E+002 
     17.32000000 -0.232931461774224E+005  0.524195185342250E+002 
     17.34000000 -0.232931123356238E+005  0.524533603328457E+002 
     17.36000000 -0.232930787331516E+005  0.524869628050121E+002 
     17.38000000 -0.232930453633417E+005  0.525203326149649E+002 
     17.40000000 -0.232930122203912E+005  0.525534755654428E+002 
     17.42000000 -0.232929792992876E+005  0.525863966690202E+002 
     17.44000000 -0.232929465958979E+005  0.526191000587676E+002 
     17.46000000 -0.232929141072040E+005  0.526515887526234E+002 
     17.48000000 -0.232928818316622E+005  0.526838642944151E+002 
     17.50000000 -0.232928497696554E+005  0.527159263012292E+002 
     17.52000000 -0.232928179240020E+005  0.527477719546506E+002 
     17.54000000 -0.232927863004782E+005  0.527793954784650E+002 
     17.56000000 -0.232927549083018E+005  0.528107876548111E+002 
     17.58000000 -0.232927237605220E+005  0.528419354346312E+002 
     17.60000000 -0.232926928742537E+005  0.528728217029713E+002 
     17.62000000 -0.232926622707009E+005  0.529034252557755E+002 
     17.64000000 -0.232926319749194E+005  0.529337210372505E+002 
     17.66000000 -0.232926020152875E+005  0.529636806690833E+002 
     17.68000000 -0.232925724226775E+005  0.529932732791767E+002 
     17.70000000 -0.232925432293469E+005  0.530224666096842E+002 
     17.72000000 -0.232925144676040E+005  0.530512283526777E+002 
     17.74000000 -0.232924861683203E+005  0.530795276363538E+002 
     17.76000000 -0.232924583593949E+005  0.531073365616933E+002 
     17.78000000 -0.232924310642759E+005  0.531346316807461E+002 
     17.80000000 -0.232924043006498E+005  0.531613953068123E+002 
     17.82000000 -0.232923780793984E+005  0.531876165582342E+002 
     17.84000000 -0.232923524038980E+005  0.532132920586455E+002 
     17.86000000 -0.232923272697143E+005  0.532384262423351E+002 
     17.88000000 -0.232923026647129E+005  0.532630312437510E+002 
     17.90000000 -0.232922785695781E+005  0.532871263785216E+002 
     17.92000000 -0.232922549587048E+005  0.533107372518039E+002 
     17.94000000 -0.232922318014070E+005  0.533338945496443E+002 
     17.96000000 -0.232922090633674E+005  0.533566325892119E+002 
     17.98000000 -0.232921867082423E+005  0.533789877142835E+002 
     18.00000000 -0.232921646993248E+005  0.534009966318158E+002 
     18.02000000 -0.232921430011712E+005  0.534226947854262E+002 
     18.04000000 -0.232921215810975E+005  0.534441148591506E+002 
     18.06000000 -0.232921004104621E+005  0.534652854945219E+002 
     18.08000000 -0.232920794656679E+005  0.534862302887309E+002 
     18.10000000 -0.232920587288352E+005  0.535069671214360E+002 
     18.12000000 -0.232920381881218E+005  0.535275078348783E+002 
     18.14000000 -0.232920178376899E+005  0.535478582667383E+002 
     18.16000000 -0.232919976773453E+005  0.535680186113638E+002 
     18.18000000 -0.232919777118901E+005  0.535879840665437E+002 
     18.20000000 -0.232919579502522E+005  0.536077457044178E+002 
     18.22000000 -0.232919384044600E+005  0.536272914965984E+002 
     18.24000000 -0.232919190885403E+005  0.536466074163526E+002 
     18.26000000 -0.232919000174155E+005  0.536656785411717E+002 
     18.28000000 -0.232918812058739E+005  0.536844900827738E+002 
     18.30000000 -0.232918626676766E+005  0.537030282800778E+002 
     18.32000000 -0.232918444148526E+005  0.537212811040525E+002 
     18.34000000 -0.232918264572175E+005  0.537392387391638E+002 
     18.36000000 -0.232918088021317E+005  0.537568938249738E+002 
     18.38000000 -0.232917914544943E+005  0.537742414623250E+002 
     18.40000000 -0.232917744169491E+005  0.537912790075398E+002 
     18.42000000 -0.232917576902608E+005  0.538080056958397E+002 
     18.44000000 -0.232917412738106E+005  0.538244221460762E+002 
     18.46000000 -0.232917251661499E+005  0.538405298067576E+002 
     18.48000000 -0.232917093655553E+005  0.538563304012843E+002 
     18.50000000 -0.232916938705303E+005  0.538718254262945E+002 
     18.52000000 -0.232916786802106E+005  0.538870157460468E+002 
     18.54000000 -0.232916637946432E+005  0.539019013134693E+002 
     18.56000000 -0.232916492149200E+005  0.539164810365915E+002 
     18.58000000 -0.232916349431597E+005  0.539307527969509E+002 
     18.60000000 -0.232916209823396E+005  0.539447136170205E+002 
     18.62000000 -0.232916073359917E+005  0.539583599649601E+002 
     18.64000000 -0.232915940077791E+005  0.539716881775422E+002 
     18.66000000 -0.232915810009826E+005  0.539846949740509E+002 
     18.68000000 -0.232915683179294E+005  0.539973780272690E+002 
     18.70000000 -0.232915559594066E+005  0.540097365499867E+002 
     18.72000000 -0.232915439241064E+005  0.540217718502669E+002 
     18.74000000 -0.232915322081501E+005  0.540334878064923E+002 
     18.76000000 -0.232915208047422E+005  0.540448912143930E+002 
     18.78000000 -0.232915097039912E+005  0.540559919653980E+002 
     18.80000000 -0.232914988929285E+005  0.540668030280945E+002 
     18.82000000 -0.232914883557364E+005  0.540773402202509E+002 
     18.84000000 -0.232914780741790E+005  0.540876217776796E+002 
     18.86000000 -0.232914680282123E+005  0.540976677443051E+002 
     18.88000000 -0.232914581967332E+005  0.541074992234532E+002 
     18.90000000 -0.232914485584142E+005  0.541171375424092E+002 
     18.92000000 -0.232914390925694E+005  0.541266033872033E+002 
     18.94000000 -0.232914297799913E+005  0.541359159653681E+002 
     18.96000000 -0.232914206037078E+005  0.541450922488266E+002 
     18.98000000 -0.232914115496163E+005  0.541541463403763E+002 
     19.00000000 -0.232914026069606E+005  0.541630889960139E+002 
     19.02000000 -0.232913937686341E+005  0.541719273225568E+002 
     19.04000000 -0.232913850312981E+005  0.541806646585614E+002 
     19.06000000 -0.232913763953211E+005  0.541893006354839E+002 
     19.08000000 -0.232913678645502E+005  0.541978314064033E+002 
     19.10000000 -0.232913594459338E+005  0.542062500228626E+002 
     19.12000000 -0.232913511490237E+005  0.542145469329500E+002 
     19.14000000 -0.232913429853856E+005  0.542227105710705E+002 
     19.16000000 -0.232913349679508E+005  0.542307280058307E+002 
     19.18000000 -0.232913271103443E+005  0.542385856123565E+002 
     19.20000000 -0.232913194262208E+005  0.542462697358804E+002 
     19.22000000 -0.232913119286408E+005  0.542537673158213E+002 
     19.24000000 -0.232913046295130E+005  0.542610664436148E+002 
     19.26000000 -0.232912975391229E+005  0.542681568337788E+002 
     19.28000000 -0.232912906657641E+005  0.542750301925433E+002 
     19.30000000 -0.232912840154805E+005  0.542816804760811E+002 
     19.32000000 -0.232912775919202E+005  0.542881040364686E+002 
     19.34000000 -0.232912713962985E+005  0.542942996581006E+002 
     19.36000000 -0.232912654274627E+005  0.543002684939158E+002 
     19.38000000 -0.232912596820441E+005  0.543060139125651E+002 
     19.40000000 -0.232912541546851E+005  0.543115412714793E+002 
     19.42000000 -0.232912488383243E+005  0.543168576323402E+002 
     19.44000000 -0.232912437245210E+005  0.543219714356553E+002 
     19.46000000 -0.232912388038051E+005  0.543268921515114E+002 
     19.48000000 -0.232912340660335E+005  0.543316299231140E+002 
     19.50000000 -0.232912295007388E+005  0.543361952178386E+002 
     19.52000000 -0.232912250974573E+005  0.543405984993389E+002 
     19.54000000 -0.232912208460250E+005  0.543448499316310E+002 
     19.56000000 -0.232912167368327E+005  0.543489591239135E+002 
     19.58000000 -0.232912127610340E+005  0.543529349226579E+002 
     19.60000000 -0.232912089107022E+005  0.543567852544202E+002 
     19.62000000 -0.232912051789359E+005  0.543605170207310E+002 
     19.64000000 -0.232912015599123E+005  0.543641360443133E+002 
     19.66000000 -0.232911980488926E+005  0.543676470639880E+002 
     19.68000000 -0.232911946421831E+005  0.543710537735159E+002 
     19.70000000 -0.232911913370575E+005  0.543743588991423E+002 
     19.72000000 -0.232911881316472E+005  0.543775643094768E+002 
     19.74000000 -0.232911850248067E+005  0.543806711499069E+002 
     19.76000000 -0.232911820159617E+005  0.543836799948880E+002 
     19.78000000 -0.232911791049470E+005  0.543865910096139E+002 
     19.80000000 -0.232911762918433E+005  0.543894041133610E+002 
     19.82000000 -0.232911735768196E+005  0.543921191370220E+002 
     19.84000000 -0.232911709599897E+005  0.543947359668955E+002 
     19.86000000 -0.232911684412880E+005  0.543972546686519E+002 
     19.88000000 -0.232911660203703E+005  0.543996755862971E+002 
     19.90000000 -0.232911636965446E+005  0.544019994120403E+002 
     19.92000000 -0.232911614687304E+005  0.544042272261892E+002 
     19.94000000 -0.232911593354495E+005  0.544063605071394E+002 
     19.96000000 -0.232911572948421E+005  0.544084011145385E+002 
     19.98000000 -0.232911553447066E+005  0.544103512500291E+002 
     20.00000000 -0.232911534825558E+005  0.544122134008249E+002 
     20.02000000 -0.232911517056836E+005  0.544139902730410E+002 
     20.04000000 -0.232911500112370E+005  0.544156847196261E+002 
     20.06000000 -0.232911483962876E+005  0.544172996690525E+002 
     20.08000000 -0.232911468578990E+005  0.544188380576188E+002 
     20.10000000 -0.232911453931873E+005  0.544203027693056E+002 
     20.12000000 -0.232911439993724E+005  0.544216965842078E+002 
     20.14000000 -0.232911426738196E+005  0.544230221369819E+002 
     20.16000000 -0.232911414140705E+005  0.544242818861488E+002 
     20.18000000 -0.232911402178619E+005  0.544254780947462E+002 
     20.20000000 -0.232911390831340E+005  0.544266128225916E+002 
     20.22000000 -0.232911380080264E+005  0.544276879302609E+002 
     20.24000000 -0.232911369908627E+005  0.544287050939402E+002 
     20.26000000 -0.232911360301258E+005  0.544296658308000E+002 
     20.28000000 -0.232911351244243E+005  0.544305715323090E+002 
     20.30000000 -0.232911342724531E+005  0.544314235035328E+002 
     20.32000000 -0.232911334729515E+005  0.544322230050944E+002 
     20.34000000 -0.232911327246618E+005  0.544329712948172E+002 
     20.36000000 -0.232911320262914E+005  0.544336696652437E+002 
     20.38000000 -0.232911313764817E+005  0.544343194748901E+002 
     20.40000000 -0.232911307737859E+005  0.544349221706996E+002 
     20.42000000 -0.232911302166553E+005  0.544354793013131E+002 
     20.44000000 -0.232911297034361E+005  0.544359925205660E+002 
     20.46000000 -0.232911292323734E+005  0.544364635831935E+002 
     20.48000000 -0.232911288016235E+005  0.544368943331557E+002 
     20.50000000 -0.232911284092693E+005  0.544372866873131E+002 
     20.52000000 -0.232911280533410E+005  0.544376426155807E+002 
     20.54000000 -0.232911277318375E+005  0.544379641191251E+002 
     20.56000000 -0.232911274427484E+005  0.544382532082263E+002 
     20.58000000 -0.232911271840759E+005  0.544385118806850E+002 
     20.60000000 -0.232911269538542E+005  0.544387421024195E+002 
     20.62000000 -0.232911267501657E+005  0.544389457909706E+002 
     20.64000000 -0.232911265711536E+005  0.544391248029977E+002 
     20.66000000 -0.232911264150302E+005  0.544392809264332E+002 
     20.68000000 -0.232911262800795E+005  0.544394158770860E+002 
     20.70000000 -0.232911261646565E+005  0.544395313001260E+002 
     20.72000000 -0.232911260671814E+005  0.544396287752014E+002 
     20.74000000 -0.232911259861317E+005  0.544397098249210E+002 
     20.76000000 -0.232911259200311E+005  0.544397759255765E+002 
     20.78000000 -0.232911258674376E+005  0.544398285190777E+002 
     20.80000000 -0.232911258269311E+005  0.544398690255493E+002 
     20.82000000 -0.232911257971016E+005  0.544398988550774E+002 
     20.84000000 -0.232911257765382E+005  0.544399194184287E+002 
     20.86000000 -0.232911257638213E+005  0.544399321353630E+002 
     20.88000000 -0.232911257575165E+005  0.544399384401520E+002 
     20.90000000 -0.232911257561727E+005  0.544399397839582E+002 
     20.92000000 -0.232911257583229E+005  0.544399376337618E+002 
     20.94000000 -0.232911257624889E+005  0.544399334677323E+002 
     20.96000000 -0.232911257671887E+005  0.544399287679526E+002 
     20.98000000 -0.232911257709460E+005  0.544399250105907E+002 
     21.00000000 -0.232911257723019E+005  0.544399236546917E+002 
     21.02000000 -0.232911257717956E+005  0.544399241610173E+002 
     21.04000000 -0.232911257712819E+005  0.544399246747552E+002 
     21.06000000 -0.232911257707723E+005  0.544399251843476E+002 
     21.08000000 -0.232911257702681E+005  0.544399256885047E+002 
     21.10000000 -0.232911257697694E+005  0.544399261872325E+002 
     21.12000000 -0.232911257692748E+005  0.544399266818366E+002 
     21.14000000 -0.232911257687823E+005  0.544399271743772E+002 
     21.16000000 -0.232911257682893E+005  0.544399276673695E+002 
     21.18000000 -0.232911257677938E+005  0.544399281628120E+002 
     21.20000000 -0.232911257672947E+005  0.544399286619358E+002 
     21.22000000 -0.232911257667916E+005  0.544399291649946E+002 
     21.24000000 -0.232911257662852E+005  0.544399296713821E+002 
     21.26000000 -0.232911257657766E+005  0.544399301800743E+002 
     21.28000000 -0.232911257652665E+005  0.544399306900844E+002 
     21.30000000 -0.232911257647559E+005  0.544399312007658E+002 
     21.32000000 -0.232911257642449E+005  0.544399317117504E+002 
     21.34000000 -0.232911257637337E+005  0.544399322228958E+002 
     21.36000000 -0.232911257632228E+005  0.544399327338618E+002 
     21.38000000 -0.232911257627127E+005  0.544399332439059E+002 
     21.40000000 -0.232911257622049E+005  0.544399337517629E+002 
     21.42000000 -0.232911257617009E+005  0.544399342556910E+002 
     21.44000000 -0.232911257612027E+005  0.544399347539424E+002 
     21.46000000 -0.232911257607115E+005  0.544399352451188E+002 
     21.48000000 -0.232911257602280E+005  0.544399357286076E+002 
     21.50000000 -0.232911257597517E+005  0.544399362049751E+002 
     21.52000000 -0.232911257592806E+005  0.544399366760680E+002 
     21.54000000 -0.232911257588118E+005  0.544399371448221E+002 
     21.56000000 -0.232911257583417E+005  0.544399376149684E+002 
     21.58000000 -0.232911257578666E+005  0.544399380900365E+002 
     21.60000000 -0.232911257573833E+005  0.544399385733150E+002 
     21.62000000 -0.232911257568898E+005  0.544399390668147E+002 
     21.64000000 -0.232911257563851E+005  0.544399395715100E+002 
     21.66000000 -0.232911257558694E+005  0.544399400872679E+002 
     21.68000000 -0.232911257553437E+005  0.544399406129779E+002 
     21.70000000 -0.232911257548096E+005  0.544399411470282E+002 
     21.72000000 -0.232911257542692E+005  0.544399416874079E+002 
     21.74000000 -0.232911257537248E+005  0.544399422317938E+002 
     21.76000000 -0.232911257531790E+005  0.544399427776151E+002 
     21.78000000 -0.232911257526342E+005  0.544399433224063E+002 
     21.80000000 -0.232911257520928E+005  0.544399438637822E+002 
     21.82000000 -0.232911257515566E+005  0.544399444000505E+002 
     21.84000000 -0.232911257510262E+005  0.544399449304782E+002 
     21.86000000 -0.232911257505011E+005  0.544399454555324E+002 
     21.88000000 -0.232911257499797E+005  0.544399459769423E+002 
     21.90000000 -0.232911257494593E+005  0.544399464973127E+002 
     21.92000000 -0.232911257489371E+005  0.544399470195084E+002 
     21.94000000 -0.232911257484104E+005  0.544399475462114E+002 
     21.96000000 -0.232911257478774E+005  0.544399480792192E+002 
     21.98000000 -0.232911257473375E+005  0.544399486191256E+002 
     22.00000000 -0.232911257467912E+005  0.544399491654481E+002 
     22.02000000 -0.232911257462399E+005  0.544399497167636E+002 
     22.04000000 -0.232911257456856E+005  0.544399502710613E+002 
     22.06000000 -0.232911257451303E+005  0.544399508262778E+002 
     22.08000000 -0.232911257445761E+005  0.544399513805477E+002 
     22.10000000 -0.232911257440241E+005  0.544399519325160E+002 
     22.12000000 -0.232911257434752E+005  0.544399524814154E+002 
     22.14000000 -0.232911257429295E+005  0.544399530270851E+002 
     22.16000000 -0.232911257423866E+005  0.544399535700140E+002 
     22.18000000 -0.232911257418455E+005  0.544399541111238E+002 
     22.20000000 -0.232911257413048E+005  0.544399546517943E+002 
     22.22000000 -0.232911257407631E+005  0.544399551935197E+002 
     22.24000000 -0.232911257402191E+005  0.544399557375715E+002 
     22.26000000 -0.232911257396719E+005  0.544399562847633E+002 
     22.28000000 -0.232911257391216E+005  0.544399568350239E+002 
     22.30000000 -0.232911257385693E+005  0.544399573873077E+002 
     22.32000000 -0.232911257380170E+005  0.544399579396503E+002 
     22.34000000 -0.232911257374671E+005  0.544399584895613E+002 
     22.36000000 -0.232911257369221E+005  0.544399590344855E+002 
     22.38000000 -0.232911257363841E+005  0.544399595725110E+002 
     22.40000000 -0.232911257358539E+005  0.544399601026912E+002 
     22.42000000 -0.232911257353313E+005  0.544399606253602E+002 
     22.44000000 -0.232911257348146E+005  0.544399611420432E+002 
     22.46000000 -0.232911257343016E+005  0.544399616550633E+002 
     22.48000000 -0.232911257337895E+005  0.544399621671182E+002 
     22.50000000 -0.232911257332760E+005  0.544399626805931E+002 
     22.52000000 -0.232911257327596E+005  0.544399631970750E+002 
     22.54000000 -0.232911257322393E+005  0.544399637172970E+002 
     22.56000000 -0.232911257317158E+005  0.544399642408260E+002 
     22.58000000 -0.232911257311901E+005  0.544399647664896E+002 
     22.60000000 -0.232911257306639E+005  0.544399652927378E+002 
     22.62000000 -0.232911257301384E+005  0.544399658182003E+002 
     22.64000000 -0.232911257296146E+005  0.544399663420480E+002 
     22.66000000 -0.232911257290923E+005  0.544399668643581E+002 
     22.68000000 -0.232911257285706E+005  0.544399673860062E+002 
     22.70000000 -0.232911257280482E+005  0.544399679084401E+002 
     22.72000000 -0.232911257275236E+005  0.544399684329962E+002 
     22.74000000 -0.232911257269963E+005  0.544399689603087E+002 
     22.76000000 -0.232911257264668E+005  0.544399694898485E+002 
     22.78000000 -0.232911257259370E+005  0.544399700196544E+002 
     22.80000000 -0.232911257254098E+005  0.544399705468678E+002 
     22.82000000 -0.232911257248883E+005  0.544399710683396E+002 
     22.84000000 -0.232911257243749E+005  0.544399715817279E+002 
     22.86000000 -0.232911257238705E+005  0.544399720861757E+002 
     22.88000000 -0.232911257233737E+005  0.544399725829422E+002 
     22.90000000 -0.232911257228814E+005  0.544399730752509E+002 
     22.92000000 -0.232911257223890E+005  0.544399735676461E+002 
     22.94000000 -0.232911257218918E+005  0.544399740648643E+002 
     22.96000000 -0.232911257213858E+005  0.544399745707877E+002 
     22.98000000 -0.232911257208692E+005  0.544399750874583E+002 
     23.00000000 -0.232911257203422E+005  0.544399756144676E+002 
     23.02000000 -0.232911257198075E+005  0.544399761491551E+002 
     23.04000000 -0.232911257192694E+005  0.544399766872703E+002 
     23.06000000 -0.232911257187326E+005  0.544399772240244E+002 
     23.08000000 -0.232911257182015E+005  0.544399777551574E+002 
     23.10000000 -0.232911257176787E+005  0.544399782779687E+002 
     23.12000000 -0.232911257171650E+005  0.544399787916571E+002 
     23.14000000 -0.232911257166594E+005  0.544399792972650E+002 
     23.16000000 -0.232911257161596E+005  0.544399797970384E+002 
     23.18000000 -0.232911257156631E+005  0.544399802935636E+002 
     23.20000000 -0.232911257151676E+005  0.544399807890370E+002 
     23.22000000 -0.232911257146721E+005  0.544399812845227E+002 
     23.24000000 -0.232911257141765E+005  0.544399817800889E+002 
     23.26000000 -0.232911257136814E+005  0.544399822751911E+002 
     23.28000000 -0.232911257131874E+005  0.544399827692476E+002 
     23.30000000 -0.232911257126943E+005  0.544399832623203E+002 
     23.32000000 -0.232911257122012E+005  0.544399837554333E+002 
     23.34000000 -0.232911257117062E+005  0.544399842504086E+002 
     23.36000000 -0.232911257112074E+005  0.544399847492447E+002 
     23.38000000 -0.232911257107030E+005  0.544399852536337E+002 
     23.40000000 -0.232911257101925E+005  0.544399857641543E+002 
     23.42000000 -0.232911257096766E+005  0.544399862800329E+002 
     23.44000000 -0.232911257091573E+005  0.544399867992927E+002 
     23.46000000 -0.232911257086373E+005  0.544399873193260E+002 
     23.48000000 -0.232911257081194E+005  0.544399878372618E+002 
     23.50000000 -0.232911257076056E+005  0.544399883510368E+002 
     23.52000000 -0.232911257070972E+005  0.544399888594413E+002 
     23.54000000 -0.232911257065941E+005  0.544399893625063E+002 
     23.56000000 -0.232911257060953E+005  0.544399898612960E+002 
     23.58000000 -0.232911257055990E+005  0.544399903576758E+002 
     23.60000000 -0.232911257051028E+005  0.544399908537957E+002 
     23.62000000 -0.232911257046048E+005  0.544399913518058E+002 
     23.64000000 -0.232911257041032E+005  0.544399918534138E+002 
     23.66000000 -0.232911257035968E+005  0.544399923597951E+002 
     23.68000000 -0.232911257030853E+005  0.544399928712808E+002 
     23.70000000 -0.232911257025690E+005  0.544399933876699E+002 
     23.72000000 -0.232911257020485E+005  0.544399939081331E+002 
     23.74000000 -0.232911257015252E+005  0.544399944314301E+002 
     23.76000000 -0.232911257010004E+005  0.544399949562244E+002 
     23.78000000 -0.232911257004755E+005  0.544399954811301E+002 
     23.80000000 -0.232911256999518E+005  0.544399960048416E+002 
     23.82000000 -0.232911256994303E+005  0.544399965262824E+002 
     23.84000000 -0.232911256989121E+005  0.544399970444936E+002 
     23.86000000 -0.232911256983980E+005  0.544399975586584E+002 
     23.88000000 -0.232911256978885E+005  0.544399980681364E+002 
     23.90000000 -0.232911256973842E+005  0.544399985724171E+002 
     23.92000000 -0.232911256968852E+005  0.544399990714760E+002 
     23.94000000 -0.232911256963906E+005  0.544399995659810E+002 
     23.96000000 -0.232911256958994E+005  0.544400000571822E+002 
     23.98000000 -0.232911256954095E+005  0.544400005471645E+002 
     24.00000000 -0.232911256949184E+005  0.544400010382573E+002 
     24.02000000 -0.232911256944240E+005  0.544400015326418E+002 
     24.04000000 -0.232911256939247E+005  0.544400020318831E+002 
     24.06000000 -0.232911256934202E+005  0.544400025364763E+002 
     24.08000000 -0.232911256929108E+005  0.544400030458027E+002 
     24.10000000 -0.232911256923983E+005  0.544400035582908E+002 
     24.12000000 -0.232911256918848E+005  0.544400040717904E+002 
     24.14000000 -0.232911256913725E+005  0.544400045841176E+002 
     24.16000000 -0.232911256908634E+005  0.544400050932738E+002 
     24.18000000 -0.232911256903587E+005  0.544400055979661E+002 
     24.20000000 -0.232911256898590E+005  0.544400060976251E+002 
     24.22000000 -0.232911256893642E+005  0.544400065924333E+002 
     24.24000000 -0.232911256888733E+005  0.544400070832972E+002 
     24.26000000 -0.232911256883850E+005  0.544400075716306E+002 
     24.28000000 -0.232911256878976E+005  0.544400080590236E+002 
     24.30000000 -0.232911256874097E+005  0.544400085469548E+002 
     24.32000000 -0.232911256869202E+005  0.544400090363988E+002 
     24.34000000 -0.232911256864290E+005  0.544400095276000E+002 
     24.36000000 -0.232911256859365E+005  0.544400100201035E+002 
     24.38000000 -0.232911256854437E+005  0.544400105129659E+002 
     24.40000000 -0.232911256849515E+005  0.544400110051291E+002 
     24.42000000 -0.232911256844605E+005  0.544400114960859E+002 
     24.44000000 -0.232911256839706E+005  0.544400119859939E+002 
     24.46000000 -0.232911256834808E+005  0.544400124758648E+002 
     24.48000000 -0.232911256829896E+005  0.544400129669824E+002 
     24.50000000 -0.232911256824960E+005  0.544400134605996E+002 
     24.52000000 -0.232911256819993E+005  0.544400139573104E+002 
     24.54000000 -0.232911256815000E+005  0.544400144566384E+002 
     24.56000000 -0.232911256809994E+005  0.544400149572038E+002 
     24.58000000 -0.232911256804996E+005  0.544400154570267E+002 
     24.60000000 -0.232911256800023E+005  0.544400159543191E+002 
     24.62000000 -0.232911256795087E+005  0.544400164479611E+002 
     24.64000000 -0.232911256790185E+005  0.544400169381321E+002 
     24.66000000 -0.232911256785304E+005  0.544400174262149E+002 
     24.68000000 -0.232911256780420E+005  0.544400179146349E+002 
     24.70000000 -0.232911256775505E+005  0.544400184060835E+002 
     24.72000000 -0.232911256770537E+005  0.544400189029026E+002 
     24.74000000 -0.232911256765502E+005  0.544400194064193E+002 
     24.76000000 -0.232911256760400E+005  0.544400199165902E+002 
     24.78000000 -0.232911256755245E+005  0.544400204321100E+002 
     24.80000000 -0.232911256750059E+005  0.544400209506955E+002 
     24.82000000 -0.232911256744869E+005  0.544400214697264E+002 
     24.84000000 -0.232911256739700E+005  0.544400219866414E+002 
     24.86000000 -0.232911256734569E+005  0.544400224997110E+002 
     24.88000000 -0.232911256729485E+005  0.544400230081186E+002 
     24.90000000 -0.232911256724446E+005  0.544400235120003E+002 
     24.92000000 -0.232911256719442E+005  0.544400240124172E+002 
     24.94000000 -0.232911256714456E+005  0.544400245110553E+002 
     24.96000000 -0.232911256709465E+005  0.544400250101018E+002 
     24.98000000 -0.232911256704449E+005  0.544400255117561E+002 
     25.00000000 -0.232911256699385E+005  0.544400260181436E+002 
     25.02000000 -0.232911256694257E+005  0.544400265309410E+002 
     25.04000000 -0.232911256689056E+005  0.544400270510702E+002 
     25.06000000 -0.232911256683780E+005  0.544400275785992E+002 
     25.08000000 -0.232911256678441E+005  0.544400281125195E+002 
     25.10000000 -0.232911256673058E+005  0.544400286508297E+002 
     25.12000000 -0.232911256667657E+005  0.544400291909155E+002 
     25.14000000 -0.232911256662267E+005  0.544400297298814E+002 
     25.16000000 -0.232911256656914E+005  0.544400302651877E+002 
     25.18000000 -0.232911256651617E+005  0.544400307949472E+002 
     25.20000000 -0.232911256646381E+005  0.544400313185288E+002 
     25.22000000 -0.232911256641202E+005  0.544400318363935E+002 
     25.24000000 -0.232911256636066E+005  0.544400323500168E+002 
     25.26000000 -0.232911256630952E+005  0.544400328614036E+002 
     25.28000000 -0.232911256625839E+005  0.544400333727315E+002 
     25.30000000 -0.232911256620709E+005  0.544400338856991E+002 
     25.32000000 -0.232911256615551E+005  0.544400344015498E+002 
     25.34000000 -0.232911256610359E+005  0.544400349207633E+002 
     25.36000000 -0.232911256605132E+005  0.544400354434725E+002 
     25.38000000 -0.232911256599869E+005  0.544400359697363E+002 
     25.40000000 -0.232911256594569E+005  0.544400364997370E+002 
     25.42000000 -0.232911256589228E+005  0.544400370337811E+002 
     25.44000000 -0.232911256583844E+005  0.544400375721995E+002 
     25.46000000 -0.232911256578417E+005  0.544400381148870E+002 
     25.48000000 -0.232911256572956E+005  0.544400386610022E+002 
     25.50000000 -0.232911256567478E+005  0.544400392088282E+002 
     25.52000000 -0.232911256562007E+005  0.544400397559241E+002 
     25.54000000 -0.232911256556569E+005  0.544400402997748E+002 
     25.56000000 -0.232911256551182E+005  0.544400408383912E+002 
     25.58000000 -0.232911256545857E+005  0.544400413709287E+002 
     25.60000000 -0.232911256540587E+005  0.544400418979132E+002 
     25.62000000 -0.232911256535357E+005  0.544400424209720E+002 
     25.64000000 -0.232911256530144E+005  0.544400429422118E+002 
     25.66000000 -0.232911256524931E+005  0.544400434635506E+002 
     25.68000000 -0.232911256519706E+005  0.544400439859999E+002 
     25.70000000 -0.232911256514471E+005  0.544400445095537E+002 
     25.72000000 -0.232911256509233E+005  0.544400450333611E+002 
     25.74000000 -0.232911256504004E+005  0.544400455561879E+002 
     25.76000000 -0.232911256498795E+005  0.544400460771214E+002 
     25.78000000 -0.232911256493607E+005  0.544400465959265E+002 
     25.80000000 -0.232911256488435E+005  0.544400471131353E+002 
     25.82000000 -0.232911256483265E+005  0.544400476301153E+002 
     25.84000000 -0.232911256478083E+005  0.544400481483635E+002 
     25.86000000 -0.232911256472874E+005  0.544400486692506E+002 
     25.88000000 -0.232911256467630E+005  0.544400491936427E+002 
     25.90000000 -0.232911256462351E+005  0.544400497215461E+002 
     25.92000000 -0.232911256457045E+005  0.544400502521068E+002 
     25.94000000 -0.232911256451727E+005  0.544400507839173E+002 
     25.96000000 -0.232911256446417E+005  0.544400513149359E+002 
     25.98000000 -0.232911256441134E+005  0.544400518432166E+002 
     26.00000000 -0.232911256435896E+005  0.544400523670364E+002 
     26.02000000 -0.232911256430713E+005  0.544400528853466E+002 
     26.04000000 -0.232911256425588E+005  0.544400533978748E+002 
     26.06000000 -0.232911256420514E+005  0.544400539051873E+002 
     26.08000000 -0.232911256415481E+005  0.544400544085555E+002 
     26.10000000 -0.232911256410470E+005  0.544400549095849E+002 
     26.12000000 -0.232911256405467E+005  0.544400554099245E+002 
     26.14000000 -0.232911256400458E+005  0.544400559108209E+002 
     26.16000000 -0.232911256395436E+005  0.544400564130537E+002 
     26.18000000 -0.232911256390399E+005  0.544400569167158E+002 
     26.20000000 -0.232911256385351E+005  0.544400574215163E+002 
     26.22000000 -0.232911256380297E+005  0.544400579269665E+002 
     26.24000000 -0.232911256375240E+005  0.544400584326301E+002 
     26.26000000 -0.232911256370183E+005  0.544400589382813E+002 
     26.28000000 -0.232911256365127E+005  0.544400594438954E+002 
     26.30000000 -0.232911256360070E+005  0.544400599495962E+002 
     26.32000000 -0.232911256355013E+005  0.544400604553000E+002 
     26.34000000 -0.232911256349961E+005  0.544400609605707E+002 
     26.36000000 -0.232911256344920E+005  0.544400614646257E+002 
     26.38000000 -0.232911256339902E+005  0.544400619664409E+002 
     26.40000000 -0.232911256334918E+005  0.544400624648346E+002 
     26.42000000 -0.232911256329977E+005  0.544400629589530E+002 
     26.44000000 -0.232911256325082E+005  0.544400634484650E+002 
     26.46000000 -0.232911256320230E+005  0.544400639335965E+002 
     26.48000000 -0.232911256315414E+005  0.544400644152726E+002 
     26.50000000 -0.232911256310616E+005  0.544400648949903E+002 
     26.52000000 -0.232911256305821E+005  0.544400653745411E+002 
     26.54000000 -0.232911256301009E+005  0.544400658557221E+002 
     26.56000000 -0.232911256296164E+005  0.544400663401824E+002 
     26.58000000 -0.232911256291276E+005  0.544400668290231E+002 
     26.60000000 -0.232911256286338E+005  0.544400673228043E+002 
     26.62000000 -0.232911256281353E+005  0.544400678213248E+002 
     26.64000000 -0.232911256276329E+005  0.544400683237093E+002 
     26.66000000 -0.232911256271280E+005  0.544400688286149E+002 
     26.68000000 -0.232911256266223E+005  0.544400693343373E+002 
     26.70000000 -0.232911256261173E+005  0.544400698393513E+002 
     26.72000000 -0.232911256256143E+005  0.544400703423513E+002 
     26.74000000 -0.232911256251140E+005  0.544400708425981E+002 
     26.76000000 -0.232911256246166E+005  0.544400713400328E+002 
     26.78000000 -0.232911256241215E+005  0.544400718351040E+002 
     26.80000000 -0.232911256236279E+005  0.544400723287150E+002 
     26.82000000 -0.232911256231346E+005  0.544400728219981E+002 
     26.84000000 -0.232911256226405E+005  0.544400733161351E+002 
     26.86000000 -0.232911256221446E+005  0.544400738120725E+002 
     26.88000000 -0.232911256216461E+005  0.544400743105714E+002 
     26.90000000 -0.232911256211445E+005  0.544400748120927E+002 
     26.92000000 -0.232911256206399E+005  0.544400753167076E+002 
     26.94000000 -0.232911256201325E+005  0.544400758241469E+002 
     26.96000000 -0.232911256196228E+005  0.544400763338291E+002 
     26.98000000 -0.232911256191118E+005  0.544400768448291E+002 
     27.00000000 -0.232911256186007E+005  0.544400773558879E+002 
     27.02000000 -0.232911256180910E+005  0.544400778656165E+002 
     27.04000000 -0.232911256175841E+005  0.544400783725021E+002 
     27.06000000 -0.232911256170813E+005  0.544400788753412E+002 
     27.08000000 -0.232911256165833E+005  0.544400793733235E+002 
     27.10000000 -0.232911256160903E+005  0.544400798663220E+002 
     27.12000000 -0.232911256156016E+005  0.544400803549864E+002 
     27.14000000 -0.232911256151159E+005  0.544400808407336E+002 
     27.16000000 -0.232911256146311E+005  0.544400813255650E+002 
     27.18000000 -0.232911256141451E+005  0.544400818115411E+002 
     27.20000000 -0.232911256136560E+005  0.544400823005860E+002 
     27.22000000 -0.232911256131626E+005  0.544400827939991E+002 
     27.24000000 -0.232911256126644E+005  0.544400832922722E+002 
     27.26000000 -0.232911256121617E+005  0.544400837949288E+002 
     27.28000000 -0.232911256116559E+005  0.544400843006883E+002 
     27.30000000 -0.232911256111486E+005  0.544400848080472E+002 
     27.32000000 -0.232911256106413E+005  0.544400853153380E+002 
     27.34000000 -0.232911256101352E+005  0.544400858214471E+002 
     27.36000000 -0.232911256096306E+005  0.544400863259785E+002 
     27.38000000 -0.232911256091273E+005  0.544400868293281E+002 
     27.40000000 -0.232911256086242E+005  0.544400873324271E+002 
     27.42000000 -0.232911256081201E+005  0.544400878364821E+002 
     27.44000000 -0.232911256076142E+005  0.544400883424334E+002 
     27.46000000 -0.232911256071060E+005  0.544400888506276E+002 
     27.48000000 -0.232911256065959E+005  0.544400893607274E+002 
     27.50000000 -0.232911256060849E+005  0.544400898717336E+002 
     27.52000000 -0.232911256055744E+005  0.544400903822788E+002 
     27.54000000 -0.232911256050656E+005  0.544400908909896E+002 
     27.56000000 -0.232911256045599E+005  0.544400913967770E+002 
     27.58000000 -0.232911256040576E+005  0.544400918990624E+002 
     27.60000000 -0.232911256035588E+005  0.544400923978088E+002 
     27.62000000 -0.232911256030633E+005  0.544400928933719E+002 
     27.64000000 -0.232911256025703E+005  0.544400933863302E+002 
     27.66000000 -0.232911256020793E+005  0.544400938773704E+002 
     27.68000000 -0.232911256015896E+005  0.544400943670310E+002 
     27.70000000 -0.232911256011007E+005  0.544400948559274E+002 
     27.72000000 -0.232911256006119E+005  0.544400953446939E+002 
     27.74000000 -0.232911256001224E+005  0.544400958342585E+002 
     27.76000000 -0.232911255996308E+005  0.544400963258093E+002 
     27.78000000 -0.232911255991358E+005  0.544400968208186E+002 
     27.80000000 -0.232911255986359E+005  0.544400973207715E+002 
     27.82000000 -0.232911255981295E+005  0.544400978270878E+002 
     27.84000000 -0.232911255976160E+005  0.544400983406308E+002 
     27.86000000 -0.232911255970951E+005  0.544400988615333E+002 
     27.88000000 -0.232911255965675E+005  0.544400993891582E+002 
     27.90000000 -0.232911255960348E+005  0.544400999218473E+002 
     27.92000000 -0.232911255954994E+005  0.544401004572062E+002 
     27.94000000 -0.232911255949643E+005  0.544401009922959E+002 
     27.96000000 -0.232911255944325E+005  0.544401015241002E+002 
     27.98000000 -0.232911255939068E+005  0.544401020498473E+002 
     28.00000000 -0.232911255933889E+005  0.544401025677677E+002 
     28.02000000 -0.232911255928793E+005  0.544401030773478E+002 
     28.04000000 -0.232911255923771E+005  0.544401035795682E+002 
     28.06000000 -0.232911255918799E+005  0.544401040767090E+002 
     28.08000000 -0.232911255913847E+005  0.544401045719566E+002 
     28.10000000 -0.232911255908880E+005  0.544401050685838E+002 
     28.12000000 -0.232911255903875E+005  0.544401055691338E+002 
     28.14000000 -0.232911255898820E+005  0.544401060745901E+002 
     28.16000000 -0.232911255893725E+005  0.544401065841145E+002 
     28.18000000 -0.232911255888615E+005  0.544401070950805E+002 
     28.20000000 -0.232911255883527E+005  0.544401076039150E+002 
     28.22000000 -0.232911255878496E+005  0.544401081070388E+002 
     28.24000000 -0.232911255873547E+005  0.544401086019492E+002 
     28.26000000 -0.232911255868684E+005  0.544401090882037E+002 
     28.28000000 -0.232911255863891E+005  0.544401095675657E+002 
     28.30000000 -0.232911255859128E+005  0.544401100437846E+002 
     28.32000000 -0.232911255854348E+005  0.544401105218226E+002 
     28.34000000 -0.232911255849500E+005  0.544401110066386E+002 
     28.36000000 -0.232911255844545E+005  0.544401115021522E+002 
     28.38000000 -0.232911255839463E+005  0.544401120103340E+002 
     28.40000000 -0.232911255834258E+005  0.544401125308127E+002 
     28.42000000 -0.232911255828957E+005  0.544401130608939E+002 
     28.44000000 -0.232911255823605E+005  0.544401135961445E+002 
     28.46000000 -0.232911255818254E+005  0.544401141312713E+002 
     28.48000000 -0.232911255812958E+005  0.544401146608576E+002 
     28.50000000 -0.232911255807762E+005  0.544401151804701E+002 
     28.52000000 -0.232911255802694E+005  0.544401156872103E+002 
     28.54000000 -0.232911255797767E+005  0.544401161799242E+002 
     28.56000000 -0.232911255792972E+005  0.544401166593945E+002 
     28.58000000 -0.232911255788286E+005  0.544401171279878E+002 
     28.60000000 -0.232911255783676E+005  0.544401175889925E+002 
     28.62000000 -0.232911255779104E+005  0.544401180462479E+002 
     28.64000000 -0.232911255774530E+005  0.544401185036269E+002 
     28.66000000 -0.232911255769919E+005  0.544401189647369E+002 
     28.68000000 -0.232911255765242E+005  0.544401194324670E+002 
     28.70000000 -0.232911255760473E+005  0.544401199093047E+002 
     28.72000000 -0.232911255755600E+005  0.544401203966110E+002 
     28.74000000 -0.232911255750618E+005  0.544401208948686E+002 
     28.76000000 -0.232911255745535E+005  0.544401214031803E+002 
     28.78000000 -0.232911255740372E+005  0.544401219194116E+002 
     28.80000000 -0.232911255735164E+005  0.544401224402337E+002 
     28.82000000 -0.232911255729949E+005  0.544401229617457E+002 
     28.84000000 -0.232911255724766E+005  0.544401234800652E+002 
     28.86000000 -0.232911255719644E+005  0.544401239922284E+002 
     28.88000000 -0.232911255714598E+005  0.544401244968494E+002 
     28.90000000 -0.232911255709622E+005  0.544401249943955E+002 
     28.92000000 -0.232911255704696E+005  0.544401254869919E+002 
     28.94000000 -0.232911255699788E+005  0.544401259778063E+002 
     28.96000000 -0.232911255694864E+005  0.544401264701861E+002 
     28.98000000 -0.232911255689900E+005  0.544401269666742E+002 
     29.00000000 -0.232911255684881E+005  0.544401274685141E+002 
     29.02000000 -0.232911255679814E+005  0.544401279752636E+002 
     29.04000000 -0.232911255674713E+005  0.544401284852860E+002 
     29.06000000 -0.232911255669603E+005  0.544401289963232E+002 
     29.08000000 -0.232911255664506E+005  0.544401295060456E+002 
     29.10000000 -0.232911255659439E+005  0.544401300127393E+002 
     29.12000000 -0.232911255654411E+005  0.544401305154919E+002 
     29.14000000 -0.232911255649423E+005  0.544401310143094E+002 
     29.16000000 -0.232911255644469E+005  0.544401315097023E+002 
     29.18000000 -0.232911255639540E+005  0.544401320026019E+002 
     29.20000000 -0.232911255634625E+005  0.544401324941216E+002 
     29.22000000 -0.232911255629713E+005  0.544401329853413E+002 
     29.24000000 -0.232911255624792E+005  0.544401334774396E+002 
     29.26000000 -0.232911255619852E+005  0.544401339714466E+002 
     29.28000000 -0.232911255614883E+005  0.544401344683554E+002 
     29.30000000 -0.232911255609879E+005  0.544401349687105E+002 
     29.32000000 -0.232911255604838E+005  0.544401354727840E+002 
     29.34000000 -0.232911255599765E+005  0.544401359801305E+002 
     29.36000000 -0.232911255594666E+005  0.544401364899952E+002 
     29.38000000 -0.232911255589553E+005  0.544401370013077E+002 
     29.40000000 -0.232911255584435E+005  0.544401375131120E+002 
     29.42000000 -0.232911255579320E+005  0.544401380246503E+002 
     29.44000000 -0.232911255574211E+005  0.544401385355359E+002 
     29.46000000 -0.232911255569110E+005  0.544401390456171E+002 
     29.48000000 -0.232911255564019E+005  0.544401395546899E+002 
     29.50000000 -0.232911255558943E+005  0.544401400623705E+002 
     29.52000000 -0.232911255553886E+005  0.544401405680650E+002 
     29.54000000 -0.232911255548855E+005  0.544401410710991E+002 
     29.56000000 -0.232911255543855E+005  0.544401415710860E+002 
     29.58000000 -0.232911255538883E+005  0.544401420683382E+002 
     29.60000000 -0.232911255533927E+005  0.544401425639044E+002 
     29.62000000 -0.232911255528971E+005  0.544401430595200E+002 
     29.64000000 -0.232911255523992E+005  0.544401435574652E+002 
     29.66000000 -0.232911255518968E+005  0.544401440597815E+002 
     29.68000000 -0.232911255513888E+005  0.544401445678550E+002 
     29.70000000 -0.232911255508743E+005  0.544401450823106E+002 
     29.72000000 -0.232911255503542E+005  0.544401456023841E+002 
     29.74000000 -0.232911255498301E+005  0.544401461265102E+002 
     29.76000000 -0.232911255493044E+005  0.544401466522511E+002 
     29.78000000 -0.232911255487796E+005  0.544401471770639E+002 
     29.80000000 -0.232911255482582E+005  0.544401476984676E+002 
     29.82000000 -0.232911255477420E+005  0.544401482146803E+002 
     29.84000000 -0.232911255472319E+005  0.544401487247554E+002 
     29.86000000 -0.232911255467279E+005  0.544401492286990E+002 
     29.88000000 -0.232911255462292E+005  0.544401497274701E+002 
     29.90000000 -0.232911255457339E+005  0.544401502227207E+002 
     29.92000000 -0.232911255452399E+005  0.544401507167030E+002 
     29.94000000 -0.232911255447448E+005  0.544401512117928E+002 
     29.96000000 -0.232911255442463E+005  0.544401517103288E+002 
     29.98000000 -0.232911255437423E+005  0.544401522143714E+002 
     30.00000000 -0.232911255432312E+005  0.544401527254054E+002 
