# Real time calculation: 
# Eall: Total energy
# Eall0: Initial total energy
# 1:Time[fs] 2:Eall[eV] 3:Eall-Eall0[eV] 
      0.00000000 -0.233455656959566E+005  0.000000000000000E+000 
      0.02000000 -0.233455656960226E+005 -0.659921699805864E-007 
      0.04000000 -0.233455656960230E+005 -0.663541184096005E-007 
      0.06000000 -0.233455656960227E+005 -0.661128194569244E-007 
      0.08000000 -0.233455656960221E+005 -0.654941041936524E-007 
      0.10000000 -0.233455656960218E+005 -0.651754658330674E-007 
      0.12000000 -0.233455656960226E+005 -0.659272048779428E-007 
      0.14000000 -0.233455656960243E+005 -0.676379525808898E-007 
      0.16000000 -0.233455656960247E+005 -0.680958018757110E-007 
      0.18000000 -0.233455656960182E+005 -0.615714494245083E-007 
      0.20000000 -0.233455656959936E+005 -0.369867984383973E-007 
      0.22000000 -0.233455656959330E+005  0.236596716675194E-007 
      0.24000000 -0.233455656958094E+005  0.147235671200826E-006 
      0.26000000 -0.233455656955854E+005  0.371192035047375E-006 
      0.28000000 -0.233455656952113E+005  0.745369371240037E-006 
      0.30000000 -0.233455656946230E+005  0.133365931144059E-005 
      0.32000000 -0.233455656937412E+005  0.221541518173998E-005 
      0.34000000 -0.233455656924700E+005  0.348666468457433E-005 
      0.36000000 -0.233455656906955E+005  0.526116790182513E-005 
      0.38000000 -0.233455656882855E+005  0.767116903386414E-005 
      0.40000000 -0.233455656850889E+005  0.108676779149981E-004 
      0.42000000 -0.233455656809360E+005  0.150206741895058E-004 
      0.44000000 -0.233455656756378E+005  0.203188288897694E-004 
      0.46000000 -0.233455656689875E+005  0.269690991777769E-004 
      0.48000000 -0.233455656607607E+005  0.351959085473987E-004 
      0.50000000 -0.233455656507163E+005  0.452403239330872E-004 
      0.52000000 -0.233455656385980E+005  0.573586574133817E-004 
      0.54000000 -0.233455656241353E+005  0.718212968390609E-004 
      0.56000000 -0.233455656070455E+005  0.889111466706798E-004 
      0.58000000 -0.233455655870347E+005  0.108921926511595E-003 
      0.60000000 -0.233455655638000E+005  0.132156611945502E-003 
      0.62000000 -0.233455655370313E+005  0.158925374214608E-003 
      0.64000000 -0.233455655064130E+005  0.189543581769331E-003 
      0.66000000 -0.233455654716269E+005  0.224329758507933E-003 
      0.68000000 -0.233455654323530E+005  0.263603665759202E-003 
      0.70000000 -0.233455653882725E+005  0.307684167714794E-003 
      0.72000000 -0.233455653390691E+005  0.356887499026496E-003 
      0.74000000 -0.233455652844312E+005  0.411525414847589E-003 
      0.76000000 -0.233455652240528E+005  0.471903786349201E-003 
      0.78000000 -0.233455651576354E+005  0.538321208610963E-003 
      0.80000000 -0.233455650848886E+005  0.611068069454539E-003 
      0.82000000 -0.233455650055307E+005  0.690425890511871E-003 
      0.84000000 -0.233455649192902E+005  0.776666457930232E-003 
      0.86000000 -0.233455648259052E+005  0.870051444955918E-003 
      0.88000000 -0.233455647251243E+005  0.970832362437026E-003 
      0.90000000 -0.233455646167062E+005  0.107925038248960E-002 
      0.92000000 -0.233455645004199E+005  0.119553671591395E-002 
      0.94000000 -0.233455643760433E+005  0.131991332681078E-002 
      0.96000000 -0.233455642433633E+005  0.145259337186901E-002 
      0.98000000 -0.233455641021741E+005  0.159378253060361E-002 
      1.00000000 -0.233455639522764E+005  0.174368025516043E-002 
      1.02000000 -0.233455637934754E+005  0.190248120264202E-002 
      1.04000000 -0.233455636255795E+005  0.207037717477999E-002 
      1.06000000 -0.233455634483979E+005  0.224755877299835E-002 
      1.08000000 -0.233455632617391E+005  0.243421748039035E-002 
      1.10000000 -0.233455630654091E+005  0.263054751477071E-002 
      1.12000000 -0.233455628592088E+005  0.283674783950022E-002 
      1.14000000 -0.233455626429324E+005  0.305302426093047E-002 
      1.16000000 -0.233455624163657E+005  0.327959095663058E-002 
      1.18000000 -0.233455621792842E+005  0.351667238721732E-002 
      1.20000000 -0.233455619314518E+005  0.376450478127180E-002 
      1.22000000 -0.233455616726187E+005  0.402333794508157E-002 
      1.24000000 -0.233455614025201E+005  0.429343652791332E-002 
      1.26000000 -0.233455611208751E+005  0.457508155023965E-002 
      1.28000000 -0.233455608273851E+005  0.486857151123931E-002 
      1.30000000 -0.233455605217334E+005  0.517422323025001E-002 
      1.32000000 -0.233455602035842E+005  0.549237246548369E-002 
      1.34000000 -0.233455598725821E+005  0.582337455749034E-002 
      1.36000000 -0.233455595283521E+005  0.616760452815248E-002 
      1.38000000 -0.233455591704992E+005  0.652545742716571E-002 
      1.40000000 -0.233455587986086E+005  0.689734805361685E-002 
      1.42000000 -0.233455584122461E+005  0.728371051669605E-002 
      1.44000000 -0.233455580109586E+005  0.768499798202360E-002 
      1.46000000 -0.233455575942749E+005  0.810168173120268E-002 
      1.48000000 -0.233455571617061E+005  0.853425049360691E-002 
      1.50000000 -0.233455567127476E+005  0.898320904808382E-002 
      1.52000000 -0.233455562468797E+005  0.944907689890422E-002 
      1.54000000 -0.233455557635702E+005  0.993238647530077E-002 
      1.56000000 -0.233455552622752E+005  0.104336814176267E-001 
      1.58000000 -0.233455547424416E+005  0.109535150491291E-001 
      1.60000000 -0.233455542035081E+005  0.114924485631132E-001 
      1.62000000 -0.233455536449074E+005  0.120510492719782E-001 
      1.64000000 -0.233455530660681E+005  0.126298885097726E-001 
      1.66000000 -0.233455524664173E+005  0.132295393367602E-001 
      1.68000000 -0.233455518453820E+005  0.138505746183099E-001 
      1.70000000 -0.233455512023917E+005  0.144935649057952E-001 
      1.72000000 -0.233455505368803E+005  0.151590763174948E-001 
      1.74000000 -0.233455498482882E+005  0.158476684442415E-001 
      1.76000000 -0.233455491360644E+005  0.165598922550708E-001 
      1.78000000 -0.233455483996687E+005  0.172962878945947E-001 
      1.80000000 -0.233455476385736E+005  0.180573829815346E-001 
      1.82000000 -0.233455468522663E+005  0.188436903287558E-001 
      1.84000000 -0.233455460402503E+005  0.196557063346076E-001 
      1.86000000 -0.233455452020469E+005  0.204939097671479E-001 
      1.88000000 -0.233455443371964E+005  0.213587602328228E-001 
      1.90000000 -0.233455434452591E+005  0.222506975391901E-001 
      1.92000000 -0.233455425258158E+005  0.231701407946884E-001 
      1.94000000 -0.233455415784689E+005  0.241174876940210E-001 
      1.96000000 -0.233455406028424E+005  0.250931142706699E-001 
      1.98000000 -0.233455395985824E+005  0.260973741977475E-001 
      2.00000000 -0.233455385653573E+005  0.271305992891559E-001 
      2.02000000 -0.233455375028573E+005  0.281930993634697E-001 
      2.04000000 -0.233455364107939E+005  0.292851627327207E-001 
      2.06000000 -0.233455352888995E+005  0.304070571675942E-001 
      2.08000000 -0.233455341369258E+005  0.315590307976593E-001 
      2.10000000 -0.233455329546434E+005  0.327413132528990E-001 
      2.12000000 -0.233455317418394E+005  0.339541171981234E-001 
      2.14000000 -0.233455304983169E+005  0.351976397157989E-001 
      2.16000000 -0.233455292238927E+005  0.364720639208949E-001 
      2.18000000 -0.233455279183958E+005  0.377775608572460E-001 
      2.20000000 -0.233455265816653E+005  0.391142913072939E-001 
      2.22000000 -0.233455252135489E+005  0.404824077719768E-001 
      2.24000000 -0.233455238139002E+005  0.418820564134949E-001 
      2.26000000 -0.233455223825777E+005  0.433133789176436E-001 
      2.28000000 -0.233455209194422E+005  0.447765144180175E-001 
      2.30000000 -0.233455194243555E+005  0.462716011387001E-001 
      2.32000000 -0.233455178971787E+005  0.477987779441452E-001 
      2.34000000 -0.233455163377704E+005  0.493581862200710E-001 
      2.36000000 -0.233455147459856E+005  0.509499710706748E-001 
      2.38000000 -0.233455131216739E+005  0.525742827726132E-001 
      2.40000000 -0.233455114646787E+005  0.542312778855964E-001 
      2.42000000 -0.233455097748362E+005  0.559211204434150E-001 
      2.44000000 -0.233455080519739E+005  0.576439827458957E-001 
      2.46000000 -0.233455062959107E+005  0.594000459343059E-001 
      2.48000000 -0.233455045064564E+005  0.611895002202791E-001 
      2.50000000 -0.233455026834116E+005  0.630125449971831E-001 
      2.52000000 -0.233455008265681E+005  0.648693884998271E-001 
      2.54000000 -0.233454989357090E+005  0.667602476250336E-001 
      2.56000000 -0.233454970106098E+005  0.686853467932030E-001 
      2.58000000 -0.233454950510396E+005  0.706449170697374E-001 
      2.60000000 -0.233454930567618E+005  0.726391948193354E-001 
      2.62000000 -0.233454910275364E+005  0.746684202489172E-001 
      2.64000000 -0.233454889631210E+005  0.767328356628477E-001 
      2.66000000 -0.233454868632732E+005  0.788326834737672E-001 
      2.68000000 -0.233454847277526E+005  0.809682040370874E-001 
      2.70000000 -0.233454825563230E+005  0.831396336061381E-001 
      2.72000000 -0.233454803487547E+005  0.853472019655810E-001 
      2.74000000 -0.233454781048257E+005  0.875911309774287E-001 
      2.76000000 -0.233454758243246E+005  0.898716319948151E-001 
      2.78000000 -0.233454735070527E+005  0.921889039099488E-001 
      2.80000000 -0.233454711528261E+005  0.945431305709767E-001 
      2.82000000 -0.233454687614780E+005  0.969344786319486E-001 
      2.84000000 -0.233454663328609E+005  0.993630957214197E-001 
      2.86000000 -0.233454638668484E+005  0.101829108208889E+000 
      2.88000000 -0.233454613633368E+005  0.104332619868374E+000 
      2.90000000 -0.233454588222467E+005  0.106873709910897E+000 
      2.92000000 -0.233454562435249E+005  0.109452431731584E+000 
      2.94000000 -0.233454536271451E+005  0.112068811486623E+000 
      2.96000000 -0.233454509731094E+005  0.114722847248717E+000 
      2.98000000 -0.233454482814486E+005  0.117414508063541E+000 
      3.00000000 -0.233454455522229E+005  0.120143733711537E+000 
      3.02000000 -0.233454427855222E+005  0.122910434420216E+000 
      3.04000000 -0.233454399814660E+005  0.125714490647601E+000 
      3.06000000 -0.233454371402033E+005  0.128555753286406E+000 
      3.08000000 -0.233454342619123E+005  0.131434044279661E+000 
      3.10000000 -0.233454313467987E+005  0.134349157941663E+000 
      3.12000000 -0.233454283950949E+005  0.137300861743747E+000 
      3.14000000 -0.233454254070587E+005  0.140288897907481E+000 
      3.16000000 -0.233454223829714E+005  0.143312985254620E+000 
      3.18000000 -0.233454193231357E+005  0.146372820942603E+000 
      3.20000000 -0.233454162278739E+005  0.149468082769270E+000 
      3.22000000 -0.233454130975253E+005  0.152598431329083E+000 
      3.24000000 -0.233454099324443E+005  0.155763512302372E+000 
      3.26000000 -0.233454067329975E+005  0.158962959115810E+000 
      3.28000000 -0.233454034995611E+005  0.162196395537928E+000 
      3.30000000 -0.233454002325184E+005  0.165463438225123E+000 
      3.32000000 -0.233453969322572E+005  0.168763699388322E+000 
      3.34000000 -0.233453935991673E+005  0.172096789292594E+000 
      3.36000000 -0.233453902336374E+005  0.175462319186765E+000 
      3.38000000 -0.233453868360525E+005  0.178859904106198E+000 
      3.40000000 -0.233453834067915E+005  0.182289165143479E+000 
      3.42000000 -0.233453799462240E+005  0.185749732625518E+000 
      3.44000000 -0.233453764547087E+005  0.189241247941855E+000 
      3.46000000 -0.233453729325909E+005  0.192763365710163E+000 
      3.48000000 -0.233453693802014E+005  0.196315755180730E+000 
      3.50000000 -0.233453657978550E+005  0.199898101582165E+000 
      3.52000000 -0.233453621858497E+005  0.203510106897888E+000 
      3.54000000 -0.233453585444661E+005  0.207151490497217E+000 
      3.56000000 -0.233453548739675E+005  0.210821989141555E+000 
      3.58000000 -0.233453511745996E+005  0.214521357012235E+000 
      3.60000000 -0.233453474465918E+005  0.218249364804100E+000 
      3.62000000 -0.233453436901573E+005  0.222005799283122E+000 
      3.64000000 -0.233453399054947E+005  0.225790461953069E+000 
      3.66000000 -0.233453360927892E+005  0.229603167440662E+000 
      3.68000000 -0.233453322522151E+005  0.233443741509496E+000 
      3.70000000 -0.233453283839380E+005  0.237312018662517E+000 
      3.72000000 -0.233453244881173E+005  0.241207839305218E+000 
      3.74000000 -0.233453205649096E+005  0.245131047020193E+000 
      3.76000000 -0.233453166144720E+005  0.249081484675420E+000 
      3.78000000 -0.233453126369653E+005  0.253058991346153E+000 
      3.80000000 -0.233453086325585E+005  0.257063398175715E+000 
      3.82000000 -0.233453046014319E+005  0.261094524774578E+000 
      3.84000000 -0.233453005437814E+005  0.265152175251303E+000 
      3.86000000 -0.233452964598220E+005  0.269236134658019E+000 
      3.88000000 -0.233452923497910E+005  0.273346165593681E+000 
      3.90000000 -0.233452882139516E+005  0.277482005023869E+000 
      3.92000000 -0.233452840525952E+005  0.281643361437792E+000 
      3.94000000 -0.233452798660443E+005  0.285829912345587E+000 
      3.96000000 -0.233452756546550E+005  0.290041301624030E+000 
      3.98000000 -0.233452714188195E+005  0.294277137103545E+000 
      4.00000000 -0.233452671589684E+005  0.298536988213993E+000 
      4.02000000 -0.233452628755727E+005  0.302820383899601E+000 
      4.04000000 -0.233452585691456E+005  0.307126811062896E+000 
      4.06000000 -0.233452542402431E+005  0.311455713488136E+000 
      4.08000000 -0.233452498894660E+005  0.315806490579135E+000 
      4.10000000 -0.233452455174595E+005  0.320178497102493E+000 
      4.12000000 -0.233452411249130E+005  0.324571043599043E+000 
      4.14000000 -0.233452367125594E+005  0.328983397231493E+000 
      4.16000000 -0.233452322811732E+005  0.333414783411643E+000 
      4.18000000 -0.233452278315684E+005  0.337864388244312E+000 
      4.20000000 -0.233452233645956E+005  0.342331361064072E+000 
      4.22000000 -0.233452188811392E+005  0.346814817380331E+000 
      4.24000000 -0.233452143821145E+005  0.351313842134871E+000 
      4.26000000 -0.233452098684638E+005  0.355827492866572E+000 
      4.28000000 -0.233452053411534E+005  0.360354803188596E+000 
      4.30000000 -0.233452008011702E+005  0.364894786444996E+000 
      4.32000000 -0.233451962495175E+005  0.369446439088893E+000 
      4.34000000 -0.233451916872121E+005  0.374008744487585E+000 
      4.36000000 -0.233451871152799E+005  0.378580676777134E+000 
      4.38000000 -0.233451825347515E+005  0.383161205106761E+000 
      4.40000000 -0.233451779466590E+005  0.387749297663582E+000 
      4.42000000 -0.233451733520309E+005  0.392343925722103E+000 
      4.44000000 -0.233451687518895E+005  0.396944067146149E+000 
      4.46000000 -0.233451641472465E+005  0.401548710104244E+000 
      4.48000000 -0.233451595391005E+005  0.406156856141540E+000 
      4.50000000 -0.233451549284332E+005  0.410767523428066E+000 
      4.52000000 -0.233451503162078E+005  0.415379748806678E+000 
      4.54000000 -0.233451457033668E+005  0.419992589785321E+000 
      4.56000000 -0.233451410908305E+005  0.424605126145692E+000 
      4.58000000 -0.233451364794950E+005  0.429216461607580E+000 
      4.60000000 -0.233451318702318E+005  0.433825724849746E+000 
      4.62000000 -0.233451272638867E+005  0.438432069933747E+000 
      4.64000000 -0.233451226612797E+005  0.443034676969052E+000 
      4.66000000 -0.233451180632044E+005  0.447632752193475E+000 
      4.68000000 -0.233451134704280E+005  0.452225528629015E+000 
      4.70000000 -0.233451088836901E+005  0.456812266496393E+000 
      4.72000000 -0.233451043037029E+005  0.461392253682183E+000 
      4.74000000 -0.233450997311507E+005  0.465964805896584E+000 
      4.76000000 -0.233450951666893E+005  0.470529267310698E+000 
      4.78000000 -0.233450906109460E+005  0.475085010649337E+000 
      4.80000000 -0.233450860645194E+005  0.479631437274547E+000 
      4.82000000 -0.233450815279796E+005  0.484167977064961E+000 
      4.84000000 -0.233450770018691E+005  0.488694087571254E+000 
      4.86000000 -0.233450724867042E+005  0.493209252398199E+000 
      4.88000000 -0.233450679829775E+005  0.497712979144346E+000 
      4.90000000 -0.233450634911600E+005  0.502204796617807E+000 
      4.92000000 -0.233450590117052E+005  0.506684251454973E+000 
      4.94000000 -0.233450545450529E+005  0.511150903727636E+000 
      4.96000000 -0.233450500916351E+005  0.515604321557074E+000 
      4.98000000 -0.233450456518816E+005  0.520044074982584E+000 
      5.00000000 -0.233450412262276E+005  0.524469729013305E+000 
      5.02000000 -0.233450368151201E+005  0.528880836509905E+000 
      5.04000000 -0.233450324190264E+005  0.533276930258833E+000 
      5.06000000 -0.233450280384408E+005  0.537657515789037E+000 
      5.08000000 -0.233450236738927E+005  0.542022063907166E+000 
      5.10000000 -0.233450193259521E+005  0.546370004553724E+000 
      5.12000000 -0.233450149952351E+005  0.550700721574931E+000 
      5.14000000 -0.233450106824080E+005  0.555013548648476E+000 
      5.16000000 -0.233450063881896E+005  0.559307767034493E+000 
      5.18000000 -0.233450021133516E+005  0.563582605003247E+000 
      5.20000000 -0.233449978587178E+005  0.567837238868390E+000 
      5.22000000 -0.233449936251611E+005  0.572070795492753E+000 
      5.24000000 -0.233449894136001E+005  0.576282356504899E+000 
      5.26000000 -0.233449852249933E+005  0.580470963307613E+000 
      5.28000000 -0.233449810603332E+005  0.584635623453772E+000 
      5.30000000 -0.233449769206388E+005  0.588775317789408E+000 
      5.32000000 -0.233449728069491E+005  0.592889007510153E+000 
      5.34000000 -0.233449687203146E+005  0.596975642003463E+000 
      5.36000000 -0.233449646617903E+005  0.601034166356719E+000 
      5.38000000 -0.233449606324281E+005  0.605063528562172E+000 
      5.40000000 -0.233449566332702E+005  0.609062686384681E+000 
      5.42000000 -0.233449526653437E+005  0.613030612899213E+000 
      5.44000000 -0.233449487296555E+005  0.616966301177613E+000 
      5.46000000 -0.233449448271891E+005  0.620868767573980E+000 
      5.48000000 -0.233449409589025E+005  0.624737054085070E+000 
      5.50000000 -0.233449371257275E+005  0.628570229095842E+000 
      5.52000000 -0.233449333285693E+005  0.632367387363995E+000 
      5.54000000 -0.233449295683074E+005  0.636127649221823E+000 
      5.56000000 -0.233449258457975E+005  0.639850159125326E+000 
      5.58000000 -0.233449221618726E+005  0.643534084051743E+000 
      5.60000000 -0.233449185173451E+005  0.647178611504191E+000 
      5.62000000 -0.233449149130085E+005  0.650782948097898E+000 
      5.64000000 -0.233449113496392E+005  0.654346317434925E+000 
      5.66000000 -0.233449078279976E+005  0.657867959058528E+000 
      5.68000000 -0.233449043488290E+005  0.661347127583868E+000 
      5.70000000 -0.233449009128648E+005  0.664783091819434E+000 
      5.72000000 -0.233448975208219E+005  0.668175134729920E+000 
      5.74000000 -0.233448941734031E+005  0.671522553525939E+000 
      5.76000000 -0.233448908712958E+005  0.674824660811741E+000 
      5.78000000 -0.233448876151711E+005  0.678080785553499E+000 
      5.80000000 -0.233448844056818E+005  0.681290274858119E+000 
      5.82000000 -0.233448812434609E+005  0.684452495761325E+000 
      5.84000000 -0.233448781291188E+005  0.687566837782954E+000 
      5.86000000 -0.233448750632409E+005  0.690632715689519E+000 
      5.88000000 -0.233448720463851E+005  0.693649571551439E+000 
      5.90000000 -0.233448690790790E+005  0.696616877616967E+000 
      5.92000000 -0.233448661618182E+005  0.699534138431295E+000 
      5.94000000 -0.233448632950639E+005  0.702400892751476E+000 
      5.96000000 -0.233448604792421E+005  0.705216714523991E+000 
      5.98000000 -0.233448577147433E+005  0.707981213373539E+000 
      6.00000000 -0.233448550019230E+005  0.710694033650213E+000 
      6.02000000 -0.233448523411033E+005  0.713354853359121E+000 
      6.04000000 -0.233448497325747E+005  0.715963381905172E+000 
      6.06000000 -0.233448471765994E+005  0.718519357188207E+000 
      6.08000000 -0.233448446734153E+005  0.721022541324580E+000 
      6.10000000 -0.233448422232404E+005  0.723472716272847E+000 
      6.12000000 -0.233448398262779E+005  0.725869678729358E+000 
      6.14000000 -0.233448374827225E+005  0.728213234123631E+000 
      6.16000000 -0.233448351927661E+005  0.730503190505443E+000 
      6.18000000 -0.233448329566046E+005  0.732739352026665E+000 
      6.20000000 -0.233448307744440E+005  0.734921512593242E+000 
      6.22000000 -0.233448286465072E+005  0.737049449411995E+000 
      6.24000000 -0.233448265730391E+005  0.739122917539738E+000 
      6.26000000 -0.233448245543115E+005  0.741141645174857E+000 
      6.28000000 -0.233448225906270E+005  0.743105329583067E+000 
      6.30000000 -0.233448206823222E+005  0.745013634470967E+000 
      6.32000000 -0.233448188297679E+005  0.746866188767171E+000 
      6.34000000 -0.233448170333698E+005  0.748662586783175E+000 
      6.36000000 -0.233448152935667E+005  0.750402389886980E+000 
      6.38000000 -0.233448136108273E+005  0.752085129339904E+000 
      6.40000000 -0.233448119856460E+005  0.753710310627583E+000 
      6.42000000 -0.233448104185379E+005  0.755277418740714E+000 
      6.44000000 -0.233448089100319E+005  0.756785924773649E+000 
      6.46000000 -0.233448074606632E+005  0.758235293386098E+000 
      6.48000000 -0.233448060709662E+005  0.759624990419519E+000 
      6.50000000 -0.233448047414649E+005  0.760954491760215E+000 
      6.52000000 -0.233448034726651E+005  0.762223291490900E+000 
      6.54000000 -0.233448022650457E+005  0.763430910923950E+000 
      6.56000000 -0.233448011190501E+005  0.764576906558077E+000 
      6.58000000 -0.233448000350786E+005  0.765660878004073E+000 
      6.60000000 -0.233447990134814E+005  0.766682475273275E+000 
      6.62000000 -0.233447980545523E+005  0.767641404333628E+000 
      6.64000000 -0.233447971585247E+005  0.768537431923291E+000 
      6.66000000 -0.233447963255676E+005  0.769370389015440E+000 
      6.68000000 -0.233447955557843E+005  0.770140172377435E+000 
      6.70000000 -0.233447948492113E+005  0.770846745291618E+000 
      6.72000000 -0.233447942058207E+005  0.771490135890973E+000 
      6.74000000 -0.233447936255220E+005  0.772070434637857E+000 
      6.76000000 -0.233447931081665E+005  0.772587790153864E+000 
      6.78000000 -0.233447926535523E+005  0.773042404310316E+000 
      6.80000000 -0.233447922614308E+005  0.773434525830750E+000 
      6.82000000 -0.233447919315132E+005  0.773764443407708E+000 
      6.84000000 -0.233447916634786E+005  0.774032478049229E+000 
      6.86000000 -0.233447914569812E+005  0.774238975450092E+000 
      6.88000000 -0.233447913116584E+005  0.774384298251687E+000 
      6.90000000 -0.233447912271380E+005  0.774468818605059E+000 
      6.92000000 -0.233447912030457E+005  0.774492910947404E+000 
      6.94000000 -0.233447912390105E+005  0.774456946130463E+000 
      6.96000000 -0.233447913346705E+005  0.774361286176912E+000 
      6.98000000 -0.233447914896761E+005  0.774206280487633E+000 
      7.00000000 -0.233447917036937E+005  0.773992262955412E+000 
      7.02000000 -0.233447919764061E+005  0.773719550498582E+000 
      7.04000000 -0.233447923075138E+005  0.773388442810442E+000 
      7.06000000 -0.233447926967337E+005  0.772999222894446E+000 
      7.08000000 -0.233447931437975E+005  0.772552159090497E+000 
      7.10000000 -0.233447936484486E+005  0.772047508020033E+000 
      7.12000000 -0.233447942104390E+005  0.771485517630101E+000 
      7.14000000 -0.233447948295254E+005  0.770866431193355E+000 
      7.16000000 -0.233447955054652E+005  0.770190491410139E+000 
      7.18000000 -0.233447962380120E+005  0.769457944600279E+000 
      7.20000000 -0.233447970269116E+005  0.768669045074310E+000 
      7.22000000 -0.233447978718980E+005  0.767824058632309E+000 
      7.24000000 -0.233447987726906E+005  0.766923265988485E+000 
      7.26000000 -0.233447997289920E+005  0.765966964599481E+000 
      7.28000000 -0.233448007404857E+005  0.764955470919593E+000 
      7.30000000 -0.233448018068359E+005  0.763889120756530E+000 
      7.32000000 -0.233448029276873E+005  0.762768269311630E+000 
      7.34000000 -0.233448041026662E+005  0.761593290477622E+000 
      7.36000000 -0.233448053313815E+005  0.760364575168090E+000 
      7.38000000 -0.233448066134272E+005  0.759082529436579E+000 
      7.40000000 -0.233448079483843E+005  0.757747572289441E+000 
      7.42000000 -0.233448093358231E+005  0.756360133529607E+000 
      7.44000000 -0.233448107753048E+005  0.754920651863322E+000 
      7.46000000 -0.233448122663836E+005  0.753429573074933E+000 
      7.48000000 -0.233448138086077E+005  0.751887348968887E+000 
      7.50000000 -0.233448154015195E+005  0.750294437177929E+000 
      7.52000000 -0.233448170446551E+005  0.748651301503393E+000 
      7.54000000 -0.233448187375430E+005  0.746958413641423E+000 
      7.56000000 -0.233448204797011E+005  0.745216255490775E+000 
      7.58000000 -0.233448222706346E+005  0.743425322073158E+000 
      7.60000000 -0.233448241098312E+005  0.741586125437323E+000 
      7.62000000 -0.233448259967570E+005  0.739699199596414E+000 
      7.64000000 -0.233448279308514E+005  0.737765105261138E+000 
      7.66000000 -0.233448299115216E+005  0.735784434993665E+000 
      7.68000000 -0.233448319381382E+005  0.733757818386271E+000 
      7.70000000 -0.233448340100300E+005  0.731685926584152E+000 
      7.72000000 -0.233448361264799E+005  0.729569476706140E+000 
      7.74000000 -0.233448382867222E+005  0.727409234464965E+000 
      7.76000000 -0.233448404899406E+005  0.725206015995555E+000 
      7.78000000 -0.233448427352682E+005  0.722960688396416E+000 
      7.80000000 -0.233448450217878E+005  0.720674168792277E+000 
      7.82000000 -0.233448473485351E+005  0.718347421568431E+000 
      7.84000000 -0.233448497145023E+005  0.715981454318152E+000 
      7.86000000 -0.233448521186441E+005  0.713577312543399E+000 
      7.88000000 -0.233448545598841E+005  0.711136072502466E+000 
      7.90000000 -0.233448570371237E+005  0.708658832968696E+000 
      7.92000000 -0.233448595492503E+005  0.706146706324072E+000 
      7.94000000 -0.233448620951481E+005  0.703600808570064E+000 
      7.96000000 -0.233448646737076E+005  0.701022249056952E+000 
      7.98000000 -0.233448672838362E+005  0.698412120429703E+000 
      8.00000000 -0.233448699244675E+005  0.695771489090478E+000 
      8.02000000 -0.233448725945706E+005  0.693101386023081E+000 
      8.04000000 -0.233448752931569E+005  0.690402799717952E+000 
      8.06000000 -0.233448780192864E+005  0.687676670247970E+000 
      8.08000000 -0.233448807720713E+005  0.684923885370542E+000 
      8.10000000 -0.233448835506783E+005  0.682145278287858E+000 
      8.12000000 -0.233448863543293E+005  0.679341627297316E+000 
      8.14000000 -0.233448891822988E+005  0.676513657876591E+000 
      8.16000000 -0.233448920339104E+005  0.673662046194846E+000 
      8.18000000 -0.233448949085320E+005  0.670787424622390E+000 
      8.20000000 -0.233448978055674E+005  0.667890389198573E+000 
      8.22000000 -0.233449007244488E+005  0.664971507835946E+000 
      8.24000000 -0.233449036646259E+005  0.662031330745620E+000 
      8.26000000 -0.233449066255561E+005  0.659070400519224E+000 
      8.28000000 -0.233449096066929E+005  0.656089263745292E+000 
      8.30000000 -0.233449126074749E+005  0.653088481743964E+000 
      8.32000000 -0.233449156273156E+005  0.650068640992345E+000 
      8.34000000 -0.233449186655938E+005  0.647030362816676E+000 
      8.36000000 -0.233449217216450E+005  0.643974311667654E+000 
      8.38000000 -0.233449247947546E+005  0.640901202019103E+000 
      8.40000000 -0.233449278841532E+005  0.637811803391944E+000 
      8.42000000 -0.233449309890132E+005  0.634706943426117E+000 
      8.44000000 -0.233449341084471E+005  0.631587509510895E+000 
      8.46000000 -0.233449372415080E+005  0.628454448636391E+000 
      8.48000000 -0.233449403871912E+005  0.625308765419861E+000 
      8.50000000 -0.233449435444385E+005  0.622151518161387E+000 
      8.52000000 -0.233449467121425E+005  0.618983814150927E+000 
      8.54000000 -0.233449498891530E+005  0.615806803580155E+000 
      8.56000000 -0.233449530742843E+005  0.612621672334431E+000 
      8.58000000 -0.233449562663219E+005  0.609429634753825E+000 
      8.60000000 -0.233449594640307E+005  0.606231925893000E+000 
      8.62000000 -0.233449626661633E+005  0.603029793329411E+000 
      8.64000000 -0.233449658714666E+005  0.599824490023337E+000 
      8.66000000 -0.233449690786895E+005  0.596617267159347E+000 
      8.68000000 -0.233449722865887E+005  0.593409367943673E+000 
      8.70000000 -0.233449754939348E+005  0.590202021797573E+000 
      8.72000000 -0.233449786995172E+005  0.586996439457103E+000 
      8.74000000 -0.233449819021477E+005  0.583793808976218E+000 
      8.76000000 -0.233449851006639E+005  0.580595292704348E+000 
      8.78000000 -0.233449882939318E+005  0.577402024833191E+000 
      8.80000000 -0.233449914808470E+005  0.574215109620999E+000 
      8.82000000 -0.233449946603364E+005  0.571035620238677E+000 
      8.84000000 -0.233449978313584E+005  0.567864598216033E+000 
      8.86000000 -0.233450009929030E+005  0.564703053590264E+000 
      8.88000000 -0.233450041439915E+005  0.561551965125609E+000 
      8.90000000 -0.233450072836759E+005  0.558412280703130E+000 
      8.92000000 -0.233450104110385E+005  0.555284918159079E+000 
      8.94000000 -0.233450135251906E+005  0.552170766045912E+000 
      8.96000000 -0.233450166252720E+005  0.549070684668643E+000 
      8.98000000 -0.233450197104495E+005  0.545985507133561E+000 
      9.00000000 -0.233450227799163E+005  0.542916040362923E+000 
      9.02000000 -0.233450258328905E+005  0.539863066103467E+000 
      9.04000000 -0.233450288686146E+005  0.536827342077213E+000 
      9.06000000 -0.233450318863534E+005  0.533809603187963E+000 
      9.08000000 -0.233450348853935E+005  0.530810563092839E+000 
      9.10000000 -0.233450378650408E+005  0.527830915786189E+000 
      9.12000000 -0.233450408246192E+005  0.524871337443363E+000 
      9.14000000 -0.233450437634678E+005  0.521932488812046E+000 
      9.16000000 -0.233450466809392E+005  0.519015017476756E+000 
      9.18000000 -0.233450495763957E+005  0.516119560924576E+000 
      9.20000000 -0.233450524492071E+005  0.513246749576864E+000 
      9.22000000 -0.233450552987463E+005  0.510397210309736E+000 
      9.24000000 -0.233450581243868E+005  0.507571569822975E+000 
      9.26000000 -0.233450609254981E+005  0.504770458491536E+000 
      9.28000000 -0.233450637014427E+005  0.501994513904589E+000 
      9.30000000 -0.233450664515720E+005  0.499244384593287E+000 
      9.32000000 -0.233450691752233E+005  0.496520733362543E+000 
      9.34000000 -0.233450718717161E+005  0.493824240560941E+000 
      9.36000000 -0.233450745403499E+005  0.491155606756680E+000 
      9.38000000 -0.233450771804019E+005  0.488515554705088E+000 
      9.40000000 -0.233450797911257E+005  0.485904830920160E+000 
      9.42000000 -0.233450823717504E+005  0.483324206184996E+000 
      9.44000000 -0.233450849214811E+005  0.480774475536336E+000 
      9.46000000 -0.233450874394995E+005  0.478256457163243E+000 
      9.48000000 -0.233450899249661E+005  0.475770990520026E+000 
      9.50000000 -0.233450923770231E+005  0.473318933548204E+000 
      9.52000000 -0.233450947947973E+005  0.470901159298323E+000 
      9.54000000 -0.233450971774049E+005  0.468518551741256E+000 
      9.56000000 -0.233450995239554E+005  0.466172001214451E+000 
      9.58000000 -0.233451018335574E+005  0.463862399193798E+000 
      9.60000000 -0.233451041053233E+005  0.461590633343897E+000 
      9.62000000 -0.233451063383746E+005  0.459357582023871E+000 
      9.64000000 -0.233451085318472E+005  0.457164109405702E+000 
      9.66000000 -0.233451106848962E+005  0.455011060413142E+000 
      9.68000000 -0.233451127967001E+005  0.452899256576318E+000 
      9.70000000 -0.233451148664644E+005  0.450829492229725E+000 
      9.72000000 -0.233451168934253E+005  0.448802531291820E+000 
      9.74000000 -0.233451188768516E+005  0.446819105053107E+000 
      9.76000000 -0.233451208160462E+005  0.444879910384962E+000 
      9.78000000 -0.233451227103478E+005  0.442985608820838E+000 
      9.80000000 -0.233451245591304E+005  0.441136826206692E+000 
      9.82000000 -0.233451263618035E+005  0.439334153155739E+000 
      9.84000000 -0.233451281178110E+005  0.437578145614579E+000 
      9.86000000 -0.233451298266303E+005  0.435869326298616E+000 
      9.88000000 -0.233451314877705E+005  0.434208186115101E+000 
      9.90000000 -0.233451331007707E+005  0.432595185895536E+000 
      9.92000000 -0.233451346651982E+005  0.431030758455996E+000 
      9.94000000 -0.233451361806462E+005  0.429515310468744E+000 
      9.96000000 -0.233451376467321E+005  0.428049224556579E+000 
      9.98000000 -0.233451390630955E+005  0.426632861130421E+000 
     10.00000000 -0.233451404293963E+005  0.425266560356831E+000 
     10.02000000 -0.233451417453128E+005  0.423950643844001E+000 
     10.04000000 -0.233451430105401E+005  0.422685416482438E+000 
     10.06000000 -0.233451442247885E+005  0.421471168115496E+000 
     10.08000000 -0.233451453877816E+005  0.420308175055223E+000 
     10.10000000 -0.233451464992547E+005  0.419196701926138E+000 
     10.12000000 -0.233451475589535E+005  0.418137003119208E+000 
     10.14000000 -0.233451485666319E+005  0.417129324728429E+000 
     10.16000000 -0.233451495220505E+005  0.416173906144018E+000 
     10.18000000 -0.233451504249748E+005  0.415270981800281E+000 
     10.20000000 -0.233451512751736E+005  0.414420783007012E+000 
     10.22000000 -0.233451520724172E+005  0.413623539409664E+000 
     10.24000000 -0.233451528164760E+005  0.412879480672246E+000 
     10.26000000 -0.233451535071190E+005  0.412188837591022E+000 
     10.28000000 -0.233451541441131E+005  0.411551843495891E+000 
     10.30000000 -0.233451547272220E+005  0.410968734618527E+000 
     10.32000000 -0.233451552562058E+005  0.410439750779154E+000 
     10.34000000 -0.233451557308214E+005  0.409965135238051E+000 
     10.36000000 -0.233451561508224E+005  0.409545134185117E+000 
     10.38000000 -0.233451565159608E+005  0.409179995833445E+000 
     10.40000000 -0.233451568259877E+005  0.408869968906573E+000 
     10.42000000 -0.233451570806559E+005  0.408615300704991E+000 
     10.44000000 -0.233451572797218E+005  0.408416234826179E+000 
     10.46000000 -0.233451574229484E+005  0.408273008234989E+000 
     10.48000000 -0.233451575101083E+005  0.408185848287625E+000 
     10.50000000 -0.233451575409874E+005  0.408154969214248E+000 
     10.52000000 -0.233451575153879E+005  0.408180568777909E+000 
     10.54000000 -0.233451574331322E+005  0.408262824435429E+000 
     10.56000000 -0.233451572940667E+005  0.408401889891145E+000 
     10.58000000 -0.233451570980650E+005  0.408597891644488E+000 
     10.60000000 -0.233451568450310E+005  0.408850925652006E+000 
     10.62000000 -0.233451565349022E+005  0.409161054453440E+000 
     10.64000000 -0.233451561676518E+005  0.409528304802037E+000 
     10.66000000 -0.233451557432911E+005  0.409952665526892E+000 
     10.68000000 -0.233451552618705E+005  0.410434086137748E+000 
     10.70000000 -0.233451547234806E+005  0.410972475999004E+000 
     10.72000000 -0.233451541282525E+005  0.411567704119360E+000 
     10.74000000 -0.233451534763570E+005  0.412219599634408E+000 
     10.76000000 -0.233451527680036E+005  0.412927953003849E+000 
     10.78000000 -0.233451520034388E+005  0.413692517815049E+000 
     10.80000000 -0.233451511829432E+005  0.414513013381643E+000 
     10.82000000 -0.233451503068287E+005  0.415389127895886E+000 
     10.84000000 -0.233451493754346E+005  0.416320522020297E+000 
     10.86000000 -0.233451483891232E+005  0.417306833463063E+000 
     10.88000000 -0.233451473482752E+005  0.418347681414217E+000 
     10.90000000 -0.233451462532849E+005  0.419442671752138E+000 
     10.92000000 -0.233451451045544E+005  0.420591402178881E+000 
     10.94000000 -0.233451439024890E+005  0.421793467655593E+000 
     10.96000000 -0.233451426474909E+005  0.423048465720368E+000 
     10.98000000 -0.233451413399552E+005  0.424356001403945E+000 
     11.00000000 -0.233451399802643E+005  0.425715692377413E+000 
     11.02000000 -0.233451385687836E+005  0.427127173014081E+000 
     11.04000000 -0.233451371058584E+005  0.428590098213137E+000 
     11.06000000 -0.233451355918102E+005  0.430104146437539E+000 
     11.08000000 -0.233451340269348E+005  0.431669021823835E+000 
     11.10000000 -0.233451324115008E+005  0.433284455846509E+000 
     11.12000000 -0.233451307457494E+005  0.434950207265384E+000 
     11.14000000 -0.233451290298948E+005  0.436666061800804E+000 
     11.16000000 -0.233451272641260E+005  0.438431830639432E+000 
     11.18000000 -0.233451254486087E+005  0.440247347965577E+000 
     11.20000000 -0.233451235834889E+005  0.442112467719127E+000 
     11.22000000 -0.233451216688970E+005  0.444027059657426E+000 
     11.24000000 -0.233451197049522E+005  0.445991004421018E+000 
     11.26000000 -0.233451176917682E+005  0.448004188404501E+000 
     11.28000000 -0.233451156294587E+005  0.450066497912758E+000 
     11.30000000 -0.233451135181433E+005  0.452177813314099E+000 
     11.32000000 -0.233451113579542E+005  0.454338002460224E+000 
     11.34000000 -0.233451091490421E+005  0.456546914539289E+000 
     11.36000000 -0.233451068915831E+005  0.458804373548455E+000 
     11.38000000 -0.233451045857843E+005  0.461110172354227E+000 
     11.40000000 -0.233451022318898E+005  0.463464066842498E+000 
     11.42000000 -0.233450998301864E+005  0.465865770269679E+000 
     11.44000000 -0.233450973810082E+005  0.468314948461469E+000 
     11.46000000 -0.233450948847414E+005  0.470811215256018E+000 
     11.48000000 -0.233450923418275E+005  0.473354129110270E+000 
     11.50000000 -0.233450897527665E+005  0.475943190133230E+000 
     11.52000000 -0.233450871181186E+005  0.478577837997794E+000 
     11.54000000 -0.233450844385057E+005  0.481257450938431E+000 
     11.56000000 -0.233450817146109E+005  0.483981345701690E+000 
     11.58000000 -0.233450789471781E+005  0.486748778502111E+000 
     11.60000000 -0.233450761370097E+005  0.489558946974271E+000 
     11.62000000 -0.233450732849633E+005  0.492410993315862E+000 
     11.64000000 -0.233450703919483E+005  0.495304008358835E+000 
     11.66000000 -0.233450674589200E+005  0.498237036673799E+000 
     11.68000000 -0.233450644868741E+005  0.501209082534438E+000 
     11.70000000 -0.233450614768399E+005  0.504219116717193E+000 
     11.72000000 -0.233450584298730E+005  0.507266083628859E+000 
     11.74000000 -0.233450553470474E+005  0.510348909195208E+000 
     11.76000000 -0.233450522294478E+005  0.513466508854786E+000 
     11.78000000 -0.233450490781609E+005  0.516617795688836E+000 
     11.80000000 -0.233450458942683E+005  0.519801688328475E+000 
     11.82000000 -0.233450426788382E+005  0.523017118438059E+000 
     11.84000000 -0.233450394329189E+005  0.526263037771626E+000 
     11.86000000 -0.233450361575321E+005  0.529538424558042E+000 
     11.88000000 -0.233450328536681E+005  0.532842288484752E+000 
     11.90000000 -0.233450295222815E+005  0.536173675167992E+000 
     11.92000000 -0.233450261642879E+005  0.539531668708091E+000 
     11.94000000 -0.233450227805631E+005  0.542915393527051E+000 
     11.96000000 -0.233450193719423E+005  0.546324014309769E+000 
     11.98000000 -0.233450159392217E+005  0.549756734961503E+000 
     12.00000000 -0.233450124831607E+005  0.553212795913366E+000 
     12.02000000 -0.233450090044860E+005  0.556691470654429E+000 
     12.04000000 -0.233450055038957E+005  0.560192060945955E+000 
     12.06000000 -0.233450019820655E+005  0.563713891082818E+000 
     12.08000000 -0.233449984396549E+005  0.567256301740378E+000 
     12.10000000 -0.233449948773134E+005  0.570818643233580E+000 
     12.12000000 -0.233449912956880E+005  0.574400268670868E+000 
     12.14000000 -0.233449876954292E+005  0.578000527411270E+000 
     12.16000000 -0.233449840771978E+005  0.581618758815377E+000 
     12.18000000 -0.233449804416701E+005  0.585254286540786E+000 
     12.20000000 -0.233449767895427E+005  0.588906413898643E+000 
     12.22000000 -0.233449731215365E+005  0.592574420144444E+000 
     12.24000000 -0.233449694383986E+005  0.596257558015549E+000 
     12.26000000 -0.233449657409044E+005  0.599955052196769E+000 
     12.28000000 -0.233449620298574E+005  0.603666099181151E+000 
     12.30000000 -0.233449583060879E+005  0.607389868696123E+000 
     12.32000000 -0.233449545704510E+005  0.611125505609133E+000 
     12.34000000 -0.233449508238236E+005  0.614872133070722E+000 
     12.36000000 -0.233449470671003E+005  0.618628856313438E+000 
     12.38000000 -0.233449433011895E+005  0.622394767149894E+000 
     12.40000000 -0.233449395270076E+005  0.626168949015300E+000 
     12.42000000 -0.233449357454750E+005  0.629950481675882E+000 
     12.44000000 -0.233449319575105E+005  0.633738446104364E+000 
     12.46000000 -0.233449281640277E+005  0.637531928928525E+000 
     12.48000000 -0.233449243659304E+005  0.641330026211552E+000 
     12.50000000 -0.233449205641098E+005  0.645131846854975E+000 
     12.52000000 -0.233449167594415E+005  0.648936515079713E+000 
     12.54000000 -0.233449129527847E+005  0.652743171923366E+000 
     12.56000000 -0.233449091449806E+005  0.656550976029076E+000 
     12.58000000 -0.233449053368532E+005  0.660359103419698E+000 
     12.60000000 -0.233449015292099E+005  0.664166746773903E+000 
     12.62000000 -0.233448977228429E+005  0.667973113727799E+000 
     12.64000000 -0.233448939185319E+005  0.671777424768216E+000 
     12.66000000 -0.233448901170463E+005  0.675578910371136E+000 
     12.68000000 -0.233448863191484E+005  0.679376808192737E+000 
     12.70000000 -0.233448825255966E+005  0.683170360019118E+000 
     12.72000000 -0.233448787371482E+005  0.686958808425240E+000 
     12.74000000 -0.233448749545625E+005  0.690741394129920E+000 
     12.76000000 -0.233448711786034E+005  0.694517353205422E+000 
     12.78000000 -0.233448674100419E+005  0.698285914772745E+000 
     12.80000000 -0.233448636496571E+005  0.702046299560014E+000 
     12.82000000 -0.233448598982378E+005  0.705797718801171E+000 
     12.84000000 -0.233448561565828E+005  0.709539373781212E+000 
     12.86000000 -0.233448524255004E+005  0.713270456207426E+000 
     12.88000000 -0.233448487058077E+005  0.716990148905441E+000 
     12.90000000 -0.233448449983296E+005  0.720697627072126E+000 
     12.92000000 -0.233448413038966E+005  0.724392060026556E+000 
     12.94000000 -0.233448376233434E+005  0.728072613273427E+000 
     12.96000000 -0.233448339575063E+005  0.731738450297328E+000 
     12.98000000 -0.233448303072217E+005  0.735388734938610E+000 
     13.00000000 -0.233448266733237E+005  0.739022632940173E+000 
     13.02000000 -0.233448230566428E+005  0.742639313862392E+000 
     13.04000000 -0.233448194580041E+005  0.746237952571123E+000 
     13.06000000 -0.233448158782264E+005  0.749817730215277E+000 
     13.08000000 -0.233448123181219E+005  0.753377834731071E+000 
     13.10000000 -0.233448087784955E+005  0.756917461160666E+000 
     13.12000000 -0.233448052601452E+005  0.760435811451086E+000 
     13.14000000 -0.233448017638626E+005  0.763932094030399E+000 
     13.16000000 -0.233447982904339E+005  0.767405522746615E+000 
     13.18000000 -0.233447948406405E+005  0.770855316134517E+000 
     13.20000000 -0.233447914152602E+005  0.774280696428800E+000 
     13.22000000 -0.233447880150680E+005  0.777680888676224E+000 
     13.24000000 -0.233447846408366E+005  0.781055120076676E+000 
     13.26000000 -0.233447812933367E+005  0.784402619918208E+000 
     13.28000000 -0.233447779733372E+005  0.787722619450198E+000 
     13.30000000 -0.233447746816040E+005  0.791014352675309E+000 
     13.32000000 -0.233447714188991E+005  0.794277057565260E+000 
     13.34000000 -0.233447681859791E+005  0.797509977508625E+000 
     13.36000000 -0.233447649835930E+005  0.800712363596981E+000 
     13.38000000 -0.233447618124796E+005  0.803883477025525E+000 
     13.40000000 -0.233447586733647E+005  0.807022591939165E+000 
     13.42000000 -0.233447555669579E+005  0.810128998748835E+000 
     13.44000000 -0.233447524939498E+005  0.813202006791966E+000 
     13.46000000 -0.233447494550095E+005  0.816240947172393E+000 
     13.48000000 -0.233447464507814E+005  0.819245175195000E+000 
     13.50000000 -0.233447434818848E+005  0.822214071878476E+000 
     13.52000000 -0.233447405489111E+005  0.825147045502104E+000 
     13.54000000 -0.233447376524252E+005  0.828043531435615E+000 
     13.56000000 -0.233447347929654E+005  0.830902991251334E+000 
     13.58000000 -0.233447319710460E+005  0.833724910632915E+000 
     13.60000000 -0.233447291871601E+005  0.836508796569477E+000 
     13.62000000 -0.233447264417832E+005  0.839254173417473E+000 
     13.64000000 -0.233447237353788E+005  0.841960577821042E+000 
     13.66000000 -0.233447210684035E+005  0.844627553125011E+000 
     13.68000000 -0.233447184413139E+005  0.847254642717515E+000 
     13.70000000 -0.233447158545732E+005  0.849841383449962E+000 
     13.72000000 -0.233447133086578E+005  0.852387298846636E+000 
     13.74000000 -0.233447108040644E+005  0.854891892246232E+000 
     13.76000000 -0.233447083413161E+005  0.857354640484780E+000 
     13.78000000 -0.233447059209686E+005  0.859774987990002E+000 
     13.80000000 -0.233447035436146E+005  0.862152341989365E+000 
     13.82000000 -0.233447012098877E+005  0.864486068930816E+000 
     13.84000000 -0.233446989204642E+005  0.866775492410078E+000 
     13.86000000 -0.233446966760642E+005  0.869019892440575E+000 
     13.88000000 -0.233446944774499E+005  0.871218506693950E+000 
     13.90000000 -0.233446923254236E+005  0.873370532981115E+000 
     13.92000000 -0.233446902208228E+005  0.875475133852401E+000 
     13.94000000 -0.233446881645137E+005  0.877531442970320E+000 
     13.96000000 -0.233446861573840E+005  0.879538572673367E+000 
     13.98000000 -0.233446842003331E+005  0.881495623519695E+000 
     14.00000000 -0.233446822942624E+005  0.883401694229872E+000 
     14.02000000 -0.233446804400637E+005  0.885255892941316E+000 
     14.04000000 -0.233446786386077E+005  0.887057348963878E+000 
     14.06000000 -0.233446768907317E+005  0.888805224881918E+000 
     14.08000000 -0.233446751972285E+005  0.890498728136650E+000 
     14.10000000 -0.233446735588341E+005  0.892137122574468E+000 
     14.12000000 -0.233446719762179E+005  0.893719738692866E+000 
     14.14000000 -0.233446704499736E+005  0.895245983038725E+000 
     14.16000000 -0.233446689806106E+005  0.896715346050528E+000 
     14.18000000 -0.233446675685489E+005  0.898127407694858E+000 
     14.20000000 -0.233446662141154E+005  0.899481841194154E+000 
     14.22000000 -0.233446649175414E+005  0.900778415223155E+000 
     14.24000000 -0.233446636789635E+005  0.902016993163341E+000 
     14.26000000 -0.233446624984259E+005  0.903197530683766E+000 
     14.28000000 -0.233446613758856E+005  0.904320071048094E+000 
     14.30000000 -0.233446603112179E+005  0.905384738683057E+000 
     14.32000000 -0.233446593042258E+005  0.906391730862925E+000 
     14.34000000 -0.233446583546481E+005  0.907341308512297E+000 
     14.36000000 -0.233446574621705E+005  0.908233786173639E+000 
     14.38000000 -0.233446566264356E+005  0.909069521031273E+000 
     14.40000000 -0.233446558470545E+005  0.909848902120983E+000 
     14.42000000 -0.233446551236168E+005  0.910572339876818E+000 
     14.44000000 -0.233446544557001E+005  0.911240256488419E+000 
     14.46000000 -0.233446538428797E+005  0.911853076957488E+000 
     14.48000000 -0.233446532847344E+005  0.912411222192925E+000 
     14.50000000 -0.233446527808539E+005  0.912915102706119E+000 
     14.52000000 -0.233446523308420E+005  0.913365114629519E+000 
     14.54000000 -0.233446519343197E+005  0.913761636929317E+000 
     14.56000000 -0.233446515909261E+005  0.914105030551622E+000 
     14.58000000 -0.233446513003177E+005  0.914395638963838E+000 
     14.60000000 -0.233446510621667E+005  0.914633789924191E+000 
     14.62000000 -0.233446508761585E+005  0.914819798148384E+000 
     14.64000000 -0.233446507419877E+005  0.914953968929091E+000 
     14.66000000 -0.233446506593550E+005  0.915036601671909E+000 
     14.68000000 -0.233446506279631E+005  0.915067993524122E+000 
     14.70000000 -0.233446506475143E+005  0.915048442325979E+000 
     14.72000000 -0.233446507177079E+005  0.914978248726693E+000 
     14.74000000 -0.233446508382390E+005  0.914857717678643E+000 
     14.76000000 -0.233446510087990E+005  0.914687157648512E+000 
     14.78000000 -0.233446512290774E+005  0.914466879194238E+000 
     14.80000000 -0.233446514987654E+005  0.914197191218697E+000 
     14.82000000 -0.233446518175603E+005  0.913878396369554E+000 
     14.84000000 -0.233446521851719E+005  0.913510784715992E+000 
     14.86000000 -0.233446526013296E+005  0.913094627004717E+000 
     14.88000000 -0.233446530657897E+005  0.912630166953858E+000 
     14.90000000 -0.233446535783431E+005  0.912117613577806E+000 
     14.92000000 -0.233446541388226E+005  0.911557134000833E+000 
     14.94000000 -0.233446547471092E+005  0.910948847480306E+000 
     14.96000000 -0.233446554031363E+005  0.910292820308474E+000 
     14.98000000 -0.233446561068934E+005  0.909589063182922E+000 
     15.00000000 -0.233446568584264E+005  0.908837530198071E+000 
     15.02000000 -0.233446576578358E+005  0.908038120862189E+000 
     15.04000000 -0.233446585052727E+005  0.907190683883926E+000 
     15.06000000 -0.233446594009324E+005  0.906295024278259E+000 
     15.08000000 -0.233446603450447E+005  0.905350911944984E+000 
     15.10000000 -0.233446613378640E+005  0.904358092616874E+000 
     15.12000000 -0.233446623796568E+005  0.903316299850390E+000 
     15.14000000 -0.233446634706882E+005  0.902225268417765E+000 
     15.16000000 -0.233446646112087E+005  0.901084747881623E+000 
     15.18000000 -0.233446658014410E+005  0.899894515634398E+000 
     15.20000000 -0.233446670415673E+005  0.898654389359265E+000 
     15.22000000 -0.233446683317186E+005  0.897364238033985E+000 
     15.24000000 -0.233446696719655E+005  0.896023991125020E+000 
     15.26000000 -0.233446710623110E+005  0.894633645600662E+000 
     15.28000000 -0.233446725026861E+005  0.893193270512631E+000 
     15.30000000 -0.233446739929473E+005  0.891703009291497E+000 
     15.32000000 -0.233446755328772E+005  0.890163079381648E+000 
     15.34000000 -0.233446771221871E+005  0.888573769497279E+000 
     15.36000000 -0.233446787605211E+005  0.886935435572907E+000 
     15.38000000 -0.233446804474622E+005  0.885248494461754E+000 
     15.40000000 -0.233446821825400E+005  0.883513416647280E+000 
     15.42000000 -0.233446839652386E+005  0.881730718026646E+000 
     15.44000000 -0.233446857950051E+005  0.879900951542590E+000 
     15.46000000 -0.233446876712579E+005  0.878024698691558E+000 
     15.48000000 -0.233446895933947E+005  0.876102561913507E+000 
     15.50000000 -0.233446915607991E+005  0.874135157485964E+000 
     15.52000000 -0.233446935728467E+005  0.872123109971051E+000 
     15.54000000 -0.233446956289088E+005  0.870067047785486E+000 
     15.56000000 -0.233446977283555E+005  0.867967601161918E+000 
     15.58000000 -0.233446998705553E+005  0.865825401295096E+000 
     15.60000000 -0.233447020548750E+005  0.863641081616426E+000 
     15.62000000 -0.233447042806756E+005  0.861415281063880E+000 
     15.64000000 -0.233447065473077E+005  0.859148648935817E+000 
     15.66000000 -0.233447088541054E+005  0.856841851217346E+000 
     15.68000000 -0.233447112003783E+005  0.854495578373046E+000 
     15.70000000 -0.233447135854030E+005  0.852110553591345E+000 
     15.72000000 -0.233447160084154E+005  0.849687541217613E+000 
     15.74000000 -0.233447184686014E+005  0.847227355261492E+000 
     15.76000000 -0.233447209650894E+005  0.844730867245301E+000 
     15.78000000 -0.233447234969445E+005  0.842199012115862E+000 
     15.80000000 -0.233447260631640E+005  0.839632792637377E+000 
     15.82000000 -0.233447286626756E+005  0.837033281021742E+000 
     15.84000000 -0.233447312943384E+005  0.834401618201557E+000 
     15.86000000 -0.233447339569471E+005  0.831739009530056E+000 
     15.88000000 -0.233447366492387E+005  0.829046717944302E+000 
     15.90000000 -0.233447393699030E+005  0.826326053660486E+000 
     15.92000000 -0.233447421175954E+005  0.823578361245868E+000 
     15.94000000 -0.233447448909520E+005  0.820805004630406E+000 
     15.96000000 -0.233447476886067E+005  0.818007349903370E+000 
     15.98000000 -0.233447505092088E+005  0.815186747822268E+000 
     16.00000000 -0.233447533514413E+005  0.812344515319445E+000 
     16.02000000 -0.233447562140383E+005  0.809481918332733E+000 
     16.04000000 -0.233447590958012E+005  0.806600155428059E+000 
     16.06000000 -0.233447619956128E+005  0.803700343853604E+000 
     16.08000000 -0.233447649124483E+005  0.800783508356522E+000 
     16.10000000 -0.233447678453838E+005  0.797850572811725E+000 
     16.12000000 -0.233447707936010E+005  0.794902355640295E+000 
     16.14000000 -0.233447737563882E+005  0.791939568383347E+000 
     16.16000000 -0.233447767331384E+005  0.788962818266602E+000 
     16.18000000 -0.233447797233431E+005  0.785972613527525E+000 
     16.20000000 -0.233447827265849E+005  0.782969371730861E+000 
     16.22000000 -0.233447857425261E+005  0.779953430512621E+000 
     16.24000000 -0.233447887708965E+005  0.776925060115260E+000 
     16.26000000 -0.233447918114794E+005  0.773884477249985E+000 
     16.28000000 -0.233447948640970E+005  0.770831859642754E+000 
     16.30000000 -0.233447979285959E+005  0.767767360753516E+000 
     16.32000000 -0.233448010048324E+005  0.764691124223206E+000 
     16.34000000 -0.233448040926594E+005  0.761603297210155E+000 
     16.36000000 -0.233448071919137E+005  0.758504042900514E+000 
     16.38000000 -0.233448103024057E+005  0.755393550905763E+000 
     16.40000000 -0.233448134239099E+005  0.752272046679556E+000 
     16.42000000 -0.233448165561583E+005  0.749139798376183E+000 
     16.44000000 -0.233448196988341E+005  0.745997122555120E+000 
     16.46000000 -0.233448228515693E+005  0.742844387376697E+000 
     16.48000000 -0.233448260139422E+005  0.739682014408747E+000 
     16.50000000 -0.233448291854781E+005  0.736510478555451E+000 
     16.52000000 -0.233448323656494E+005  0.733330307212792E+000 
     16.54000000 -0.233448355538789E+005  0.730142077694702E+000 
     16.56000000 -0.233448387495425E+005  0.726946414124016E+000 
     16.58000000 -0.233448419519726E+005  0.723743984041911E+000 
     16.60000000 -0.233448451604627E+005  0.720535493943880E+000 
     16.62000000 -0.233448483742712E+005  0.717321685477721E+000 
     16.64000000 -0.233448515926250E+005  0.714103331675565E+000 
     16.66000000 -0.233448548147235E+005  0.710881233108558E+000 
     16.68000000 -0.233448580397417E+005  0.707656214935593E+000 
     16.70000000 -0.233448612668327E+005  0.704429123933472E+000 
     16.72000000 -0.233448644951310E+005  0.701200825592041E+000 
     16.74000000 -0.233448677237553E+005  0.697972201339252E+000 
     16.76000000 -0.233448709518107E+005  0.694744145923995E+000 
     16.78000000 -0.233448741783926E+005  0.691517563997699E+000 
     16.80000000 -0.233448774025904E+005  0.688293366191676E+000 
     16.82000000 -0.233448806234921E+005  0.685072464572656E+000 
     16.84000000 -0.233448838401896E+005  0.681855766981546E+000 
     16.86000000 -0.233448870517858E+005  0.678644170852460E+000 
     16.88000000 -0.233448902574005E+005  0.675438556091310E+000 
     16.90000000 -0.233448934561791E+005  0.672239777552227E+000 
     16.92000000 -0.233448966472993E+005  0.669048657309807E+000 
     16.94000000 -0.233448998299794E+005  0.665865977191218E+000 
     16.96000000 -0.233449030034848E+005  0.662692471809466E+000 
     16.98000000 -0.233449061671335E+005  0.659528823106328E+000 
     17.00000000 -0.233449093203008E+005  0.656375655786230E+000 
     17.02000000 -0.233449124624217E+005  0.653233534903261E+000 
     17.04000000 -0.233449155929910E+005  0.650102965626058E+000 
     17.06000000 -0.233449187115615E+005  0.646984395093957E+000 
     17.08000000 -0.233449218177401E+005  0.643878216556190E+000 
     17.10000000 -0.233449249111810E+005  0.640784775617824E+000 
     17.12000000 -0.233449279915782E+005  0.637704378422263E+000 
     17.14000000 -0.233449310586555E+005  0.634637301154721E+000 
     17.16000000 -0.233449341121557E+005  0.631583800962542E+000 
     17.18000000 -0.233449371518294E+005  0.628544127274598E+000 
     17.20000000 -0.233449401774238E+005  0.625518532870102E+000 
     17.22000000 -0.233449431886722E+005  0.622507284430800E+000 
     17.24000000 -0.233449461852846E+005  0.619510672025877E+000 
     17.26000000 -0.233449491669397E+005  0.616529016920139E+000 
     17.28000000 -0.233449521332796E+005  0.613562677046553E+000 
     17.30000000 -0.233449550839058E+005  0.610612050811346E+000 
     17.32000000 -0.233449580183783E+005  0.607677578371647E+000 
     17.34000000 -0.233449609362161E+005  0.604759740558932E+000 
     17.36000000 -0.233449638369008E+005  0.601859055807094E+000 
     17.38000000 -0.233449667198808E+005  0.598976075812158E+000 
     17.40000000 -0.233449695845771E+005  0.596111379499809E+000 
     17.42000000 -0.233449724303901E+005  0.593265566516506E+000 
     17.44000000 -0.233449752567064E+005  0.590439250228719E+000 
     17.46000000 -0.233449780629056E+005  0.587633051009868E+000 
     17.48000000 -0.233449808483668E+005  0.584847589833526E+000 
     17.50000000 -0.233449836124737E+005  0.582083482961752E+000 
     17.52000000 -0.233449863546192E+005  0.579341337428465E+000 
     17.54000000 -0.233449890742093E+005  0.576621747314779E+000 
     17.56000000 -0.233449917706655E+005  0.573925291159681E+000 
     17.58000000 -0.233449944434269E+005  0.571252529680068E+000 
     17.60000000 -0.233449970919526E+005  0.568604004050711E+000 
     17.62000000 -0.233449997157222E+005  0.565980234400783E+000 
     17.64000000 -0.233450023142385E+005  0.563381718152608E+000 
     17.66000000 -0.233450048870285E+005  0.560808928143858E+000 
     17.68000000 -0.233450074336464E+005  0.558262310223845E+000 
     17.70000000 -0.233450099536757E+005  0.555742280954995E+000 
     17.72000000 -0.233450124467320E+005  0.553249224602795E+000 
     17.74000000 -0.233450149124659E+005  0.550783490744464E+000 
     17.76000000 -0.233450173505655E+005  0.548345391116593E+000 
     17.78000000 -0.233450197607592E+005  0.545935197440364E+000 
     17.80000000 -0.233450221428172E+005  0.543553139401444E+000 
     17.82000000 -0.233450244965533E+005  0.541199403363059E+000 
     17.84000000 -0.233450268218249E+005  0.538874131759648E+000 
     17.86000000 -0.233450291185336E+005  0.536577423072120E+000 
     17.88000000 -0.233450313866243E+005  0.534309332313543E+000 
     17.90000000 -0.233450336260845E+005  0.532069872087146E+000 
     17.92000000 -0.233450358369426E+005  0.529859013993900E+000 
     17.94000000 -0.233450380192665E+005  0.527676690148365E+000 
     17.96000000 -0.233450401731617E+005  0.525522794926566E+000 
     17.98000000 -0.233450422987698E+005  0.523397186791198E+000 
     18.00000000 -0.233450443962661E+005  0.521299690522098E+000 
     18.02000000 -0.233450464658572E+005  0.519230099449809E+000 
     18.04000000 -0.233450485077782E+005  0.517188178468716E+000 
     18.06000000 -0.233450505222889E+005  0.515173667767907E+000 
     18.08000000 -0.233450525096695E+005  0.513186287131239E+000 
     18.10000000 -0.233450544702155E+005  0.511225741122173E+000 
     18.12000000 -0.233450564042311E+005  0.509291725521507E+000 
     18.14000000 -0.233450583120222E+005  0.507383934470447E+000 
     18.16000000 -0.233450601938884E+005  0.505502068192164E+000 
     18.18000000 -0.233450620501153E+005  0.503645841288778E+000 
     18.20000000 -0.233450638809657E+005  0.501814990899107E+000 
     18.22000000 -0.233450656866722E+005  0.500009284479020E+000 
     18.24000000 -0.233450674674300E+005  0.498228526588739E+000 
     18.26000000 -0.233450692233916E+005  0.496472565005750E+000 
     18.28000000 -0.233450709546623E+005  0.494741294285502E+000 
     18.30000000 -0.233450726612985E+005  0.493034658171310E+000 
     18.32000000 -0.233450743433067E+005  0.491352649947021E+000 
     18.34000000 -0.233450760006459E+005  0.489695310710796E+000 
     18.36000000 -0.233450776332304E+005  0.488062726201101E+000 
     18.38000000 -0.233450792409348E+005  0.486455021850084E+000 
     18.40000000 -0.233450808235998E+005  0.484872356822244E+000 
     18.42000000 -0.233450823810394E+005  0.483314917199292E+000 
     18.44000000 -0.233450839130478E+005  0.481782908864917E+000 
     18.46000000 -0.233450854194064E+005  0.480276550185392E+000 
     18.48000000 -0.233450868998917E+005  0.478796064946934E+000 
     18.50000000 -0.233450883542809E+005  0.477341675732358E+000 
     18.52000000 -0.233450897823588E+005  0.475913597805079E+000 
     18.54000000 -0.233450911839229E+005  0.474512033757224E+000 
     18.56000000 -0.233450925587875E+005  0.473137169147685E+000 
     18.58000000 -0.233450939067884E+005  0.471789168263928E+000 
     18.60000000 -0.233450952277858E+005  0.470468170811859E+000 
     18.62000000 -0.233450965216674E+005  0.469174289205853E+000 
     18.64000000 -0.233450977883501E+005  0.467907606564120E+000 
     18.66000000 -0.233450990277818E+005  0.466668174858742E+000 
     18.68000000 -0.233451002399428E+005  0.465456013786518E+000 
     18.70000000 -0.233451014248466E+005  0.464271110072913E+000 
     18.72000000 -0.233451025825395E+005  0.463113417175072E+000 
     18.74000000 -0.233451037131010E+005  0.461982855603550E+000 
     18.76000000 -0.233451048166431E+005  0.460879313528658E+000 
     18.78000000 -0.233451058933087E+005  0.459802647918894E+000 
     18.80000000 -0.233451069432708E+005  0.458752685849530E+000 
     18.82000000 -0.233451079667307E+005  0.457729225879251E+000 
     18.84000000 -0.233451089639168E+005  0.456732039869176E+000 
     18.86000000 -0.233451099350822E+005  0.455760874405909E+000 
     18.88000000 -0.233451108805045E+005  0.454815452110117E+000 
     18.90000000 -0.233451118004838E+005  0.453895472790434E+000 
     18.92000000 -0.233451126953424E+005  0.453000614219951E+000 
     18.94000000 -0.233451135654240E+005  0.452130532665217E+000 
     18.96000000 -0.233451144110936E+005  0.451284863071851E+000 
     18.98000000 -0.233451152327375E+005  0.450463219175916E+000 
     19.00000000 -0.233451160307627E+005  0.449665193949388E+000 
     19.02000000 -0.233451168055967E+005  0.448890359921892E+000 
     19.04000000 -0.233451175576867E+005  0.448138269923157E+000 
     19.06000000 -0.233451182874979E+005  0.447408458738085E+000 
     19.08000000 -0.233451189955116E+005  0.446700444990733E+000 
     19.10000000 -0.233451196822225E+005  0.446013734092493E+000 
     19.12000000 -0.233451203481350E+005  0.445347821589343E+000 
     19.14000000 -0.233451209937594E+005  0.444702197229900E+000 
     19.16000000 -0.233451216196075E+005  0.444076349135557E+000 
     19.18000000 -0.233451222261882E+005  0.443469768447041E+000 
     19.20000000 -0.233451228140029E+005  0.442881953754409E+000 
     19.22000000 -0.233451233835414E+005  0.442312415273377E+000 
     19.24000000 -0.233451239352782E+005  0.441760678477180E+000 
     19.26000000 -0.233451244696694E+005  0.441226287264395E+000 
     19.28000000 -0.233451249871505E+005  0.440708806087318E+000 
     19.30000000 -0.233451254881350E+005  0.440207821675089E+000 
     19.32000000 -0.233451259730129E+005  0.439722943735933E+000 
     19.34000000 -0.233451264421516E+005  0.439253805028312E+000 
     19.36000000 -0.233451268958958E+005  0.438800060841204E+000 
     19.38000000 -0.233451273345686E+005  0.438361388007252E+000 
     19.40000000 -0.233451277584734E+005  0.437937483272452E+000 
     19.42000000 -0.233451281678950E+005  0.437528061597775E+000 
     19.44000000 -0.233451285631024E+005  0.437132854231871E+000 
     19.46000000 -0.233451289443501E+005  0.436751606480604E+000 
     19.48000000 -0.233451293118813E+005  0.436384075340459E+000 
     19.50000000 -0.233451296659292E+005  0.436030027398011E+000 
     19.52000000 -0.233451300067204E+005  0.435689236234408E+000 
     19.54000000 -0.233451303344763E+005  0.435361480361960E+000 
     19.56000000 -0.233451306494157E+005  0.435046540928705E+000 
     19.58000000 -0.233451309517570E+005  0.434744199633336E+000 
     19.60000000 -0.233451312417198E+005  0.434454236822654E+000 
     19.62000000 -0.233451315195267E+005  0.434176429916937E+000 
     19.64000000 -0.233451317854047E+005  0.433910551937396E+000 
     19.66000000 -0.233451320395860E+005  0.433656370612136E+000 
     19.68000000 -0.233451322823092E+005  0.433413647417140E+000 
     19.70000000 -0.233451325138194E+005  0.433182137220516E+000 
     19.72000000 -0.233451327343683E+005  0.432961588362923E+000 
     19.74000000 -0.233451329442143E+005  0.432751742363686E+000 
     19.76000000 -0.233451331436219E+005  0.432552334715843E+000 
     19.78000000 -0.233451333328616E+005  0.432363094997514E+000 
     19.80000000 -0.233451335122089E+005  0.432183747769038E+000 
     19.82000000 -0.233451336819435E+005  0.432014013080319E+000 
     19.84000000 -0.233451338423493E+005  0.431853607290626E+000 
     19.86000000 -0.233451339937130E+005  0.431702243609967E+000 
     19.88000000 -0.233451341363236E+005  0.431559633058096E+000 
     19.90000000 -0.233451342704717E+005  0.431425484953304E+000 
     19.92000000 -0.233451343964490E+005  0.431299507608465E+000 
     19.94000000 -0.233451345145476E+005  0.431181409076596E+000 
     19.96000000 -0.233451346250592E+005  0.431070897410712E+000 
     19.98000000 -0.233451347282751E+005  0.430967681573342E+000 
     20.00000000 -0.233451348244850E+005  0.430871471646886E+000 
     20.02000000 -0.233451349139772E+005  0.430781979439963E+000 
     20.04000000 -0.233451349970381E+005  0.430698918543090E+000 
     20.06000000 -0.233451350739516E+005  0.430622004996897E+000 
     20.08000000 -0.233451351449993E+005  0.430550957279752E+000 
     20.10000000 -0.233451352104599E+005  0.430485496709925E+000 
     20.12000000 -0.233451352706091E+005  0.430425347526025E+000 
     20.14000000 -0.233451353257193E+005  0.430370237307721E+000 
     20.16000000 -0.233451353760595E+005  0.430319897167546E+000 
     20.18000000 -0.233451354218946E+005  0.430274062026226E+000 
     20.20000000 -0.233451354634854E+005  0.430232471209742E+000 
     20.22000000 -0.233451355010879E+005  0.430194868746306E+000 
     20.24000000 -0.233451355349527E+005  0.430161003886092E+000 
     20.26000000 -0.233451355653249E+005  0.430130631704474E+000 
     20.28000000 -0.233451355924432E+005  0.430103513408298E+000 
     20.30000000 -0.233451356165396E+005  0.430079417010275E+000 
     20.32000000 -0.233451356378391E+005  0.430058117570283E+000 
     20.34000000 -0.233451356565590E+005  0.430039397659406E+000 
     20.36000000 -0.233451356729091E+005  0.430023047579573E+000 
     20.38000000 -0.233451356870910E+005  0.430008865601765E+000 
     20.40000000 -0.233451356992984E+005  0.429996658219690E+000 
     20.42000000 -0.233451357097165E+005  0.429986240121941E+000 
     20.44000000 -0.233451357185220E+005  0.429977434637466E+000 
     20.46000000 -0.233451357258829E+005  0.429970073744856E+000 
     20.48000000 -0.233451357319583E+005  0.429963998319825E+000 
     20.50000000 -0.233451357368982E+005  0.429959058391982E+000 
     20.52000000 -0.233451357408433E+005  0.429955113299504E+000 
     20.54000000 -0.233451357439247E+005  0.429952031890223E+000 
     20.56000000 -0.233451357462639E+005  0.429949692762924E+000 
     20.58000000 -0.233451357479725E+005  0.429947984143602E+000 
     20.60000000 -0.233451357491527E+005  0.429946803934957E+000 
     20.62000000 -0.233451357498970E+005  0.429946059589559E+000 
     20.64000000 -0.233451357502889E+005  0.429945667716966E+000 
     20.66000000 -0.233451357504028E+005  0.429945553799112E+000 
     20.68000000 -0.233451357503050E+005  0.429945651667492E+000 
     20.70000000 -0.233451357500537E+005  0.429945902958697E+000 
     20.72000000 -0.233451357497000E+005  0.429946256675119E+000 
     20.74000000 -0.233451357492880E+005  0.429946668646677E+000 
     20.76000000 -0.233451357488556E+005  0.429947101069868E+000 
     20.78000000 -0.233451357484344E+005  0.429947522226254E+000 
     20.80000000 -0.233451357480503E+005  0.429947906327783E+000 
     20.82000000 -0.233451357477234E+005  0.429948233219806E+000 
     20.84000000 -0.233451357474679E+005  0.429948488730648E+000 
     20.86000000 -0.233451357472921E+005  0.429948664560245E+000 
     20.88000000 -0.233451357471980E+005  0.429948758629713E+000 
     20.90000000 -0.233451357471812E+005  0.429948775449488E+000 
     20.92000000 -0.233451357472302E+005  0.429948726410116E+000 
     20.94000000 -0.233451357473265E+005  0.429948630165863E+000 
     20.96000000 -0.233451357474435E+005  0.429948513108029E+000 
     20.98000000 -0.233451357475470E+005  0.429948409606246E+000 
     21.00000000 -0.233451357475942E+005  0.429948362463237E+000 
     21.02000000 -0.233451357475916E+005  0.429948365024718E+000 
     21.04000000 -0.233451357475887E+005  0.429948367895557E+000 
     21.06000000 -0.233451357475858E+005  0.429948370791144E+000 
     21.08000000 -0.233451357475829E+005  0.429948373686732E+000 
     21.10000000 -0.233451357475800E+005  0.429948376619442E+000 
     21.12000000 -0.233451357475771E+005  0.429948379558340E+000 
     21.14000000 -0.233451357475741E+005  0.429948382478676E+000 
     21.16000000 -0.233451357475712E+005  0.429948385399012E+000 
     21.18000000 -0.233451357475683E+005  0.429948388359564E+000 
     21.20000000 -0.233451357475653E+005  0.429948391282994E+000 
     21.22000000 -0.233451357475624E+005  0.429948394218798E+000 
     21.24000000 -0.233451357475595E+005  0.429948397142227E+000 
     21.26000000 -0.233451357475566E+005  0.429948400047096E+000 
     21.28000000 -0.233451357475537E+005  0.429948402951964E+000 
     21.30000000 -0.233451357475508E+005  0.429948405841364E+000 
     21.32000000 -0.233451357475479E+005  0.429948408693641E+000 
     21.34000000 -0.233451357475451E+005  0.429948411496421E+000 
     21.36000000 -0.233451357475423E+005  0.429948414317763E+000 
     21.38000000 -0.233451357475396E+005  0.429948417046297E+000 
     21.40000000 -0.233451357475368E+005  0.429948419811955E+000 
     21.42000000 -0.233451357475341E+005  0.429948422506460E+000 
     21.44000000 -0.233451357475314E+005  0.429948425238087E+000 
     21.46000000 -0.233451357475287E+005  0.429948427917125E+000 
     21.48000000 -0.233451357475260E+005  0.429948430583787E+000 
     21.50000000 -0.233451357475234E+005  0.429948433219514E+000 
     21.52000000 -0.233451357475208E+005  0.429948435855241E+000 
     21.54000000 -0.233451357475181E+005  0.429948438481688E+000 
     21.56000000 -0.233451357475155E+005  0.429948441089573E+000 
     21.58000000 -0.233451357475129E+005  0.429948443703644E+000 
     21.60000000 -0.233451357475103E+005  0.429948446330091E+000 
     21.62000000 -0.233451357475077E+005  0.429948448972005E+000 
     21.64000000 -0.233451357475050E+005  0.429948451613919E+000 
     21.66000000 -0.233451357475024E+005  0.429948454277488E+000 
     21.68000000 -0.233451357474997E+005  0.429948456971993E+000 
     21.70000000 -0.233451357474970E+005  0.429948459644843E+000 
     21.72000000 -0.233451357474943E+005  0.429948462336255E+000 
     21.74000000 -0.233451357474916E+005  0.429948465009105E+000 
     21.76000000 -0.233451357474889E+005  0.429948467688142E+000 
     21.78000000 -0.233451357474863E+005  0.429948470357898E+000 
     21.80000000 -0.233451357474836E+005  0.429948472996719E+000 
     21.82000000 -0.233451357474809E+005  0.429948475694317E+000 
     21.84000000 -0.233451357474783E+005  0.429948478330044E+000 
     21.86000000 -0.233451357474756E+005  0.429948480984333E+000 
     21.88000000 -0.233451357474730E+005  0.429948483660276E+000 
     21.90000000 -0.233451357474703E+005  0.429948486330033E+000 
     21.92000000 -0.233451357474677E+005  0.429948488971947E+000 
     21.94000000 -0.233451357474650E+005  0.429948491650984E+000 
     21.96000000 -0.233451357474623E+005  0.429948494311459E+000 
     21.98000000 -0.233451357474596E+005  0.429948496990497E+000 
     22.00000000 -0.233451357474570E+005  0.429948499650972E+000 
     22.02000000 -0.233451357474543E+005  0.429948502317635E+000 
     22.04000000 -0.233451357474516E+005  0.429948504984298E+000 
     22.06000000 -0.233451357474489E+005  0.429948507694271E+000 
     22.08000000 -0.233451357474463E+005  0.429948510373308E+000 
     22.10000000 -0.233451357474435E+005  0.429948513120403E+000 
     22.12000000 -0.233451357474408E+005  0.429948515830376E+000 
     22.14000000 -0.233451357474381E+005  0.429948518555817E+000 
     22.16000000 -0.233451357474353E+005  0.429948521312194E+000 
     22.18000000 -0.233451357474326E+005  0.429948524012886E+000 
     22.20000000 -0.233451357474299E+005  0.429948526772356E+000 
     22.22000000 -0.233451357474272E+005  0.429948529473048E+000 
     22.24000000 -0.233451357474245E+005  0.429948532176834E+000 
     22.26000000 -0.233451357474218E+005  0.429948534849683E+000 
     22.28000000 -0.233451357474191E+005  0.429948537497785E+000 
     22.30000000 -0.233451357474165E+005  0.429948540139699E+000 
     22.32000000 -0.233451357474139E+005  0.429948542729022E+000 
     22.34000000 -0.233451357474113E+005  0.429948545367843E+000 
     22.36000000 -0.233451357474086E+005  0.429948547985009E+000 
     22.38000000 -0.233451357474060E+005  0.429948550602174E+000 
     22.40000000 -0.233451357474034E+005  0.429948553213153E+000 
     22.42000000 -0.233451357474008E+005  0.429948555851973E+000 
     22.44000000 -0.233451357473981E+005  0.429948558503168E+000 
     22.46000000 -0.233451357473955E+005  0.429948561141989E+000 
     22.48000000 -0.233451357473928E+005  0.429948563821026E+000 
     22.50000000 -0.233451357473901E+005  0.429948566496969E+000 
     22.52000000 -0.233451357473874E+005  0.429948569185287E+000 
     22.54000000 -0.233451357473848E+005  0.429948571867418E+000 
     22.56000000 -0.233451357473821E+005  0.429948574565016E+000 
     22.58000000 -0.233451357473794E+005  0.429948577244053E+000 
     22.60000000 -0.233451357473767E+005  0.429948579947839E+000 
     22.62000000 -0.233451357473740E+005  0.429948582645438E+000 
     22.64000000 -0.233451357473713E+005  0.429948585305913E+000 
     22.66000000 -0.233451357473686E+005  0.429948587984950E+000 
     22.68000000 -0.233451357473660E+005  0.429948590620677E+000 
     22.70000000 -0.233451357473634E+005  0.429948593278059E+000 
     22.72000000 -0.233451357473607E+005  0.429948595954003E+000 
     22.74000000 -0.233451357473580E+005  0.429948598602104E+000 
     22.76000000 -0.233451357473554E+005  0.429948601259486E+000 
     22.78000000 -0.233451357473527E+005  0.429948603978740E+000 
     22.80000000 -0.233451357473500E+005  0.429948606676338E+000 
     22.82000000 -0.233451357473472E+005  0.429948609411060E+000 
     22.84000000 -0.233451357473445E+005  0.429948612139594E+000 
     22.86000000 -0.233451357473417E+005  0.429948614892877E+000 
     22.88000000 -0.233451357473390E+005  0.429948617627599E+000 
     22.90000000 -0.233451357473363E+005  0.429948620374694E+000 
     22.92000000 -0.233451357473335E+005  0.429948623127977E+000 
     22.94000000 -0.233451357473307E+005  0.429948625912196E+000 
     22.96000000 -0.233451357473279E+005  0.429948628702602E+000 
     22.98000000 -0.233451357473251E+005  0.429948631505382E+000 
     23.00000000 -0.233451357473223E+005  0.429948634363846E+000 
     23.02000000 -0.233451357473194E+005  0.429948637247060E+000 
     23.04000000 -0.233451357473165E+005  0.429948640161208E+000 
     23.06000000 -0.233451357473135E+005  0.429948643093919E+000 
     23.08000000 -0.233451357473106E+005  0.429948646076126E+000 
     23.10000000 -0.233451357473076E+005  0.429948649033585E+000 
     23.12000000 -0.233451357473046E+005  0.429948652034354E+000 
     23.14000000 -0.233451357473016E+005  0.429948655038217E+000 
     23.16000000 -0.233451357472986E+005  0.429948658017331E+000 
     23.18000000 -0.233451357472957E+005  0.429948660956228E+000 
     23.20000000 -0.233451357472928E+005  0.429948663873471E+000 
     23.22000000 -0.233451357472899E+005  0.429948666713374E+000 
     23.24000000 -0.233451357472871E+005  0.429948669516154E+000 
     23.26000000 -0.233451357472844E+005  0.429948672266343E+000 
     23.28000000 -0.233451357472817E+005  0.429948674967036E+000 
     23.30000000 -0.233451357472790E+005  0.429948677636792E+000 
     23.32000000 -0.233451357472764E+005  0.429948680266332E+000 
     23.34000000 -0.233451357472738E+005  0.429948682858749E+000 
     23.36000000 -0.233451357472712E+005  0.429948685463540E+000 
     23.38000000 -0.233451357472685E+005  0.429948688093080E+000 
     23.40000000 -0.233451357472659E+005  0.429948690725713E+000 
     23.42000000 -0.233451357472633E+005  0.429948693358347E+000 
     23.44000000 -0.233451357472606E+005  0.429948695990980E+000 
     23.46000000 -0.233451357472580E+005  0.429948698654549E+000 
     23.48000000 -0.233451357472553E+005  0.429948701324306E+000 
     23.50000000 -0.233451357472526E+005  0.429948704009530E+000 
     23.52000000 -0.233451357472499E+005  0.429948706722596E+000 
     23.54000000 -0.233451357472472E+005  0.429948709451131E+000 
     23.56000000 -0.233451357472445E+005  0.429948712173478E+000 
     23.58000000 -0.233451357472417E+005  0.429948714942229E+000 
     23.60000000 -0.233451357472389E+005  0.429948717704792E+000 
     23.62000000 -0.233451357472361E+005  0.429948720489011E+000 
     23.64000000 -0.233451357472333E+005  0.429948723297978E+000 
     23.66000000 -0.233451357472305E+005  0.429948726131694E+000 
     23.68000000 -0.233451357472277E+005  0.429948728962317E+000 
     23.70000000 -0.233451357472249E+005  0.429948731768190E+000 
     23.72000000 -0.233451357472221E+005  0.429948734549315E+000 
     23.74000000 -0.233451357472193E+005  0.429948737330441E+000 
     23.76000000 -0.233451357472166E+005  0.429948740046601E+000 
     23.78000000 -0.233451357472139E+005  0.429948742722544E+000 
     23.80000000 -0.233451357472113E+005  0.429948745336616E+000 
     23.82000000 -0.233451357472087E+005  0.429948747972343E+000 
     23.84000000 -0.233451357472061E+005  0.429948750561666E+000 
     23.86000000 -0.233451357472035E+005  0.429948753104586E+000 
     23.88000000 -0.233451357472010E+005  0.429948755675348E+000 
     23.90000000 -0.233451357471984E+005  0.429948758218268E+000 
     23.92000000 -0.233451357471959E+005  0.429948760764281E+000 
     23.94000000 -0.233451357471933E+005  0.429948763350511E+000 
     23.96000000 -0.233451357471907E+005  0.429948765939834E+000 
     23.98000000 -0.233451357471881E+005  0.429948768544626E+000 
     24.00000000 -0.233451357471855E+005  0.429948771177259E+000 
     24.02000000 -0.233451357471828E+005  0.429948773791331E+000 
     24.04000000 -0.233451357471802E+005  0.429948776427058E+000 
     24.06000000 -0.233451357471776E+005  0.429948779044224E+000 
     24.08000000 -0.233451357471750E+005  0.429948781649015E+000 
     24.10000000 -0.233451357471724E+005  0.429948784207403E+000 
     24.12000000 -0.233451357471699E+005  0.429948786778164E+000 
     24.14000000 -0.233451357471673E+005  0.429948789302523E+000 
     24.16000000 -0.233451357471648E+005  0.429948791826881E+000 
     24.18000000 -0.233451357471623E+005  0.429948794338865E+000 
     24.20000000 -0.233451357471598E+005  0.429948796838475E+000 
     24.22000000 -0.233451357471573E+005  0.429948799356646E+000 
     24.24000000 -0.233451357471548E+005  0.429948801871723E+000 
     24.26000000 -0.233451357471522E+005  0.429948804417737E+000 
     24.28000000 -0.233451357471496E+005  0.429948806979218E+000 
     24.30000000 -0.233451357471471E+005  0.429948809577822E+000 
     24.32000000 -0.233451357471444E+005  0.429948812185707E+000 
     24.34000000 -0.233451357471418E+005  0.429948814802872E+000 
     24.36000000 -0.233451357471392E+005  0.429948817454067E+000 
     24.38000000 -0.233451357471365E+005  0.429948820111449E+000 
     24.40000000 -0.233451357471339E+005  0.429948822756457E+000 
     24.42000000 -0.233451357471312E+005  0.429948825447868E+000 
     24.44000000 -0.233451357471285E+005  0.429948828142373E+000 
     24.46000000 -0.233451357471258E+005  0.429948830843065E+000 
     24.48000000 -0.233451357471231E+005  0.429948833571600E+000 
     24.50000000 -0.233451357471203E+005  0.429948836300134E+000 
     24.52000000 -0.233451357471176E+005  0.429948839047230E+000 
     24.54000000 -0.233451357471148E+005  0.429948841800513E+000 
     24.56000000 -0.233451357471121E+005  0.429948844547609E+000 
     24.58000000 -0.233451357471094E+005  0.429948847251394E+000 
     24.60000000 -0.233451357471067E+005  0.429948849967554E+000 
     24.62000000 -0.233451357471040E+005  0.429948852652778E+000 
     24.64000000 -0.233451357471013E+005  0.429948855334909E+000 
     24.66000000 -0.233451357470986E+005  0.429948857998478E+000 
     24.68000000 -0.233451357470960E+005  0.429948860643486E+000 
     24.70000000 -0.233451357470933E+005  0.429948863313243E+000 
     24.72000000 -0.233451357470906E+005  0.429948865995373E+000 
     24.74000000 -0.233451357470880E+005  0.429948868677504E+000 
     24.76000000 -0.233451357470852E+005  0.429948871433880E+000 
     24.78000000 -0.233451357470824E+005  0.429948874221193E+000 
     24.80000000 -0.233451357470796E+005  0.429948877039441E+000 
     24.82000000 -0.233451357470767E+005  0.429948879888624E+000 
     24.84000000 -0.233451357470739E+005  0.429948882756370E+000 
     24.86000000 -0.233451357470709E+005  0.429948885679799E+000 
     24.88000000 -0.233451357470681E+005  0.429948888569199E+000 
     24.90000000 -0.233451357470651E+005  0.429948891483348E+000 
     24.92000000 -0.233451357470623E+005  0.429948894366562E+000 
     24.94000000 -0.233451357470594E+005  0.429948897252868E+000 
     24.96000000 -0.233451357470566E+005  0.429948900071116E+000 
     24.98000000 -0.233451357470537E+005  0.429948902904832E+000 
     25.00000000 -0.233451357470510E+005  0.429948905651928E+000 
     25.02000000 -0.233451357470482E+005  0.429948908408304E+000 
     25.04000000 -0.233451357470455E+005  0.429948911124464E+000 
     25.06000000 -0.233451357470428E+005  0.429948913806595E+000 
     25.08000000 -0.233451357470401E+005  0.429948916485632E+000 
     25.10000000 -0.233451357470375E+005  0.429948919146108E+000 
     25.12000000 -0.233451357470348E+005  0.429948921825145E+000 
     25.14000000 -0.233451357470322E+005  0.429948924476340E+000 
     25.16000000 -0.233451357470295E+005  0.429948927139909E+000 
     25.18000000 -0.233451357470268E+005  0.429948929812759E+000 
     25.20000000 -0.233451357470241E+005  0.429948932516545E+000 
     25.22000000 -0.233451357470214E+005  0.429948935238892E+000 
     25.24000000 -0.233451357470186E+005  0.429948938004549E+000 
     25.26000000 -0.233451357470159E+005  0.429948940754738E+000 
     25.28000000 -0.233451357470131E+005  0.429948943572986E+000 
     25.30000000 -0.233451357470103E+005  0.429948946363392E+000 
     25.32000000 -0.233451357470075E+005  0.429948949178547E+000 
     25.34000000 -0.233451357470047E+005  0.429948951968953E+000 
     25.36000000 -0.233451357470019E+005  0.429948954734610E+000 
     25.38000000 -0.233451357469992E+005  0.429948957438395E+000 
     25.40000000 -0.233451357469965E+005  0.429948960129807E+000 
     25.42000000 -0.233451357469939E+005  0.429948962762440E+000 
     25.44000000 -0.233451357469913E+005  0.429948965364138E+000 
     25.46000000 -0.233451357469887E+005  0.429948967947274E+000 
     25.48000000 -0.233451357469861E+005  0.429948970493288E+000 
     25.50000000 -0.233451357469836E+005  0.429948973023833E+000 
     25.52000000 -0.233451357469811E+005  0.429948975566753E+000 
     25.54000000 -0.233451357469785E+005  0.429948978162263E+000 
     25.56000000 -0.233451357469759E+005  0.429948980733025E+000 
     25.58000000 -0.233451357469733E+005  0.429948983334723E+000 
     25.60000000 -0.233451357469707E+005  0.429948985951888E+000 
     25.62000000 -0.233451357469680E+005  0.429948988627832E+000 
     25.64000000 -0.233451357469653E+005  0.429948991303775E+000 
     25.66000000 -0.233451357469626E+005  0.429948993998280E+000 
     25.68000000 -0.233451357469599E+005  0.429948996729908E+000 
     25.70000000 -0.233451357469572E+005  0.429948999436788E+000 
     25.72000000 -0.233451357469545E+005  0.429949002146760E+000 
     25.74000000 -0.233451357469518E+005  0.429949004847453E+000 
     25.76000000 -0.233451357469491E+005  0.429949007541957E+000 
     25.78000000 -0.233451357469464E+005  0.429949010214807E+000 
     25.80000000 -0.233451357469438E+005  0.429949012859815E+000 
     25.82000000 -0.233451357469411E+005  0.429949015486261E+000 
     25.84000000 -0.233451357469385E+005  0.429949018109614E+000 
     25.86000000 -0.233451357469359E+005  0.429949020751528E+000 
     25.88000000 -0.233451357469333E+005  0.429949023356320E+000 
     25.90000000 -0.233451357469306E+005  0.429949025979672E+000 
     25.92000000 -0.233451357469280E+005  0.429949028630867E+000 
     25.94000000 -0.233451357469253E+005  0.429949031285156E+000 
     25.96000000 -0.233451357469227E+005  0.429949033973474E+000 
     25.98000000 -0.233451357469200E+005  0.429949036680353E+000 
     26.00000000 -0.233451357469173E+005  0.429949039359390E+000 
     26.02000000 -0.233451357469146E+005  0.429949042038427E+000 
     26.04000000 -0.233451357469120E+005  0.429949044677248E+000 
     26.06000000 -0.233451357469093E+005  0.429949047312975E+000 
     26.08000000 -0.233451357469067E+005  0.429949049942514E+000 
     26.10000000 -0.233451357469041E+005  0.429949052541119E+000 
     26.12000000 -0.233451357469015E+005  0.429949055152097E+000 
     26.14000000 -0.233451357468989E+005  0.429949057769263E+000 
     26.16000000 -0.233451357468962E+005  0.429949060380241E+000 
     26.18000000 -0.233451357468936E+005  0.429949063034529E+000 
     26.20000000 -0.233451357468909E+005  0.429949065725941E+000 
     26.22000000 -0.233451357468882E+005  0.429949068445194E+000 
     26.24000000 -0.233451357468854E+005  0.429949071213945E+000 
     26.26000000 -0.233451357468826E+005  0.429949073998164E+000 
     26.28000000 -0.233451357468798E+005  0.429949076807131E+000 
     26.30000000 -0.233451357468770E+005  0.429949079634660E+000 
     26.32000000 -0.233451357468742E+005  0.429949082468376E+000 
     26.34000000 -0.233451357468714E+005  0.429949085277343E+000 
     26.36000000 -0.233451357468686E+005  0.429949088046094E+000 
     26.38000000 -0.233451357468659E+005  0.429949090765348E+000 
     26.40000000 -0.233451357468632E+005  0.429949093419636E+000 
     26.42000000 -0.233451357468606E+005  0.429949096036802E+000 
     26.44000000 -0.233451357468580E+005  0.429949098585908E+000 
     26.46000000 -0.233451357468556E+005  0.429949101063863E+000 
     26.48000000 -0.233451357468531E+005  0.429949103523256E+000 
     26.50000000 -0.233451357468507E+005  0.429949105951714E+000 
     26.52000000 -0.233451357468483E+005  0.429949108361610E+000 
     26.54000000 -0.233451357468459E+005  0.429949110756038E+000 
     26.56000000 -0.233451357468434E+005  0.429949113190682E+000 
     26.58000000 -0.233451357468410E+005  0.429949115656263E+000 
     26.60000000 -0.233451357468385E+005  0.429949118134217E+000 
     26.62000000 -0.233451357468360E+005  0.429949120658575E+000 
     26.64000000 -0.233451357468334E+005  0.429949123229337E+000 
     26.66000000 -0.233451357468308E+005  0.429949125846503E+000 
     26.68000000 -0.233451357468282E+005  0.429949128476043E+000 
     26.70000000 -0.233451357468255E+005  0.429949131179829E+000 
     26.72000000 -0.233451357468228E+005  0.429949133877427E+000 
     26.74000000 -0.233451357468200E+005  0.429949136599774E+000 
     26.76000000 -0.233451357468173E+005  0.429949139322121E+000 
     26.78000000 -0.233451357468145E+005  0.429949142087779E+000 
     26.80000000 -0.233451357468118E+005  0.429949144834874E+000 
     26.82000000 -0.233451357468091E+005  0.429949147566502E+000 
     26.84000000 -0.233451357468063E+005  0.429949150298130E+000 
     26.86000000 -0.233451357468036E+005  0.429949153032852E+000 
     26.88000000 -0.233451357468009E+005  0.429949155742824E+000 
     26.90000000 -0.233451357467982E+005  0.429949158434236E+000 
     26.92000000 -0.233451357467955E+005  0.429949161085431E+000 
     26.94000000 -0.233451357467929E+005  0.429949163699503E+000 
     26.96000000 -0.233451357467903E+005  0.429949166301201E+000 
     26.98000000 -0.233451357467878E+005  0.429949168871962E+000 
     27.00000000 -0.233451357467852E+005  0.429949171439631E+000 
     27.02000000 -0.233451357467826E+005  0.429949173988738E+000 
     27.04000000 -0.233451357467801E+005  0.429949176550219E+000 
     27.06000000 -0.233451357467775E+005  0.429949179139542E+000 
     27.08000000 -0.233451357467749E+005  0.429949181747427E+000 
     27.10000000 -0.233451357467722E+005  0.429949184389341E+000 
     27.12000000 -0.233451357467695E+005  0.429949187093127E+000 
     27.14000000 -0.233451357467668E+005  0.429949189796913E+000 
     27.16000000 -0.233451357467641E+005  0.429949192500698E+000 
     27.18000000 -0.233451357467614E+005  0.429949195247794E+000 
     27.20000000 -0.233451357467586E+005  0.429949197991796E+000 
     27.22000000 -0.233451357467559E+005  0.429949200689395E+000 
     27.24000000 -0.233451357467532E+005  0.429949203402461E+000 
     27.26000000 -0.233451357467505E+005  0.429949206106247E+000 
     27.28000000 -0.233451357467479E+005  0.429949208772910E+000 
     27.30000000 -0.233451357467452E+005  0.429949211421011E+000 
     27.32000000 -0.233451357467425E+005  0.429949214100048E+000 
     27.34000000 -0.233451357467399E+005  0.429949216772898E+000 
     27.36000000 -0.233451357467372E+005  0.429949219470497E+000 
     27.38000000 -0.233451357467345E+005  0.429949222155721E+000 
     27.40000000 -0.233451357467318E+005  0.429949224871881E+000 
     27.42000000 -0.233451357467290E+005  0.429949227603509E+000 
     27.44000000 -0.233451357467263E+005  0.429949230369166E+000 
     27.46000000 -0.233451357467235E+005  0.429949233103887E+000 
     27.48000000 -0.233451357467208E+005  0.429949235826235E+000 
     27.50000000 -0.233451357467181E+005  0.429949238539301E+000 
     27.52000000 -0.233451357467154E+005  0.429949241212151E+000 
     27.54000000 -0.233451357467128E+005  0.429949243863346E+000 
     27.56000000 -0.233451357467102E+005  0.429949246446482E+000 
     27.58000000 -0.233451357467076E+005  0.429949249011057E+000 
     27.60000000 -0.233451357467051E+005  0.429949251516854E+000 
     27.62000000 -0.233451357467026E+005  0.429949254013370E+000 
     27.64000000 -0.233451357467002E+005  0.429949256457295E+000 
     27.66000000 -0.233451357466978E+005  0.429949258864097E+000 
     27.68000000 -0.233451357466954E+005  0.429949261270900E+000 
     27.70000000 -0.233451357466930E+005  0.429949263677702E+000 
     27.72000000 -0.233451357466906E+005  0.429949266062849E+000 
     27.74000000 -0.233451357466882E+005  0.429949268441810E+000 
     27.76000000 -0.233451357466858E+005  0.429949270802208E+000 
     27.78000000 -0.233451357466834E+005  0.429949273181169E+000 
     27.80000000 -0.233451357466810E+005  0.429949275581784E+000 
     27.82000000 -0.233451357466787E+005  0.429949277932902E+000 
     27.84000000 -0.233451357466763E+005  0.429949280333517E+000 
     27.86000000 -0.233451357466739E+005  0.429949282718664E+000 
     27.88000000 -0.233451357466715E+005  0.429949285097625E+000 
     27.90000000 -0.233451357466692E+005  0.429949287467304E+000 
     27.92000000 -0.233451357466668E+005  0.429949289799861E+000 
     27.94000000 -0.233451357466645E+005  0.429949292160259E+000 
     27.96000000 -0.233451357466621E+005  0.429949294520658E+000 
     27.98000000 -0.233451357466598E+005  0.429949296871776E+000 
     28.00000000 -0.233451357466574E+005  0.429949299238362E+000 
     28.02000000 -0.233451357466550E+005  0.429949301592573E+000 
     28.04000000 -0.233451357466526E+005  0.429949304008657E+000 
     28.06000000 -0.233451357466502E+005  0.429949306406178E+000 
     28.08000000 -0.233451357466478E+005  0.429949308862478E+000 
     28.10000000 -0.233451357466453E+005  0.429949311358994E+000 
     28.12000000 -0.233451357466427E+005  0.429949313895727E+000 
     28.14000000 -0.233451357466401E+005  0.429949316503611E+000 
     28.16000000 -0.233451357466375E+005  0.429949319114590E+000 
     28.18000000 -0.233451357466349E+005  0.429949321750317E+000 
     28.20000000 -0.233451357466323E+005  0.429949324352014E+000 
     28.22000000 -0.233451357466297E+005  0.429949326962993E+000 
     28.24000000 -0.233451357466271E+005  0.429949329546129E+000 
     28.26000000 -0.233451357466245E+005  0.429949332082862E+000 
     28.28000000 -0.233451357466221E+005  0.429949334560816E+000 
     28.30000000 -0.233451357466196E+005  0.429949337026397E+000 
     28.32000000 -0.233451357466172E+005  0.429949339470322E+000 
     28.34000000 -0.233451357466147E+005  0.429949341889499E+000 
     28.36000000 -0.233451357466123E+005  0.429949344370547E+000 
     28.38000000 -0.233451357466098E+005  0.429949346839221E+000 
     28.40000000 -0.233451357466072E+005  0.429949349425451E+000 
     28.42000000 -0.233451357466046E+005  0.429949352039523E+000 
     28.44000000 -0.233451357466019E+005  0.429949354709279E+000 
     28.46000000 -0.233451357465992E+005  0.429949357425439E+000 
     28.48000000 -0.233451357465965E+005  0.429949360172535E+000 
     28.50000000 -0.233451357465937E+005  0.429949362956753E+000 
     28.52000000 -0.233451357465909E+005  0.429949365728598E+000 
     28.54000000 -0.233451357465882E+005  0.429949368475693E+000 
     28.56000000 -0.233451357465854E+005  0.429949371194947E+000 
     28.58000000 -0.233451357465828E+005  0.429949373870891E+000 
     28.60000000 -0.233451357465801E+005  0.429949376488056E+000 
     28.62000000 -0.233451357465775E+005  0.429949379089754E+000 
     28.64000000 -0.233451357465749E+005  0.429949381682171E+000 
     28.66000000 -0.233451357465724E+005  0.429949384271494E+000 
     28.68000000 -0.233451357465698E+005  0.429949386842256E+000 
     28.70000000 -0.233451357465672E+005  0.429949389450141E+000 
     28.72000000 -0.233451357465645E+005  0.429949392088961E+000 
     28.74000000 -0.233451357465619E+005  0.429949394761811E+000 
     28.76000000 -0.233451357465592E+005  0.429949397431568E+000 
     28.78000000 -0.233451357465565E+005  0.429949400150821E+000 
     28.80000000 -0.233451357465537E+005  0.429949402894824E+000 
     28.82000000 -0.233451357465510E+005  0.429949405598609E+000 
     28.84000000 -0.233451357465483E+005  0.429949408286927E+000 
     28.86000000 -0.233451357465457E+005  0.429949410962871E+000 
     28.88000000 -0.233451357465430E+005  0.429949413610972E+000 
     28.90000000 -0.233451357465403E+005  0.429949416293103E+000 
     28.92000000 -0.233451357465377E+005  0.429949418944298E+000 
     28.94000000 -0.233451357465350E+005  0.429949421635709E+000 
     28.96000000 -0.233451357465323E+005  0.429949424351869E+000 
     28.98000000 -0.233451357465295E+005  0.429949427105152E+000 
     29.00000000 -0.233451357465267E+005  0.429949429938868E+000 
     29.02000000 -0.233451357465238E+005  0.429949432822081E+000 
     29.04000000 -0.233451357465209E+005  0.429949435720762E+000 
     29.06000000 -0.233451357465179E+005  0.429949438706063E+000 
     29.08000000 -0.233451357465149E+005  0.429949441691364E+000 
     29.10000000 -0.233451357465120E+005  0.429949444639542E+000 
     29.12000000 -0.233451357465090E+005  0.429949447621750E+000 
     29.14000000 -0.233451357465061E+005  0.429949450573022E+000 
     29.16000000 -0.233451357465031E+005  0.429949453493358E+000 
     29.18000000 -0.233451357465002E+005  0.429949456413694E+000 
     29.20000000 -0.233451357464973E+005  0.429949459303094E+000 
     29.22000000 -0.233451357464944E+005  0.429949462198682E+000 
     29.24000000 -0.233451357464916E+005  0.429949465063333E+000 
     29.26000000 -0.233451357464887E+005  0.429949467946546E+000 
     29.28000000 -0.233451357464858E+005  0.429949470801917E+000 
     29.30000000 -0.233451357464830E+005  0.429949473644914E+000 
     29.32000000 -0.233451357464801E+005  0.429949476491004E+000 
     29.34000000 -0.233451357464773E+005  0.429949479287597E+000 
     29.36000000 -0.233451357464745E+005  0.429949482096564E+000 
     29.38000000 -0.233451357464717E+005  0.429949484930280E+000 
     29.40000000 -0.233451357464689E+005  0.429949487751622E+000 
     29.42000000 -0.233451357464661E+005  0.429949490572964E+000 
     29.44000000 -0.233451357464632E+005  0.429949493428334E+000 
     29.46000000 -0.233451357464603E+005  0.429949496302267E+000 
     29.48000000 -0.233451357464574E+005  0.429949499222603E+000 
     29.50000000 -0.233451357464544E+005  0.429949502189343E+000 
     29.52000000 -0.233451357464515E+005  0.429949505137521E+000 
     29.54000000 -0.233451357464485E+005  0.429949508116635E+000 
     29.56000000 -0.233451357464455E+005  0.429949511101936E+000 
     29.58000000 -0.233451357464425E+005  0.429949514108892E+000 
     29.60000000 -0.233451357464395E+005  0.429949517091100E+000 
     29.62000000 -0.233451357464366E+005  0.429949520048559E+000 
     29.64000000 -0.233451357464337E+005  0.429949522953427E+000 
     29.66000000 -0.233451357464308E+005  0.429949525824266E+000 
     29.68000000 -0.233451357464280E+005  0.429949528648701E+000 
     29.70000000 -0.233451357464252E+005  0.429949531432920E+000 
     29.72000000 -0.233451357464225E+005  0.429949534167641E+000 
     29.74000000 -0.233451357464197E+005  0.429949536896175E+000 
     29.76000000 -0.233451357464170E+005  0.429949539646365E+000 
     29.78000000 -0.233451357464143E+005  0.429949542356337E+000 
     29.80000000 -0.233451357464116E+005  0.429949545069404E+000 
     29.82000000 -0.233451357464088E+005  0.429949547853623E+000 
     29.84000000 -0.233451357464060E+005  0.429949550637841E+000 
     29.86000000 -0.233451357464032E+005  0.429949553440621E+000 
     29.88000000 -0.233451357464003E+005  0.429949556280525E+000 
     29.90000000 -0.233451357463975E+005  0.429949559151363E+000 
     29.92000000 -0.233451357463946E+005  0.429949561991266E+000 
     29.94000000 -0.233451357463918E+005  0.429949564877573E+000 
     29.96000000 -0.233451357463889E+005  0.429949567751505E+000 
     29.98000000 -0.233451357463860E+005  0.429949570616157E+000 
     30.00000000 -0.233451357463831E+005  0.429949573499370E+000 
