# Real time calculation: 
# Eall: Total energy
# Eall0: Initial total energy
# 1:Time[fs] 2:Eall[eV] 3:Eall-Eall0[eV] 
      0.00000000 -0.865026927883626E+003  0.000000000000000E+000 
      0.02000000 -0.865026927887518E+003 -0.389220237728001E-008 
      0.04000000 -0.865026927887558E+003 -0.393203217235314E-008 
      0.06000000 -0.865026927887488E+003 -0.386242670523504E-008 
      0.08000000 -0.865026927887353E+003 -0.372746943843385E-008 
      0.10000000 -0.865026927887257E+003 -0.363069850428772E-008 
      0.12000000 -0.865026927887304E+003 -0.367835891441164E-008 
      0.14000000 -0.865026927887484E+003 -0.385768966650062E-008 
      0.16000000 -0.865026927887489E+003 -0.386339344783391E-008 
      0.18000000 -0.865026927886517E+003 -0.289104374189808E-008 
      0.20000000 -0.865026927883032E+003  0.594256675520732E-009 
      0.22000000 -0.865026927874523E+003  0.910304165940836E-008 
      0.24000000 -0.865026927857255E+003  0.263712879830686E-007 
      0.26000000 -0.865026927826015E+003  0.576108016712288E-007 
      0.28000000 -0.865026927773877E+003  0.109749163513077E-006 
      0.30000000 -0.865026927691975E+003  0.191650919768882E-006 
      0.32000000 -0.865026927569309E+003  0.314317117842400E-006 
      0.34000000 -0.865026927392581E+003  0.491044818809683E-006 
      0.36000000 -0.865026927146072E+003  0.737553934048053E-006 
      0.38000000 -0.865026926811554E+003  0.107207152519072E-005 
      0.40000000 -0.865026926368251E+003  0.151537434080114E-005 
      0.42000000 -0.865026925792848E+003  0.209077818220442E-005 
      0.44000000 -0.865026925059543E+003  0.282408250913639E-005 
      0.46000000 -0.865026924140141E+003  0.374348459300086E-005 
      0.48000000 -0.865026923004176E+003  0.487945007003560E-005 
      0.50000000 -0.865026921619075E+003  0.626455062523000E-005 
      0.52000000 -0.865026919950359E+003  0.793326658348639E-005 
      0.54000000 -0.865026917961856E+003  0.992177006925510E-005 
      0.56000000 -0.865026915615941E+003  0.122676850610214E-004 
      0.58000000 -0.865026912873783E+003  0.150098429021024E-004 
      0.60000000 -0.865026909695620E+003  0.181880061022863E-004 
      0.62000000 -0.865026906041055E+003  0.218425704844379E-004 
      0.64000000 -0.865026901869371E+003  0.260142549567985E-004 
      0.66000000 -0.865026897139830E+003  0.307437954422791E-004 
      0.68000000 -0.865026891811985E+003  0.360716411279359E-004 
      0.70000000 -0.865026885845965E+003  0.420376610585916E-004 
      0.72000000 -0.865026879202746E+003  0.486808793460375E-004 
      0.74000000 -0.865026871844397E+003  0.560392286496706E-004 
      0.76000000 -0.865026863734294E+003  0.641493316926666E-004 
      0.78000000 -0.865026854837289E+003  0.730463366257152E-004 
      0.80000000 -0.865026845119817E+003  0.827638088485231E-004 
      0.82000000 -0.865026834549975E+003  0.933336505768300E-004 
      0.84000000 -0.865026823097586E+003  0.104786039647602E-003 
      0.86000000 -0.865026810734234E+003  0.117149391719396E-003 
      0.88000000 -0.865026797433237E+003  0.130450388887940E-003 
      0.90000000 -0.865026783169585E+003  0.144714041074291E-003 
      0.92000000 -0.865026767919850E+003  0.159963775351845E-003 
      0.94000000 -0.865026751662050E+003  0.176221575543976E-003 
      0.96000000 -0.865026734375462E+003  0.193508164164988E-003 
      0.98000000 -0.865026716040408E+003  0.211843217617017E-003 
      1.00000000 -0.865026696637996E+003  0.231245629627392E-003 
      1.02000000 -0.865026676149808E+003  0.251733817416018E-003 
      1.04000000 -0.865026654557589E+003  0.273326037240152E-003 
      1.06000000 -0.865026631842891E+003  0.296040734838605E-003 
      1.08000000 -0.865026607986723E+003  0.319896903319844E-003 
      1.10000000 -0.865026582969206E+003  0.344914419878446E-003 
      1.12000000 -0.865026556769232E+003  0.371114393725752E-003 
      1.14000000 -0.865026529364108E+003  0.398519517597484E-003 
      1.16000000 -0.865026500729246E+003  0.427154379818249E-003 
      1.18000000 -0.865026470837905E+003  0.457045720681680E-003 
      1.20000000 -0.865026439660917E+003  0.488222709132168E-003 
      1.22000000 -0.865026407166402E+003  0.520717223700258E-003 
      1.24000000 -0.865026373319542E+003  0.554564083554133E-003 
      1.26000000 -0.865026338082382E+003  0.589801243491597E-003 
      1.28000000 -0.865026301413664E+003  0.626469961669911E-003 
      1.30000000 -0.865026263268710E+003  0.664614915518238E-003 
      1.32000000 -0.865026223599349E+003  0.704284276466838E-003 
      1.34000000 -0.865026182353890E+003  0.745529735372404E-003 
      1.36000000 -0.865026139477117E+003  0.788406509188585E-003 
      1.38000000 -0.865026094910321E+003  0.832973304713136E-003 
      1.40000000 -0.865026048591393E+003  0.879292233224549E-003 
      1.42000000 -0.865026000454947E+003  0.927428678811709E-003 
      1.44000000 -0.865025950432447E+003  0.977451178884511E-003 
      1.46000000 -0.865025898452393E+003  0.102943123295217E-002 
      1.48000000 -0.865025844440552E+003  0.108344307408529E-002 
      1.50000000 -0.865025788320215E+003  0.113956341118224E-002 
      1.52000000 -0.865025730012522E+003  0.119787110395034E-002 
      1.54000000 -0.865025669436826E+003  0.125844679960399E-002 
      1.56000000 -0.865025606511061E+003  0.132137256511575E-002 
      1.58000000 -0.865025541152080E+003  0.138673154634292E-002 
      1.60000000 -0.865025473275998E+003  0.145460762792750E-002 
      1.62000000 -0.865025402798552E+003  0.152508507386130E-002 
      1.64000000 -0.865025329635511E+003  0.159824811449345E-002 
      1.66000000 -0.865025253703129E+003  0.167418049718853E-002 
      1.68000000 -0.865025174918519E+003  0.175296510697667E-002 
      1.70000000 -0.865025093200038E+003  0.183468358739719E-002 
      1.72000000 -0.865025008467648E+003  0.191941597816342E-002 
      1.74000000 -0.865024920643337E+003  0.200724028863590E-002 
      1.76000000 -0.865024829651485E+003  0.209823214041760E-002 
      1.78000000 -0.865024735419160E+003  0.219246446621365E-002 
      1.80000000 -0.865024637876456E+003  0.229000716992460E-002 
      1.82000000 -0.865024536956861E+003  0.239092676508473E-002 
      1.84000000 -0.865024432597481E+003  0.249528614506728E-002 
      1.86000000 -0.865024324739216E+003  0.260314441013425E-002 
      1.88000000 -0.865024213326931E+003  0.271455669477614E-002 
      1.90000000 -0.865024098309533E+003  0.282957409336946E-002 
      1.92000000 -0.865023979639972E+003  0.294824365350621E-002 
      1.94000000 -0.865023857275300E+003  0.307060832572323E-002 
      1.96000000 -0.865023731176682E+003  0.319670694387738E-002 
      1.98000000 -0.865023601309308E+003  0.332657431833948E-002 
      2.00000000 -0.865023467642266E+003  0.346024135935069E-002 
      2.02000000 -0.865023330148432E+003  0.359773519332164E-002 
      2.04000000 -0.865023188804236E+003  0.373907938953357E-002 
      2.06000000 -0.865023043589391E+003  0.388429423507990E-002 
      2.08000000 -0.865022894486588E+003  0.403339703803676E-002 
      2.10000000 -0.865022741481099E+003  0.418640252701767E-002 
      2.12000000 -0.865022584560402E+003  0.434332322414283E-002 
      2.14000000 -0.865022423713818E+003  0.450416980824434E-002 
      2.16000000 -0.865022258932094E+003  0.466895153153224E-002 
      2.18000000 -0.865022090206959E+003  0.483767666690632E-002 
      2.20000000 -0.865021917530637E+003  0.501035298900724E-002 
      2.22000000 -0.865021740895465E+003  0.518698816091355E-002 
      2.24000000 -0.865021560293421E+003  0.536759020523539E-002 
      2.26000000 -0.865021375715732E+003  0.555216789380839E-002 
      2.28000000 -0.865021187152498E+003  0.574073112801027E-002 
      2.30000000 -0.865020994592355E+003  0.593329127112687E-002 
      2.32000000 -0.865020798022158E+003  0.612986146737726E-002 
      2.34000000 -0.865020597426649E+003  0.633045697679337E-002 
      2.36000000 -0.865020392788261E+003  0.653509536470152E-002 
      2.38000000 -0.865020184086906E+003  0.674379671943287E-002 
      2.40000000 -0.865019971299793E+003  0.695658383291093E-002 
      2.42000000 -0.865019754401276E+003  0.717348235030332E-002 
      2.44000000 -0.865019533362803E+003  0.739452082261256E-002 
      2.46000000 -0.865019308152857E+003  0.761973076912765E-002 
      2.48000000 -0.865019078737059E+003  0.784914656644200E-002 
      2.50000000 -0.865018845078356E+003  0.808280526979944E-002 
      2.52000000 -0.865018607137123E+003  0.832074650288550E-002 
      2.54000000 -0.865018364871354E+003  0.856301227230958E-002 
      2.56000000 -0.865018118236981E+003  0.880964664480954E-002 
      2.58000000 -0.865017867188259E+003  0.906069536712852E-002 
      2.60000000 -0.865017611678095E+003  0.931620553036194E-002 
      2.62000000 -0.865017351658514E+003  0.957622511201149E-002 
      2.64000000 -0.865017087081075E+003  0.984080255110177E-002 
      2.66000000 -0.865016817897441E+003  0.101099861853428E-001 
      2.68000000 -0.865016544059892E+003  0.103838237341160E-001 
      2.70000000 -0.865016265521878E+003  0.106623617474309E-001 
      2.72000000 -0.865015982238501E+003  0.109456451252608E-001 
      2.74000000 -0.865015694166924E+003  0.112337167014568E-001 
      2.76000000 -0.865015401266781E+003  0.115266168445796E-001 
      2.78000000 -0.865015103500676E+003  0.118243829497797E-001 
      2.80000000 -0.865014800834626E+003  0.121270489996062E-001 
      2.82000000 -0.865014493238465E+003  0.124346451604885E-001 
      2.84000000 -0.865014180686215E+003  0.127471974106372E-001 
      2.86000000 -0.865013863156347E+003  0.130647272792164E-001 
      2.88000000 -0.865013540631951E+003  0.133872516749410E-001 
      2.90000000 -0.865013213101014E+003  0.137147826119079E-001 
      2.92000000 -0.865012880556576E+003  0.140473270495038E-001 
      2.94000000 -0.865012542996809E+003  0.143848868171924E-001 
      2.96000000 -0.865012200424994E+003  0.147274586319157E-001 
      2.98000000 -0.865011852849500E+003  0.150750341261299E-001 
      3.00000000 -0.865011500283660E+003  0.154275999662310E-001 
      3.02000000 -0.865011142745637E+003  0.157851379886725E-001 
      3.04000000 -0.865010780258233E+003  0.161476253927334E-001 
      3.06000000 -0.865010412848668E+003  0.165150349583257E-001 
      3.08000000 -0.865010040548140E+003  0.168873354860556E-001 
      3.10000000 -0.865009663391402E+003  0.172644922234602E-001 
      3.12000000 -0.865009281416311E+003  0.176464673145426E-001 
      3.14000000 -0.865008894663360E+003  0.180332202660325E-001 
      3.16000000 -0.865008503175033E+003  0.184247085933628E-001 
      3.18000000 -0.865008106995210E+003  0.188208884157971E-001 
      3.20000000 -0.865007706168527E+003  0.192217150984428E-001 
      3.22000000 -0.865007300739736E+003  0.196271438901082E-001 
      3.24000000 -0.865006890753131E+003  0.200371304945509E-001 
      3.26000000 -0.865006476251994E+003  0.204516316317681E-001 
      3.28000000 -0.865006057277934E+003  0.208706056918049E-001 
      3.30000000 -0.865005633870407E+003  0.212940132189956E-001 
      3.32000000 -0.865005206066246E+003  0.217218173798671E-001 
      3.34000000 -0.865004773899297E+003  0.221539843291479E-001 
      3.36000000 -0.865004337399891E+003  0.225904837347087E-001 
      3.38000000 -0.865003896594518E+003  0.230312891081891E-001 
      3.40000000 -0.865003451505437E+003  0.234763781890839E-001 
      3.42000000 -0.865003002150396E+003  0.239257332296426E-001 
      3.44000000 -0.865002548542536E+003  0.243793410895130E-001 
      3.46000000 -0.865002090690459E+003  0.248371931665227E-001 
      3.48000000 -0.865001628598402E+003  0.252992852237291E-001 
      3.50000000 -0.865001162266314E+003  0.257656173122728E-001 
      3.52000000 -0.865000691690215E+003  0.262361934102995E-001 
      3.54000000 -0.865000216862755E+003  0.267110208705635E-001 
      3.56000000 -0.864999737773761E+003  0.271901098643570E-001 
      3.58000000 -0.864999254410886E+003  0.276734727401733E-001 
      3.60000000 -0.864998766760388E+003  0.281611232373581E-001 
      3.62000000 -0.864998274807877E+003  0.286530757489686E-001 
      3.64000000 -0.864997778539200E+003  0.291493444262797E-001 
      3.66000000 -0.864997277941364E+003  0.296499422621185E-001 
      3.68000000 -0.864996773003624E+003  0.301548800021190E-001 
      3.70000000 -0.864996263718464E+003  0.306641651619316E-001 
      3.72000000 -0.864995750082660E+003  0.311778009658361E-001 
      3.74000000 -0.864995232098162E+003  0.316957854635261E-001 
      3.76000000 -0.864994709773084E+003  0.322181105419043E-001 
      3.78000000 -0.864994183122649E+003  0.327447609765149E-001 
      3.80000000 -0.864993652170117E+003  0.332757135084978E-001 
      3.82000000 -0.864993116947506E+003  0.338109361193380E-001 
      3.84000000 -0.864992577496182E+003  0.343503874438599E-001 
      3.86000000 -0.864992033867331E+003  0.348940162947829E-001 
      3.88000000 -0.864991486122231E+003  0.354417613951276E-001 
      3.90000000 -0.864990934332467E+003  0.359935511589579E-001 
      3.92000000 -0.864990378579972E+003  0.365493036534850E-001 
      3.94000000 -0.864989818956904E+003  0.371089267222307E-001 
      3.96000000 -0.864989255565344E+003  0.376723182817201E-001 
      3.98000000 -0.864988688516966E+003  0.382393666601320E-001 
      4.00000000 -0.864988117932530E+003  0.388099510959448E-001 
      4.02000000 -0.864987543941162E+003  0.393839424637662E-001 
      4.04000000 -0.864986966679470E+003  0.399612041555198E-001 
      4.06000000 -0.864986386290508E+003  0.405415931181463E-001 
      4.08000000 -0.864985802922631E+003  0.411249609952298E-001 
      4.10000000 -0.864985216728338E+003  0.417111552877657E-001 
      4.12000000 -0.864984627862958E+003  0.423000206682539E-001 
      4.14000000 -0.864984036483317E+003  0.428914003085197E-001 
      4.16000000 -0.864983442746308E+003  0.434851373180336E-001 
      4.18000000 -0.864982846807406E+003  0.440810762194503E-001 
      4.20000000 -0.864982248819257E+003  0.446790643690440E-001 
      4.22000000 -0.864981648930318E+003  0.452789533083108E-001 
      4.24000000 -0.864981047283532E+003  0.458806000941098E-001 
      4.26000000 -0.864980444015048E+003  0.464838685782441E-001 
      4.28000000 -0.864979839253048E+003  0.470886305781856E-001 
      4.30000000 -0.864979233116764E+003  0.476947668613161E-001 
      4.32000000 -0.864978625715611E+003  0.483021680144150E-001 
      4.34000000 -0.864978017148703E+003  0.489107349229707E-001 
      4.36000000 -0.864977407504279E+003  0.495203793473593E-001 
      4.38000000 -0.864976796859376E+003  0.501310242497964E-001 
      4.40000000 -0.864976185279698E+003  0.507426039273616E-001 
      4.42000000 -0.864975572819650E+003  0.513550639762283E-001 
      4.44000000 -0.864974959522596E+003  0.519683610302570E-001 
      4.46000000 -0.864974345421393E+003  0.525824622329604E-001 
      4.48000000 -0.864973730539257E+003  0.531973443690785E-001 
      4.50000000 -0.864973114890737E+003  0.538129928885549E-001 
      4.52000000 -0.864972498482957E+003  0.544294006687204E-001 
      4.54000000 -0.864971881317109E+003  0.550465665168078E-001 
      4.56000000 -0.864971263390144E+003  0.556644934818267E-001 
      4.58000000 -0.864970644696586E+003  0.562831870394071E-001 
      4.60000000 -0.864970025230379E+003  0.569026532472549E-001 
      4.62000000 -0.864969404986643E+003  0.575228969827798E-001 
      4.64000000 -0.864968783963571E+003  0.581439200550471E-001 
      4.66000000 -0.864968162163928E+003  0.587657196973364E-001 
      4.68000000 -0.864967539597007E+003  0.593882866190578E-001 
      4.70000000 -0.864966916280089E+003  0.600116035365938E-001 
      4.72000000 -0.864966292240338E+003  0.606356432878610E-001 
      4.74000000 -0.864965667516271E+003  0.612603673552241E-001 
      4.76000000 -0.864965042159288E+003  0.618857243375591E-001 
      4.78000000 -0.864964416234875E+003  0.625116487505259E-001 
      4.80000000 -0.864963789823552E+003  0.631380600740367E-001 
      4.82000000 -0.864963163021303E+003  0.637648623227326E-001 
      4.84000000 -0.864962535939714E+003  0.643919439117024E-001 
      4.86000000 -0.864961908705698E+003  0.650191779278478E-001 
      4.88000000 -0.864961281460953E+003  0.656464226729026E-001 
      4.90000000 -0.864960654361093E+003  0.662735225331142E-001 
      4.92000000 -0.864960027574625E+003  0.669003090006072E-001 
      4.94000000 -0.864959401281662E+003  0.675266019640815E-001 
      4.96000000 -0.864958775672395E+003  0.681522112308520E-001 
      4.98000000 -0.864958150945460E+003  0.687769381659603E-001 
      5.00000000 -0.864957527305980E+003  0.694005776453818E-001 
      5.02000000 -0.864956904963313E+003  0.700229203129826E-001 
      5.04000000 -0.864956284128575E+003  0.706437550510307E-001 
      5.06000000 -0.864955665012005E+003  0.712628716209497E-001 
      5.08000000 -0.864955047820400E+003  0.718800632255735E-001 
      5.10000000 -0.864954432754488E+003  0.724951291378161E-001 
      5.12000000 -0.864953820006527E+003  0.731078770987734E-001 
      5.14000000 -0.864953209757990E+003  0.737181256354882E-001 
      5.16000000 -0.864952602177748E+003  0.743257058778469E-001 
      5.18000000 -0.864951997420410E+003  0.749304632157689E-001 
      5.20000000 -0.864951395625257E+003  0.755322583687147E-001 
      5.22000000 -0.864950796915322E+003  0.761309683042840E-001 
      5.24000000 -0.864950201396920E+003  0.767264867055395E-001 
      5.26000000 -0.864949609159548E+003  0.773187240779287E-001 
      5.28000000 -0.864949020276183E+003  0.779076074433094E-001 
      5.30000000 -0.864948434804040E+003  0.784930795859878E-001 
      5.32000000 -0.864947852785694E+003  0.790750979316832E-001 
      5.34000000 -0.864947274250542E+003  0.796536330836867E-001 
      5.36000000 -0.864946699216480E+003  0.802286671454658E-001 
      5.38000000 -0.864946127691807E+003  0.808001918188890E-001 
      5.40000000 -0.864945559677556E+003  0.813682060701215E-001 
      5.42000000 -0.864944995170118E+003  0.819327135076268E-001 
      5.44000000 -0.864944434163980E+003  0.824937196462848E-001 
      5.46000000 -0.864943876654889E+003  0.830512287364760E-001 
      5.48000000 -0.864943322643003E+003  0.836052406225548E-001 
      5.50000000 -0.864942772136096E+003  0.841557475303639E-001 
      5.52000000 -0.864942225152472E+003  0.847027311542456E-001 
      5.54000000 -0.864941681723631E+003  0.852461599952123E-001 
      5.56000000 -0.864941141896363E+003  0.857859872627291E-001 
      5.58000000 -0.864940605734258E+003  0.863221493674646E-001 
      5.60000000 -0.864940073318440E+003  0.868545651854070E-001 
      5.62000000 -0.864939544747465E+003  0.873831361613053E-001 
      5.64000000 -0.864939020136510E+003  0.879077471158029E-001 
      5.66000000 -0.864938499615684E+003  0.884282679419739E-001 
      5.68000000 -0.864937983327619E+003  0.889445560067120E-001 
      5.70000000 -0.864937471424666E+003  0.894564589600842E-001 
      5.72000000 -0.864936964065901E+003  0.899638177252726E-001 
      5.74000000 -0.864936461413972E+003  0.904664696540222E-001 
      5.76000000 -0.864935963632027E+003  0.909642515986586E-001 
      5.78000000 -0.864935470881190E+003  0.914570024354797E-001 
      5.80000000 -0.864934983318286E+003  0.919445653397912E-001 
      5.82000000 -0.864934501094193E+003  0.924267894324625E-001 
      5.84000000 -0.864934024352594E+003  0.929035310320514E-001 
      5.86000000 -0.864933553228972E+003  0.933746546539330E-001 
      5.88000000 -0.864933087850048E+003  0.938400335779710E-001 
      5.90000000 -0.864932628333222E+003  0.942995504034274E-001 
      5.92000000 -0.864932174786313E+003  0.947530973129805E-001 
      5.94000000 -0.864931727307244E+003  0.952005763820821E-001 
      5.96000000 -0.864931285983627E+003  0.956418999992010E-001 
      5.98000000 -0.864930850892429E+003  0.960769911972217E-001 
      6.00000000 -0.864930422099496E+003  0.965057841302424E-001 
      6.02000000 -0.864929999659044E+003  0.969282245822748E-001 
      6.04000000 -0.864929583613417E+003  0.973442702087362E-001 
      6.06000000 -0.864929173992917E+003  0.977538907087235E-001 
      6.08000000 -0.864928770816025E+003  0.981570676013083E-001 
      6.10000000 -0.864928374090127E+003  0.985537934992237E-001 
      6.12000000 -0.864927983812675E+003  0.989440709507065E-001 
      6.14000000 -0.864927599973021E+003  0.993279106045232E-001 
      6.16000000 -0.864927222554703E+003  0.997053289230435E-001 
      6.18000000 -0.864926851538455E+003  0.100076345171224E+000 
      6.20000000 -0.864926486905571E+003  0.100440978054567E+000 
      6.22000000 -0.864926128641707E+003  0.100799241919242E+000 
      6.24000000 -0.864925776740651E+003  0.101151142975315E+000 
      6.26000000 -0.864925431208138E+003  0.101496675487971E+000 
      6.28000000 -0.864925092065166E+003  0.101835818460238E+000 
      6.30000000 -0.864924759350677E+003  0.102168532948437E+000 
      6.32000000 -0.864924433123212E+003  0.102494760414081E+000 
      6.34000000 -0.864924113461377E+003  0.102814422249297E+000 
      6.36000000 -0.864923800462972E+003  0.103127420653862E+000 
      6.38000000 -0.864923494242530E+003  0.103433641096329E+000 
      6.40000000 -0.864923194927545E+003  0.103732956081332E+000 
      6.42000000 -0.864922902653119E+003  0.104025230507365E+000 
      6.44000000 -0.864922617555479E+003  0.104310328147248E+000 
      6.46000000 -0.864922339764706E+003  0.104588118919385E+000 
      6.48000000 -0.864922069397079E+003  0.104858486547262E+000 
      6.50000000 -0.864921806547395E+003  0.105121336231327E+000 
      6.52000000 -0.864921551281886E+003  0.105376601740141E+000 
      6.54000000 -0.864921303631918E+003  0.105624251707740E+000 
      6.56000000 -0.864921063589170E+003  0.105864294456038E+000 
      6.58000000 -0.864920831102487E+003  0.106096781138480E+000 
      6.60000000 -0.864920606076434E+003  0.106321807191991E+000 
      6.62000000 -0.864920388371864E+003  0.106539511762155E+000 
      6.64000000 -0.864920177808009E+003  0.106750075616495E+000 
      6.66000000 -0.864919974166214E+003  0.106953717411403E+000 
      6.68000000 -0.864919777194118E+003  0.107150689508364E+000 
      6.70000000 -0.864919586610473E+003  0.107341273153101E+000 
      6.72000000 -0.864919402109418E+003  0.107525774207698E+000 
      6.74000000 -0.864919223364178E+003  0.107704519447878E+000 
      6.76000000 -0.864919050029228E+003  0.107877854397597E+000 
      6.78000000 -0.864918881741337E+003  0.108046142288538E+000 
      6.80000000 -0.864918718118614E+003  0.108209765011677E+000 
      6.82000000 -0.864918558758384E+003  0.108369125241987E+000 
      6.84000000 -0.864918403233400E+003  0.108524650226140E+000 
      6.86000000 -0.864918251087569E+003  0.108676796057246E+000 
      6.88000000 -0.864918101831238E+003  0.108826052388305E+000 
      6.90000000 -0.864917954937036E+003  0.108972946589779E+000 
      6.92000000 -0.864917809837093E+003  0.109118046533230E+000 
      6.94000000 -0.864917665922225E+003  0.109261961400487E+000 
      6.96000000 -0.864917522544006E+003  0.109405339619453E+000 
      6.98000000 -0.864917379020131E+003  0.109548863494627E+000 
      7.00000000 -0.864917234643317E+003  0.109693240308620E+000 
      7.02000000 -0.864917088693968E+003  0.109839189657835E+000 
      7.04000000 -0.864916940456224E+003  0.109987427402209E+000 
      7.06000000 -0.864916789237084E+003  0.110138646541896E+000 
      7.08000000 -0.864916634387820E+003  0.110293495806035E+000 
      7.10000000 -0.864916475326848E+003  0.110452556778080E+000 
      7.12000000 -0.864916311563070E+003  0.110616320555731E+000 
      7.14000000 -0.864916142718783E+003  0.110785164843000E+000 
      7.16000000 -0.864915968551040E+003  0.110959332585397E+000 
      7.18000000 -0.864915788970768E+003  0.111138912858101E+000 
      7.20000000 -0.864915604058949E+003  0.111323824676795E+000 
      7.22000000 -0.864915414079487E+003  0.111513804139213E+000 
      7.24000000 -0.864915219488526E+003  0.111708395100139E+000 
      7.26000000 -0.864915020940294E+003  0.111906943331793E+000 
      7.28000000 -0.864914819289647E+003  0.112108593978788E+000 
      7.30000000 -0.864914615591751E+003  0.112312291874736E+000 
      7.32000000 -0.864914411098809E+003  0.112516784816413E+000 
      7.34000000 -0.864914207254449E+003  0.112720629176862E+000 
      7.36000000 -0.864914005685432E+003  0.112922198193368E+000 
      7.38000000 -0.864913808191224E+003  0.113119692401904E+000 
      7.40000000 -0.864913616730366E+003  0.113311153259402E+000 
      7.42000000 -0.864913433403878E+003  0.113494479747360E+000 
      7.44000000 -0.864913260434830E+003  0.113667448796219E+000 
      7.46000000 -0.864913100143586E+003  0.113827740040062E+000 
      7.48000000 -0.864912954917894E+003  0.113972965731784E+000 
      7.50000000 -0.864912827177757E+003  0.114100705869107E+000 
      7.52000000 -0.864912719334717E+003  0.114208548909234E+000 
      7.54000000 -0.864912633745332E+003  0.114294138293533E+000 
      7.56000000 -0.864912572658923E+003  0.114355224703060E+000 
      7.58000000 -0.864912538160110E+003  0.114389723515658E+000 
      7.60000000 -0.864912532106406E+003  0.114395777220109E+000 
      7.62000000 -0.864912556062088E+003  0.114371821538045E+000 
      7.64000000 -0.864912611229017E+003  0.114316654609073E+000 
      7.66000000 -0.864912698375608E+003  0.114229508017644E+000 
      7.68000000 -0.864912817765542E+003  0.114110118083460E+000 
      7.70000000 -0.864912969087068E+003  0.113958796558191E+000 
      7.72000000 -0.864913151384944E+003  0.113776498681555E+000 
      7.74000000 -0.864913362995796E+003  0.113564887829609E+000 
      7.76000000 -0.864913601488745E+003  0.113326394880388E+000 
      7.78000000 -0.864913863611863E+003  0.113064271762841E+000 
      7.80000000 -0.864914145246108E+003  0.112782637517762E+000 
      7.82000000 -0.864914441367012E+003  0.112486516613763E+000 
      7.84000000 -0.864914746015167E+003  0.112181868458836E+000 
      7.86000000 -0.864915052275995E+003  0.111875607630890E+000 
      7.88000000 -0.864915352269248E+003  0.111575614378120E+000 
      7.90000000 -0.864915637148834E+003  0.111290734791477E+000 
      7.92000000 -0.864915897113364E+003  0.111030770261565E+000 
      7.94000000 -0.864916121428141E+003  0.110806455484764E+000 
      7.96000000 -0.864916298458848E+003  0.110629424777760E+000 
      7.98000000 -0.864916415717900E+003  0.110512165726108E+000 
      8.00000000 -0.864916459923630E+003  0.110467959995796E+000 
      8.02000000 -0.864916417073259E+003  0.110510810367292E+000 
      8.04000000 -0.864916272529755E+003  0.110655353870331E+000 
      8.06000000 -0.864916011122748E+003  0.110916760877455E+000 
      8.08000000 -0.864915617263515E+003  0.111310620110847E+000 
      8.10000000 -0.864915075073548E+003  0.111852810078037E+000 
      8.12000000 -0.864914368526040E+003  0.112559357586032E+000 
      8.14000000 -0.864913481599256E+003  0.113446284370111E+000 
      8.16000000 -0.864912398440656E+003  0.114529442970229E+000 
      8.18000000 -0.864911103540054E+003  0.115824343571947E+000 
      8.20000000 -0.864909581910409E+003  0.117345973216964E+000 
      8.22000000 -0.864907819274207E+003  0.119108609418427E+000 
      8.24000000 -0.864905802253859E+003  0.121125629766395E+000 
      8.26000000 -0.864903518563958E+003  0.123409319668157E+000 
      8.28000000 -0.864900957203472E+003  0.125970680153523E+000 
      8.30000000 -0.864898108645886E+003  0.128819237739945E+000 
      8.32000000 -0.864894965024677E+003  0.131962858948843E+000 
      8.34000000 -0.864891520311929E+003  0.135407571696809E+000 
      8.36000000 -0.864887770487450E+003  0.139157396176366E+000 
      8.38000000 -0.864883713695521E+003  0.143214188104359E+000 
      8.40000000 -0.864879350386327E+003  0.147577497298634E+000 
      8.42000000 -0.864874683438607E+003  0.152244445019279E+000 
      8.44000000 -0.864869718260821E+003  0.157209622804811E+000 
      8.46000000 -0.864864462867356E+003  0.162465016270147E+000 
      8.48000000 -0.864858927927235E+003  0.167999956391374E+000 
      8.50000000 -0.864853126782877E+003  0.173801100748627E+000 
      8.52000000 -0.864847075437346E+003  0.179852446280032E+000 
      8.54000000 -0.864840792509331E+003  0.186135374295176E+000 
      8.56000000 -0.864834299155631E+003  0.192628727994618E+000 
      8.58000000 -0.864827618962983E+003  0.199308920643262E+000 
      8.60000000 -0.864820777810130E+003  0.206150073495525E+000 
      8.62000000 -0.864813803703704E+003  0.213124179922320E+000 
      8.64000000 -0.864806726590305E+003  0.220201293320781E+000 
      8.66000000 -0.864799578148193E+003  0.227349735432498E+000 
      8.68000000 -0.864792391561773E+003  0.234536321852569E+000 
      8.70000000 -0.864785201280991E+003  0.241726602634721E+000 
      8.72000000 -0.864778042768073E+003  0.248885115552833E+000 
      8.74000000 -0.864770952232536E+003  0.255975651090107E+000 
      8.76000000 -0.864763966355878E+003  0.262961527747448E+000 
      8.78000000 -0.864757122006697E+003  0.269805876929165E+000 
      8.80000000 -0.864750455947631E+003  0.276471935994555E+000 
      8.82000000 -0.864744004536674E+003  0.282923346951594E+000 
      8.84000000 -0.864737803425618E+003  0.289124458007342E+000 
      8.86000000 -0.864731887261001E+003  0.295040622624360E+000 
      8.88000000 -0.864726289392970E+003  0.300638490655431E+000 
      8.90000000 -0.864721041598947E+003  0.305886284678523E+000 
      8.92000000 -0.864716173829124E+003  0.310754054501931E+000 
      8.94000000 -0.864711713978627E+003  0.315213904999306E+000 
      8.96000000 -0.864707687691111E+003  0.319240192515306E+000 
      8.98000000 -0.864704118193705E+003  0.322809689920752E+000 
      9.00000000 -0.864701026161496E+003  0.325901722129537E+000 
      9.02000000 -0.864698429604935E+003  0.328498278691083E+000 
      9.04000000 -0.864696343771310E+003  0.330584112315520E+000 
      9.06000000 -0.864694781049237E+003  0.332146834388633E+000 
      9.08000000 -0.864693750864155E+003  0.333177019470932E+000 
      9.10000000 -0.864693259555275E+003  0.333668328350746E+000 
      9.12000000 -0.864693310226074E+003  0.333617657551829E+000 
      9.14000000 -0.864693902565759E+003  0.333025317867138E+000 
      9.16000000 -0.864695032643828E+003  0.331895239797426E+000 
      9.18000000 -0.864696692683397E+003  0.330235200228607E+000 
      9.20000000 -0.864698870823884E+003  0.328057059742315E+000 
      9.22000000 -0.864701550884574E+003  0.325376999051363E+000 
      9.24000000 -0.864704712140747E+003  0.322215742879158E+000 
      9.26000000 -0.864708329122704E+003  0.318598760921994E+000 
      9.28000000 -0.864712371444367E+003  0.314556439259188E+000 
      9.30000000 -0.864716803666405E+003  0.310124217220820E+000 
      9.32000000 -0.864721585194513E+003  0.305342689113031E+000 
      9.34000000 -0.864726670213928E+003  0.300257669697916E+000 
      9.36000000 -0.864732007661051E+003  0.294920222574863E+000 
      9.38000000 -0.864737541235746E+003  0.289386647879819E+000 
      9.40000000 -0.864743209461902E+003  0.283718421723504E+000 
      9.42000000 -0.864748945807295E+003  0.277982076330892E+000 
      9.44000000 -0.864754678877546E+003  0.272249006080070E+000 
      9.46000000 -0.864760332699924E+003  0.266595183701607E+000 
      9.48000000 -0.864765827112109E+003  0.261100771516741E+000 
      9.50000000 -0.864771078268072E+003  0.255849615553454E+000 
      9.52000000 -0.864775999267682E+003  0.250928615943653E+000 
      9.54000000 -0.864780500910844E+003  0.246426972781866E+000 
      9.56000000 -0.864784492570982E+003  0.242435312643628E+000 
      9.58000000 -0.864787883176826E+003  0.239044706799592E+000 
      9.60000000 -0.864790582288320E+003  0.236345595306133E+000 
      9.62000000 -0.864792501249556E+003  0.234426634070057E+000 
      9.64000000 -0.864793554401232E+003  0.233373482394160E+000 
      9.66000000 -0.864793660334688E+003  0.233267548937390E+000 
      9.68000000 -0.864792743169344E+003  0.234184714281471E+000 
      9.70000000 -0.864790733834632E+003  0.236194048993585E+000 
      9.72000000 -0.864787571335278E+003  0.239356548347952E+000 
      9.74000000 -0.864783203976218E+003  0.243723907407851E+000 
      9.76000000 -0.864777590519758E+003  0.249337363868182E+000 
      9.78000000 -0.864770701244639E+003  0.256226638986432E+000 
      9.80000000 -0.864762518874823E+003  0.264409008803287E+000 
      9.82000000 -0.864753039345479E+003  0.273888538147033E+000 
      9.84000000 -0.864742272375849E+003  0.284655507776985E+000 
      9.86000000 -0.864730241822479E+003  0.296686061146955E+000 
      9.88000000 -0.864716985791952E+003  0.309942091674076E+000 
      9.90000000 -0.864702556498389E+003  0.324371385236658E+000 
      9.92000000 -0.864687019857288E+003  0.339908026338334E+000 
      9.94000000 -0.864670454812604E+003  0.356473071021616E+000 
      9.96000000 -0.864652952398939E+003  0.373975484687104E+000 
      9.98000000 -0.864634614544049E+003  0.392313339577050E+000 
     10.00000000 -0.864615552620992E+003  0.411375262634037E+000 
     10.02000000 -0.864595885761753E+003  0.431042121872749E+000 
     10.04000000 -0.864575738949754E+003  0.451188933872075E+000 
     10.06000000 -0.864555240913736E+003  0.471686969890177E+000 
     10.08000000 -0.864534521853501E+003  0.492406030124905E+000 
     10.10000000 -0.864513711036449E+003  0.513216847177335E+000 
     10.12000000 -0.864492934314423E+003  0.533993569203026E+000 
     10.14000000 -0.864472311619981E+003  0.554616263644742E+000 
     10.16000000 -0.864451954511205E+003  0.574973372420975E+000 
     10.18000000 -0.864431963843157E+003  0.594964040468855E+000 
     10.20000000 -0.864412427648007E+003  0.614500235619165E+000 
     10.22000000 -0.864393419311040E+003  0.633508572585365E+000 
     10.24000000 -0.864374996125156E+003  0.651931758469711E+000 
     10.26000000 -0.864357198302964E+003  0.669729580662335E+000 
     10.28000000 -0.864340048512118E+003  0.686879371507913E+000 
     10.30000000 -0.864323551985183E+003  0.703375898442428E+000 
     10.32000000 -0.864307697233881E+003  0.719230649744495E+000 
     10.34000000 -0.864292457373591E+003  0.734470510035263E+000 
     10.36000000 -0.864277792039172E+003  0.749135844454058E+000 
     10.38000000 -0.864263649845678E+003  0.763278037948021E+000 
     10.40000000 -0.864249971323364E+003  0.776956560262269E+000 
     10.42000000 -0.864236692234878E+003  0.790235648747510E+000 
     10.44000000 -0.864223747162796E+003  0.803180720829297E+000 
     10.46000000 -0.864211073242114E+003  0.815854641511919E+000 
     10.48000000 -0.864198613901972E+003  0.828313981653569E+000 
     10.50000000 -0.864186322473156E+003  0.840605410469469E+000 
     10.52000000 -0.864174165516917E+003  0.852762366708891E+000 
     10.54000000 -0.864162125729211E+003  0.864802154414703E+000 
     10.56000000 -0.864150204283490E+003  0.876723600135888E+000 
     10.58000000 -0.864138422483693E+003  0.888505399932944E+000 
     10.60000000 -0.864126822620216E+003  0.900105263410068E+000 
     10.62000000 -0.864115467944619E+003  0.911459939006786E+000 
     10.64000000 -0.864104441713891E+003  0.922486169734573E+000 
     10.66000000 -0.864093845290469E+003  0.933082593156492E+000 
     10.68000000 -0.864083795329018E+003  0.943132554608063E+000 
     10.70000000 -0.864074420121940E+003  0.952507761685654E+000 
     10.72000000 -0.864065855221445E+003  0.961072662180757E+000 
     10.74000000 -0.864058238493851E+003  0.968689389774442E+000 
     10.76000000 -0.864051704797421E+003  0.975223086204695E+000 
     10.78000000 -0.864046380501381E+003  0.980547382244707E+000 
     10.80000000 -0.864042378080810E+003  0.984549802816236E+000 
     10.82000000 -0.864039791028802E+003  0.987136854823850E+000 
     10.84000000 -0.864038689318262E+003  0.988238565363512E+000 
     10.86000000 -0.864039115626584E+003  0.987812257042110E+000 
     10.88000000 -0.864041082502705E+003  0.985845380920739E+000 
     10.90000000 -0.864044570611951E+003  0.982357271674946E+000 
     10.92000000 -0.864049528143599E+003  0.977399740026968E+000 
     10.94000000 -0.864055871408989E+003  0.971056474636976E+000 
     10.96000000 -0.864063486601737E+003  0.963441281888794E+000 
     10.98000000 -0.864072232637119E+003  0.954695246506855E+000 
     11.00000000 -0.864081944938035E+003  0.944982945590421E+000 
     11.02000000 -0.864092439993363E+003  0.934487890262912E+000 
     11.04000000 -0.864103520482915E+003  0.923407400710496E+000 
     11.06000000 -0.864114980741858E+003  0.911947141768060E+000 
     11.08000000 -0.864126612330012E+003  0.900315553613994E+000 
     11.10000000 -0.864138209473634E+003  0.888718409991960E+000 
     11.12000000 -0.864149574164653E+003  0.877353718973046E+000 
     11.14000000 -0.864160520726206E+003  0.866407157419499E+000 
     11.16000000 -0.864170879690009E+003  0.856048193617291E+000 
     11.18000000 -0.864180500871596E+003  0.846427012029637E+000 
     11.20000000 -0.864189255577640E+003  0.837672305985436E+000 
     11.22000000 -0.864197037928215E+003  0.829889955410407E+000 
     11.24000000 -0.864203765327096E+003  0.823162556529536E+000 
     11.26000000 -0.864209378157834E+003  0.817549725791999E+000 
     11.28000000 -0.864213838821599E+003  0.813089062027053E+000 
     11.30000000 -0.864217130258504E+003  0.809797625121696E+000 
     11.32000000 -0.864219254108113E+003  0.807673775512384E+000 
     11.34000000 -0.864220228663630E+003  0.806699219996047E+000 
     11.36000000 -0.864220086762218E+003  0.806841121407419E+000 
     11.38000000 -0.864218873731911E+003  0.808054151714939E+000 
     11.40000000 -0.864216645488475E+003  0.810282395151303E+000 
     11.42000000 -0.864213466846453E+003  0.813461037172812E+000 
     11.44000000 -0.864209410079509E+003  0.817517804116697E+000 
     11.46000000 -0.864204553739191E+003  0.822374144434605E+000 
     11.48000000 -0.864198981717198E+003  0.827946166427798E+000 
     11.50000000 -0.864192782516329E+003  0.834145367297232E+000 
     11.52000000 -0.864186048678940E+003  0.840879204686132E+000 
     11.54000000 -0.864178876309087E+003  0.848051574538925E+000 
     11.56000000 -0.864171364618020E+003  0.855563265606185E+000 
     11.58000000 -0.864163615420674E+003  0.863312462951634E+000 
     11.60000000 -0.864155732516287E+003  0.871195367338520E+000 
     11.62000000 -0.864147820897554E+003  0.879106986071753E+000 
     11.64000000 -0.864139985750042E+003  0.886942133584135E+000 
     11.66000000 -0.864132331225493E+003  0.894596658132368E+000 
     11.68000000 -0.864124958996917E+003  0.901968886709107E+000 
     11.70000000 -0.864117966626919E+003  0.908961256706569E+000 
     11.72000000 -0.864111445802081E+003  0.915482081544481E+000 
     11.74000000 -0.864105480502693E+003  0.921447380932876E+000 
     11.76000000 -0.864100145186606E+003  0.926782697019491E+000 
     11.78000000 -0.864095503070338E+003  0.931424813287884E+000 
     11.80000000 -0.864091604587407E+003  0.935323296218763E+000 
     11.82000000 -0.864088486097706E+003  0.938441785920356E+000 
     11.84000000 -0.864086168910311E+003  0.940758973314731E+000 
     11.86000000 -0.864084658671023E+003  0.942269212603069E+000 
     11.88000000 -0.864083945151388E+003  0.942982732238095E+000 
     11.90000000 -0.864084002461894E+003  0.942925421731713E+000 
     11.92000000 -0.864084789697349E+003  0.942138186276311E+000 
     11.94000000 -0.864086252006158E+003  0.940675877467696E+000 
     11.96000000 -0.864088322060997E+003  0.938605822628583E+000 
     11.98000000 -0.864090921892325E+003  0.936005991300536E+000 
     12.00000000 -0.864093965033422E+003  0.932962850203680E+000 
     12.02000000 -0.864097358913108E+003  0.929568970517832E+000 
     12.04000000 -0.864101007422879E+003  0.925920460746549E+000 
     12.06000000 -0.864104813577864E+003  0.922114305762085E+000 
     12.08000000 -0.864108682187322E+003  0.918245696303959E+000 
     12.10000000 -0.864112522449079E+003  0.914405434546543E+000 
     12.12000000 -0.864116250385961E+003  0.910677497665054E+000 
     12.14000000 -0.864119791045919E+003  0.907136837706801E+000 
     12.16000000 -0.864123080397755E+003  0.903847485870819E+000 
     12.18000000 -0.864126066862334E+003  0.900861021291707E+000 
     12.20000000 -0.864128712433483E+003  0.898215450142387E+000 
     12.22000000 -0.864130993354184E+003  0.895934529441834E+000 
     12.24000000 -0.864132900329257E+003  0.894027554368994E+000 
     12.26000000 -0.864134438271025E+003  0.892489612600488E+000 
     12.28000000 -0.864135625589309E+003  0.891302294316829E+000 
     12.30000000 -0.864136493054463E+003  0.890434829162482E+000 
     12.32000000 -0.864137082274882E+003  0.889845608743551E+000 
     12.34000000 -0.864137443844687E+003  0.889484038938502E+000 
     12.36000000 -0.864137635226858E+003  0.889292656767762E+000 
     12.38000000 -0.864137718445598E+003  0.889209438027924E+000 
     12.40000000 -0.864137757667659E+003  0.889170215967079E+000 
     12.42000000 -0.864137816756654E+003  0.889111126971890E+000 
     12.44000000 -0.864137956886520E+003  0.888970997105697E+000 
     12.46000000 -0.864138234300292E+003  0.888693583333592E+000 
     12.48000000 -0.864138698295874E+003  0.888229587752281E+000 
     12.50000000 -0.864139389513740E+003  0.887538369885737E+000 
     12.52000000 -0.864140338587566E+003  0.886589296059684E+000 
     12.54000000 -0.864141565203162E+003  0.885362680463452E+000 
     12.56000000 -0.864143077590683E+003  0.883850292943226E+000 
     12.58000000 -0.864144872454497E+003  0.882055429129068E+000 
     12.60000000 -0.864146935325394E+003  0.879992558232030E+000 
     12.62000000 -0.864149241301917E+003  0.877686581708516E+000 
     12.64000000 -0.864151756133595E+003  0.875171750030804E+000 
     12.66000000 -0.864154437588719E+003  0.872490294906943E+000 
     12.68000000 -0.864157237042096E+003  0.869690841529973E+000 
     12.70000000 -0.864160101214657E+003  0.866826668968699E+000 
     12.72000000 -0.864162973995959E+003  0.863953887666766E+000 
     12.74000000 -0.864165798280530E+003  0.861129603096246E+000 
     12.76000000 -0.864168517752725E+003  0.858410130901278E+000 
     12.78000000 -0.864171078558087E+003  0.855849325538751E+000 
     12.80000000 -0.864173430806859E+003  0.853497076766762E+000 
     12.82000000 -0.864175529864457E+003  0.851398019169309E+000 
     12.84000000 -0.864177337395166E+003  0.849590488460115E+000 
     12.86000000 -0.864178822139197E+003  0.848105744428456E+000 
     12.88000000 -0.864179960416142E+003  0.846967467484078E+000 
     12.90000000 -0.864180736360638E+003  0.846191522987587E+000 
     12.92000000 -0.864181141905094E+003  0.845785978532227E+000 
     12.94000000 -0.864181176531661E+003  0.845751351964788E+000 
     12.96000000 -0.864180846819754E+003  0.846081063871801E+000 
     12.98000000 -0.864180165819122E+003  0.846762064503702E+000 
     13.00000000 -0.864179152280271E+003  0.847775603355110E+000 
     13.02000000 -0.864177829777381E+003  0.849098106244373E+000 
     13.04000000 -0.864176225760466E+003  0.850702123159730E+000 
     13.06000000 -0.864174370574166E+003  0.852557309459450E+000 
     13.08000000 -0.864172296479598E+003  0.854631404028084E+000 
     13.10000000 -0.864170036711752E+003  0.856891171873796E+000 
     13.12000000 -0.864167624599359E+003  0.859303284266586E+000 
     13.14000000 -0.864165092767571E+003  0.861835116054508E+000 
     13.16000000 -0.864162472436641E+003  0.864455446984577E+000 
     13.18000000 -0.864159792824629E+003  0.867135058996948E+000 
     13.20000000 -0.864157080656264E+003  0.869847227361578E+000 
     13.22000000 -0.864154359777306E+003  0.872568106319386E+000 
     13.24000000 -0.864151650870822E+003  0.875277012803999E+000 
     13.26000000 -0.864148971270347E+003  0.877956613279168E+000 
     13.28000000 -0.864146334864414E+003  0.880593019211744E+000 
     13.30000000 -0.864143752086646E+003  0.883175796979930E+000 
     13.32000000 -0.864141229985976E+003  0.885697897649864E+000 
     13.34000000 -0.864138772371742E+003  0.888155511884091E+000 
     13.36000000 -0.864136380028760E+003  0.890547854866275E+000 
     13.38000000 -0.864134050996311E+003  0.892876887314946E+000 
     13.40000000 -0.864131780903772E+003  0.895146979853382E+000 
     13.42000000 -0.864129563353682E+003  0.897364529943943E+000 
     13.44000000 -0.864127390340373E+003  0.899537543252955E+000 
     13.46000000 -0.864125252690959E+003  0.901675192666617E+000 
     13.48000000 -0.864123140513777E+003  0.903787369848606E+000 
     13.50000000 -0.864121043639709E+003  0.905884243916755E+000 
     13.52000000 -0.864118952041996E+003  0.907975841629862E+000 
     13.54000000 -0.864116856222547E+003  0.910071661079283E+000 
     13.56000000 -0.864114747554381E+003  0.912180329244435E+000 
     13.58000000 -0.864112618572703E+003  0.914309310923230E+000 
     13.60000000 -0.864110463210066E+003  0.916464673559463E+000 
     13.62000000 -0.864108276973004E+003  0.918650910622039E+000 
     13.64000000 -0.864106057060633E+003  0.920870822992321E+000 
     13.66000000 -0.864103802426728E+003  0.923125456898098E+000 
     13.68000000 -0.864101513787854E+003  0.925414095772258E+000 
     13.70000000 -0.864099193580090E+003  0.927734303536076E+000 
     13.72000000 -0.864096845865420E+003  0.930082018205423E+000 
     13.74000000 -0.864094476187068E+003  0.932451696557705E+000 
     13.76000000 -0.864092091371626E+003  0.934836511999996E+000 
     13.78000000 -0.864089699274866E+003  0.937228608759994E+000 
     13.80000000 -0.864087308471449E+003  0.939619412177134E+000 
     13.82000000 -0.864084927892800E+003  0.941999990825999E+000 
     13.84000000 -0.864082566426380E+003  0.944361457245629E+000 
     13.86000000 -0.864080232497450E+003  0.946695386175377E+000 
     13.88000000 -0.864077933661588E+003  0.948994222038076E+000 
     13.90000000 -0.864075676238611E+003  0.951251645014716E+000 
     13.92000000 -0.864073465014532E+003  0.953462869094185E+000 
     13.94000000 -0.864071303029770E+003  0.955624853855446E+000 
     13.96000000 -0.864069191457992E+003  0.957736425634217E+000 
     13.98000000 -0.864067129567837E+003  0.959798315788482E+000 
     14.00000000 -0.864065114750222E+003  0.961813133404158E+000 
     14.02000000 -0.864063142591183E+003  0.963785292442432E+000 
     14.04000000 -0.864061206974975E+003  0.965720908651266E+000 
     14.06000000 -0.864059300211873E+003  0.967627671752547E+000 
     14.08000000 -0.864057413197150E+003  0.969514686475577E+000 
     14.10000000 -0.864055535617429E+003  0.971392266197358E+000 
     14.12000000 -0.864053656223098E+003  0.973271660528253E+000 
     14.14000000 -0.864051763179431E+003  0.975164704195233E+000 
     14.16000000 -0.864049844492704E+003  0.977083390921944E+000 
     14.18000000 -0.864047888487333E+003  0.979039396292416E+000 
     14.20000000 -0.864045884289006E+003  0.981043594619412E+000 
     14.22000000 -0.864043822256627E+003  0.983105626999302E+000 
     14.24000000 -0.864041694308240E+003  0.985233575386291E+000 
     14.26000000 -0.864039494103819E+003  0.987433779807111E+000 
     14.28000000 -0.864037217079834E+003  0.989710803791663E+000 
     14.30000000 -0.864034860366163E+003  0.992067517462798E+000 
     14.32000000 -0.864032422645311E+003  0.994505238314732E+000 
     14.34000000 -0.864029904026330E+003  0.997023857295515E+000 
     14.36000000 -0.864027305994374E+003  0.999621889252052E+000 
     14.38000000 -0.864024631463904E+003  0.100229641972194E+001 
     14.40000000 -0.864021884918039E+003  0.100504296558660E+001 
     14.42000000 -0.864019072570704E+003  0.100785531292208E+001 
     14.44000000 -0.864016202459223E+003  0.101072542440269E+001 
     14.46000000 -0.864013284371704E+003  0.101364351192231E+001 
     14.48000000 -0.864010329541717E+003  0.101659834190865E+001 
     14.50000000 -0.864007350095960E+003  0.101957778766561E+001 
     14.52000000 -0.864004358304989E+003  0.102256957863691E+001 
     14.54000000 -0.864001365747060E+003  0.102556213656591E+001 
     14.56000000 -0.863998382529972E+003  0.102854535365429E+001 
     14.58000000 -0.863995416716822E+003  0.103151116680359E+001 
     14.60000000 -0.863992474064702E+003  0.103445381892366E+001 
     14.62000000 -0.863989558120471E+003  0.103736976315512E+001 
     14.64000000 -0.863986670639815E+003  0.104025724381037E+001 
     14.66000000 -0.863983812227831E+003  0.104311565579438E+001 
     14.68000000 -0.863980983056345E+003  0.104594482728064E+001 
     14.70000000 -0.863978183508864E+003  0.104874437476139E+001 
     14.72000000 -0.863975414634166E+003  0.105151324945956E+001 
     14.74000000 -0.863972678347918E+003  0.105424953570749E+001 
     14.76000000 -0.863969977388384E+003  0.105695049524215E+001 
     14.78000000 -0.863967315090772E+003  0.105961279285378E+001 
     14.80000000 -0.863964695077695E+003  0.106223280593077E+001 
     14.82000000 -0.863962120965936E+003  0.106480691769001E+001 
     14.84000000 -0.863959596161087E+003  0.106733172253930E+001 
     14.86000000 -0.863957123765306E+003  0.106980411831949E+001 
     14.88000000 -0.863954706572981E+003  0.107222131064446E+001 
     14.90000000 -0.863952347092238E+003  0.107458079138775E+001 
     14.92000000 -0.863950047518790E+003  0.107688036483571E+001 
     14.94000000 -0.863947809604891E+003  0.107911827873479E+001 
     14.96000000 -0.863945634407520E+003  0.108129347610626E+001 
     14.98000000 -0.863943521948614E+003  0.108340593501145E+001 
     15.00000000 -0.863941470865013E+003  0.108545701861242E+001 
     15.02000000 -0.863939478147237E+003  0.108744973638933E+001 
     15.04000000 -0.863937539059019E+003  0.108938882460674E+001 
     15.06000000 -0.863935647294113E+003  0.109128058951244E+001 
     15.08000000 -0.863933795371575E+003  0.109313251205095E+001 
     15.10000000 -0.863931975207501E+003  0.109495267612498E+001 
     15.12000000 -0.863930178755215E+003  0.109674912841091E+001 
     15.14000000 -0.863928398583079E+003  0.109852930054644E+001 
     15.16000000 -0.863926628270930E+003  0.110029961269612E+001 
     15.18000000 -0.863924862546602E+003  0.110206533702438E+001 
     15.20000000 -0.863923097146880E+003  0.110383073674637E+001 
     15.22000000 -0.863921328454017E+003  0.110559942960888E+001 
     15.24000000 -0.863919553013475E+003  0.110737487015123E+001 
     15.26000000 -0.863917767067601E+003  0.110916081602458E+001 
     15.28000000 -0.863915966235908E+003  0.111096164771801E+001 
     15.30000000 -0.863914145438189E+003  0.111278244543708E+001 
     15.32000000 -0.863912299102801E+003  0.111462878082442E+001 
     15.34000000 -0.863910421642027E+003  0.111650624159906E+001 
     15.36000000 -0.863908508123384E+003  0.111841976024213E+001 
     15.38000000 -0.863906555031385E+003  0.112037285224116E+001 
     15.40000000 -0.863904561000792E+003  0.112236688283374E+001 
     15.42000000 -0.863902527410808E+003  0.112440047281826E+001 
     15.44000000 -0.863900458751516E+003  0.112646913211019E+001 
     15.46000000 -0.863898362706263E+003  0.112856517736246E+001 
     15.48000000 -0.863896249927231E+003  0.113067795639450E+001 
     15.50000000 -0.863894133513616E+003  0.113279437000961E+001 
     15.52000000 -0.863892028229783E+003  0.113489965384297E+001 
     15.54000000 -0.863889949521818E+003  0.113697836180773E+001 
     15.56000000 -0.863887912407387E+003  0.113901547623926E+001 
     15.58000000 -0.863885930323187E+003  0.114099756043855E+001 
     15.60000000 -0.863884014020318E+003  0.114291386330824E+001 
     15.62000000 -0.863882170599918E+003  0.114475728370832E+001 
     15.64000000 -0.863880402780966E+003  0.114652510265949E+001 
     15.66000000 -0.863878708487844E+003  0.114821939578160E+001 
     15.68000000 -0.863877080834185E+003  0.114984704944077E+001 
     15.70000000 -0.863875508557230E+003  0.115141932639538E+001 
     15.72000000 -0.863873976919460E+003  0.115295096416600E+001 
     15.74000000 -0.863872469040682E+003  0.115445884294395E+001 
     15.76000000 -0.863870967557325E+003  0.115596032630062E+001 
     15.78000000 -0.863869456438773E+003  0.115747144485325E+001 
     15.80000000 -0.863867922737293E+003  0.115900514633287E+001 
     15.82000000 -0.863866358026160E+003  0.116056985746632E+001 
     15.84000000 -0.863864759302227E+003  0.116216858139885E+001 
     15.86000000 -0.863863129197263E+003  0.116379868636276E+001 
     15.88000000 -0.863861475448195E+003  0.116545243543087E+001 
     15.90000000 -0.863859809699555E+003  0.116711818407123E+001 
     15.92000000 -0.863858145827008E+003  0.116878205661765E+001 
     15.94000000 -0.863856498052278E+003  0.117042983134807E+001 
     15.96000000 -0.863854879149771E+003  0.117204873385468E+001 
     15.98000000 -0.863853299016674E+003  0.117362886695175E+001 
     16.00000000 -0.863851763799251E+003  0.117516408437436E+001 
     16.02000000 -0.863850275656205E+003  0.117665222742060E+001 
     16.04000000 -0.863848833122356E+003  0.117809476126999E+001 
     16.06000000 -0.863847431935706E+003  0.117949594792009E+001 
     16.08000000 -0.863846066130035E+003  0.118086175359125E+001 
     16.10000000 -0.863844729178620E+003  0.118219870500550E+001 
     16.12000000 -0.863843415002056E+003  0.118351288156939E+001 
     16.14000000 -0.863842118711400E+003  0.118480917222564E+001 
     16.16000000 -0.863840837029522E+003  0.118609085410395E+001 
     16.18000000 -0.863839568401044E+003  0.118735948258189E+001 
     16.20000000 -0.863838312849565E+003  0.118861503406107E+001 
     16.22000000 -0.863837071662634E+003  0.118985622099137E+001 
     16.24000000 -0.863835846980911E+003  0.119108090271494E+001 
     16.26000000 -0.863834641345912E+003  0.119228653771333E+001 
     16.28000000 -0.863833457236025E+003  0.119347064760046E+001 
     16.30000000 -0.863832296603321E+003  0.119463128030521E+001 
     16.32000000 -0.863831160424862E+003  0.119576745876405E+001 
     16.34000000 -0.863830048299901E+003  0.119687958372446E+001 
     16.36000000 -0.863828958151095E+003  0.119796973253057E+001 
     16.38000000 -0.863827886107112E+003  0.119904177651403E+001 
     16.40000000 -0.863826826643006E+003  0.120010124061964E+001 
     16.42000000 -0.863825773022376E+003  0.120115486124961E+001 
     16.44000000 -0.863824718027857E+003  0.120220985576911E+001 
     16.46000000 -0.863823654894985E+003  0.120327298864104E+001 
     16.48000000 -0.863822578302967E+003  0.120434958065926E+001 
     16.50000000 -0.863821485242620E+003  0.120544264100628E+001 
     16.52000000 -0.863820375589947E+003  0.120655229367929E+001 
     16.54000000 -0.863819252262831E+003  0.120767562079441E+001 
     16.56000000 -0.863818120916641E+003  0.120880696698524E+001 
     16.58000000 -0.863816989222699E+003  0.120993866092693E+001 
     16.60000000 -0.863815865850651E+003  0.121106203297517E+001 
     16.62000000 -0.863814759325277E+003  0.121216855834841E+001 
     16.64000000 -0.863813676940282E+003  0.121325094334370E+001 
     16.66000000 -0.863812623887250E+003  0.121430399637569E+001 
     16.68000000 -0.863811602706586E+003  0.121532517703945E+001 
     16.70000000 -0.863810613102846E+003  0.121631478077992E+001 
     16.72000000 -0.863809652106024E+003  0.121727577760137E+001 
     16.74000000 -0.863808714515008E+003  0.121821336861777E+001 
     16.76000000 -0.863807793535315E+003  0.121913434831109E+001 
     16.78000000 -0.863806881518871E+003  0.122004636475500E+001 
     16.80000000 -0.863805970724555E+003  0.122095715907036E+001 
     16.82000000 -0.863805054034581E+003  0.122187384904467E+001 
     16.84000000 -0.863804125578878E+003  0.122280230474761E+001 
     16.86000000 -0.863803181232939E+003  0.122374665068727E+001 
     16.88000000 -0.863802218963447E+003  0.122470892017915E+001 
     16.90000000 -0.863801239003041E+003  0.122568888058495E+001 
     16.92000000 -0.863800243841057E+003  0.122668404256897E+001 
     16.94000000 -0.863799238025781E+003  0.122768985784471E+001 
     16.96000000 -0.863798227785175E+003  0.122870009845083E+001 
     16.98000000 -0.863797220490410E+003  0.122970739321610E+001 
     17.00000000 -0.863796224006833E+003  0.123070387679294E+001 
     17.02000000 -0.863795245997139E+003  0.123168188648715E+001 
     17.04000000 -0.863794293256580E+003  0.123263462704627E+001 
     17.06000000 -0.863793371161275E+003  0.123355672235117E+001 
     17.08000000 -0.863792483296026E+003  0.123444458759956E+001 
     17.10000000 -0.863791631296694E+003  0.123529658693139E+001 
     17.12000000 -0.863790814901682E+003  0.123611298194354E+001 
     17.14000000 -0.863790032168905E+003  0.123689571472123E+001 
     17.16000000 -0.863789279789550E+003  0.123764809407627E+001 
     17.18000000 -0.863788553426650E+003  0.123837445697596E+001 
     17.20000000 -0.863787848025345E+003  0.123907985828105E+001 
     17.22000000 -0.863787158076307E+003  0.123976980731843E+001 
     17.24000000 -0.863786477851209E+003  0.124045003241685E+001 
     17.26000000 -0.863785801654950E+003  0.124112622867620E+001 
     17.28000000 -0.863785124142503E+003  0.124180374112283E+001 
     17.30000000 -0.863784440724992E+003  0.124248715863433E+001 
     17.32000000 -0.863783748045903E+003  0.124317983772304E+001 
     17.34000000 -0.863783044457175E+003  0.124388342645053E+001 
     17.36000000 -0.863782330385774E+003  0.124459749785138E+001 
     17.38000000 -0.863781608469408E+003  0.124531941421761E+001 
     17.40000000 -0.863780883366450E+003  0.124604451717597E+001 
     17.42000000 -0.863780161207300E+003  0.124676667632597E+001 
     17.44000000 -0.863779448740080E+003  0.124747914354616E+001 
     17.46000000 -0.863778752308163E+003  0.124817557546244E+001 
     17.48000000 -0.863778076855729E+003  0.124885102789679E+001 
     17.50000000 -0.863777425168744E+003  0.124950271488169E+001 
     17.52000000 -0.863776797518090E+003  0.125013036553624E+001 
     17.54000000 -0.863776191786091E+003  0.125073609753458E+001 
     17.56000000 -0.863775604050088E+003  0.125132383353794E+001 
     17.58000000 -0.863775029492969E+003  0.125189839065697E+001 
     17.60000000 -0.863774463436525E+003  0.125246444710092E+001 
     17.62000000 -0.863773902267765E+003  0.125302561586047E+001 
     17.64000000 -0.863773344058821E+003  0.125358382480454E+001 
     17.66000000 -0.863772788759941E+003  0.125413912368478E+001 
     17.68000000 -0.863772237952358E+003  0.125468993126762E+001 
     17.70000000 -0.863771694253531E+003  0.125523363009456E+001 
     17.72000000 -0.863771160542906E+003  0.125576734072007E+001 
     17.74000000 -0.863770639204008E+003  0.125628867961775E+001 
     17.76000000 -0.863770131554456E+003  0.125679632916944E+001 
     17.78000000 -0.863769637571812E+003  0.125729031181393E+001 
     17.80000000 -0.863769155939273E+003  0.125777194435313E+001 
     17.82000000 -0.863768684354762E+003  0.125824352886365E+001 
     17.84000000 -0.863768219989562E+003  0.125870789406352E+001 
     17.86000000 -0.863767759960543E+003  0.125916792308236E+001 
     17.88000000 -0.863767301697808E+003  0.125962618581770E+001 
     17.90000000 -0.863766843137585E+003  0.126008474604062E+001 
     17.92000000 -0.863766382734994E+003  0.126054514863181E+001 
     17.94000000 -0.863765919349432E+003  0.126100853419390E+001 
     17.96000000 -0.863765452091114E+003  0.126147579251205E+001 
     17.98000000 -0.863764980219305E+003  0.126194766432097E+001 
     18.00000000 -0.863764503154022E+003  0.126242472960377E+001 
     18.02000000 -0.863764020615661E+003  0.126290726796503E+001 
     18.04000000 -0.863763532857433E+003  0.126339502619291E+001 
     18.06000000 -0.863763040920002E+003  0.126388696362392E+001 
     18.08000000 -0.863762546823426E+003  0.126438106019998E+001 
     18.10000000 -0.863762053620121E+003  0.126487426350473E+001 
     18.12000000 -0.863761565259559E+003  0.126536262406700E+001 
     18.14000000 -0.863761086254532E+003  0.126584162909388E+001 
     18.16000000 -0.863760621184693E+003  0.126630669893282E+001 
     18.18000000 -0.863760174116503E+003  0.126675376712249E+001 
     18.20000000 -0.863759748051109E+003  0.126717983251656E+001 
     18.22000000 -0.863759344519792E+003  0.126758336383380E+001 
     18.24000000 -0.863758963422299E+003  0.126796446132697E+001 
     18.26000000 -0.863758603147834E+003  0.126832473579129E+001 
     18.28000000 -0.863758260945849E+003  0.126866693777651E+001 
     18.30000000 -0.863757933448152E+003  0.126899443547358E+001 
     18.32000000 -0.863757617208282E+003  0.126931067534365E+001 
     18.34000000 -0.863757309132634E+003  0.126961875099184E+001 
     18.36000000 -0.863757006725352E+003  0.126992115827358E+001 
     18.38000000 -0.863756708136215E+003  0.127021974741065E+001 
     18.40000000 -0.863756412061036E+003  0.127051582258965E+001 
     18.42000000 -0.863756117574903E+003  0.127081030872322E+001 
     18.44000000 -0.863755823973652E+003  0.127110390997369E+001 
     18.46000000 -0.863755530667387E+003  0.127139721623929E+001 
     18.48000000 -0.863755237132028E+003  0.127169075159775E+001 
     18.50000000 -0.863754942899118E+003  0.127198498450759E+001 
     18.52000000 -0.863754647560068E+003  0.127228032355754E+001 
     18.54000000 -0.863754350773695E+003  0.127257710993080E+001 
     18.56000000 -0.863754052281995E+003  0.127287560163123E+001 
     18.58000000 -0.863753751944660E+003  0.127317593896616E+001 
     18.60000000 -0.863753449793551E+003  0.127347809007493E+001 
     18.62000000 -0.863753146090947E+003  0.127378179267854E+001 
     18.64000000 -0.863752841363734E+003  0.127408651989204E+001 
     18.66000000 -0.863752536389838E+003  0.127439149378789E+001 
     18.68000000 -0.863752232132478E+003  0.127469575114823E+001 
     18.70000000 -0.863751929642738E+003  0.127499824088809E+001 
     18.72000000 -0.863751629967142E+003  0.127529791648355E+001 
     18.74000000 -0.863751334095154E+003  0.127559378847153E+001 
     18.76000000 -0.863751042962826E+003  0.127588492079994E+001 
     18.78000000 -0.863750757502477E+003  0.127617038114908E+001 
     18.80000000 -0.863750478707690E+003  0.127644917593590E+001 
     18.82000000 -0.863750207676428E+003  0.127672020719767E+001 
     18.84000000 -0.863749945604966E+003  0.127698227865955E+001 
     18.86000000 -0.863749693724968E+003  0.127723415865831E+001 
     18.88000000 -0.863749453195946E+003  0.127747468767968E+001 
     18.90000000 -0.863749224977100E+003  0.127770290652563E+001 
     18.92000000 -0.863749009703204E+003  0.127791818042222E+001 
     18.94000000 -0.863748807583744E+003  0.127812029988215E+001 
     18.96000000 -0.863748618339604E+003  0.127830954402226E+001 
     18.98000000 -0.863748441189919E+003  0.127848669370714E+001 
     19.00000000 -0.863748274898930E+003  0.127865298469622E+001 
     19.02000000 -0.863748117882416E+003  0.127881000120981E+001 
     19.04000000 -0.863747968355833E+003  0.127895952779260E+001 
     19.06000000 -0.863747824490342E+003  0.127910339328406E+001 
     19.08000000 -0.863747684539034E+003  0.127924334459154E+001 
     19.10000000 -0.863747546909575E+003  0.127938097405090E+001 
     19.12000000 -0.863747410184777E+003  0.127951769884858E+001 
     19.14000000 -0.863747273117327E+003  0.127965476629889E+001 
     19.16000000 -0.863747134635584E+003  0.127979324804180E+001 
     19.18000000 -0.863746993887954E+003  0.127993399567198E+001 
     19.20000000 -0.863746850326973E+003  0.128007755665286E+001 
     19.22000000 -0.863746703803305E+003  0.128022408032104E+001 
     19.24000000 -0.863746554621085E+003  0.128037326254123E+001 
     19.26000000 -0.863746403511281E+003  0.128052437234445E+001 
     19.28000000 -0.863746251508260E+003  0.128067637536602E+001 
     19.30000000 -0.863746099754355E+003  0.128082812927088E+001 
     19.32000000 -0.863745949288596E+003  0.128097859503019E+001 
     19.34000000 -0.863745800885141E+003  0.128112699848449E+001 
     19.36000000 -0.863745654988972E+003  0.128127289465435E+001 
     19.38000000 -0.863745511759138E+003  0.128141612448829E+001 
     19.40000000 -0.863745371189511E+003  0.128155669411448E+001 
     19.42000000 -0.863745233251738E+003  0.128169463188757E+001 
     19.44000000 -0.863745098004997E+003  0.128182987862843E+001 
     19.46000000 -0.863744965638982E+003  0.128196224464436E+001 
     19.48000000 -0.863744836447309E+003  0.128209143631650E+001 
     19.50000000 -0.863744710753684E+003  0.128221712994182E+001 
     19.52000000 -0.863744588824111E+003  0.128233905951481E+001 
     19.54000000 -0.863744470794587E+003  0.128245708903846E+001 
     19.56000000 -0.863744356630458E+003  0.128257125316800E+001 
     19.58000000 -0.863744246119528E+003  0.128268176409828E+001 
     19.60000000 -0.863744138892082E+003  0.128278899154428E+001 
     19.62000000 -0.863744034459138E+003  0.128289342448805E+001 
     19.64000000 -0.863743932262946E+003  0.128299562067996E+001 
     19.66000000 -0.863743831736696E+003  0.128309614692999E+001 
     19.68000000 -0.863743732371496E+003  0.128319551212989E+001 
     19.70000000 -0.863743633786891E+003  0.128329409673454E+001 
     19.72000000 -0.863743535797404E+003  0.128339208622172E+001 
     19.74000000 -0.863743438463778E+003  0.128348941984753E+001 
     19.76000000 -0.863743342116613E+003  0.128358576701257E+001 
     19.78000000 -0.863743247343378E+003  0.128368054024796E+001 
     19.80000000 -0.863743154936203E+003  0.128377294742261E+001 
     19.82000000 -0.863743065804549E+003  0.128386207907708E+001 
     19.84000000 -0.863742980863090E+003  0.128394702053540E+001 
     19.86000000 -0.863742900911383E+003  0.128402697224249E+001 
     19.88000000 -0.863742826527210E+003  0.128410135641562E+001 
     19.90000000 -0.863742757995808E+003  0.128416988781808E+001 
     19.92000000 -0.863742695289488E+003  0.128423259413776E+001 
     19.94000000 -0.863742638098711E+003  0.128428978491472E+001 
     19.96000000 -0.863742585902876E+003  0.128434198074969E+001 
     19.98000000 -0.863742538061867E+003  0.128438982175845E+001 
     20.00000000 -0.863742493907416E+003  0.128443397620935E+001 
     20.02000000 -0.863742452814992E+003  0.128447506863407E+001 
     20.04000000 -0.863742414242424E+003  0.128451364120224E+001 
     20.06000000 -0.863742377732071E+003  0.128455015155512E+001 
     20.08000000 -0.863742342886687E+003  0.128458499693885E+001 
     20.10000000 -0.863742309338276E+003  0.128461854534980E+001 
     20.12000000 -0.863742276728356E+003  0.128465115526994E+001 
     20.14000000 -0.863742244708491E+003  0.128468317513487E+001 
     20.16000000 -0.863742212958988E+003  0.128471492463815E+001 
     20.18000000 -0.863742181217839E+003  0.128474666578674E+001 
     20.20000000 -0.863742149311618E+003  0.128477857200740E+001 
     20.22000000 -0.863742117181014E+003  0.128481070261144E+001 
     20.24000000 -0.863742084893682E+003  0.128484298994379E+001 
     20.26000000 -0.863742052637899E+003  0.128487524572707E+001 
     20.28000000 -0.863742020695208E+003  0.128490718841762E+001 
     20.30000000 -0.863741989397832E+003  0.128493848579385E+001 
     20.32000000 -0.863741959082523E+003  0.128496880110258E+001 
     20.34000000 -0.863741930052514E+003  0.128499783111204E+001 
     20.36000000 -0.863741902553565E+003  0.128502533006137E+001 
     20.38000000 -0.863741876763181E+003  0.128505112044436E+001 
     20.40000000 -0.863741852788287E+003  0.128507509533841E+001 
     20.42000000 -0.863741830667564E+003  0.128509721606133E+001 
     20.44000000 -0.863741810377945E+003  0.128511750568086E+001 
     20.46000000 -0.863741791846475E+003  0.128513603715118E+001 
     20.48000000 -0.863741774967088E+003  0.128515291653805E+001 
     20.50000000 -0.863741759618607E+003  0.128516826501861E+001 
     20.52000000 -0.863741745679200E+003  0.128518220442620E+001 
     20.54000000 -0.863741733034952E+003  0.128519484867403E+001 
     20.56000000 -0.863741721583783E+003  0.128520629984317E+001 
     20.58000000 -0.863741711237239E+003  0.128521664638689E+001 
     20.60000000 -0.863741701921467E+003  0.128522596215852E+001 
     20.62000000 -0.863741693577106E+003  0.128523430651973E+001 
     20.64000000 -0.863741686157635E+003  0.128524172599114E+001 
     20.66000000 -0.863741679626043E+003  0.128524825758236E+001 
     20.68000000 -0.863741673949635E+003  0.128525393399077E+001 
     20.70000000 -0.863741669093047E+003  0.128525879057863E+001 
     20.72000000 -0.863741665011214E+003  0.128526287241202E+001 
     20.74000000 -0.863741661645615E+003  0.128526623801114E+001 
     20.76000000 -0.863741658926380E+003  0.128526895724548E+001 
     20.78000000 -0.863741656779259E+003  0.128527110436678E+001 
     20.80000000 -0.863741655133168E+003  0.128527275045777E+001 
     20.82000000 -0.863741653924091E+003  0.128527395953470E+001 
     20.84000000 -0.863741653094127E+003  0.128527478949859E+001 
     20.86000000 -0.863741652587606E+003  0.128527529601961E+001 
     20.88000000 -0.863741652347118E+003  0.128527553650746E+001 
     20.90000000 -0.863741652311472E+003  0.128527557215436E+001 
     20.92000000 -0.863741652416313E+003  0.128527546731267E+001 
     20.94000000 -0.863741652596936E+003  0.128527528669035E+001 
     20.96000000 -0.863741652791586E+003  0.128527509203982E+001 
     20.98000000 -0.863741652942906E+003  0.128527494072014E+001 
     21.00000000 -0.863741652995888E+003  0.128527488773801E+001 
     21.02000000 -0.863741652976811E+003  0.128527490681484E+001 
     21.04000000 -0.863741652964238E+003  0.128527491938762E+001 
     21.06000000 -0.863741652955390E+003  0.128527492823573E+001 
     21.08000000 -0.863741652945334E+003  0.128527493829178E+001 
     21.10000000 -0.863741652930902E+003  0.128527495272390E+001 
     21.12000000 -0.863741652912511E+003  0.128527497111531E+001 
     21.14000000 -0.863741652893305E+003  0.128527499032052E+001 
     21.16000000 -0.863741652876656E+003  0.128527500696956E+001 
     21.18000000 -0.863741652863929E+003  0.128527501969654E+001 
     21.20000000 -0.863741652853945E+003  0.128527502968125E+001 
     21.22000000 -0.863741652844238E+003  0.128527503938783E+001 
     21.24000000 -0.863741652832978E+003  0.128527505064748E+001 
     21.26000000 -0.863741652819998E+003  0.128527506362813E+001 
     21.28000000 -0.863741652806209E+003  0.128527507741706E+001 
     21.30000000 -0.863741652792215E+003  0.128527509141047E+001 
     21.32000000 -0.863741652777682E+003  0.128527510594409E+001 
     21.34000000 -0.863741652762091E+003  0.128527512153436E+001 
     21.36000000 -0.863741652745814E+003  0.128527513781218E+001 
     21.38000000 -0.863741652729881E+003  0.128527515374497E+001 
     21.40000000 -0.863741652714399E+003  0.128527516922668E+001 
     21.42000000 -0.863741652697339E+003  0.128527518628736E+001 
     21.44000000 -0.863741652675379E+003  0.128527520824653E+001 
     21.46000000 -0.863741652646431E+003  0.128527523719448E+001 
     21.48000000 -0.863741652611670E+003  0.128527527195584E+001 
     21.50000000 -0.863741652575307E+003  0.128527530831880E+001 
     21.52000000 -0.863741652542309E+003  0.128527534131691E+001 
     21.54000000 -0.863741652515819E+003  0.128527536780643E+001 
     21.56000000 -0.863741652495934E+003  0.128527538769156E+001 
     21.58000000 -0.863741652480253E+003  0.128527540337270E+001 
     21.60000000 -0.863741652465504E+003  0.128527541812191E+001 
     21.62000000 -0.863741652449186E+003  0.128527543443955E+001 
     21.64000000 -0.863741652430459E+003  0.128527545316690E+001 
     21.66000000 -0.863741652410028E+003  0.128527547359824E+001 
     21.68000000 -0.863741652389266E+003  0.128527549435990E+001 
     21.70000000 -0.863741652369126E+003  0.128527551450015E+001 
     21.72000000 -0.863741652349529E+003  0.128527553409670E+001 
     21.74000000 -0.863741652329717E+003  0.128527555390864E+001 
     21.76000000 -0.863741652309418E+003  0.128527557420772E+001 
     21.78000000 -0.863741652289887E+003  0.128527559373930E+001 
     21.80000000 -0.863741652273632E+003  0.128527560999344E+001 
     21.82000000 -0.863741652262540E+003  0.128527562108565E+001 
     21.84000000 -0.863741652255624E+003  0.128527562800153E+001 
     21.86000000 -0.863741652248447E+003  0.128527563517901E+001 
     21.88000000 -0.863741652235270E+003  0.128527564835572E+001 
     21.90000000 -0.863741652212889E+003  0.128527567073726E+001 
     21.92000000 -0.863741652183445E+003  0.128527570018047E+001 
     21.94000000 -0.863741652153849E+003  0.128527572977642E+001 
     21.96000000 -0.863741652131696E+003  0.128527575192971E+001 
     21.98000000 -0.863741652120345E+003  0.128527576328111E+001 
     22.00000000 -0.863741652116775E+003  0.128527576685052E+001 
     22.02000000 -0.863741652113905E+003  0.128527576972058E+001 
     22.04000000 -0.863741652105499E+003  0.128527577812679E+001 
     22.06000000 -0.863741652089806E+003  0.128527579382002E+001 
     22.08000000 -0.863741652069467E+003  0.128527581415932E+001 
     22.10000000 -0.863741652048663E+003  0.128527583496256E+001 
     22.12000000 -0.863741652030428E+003  0.128527585319784E+001 
     22.14000000 -0.863741652015832E+003  0.128527586779372E+001 
     22.16000000 -0.863741652004384E+003  0.128527587924159E+001 
     22.18000000 -0.863741651994327E+003  0.128527588929929E+001 
     22.20000000 -0.863741651982960E+003  0.128527590066616E+001 
     22.22000000 -0.863741651968027E+003  0.128527591559895E+001 
     22.24000000 -0.863741651949792E+003  0.128527593383384E+001 
     22.26000000 -0.863741651931454E+003  0.128527595217188E+001 
     22.28000000 -0.863741651916217E+003  0.128527596740842E+001 
     22.30000000 -0.863741651902964E+003  0.128527598066188E+001 
     22.32000000 -0.863741651885146E+003  0.128527599847972E+001 
     22.34000000 -0.863741651855310E+003  0.128527602831611E+001 
     22.36000000 -0.863741651811923E+003  0.128527607170235E+001 
     22.38000000 -0.863741651761898E+003  0.128527612172761E+001 
     22.40000000 -0.863741651715591E+003  0.128527616803526E+001 
     22.42000000 -0.863741651678313E+003  0.128527620531275E+001 
     22.44000000 -0.863741651646068E+003  0.128527623755826E+001 
     22.46000000 -0.863741651609415E+003  0.128527627421115E+001 
     22.48000000 -0.863741651561807E+003  0.128527632181935E+001 
     22.50000000 -0.863741651504832E+003  0.128527637879413E+001 
     22.52000000 -0.863741651446197E+003  0.128527643742920E+001 
     22.54000000 -0.863741651393186E+003  0.128527649043937E+001 
     22.56000000 -0.863741651347979E+003  0.128527653564715E+001 
     22.58000000 -0.863741651308486E+003  0.128527657514033E+001 
     22.60000000 -0.863741651272629E+003  0.128527661099710E+001 
     22.62000000 -0.863741651241033E+003  0.128527664259247E+001 
     22.64000000 -0.863741651215555E+003  0.128527666807059E+001 
     22.66000000 -0.863741651195761E+003  0.128527668786503E+001 
     22.68000000 -0.863741651177486E+003  0.128527670613956E+001 
     22.70000000 -0.863741651155180E+003  0.128527672844569E+001 
     22.72000000 -0.863741651125855E+003  0.128527675777077E+001 
     22.74000000 -0.863741651091156E+003  0.128527679246948E+001 
     22.76000000 -0.863741651056095E+003  0.128527682753082E+001 
     22.78000000 -0.863741651025913E+003  0.128527685771262E+001 
     22.80000000 -0.863741651003574E+003  0.128527688005153E+001 
     22.82000000 -0.863741650989162E+003  0.128527689446401E+001 
     22.84000000 -0.863741650980709E+003  0.128527690291653E+001 
     22.86000000 -0.863741650975304E+003  0.128527690832140E+001 
     22.88000000 -0.863741650969901E+003  0.128527691372510E+001 
     22.90000000 -0.863741650962054E+003  0.128527692157157E+001 
     22.92000000 -0.863741650950765E+003  0.128527693286052E+001 
     22.94000000 -0.863741650936904E+003  0.128527694672177E+001 
     22.96000000 -0.863741650922472E+003  0.128527696115388E+001 
     22.98000000 -0.863741650908796E+003  0.128527697483020E+001 
     23.00000000 -0.863741650894936E+003  0.128527698869009E+001 
     23.02000000 -0.863741650877735E+003  0.128527700589125E+001 
     23.04000000 -0.863741650853679E+003  0.128527702994729E+001 
     23.06000000 -0.863741650821295E+003  0.128527706233055E+001 
     23.08000000 -0.863741650782506E+003  0.128527710112033E+001 
     23.10000000 -0.863741650742208E+003  0.128527714141812E+001 
     23.12000000 -0.863741650706350E+003  0.128527717727596E+001 
     23.14000000 -0.863741650679268E+003  0.128527720435828E+001 
     23.16000000 -0.863741650661449E+003  0.128527722217651E+001 
     23.18000000 -0.863741650649197E+003  0.128527723442930E+001 
     23.20000000 -0.863741650636932E+003  0.128527724669388E+001 
     23.22000000 -0.863741650620910E+003  0.128527726271609E+001 
     23.24000000 -0.863741650601457E+003  0.128527728216888E+001 
     23.26000000 -0.863741650581817E+003  0.128527730180903E+001 
     23.28000000 -0.863741650564863E+003  0.128527731876260E+001 
     23.30000000 -0.863741650551010E+003  0.128527733261573E+001 
     23.32000000 -0.863741650539126E+003  0.128527734450009E+001 
     23.34000000 -0.863741650528714E+003  0.128527735491211E+001 
     23.36000000 -0.863741650520227E+003  0.128527736339866E+001 
     23.38000000 -0.863741650512904E+003  0.128527737072183E+001 
     23.40000000 -0.863741650503016E+003  0.128527738060957E+001 
     23.42000000 -0.863741650485619E+003  0.128527739800707E+001 
     23.44000000 -0.863741650459087E+003  0.128527742453865E+001 
     23.46000000 -0.863741650428020E+003  0.128527745560550E+001 
     23.48000000 -0.863741650400858E+003  0.128527748276739E+001 
     23.50000000 -0.863741650383590E+003  0.128527750003573E+001 
     23.52000000 -0.863741650375042E+003  0.128527750858367E+001 
     23.54000000 -0.863741650367985E+003  0.128527751564031E+001 
     23.56000000 -0.863741650354783E+003  0.128527752884302E+001 
     23.58000000 -0.863741650332327E+003  0.128527755129900E+001 
     23.60000000 -0.863741650302518E+003  0.128527758110754E+001 
     23.62000000 -0.863741650269397E+003  0.128527761422882E+001 
     23.64000000 -0.863741650236728E+003  0.128527764689786E+001 
     23.66000000 -0.863741650207847E+003  0.128527767577852E+001 
     23.68000000 -0.863741650185958E+003  0.128527769766799E+001 
     23.70000000 -0.863741650172518E+003  0.128527771110813E+001 
     23.72000000 -0.863741650164460E+003  0.128527771916631E+001 
     23.74000000 -0.863741650153715E+003  0.128527772991040E+001 
     23.76000000 -0.863741650131190E+003  0.128527775243560E+001 
     23.78000000 -0.863741650092969E+003  0.128527779065654E+001 
     23.80000000 -0.863741650043772E+003  0.128527783985349E+001 
     23.82000000 -0.863741649994586E+003  0.128527788903962E+001 
     23.84000000 -0.863741649956197E+003  0.128527792742877E+001 
     23.86000000 -0.863741649933419E+003  0.128527795020697E+001 
     23.88000000 -0.863741649923618E+003  0.128527796000742E+001 
     23.90000000 -0.863741649919426E+003  0.128527796419960E+001 
     23.92000000 -0.863741649913012E+003  0.128527797061355E+001 
     23.94000000 -0.863741649899492E+003  0.128527798413402E+001 
     23.96000000 -0.863741649878470E+003  0.128527800515565E+001 
     23.98000000 -0.863741649853579E+003  0.128527803004637E+001 
     24.00000000 -0.863741649830131E+003  0.128527805349471E+001 
     24.02000000 -0.863741649811848E+003  0.128527807177775E+001 
     24.04000000 -0.863741649798719E+003  0.128527808490640E+001 
     24.06000000 -0.863741649787648E+003  0.128527809597783E+001 
     24.08000000 -0.863741649775331E+003  0.128527810829529E+001 
     24.10000000 -0.863741649760761E+003  0.128527812286449E+001 
     24.12000000 -0.863741649745250E+003  0.128527813837587E+001 
     24.14000000 -0.863741649730439E+003  0.128527815318647E+001 
     24.16000000 -0.863741649716669E+003  0.128527816695704E+001 
     24.18000000 -0.863741649703230E+003  0.128527818039611E+001 
     24.20000000 -0.863741649689772E+003  0.128527819385336E+001 
     24.22000000 -0.863741649677017E+003  0.128527820660857E+001 
     24.24000000 -0.863741649665956E+003  0.128527821767003E+001 
     24.26000000 -0.863741649656511E+003  0.128527822711472E+001 
     24.28000000 -0.863741649647167E+003  0.128527823645829E+001 
     24.30000000 -0.863741649636046E+003  0.128527824757970E+001 
     24.32000000 -0.863741649622485E+003  0.128527826114058E+001 
     24.34000000 -0.863741649607698E+003  0.128527827592807E+001 
     24.36000000 -0.863741649593825E+003  0.128527828980063E+001 
     24.38000000 -0.863741649582005E+003  0.128527830162090E+001 
     24.40000000 -0.863741649570966E+003  0.128527831265965E+001 
     24.42000000 -0.863741649557400E+003  0.128527832622575E+001 
     24.44000000 -0.863741649538036E+003  0.128527834559028E+001 
     24.46000000 -0.863741649511988E+003  0.128527837163733E+001 
     24.48000000 -0.863741649481677E+003  0.128527840194896E+001 
     24.50000000 -0.863741649451650E+003  0.128527843197579E+001 
     24.52000000 -0.863741649426094E+003  0.128527845753154E+001 
     24.54000000 -0.863741649406487E+003  0.128527847713882E+001 
     24.56000000 -0.863741649390676E+003  0.128527849294951E+001 
     24.58000000 -0.863741649373889E+003  0.128527850973651E+001 
     24.60000000 -0.863741649351241E+003  0.128527853238487E+001 
     24.62000000 -0.863741649320482E+003  0.128527856314391E+001 
     24.64000000 -0.863741649283483E+003  0.128527860014280E+001 
     24.66000000 -0.863741649245583E+003  0.128527863804259E+001 
     24.68000000 -0.863741649213124E+003  0.128527867050213E+001 
     24.70000000 -0.863741649190408E+003  0.128527869321778E+001 
     24.72000000 -0.863741649177567E+003  0.128527870605911E+001 
     24.74000000 -0.863741649170431E+003  0.128527871319512E+001 
     24.76000000 -0.863741649162621E+003  0.128527872100447E+001 
     24.78000000 -0.863741649148814E+003  0.128527873481149E+001 
     24.80000000 -0.863741649127294E+003  0.128527875633147E+001 
     24.82000000 -0.863741649100356E+003  0.128527878326937E+001 
     24.84000000 -0.863741649072630E+003  0.128527881099593E+001 
     24.86000000 -0.863741649048624E+003  0.128527883500228E+001 
     24.88000000 -0.863741649030766E+003  0.128527885285975E+001 
     24.90000000 -0.863741649018496E+003  0.128527886512946E+001 
     24.92000000 -0.863741649008608E+003  0.128527887501807E+001 
     24.94000000 -0.863741648996957E+003  0.128527888666906E+001 
     24.96000000 -0.863741648980998E+003  0.128527890262766E+001 
     24.98000000 -0.863741648961541E+003  0.128527892208452E+001 
     25.00000000 -0.863741648942140E+003  0.128527894148607E+001 
     25.02000000 -0.863741648926264E+003  0.128527895736173E+001 
     25.04000000 -0.863741648914478E+003  0.128527896914748E+001 
     25.06000000 -0.863741648904053E+003  0.128527897957283E+001 
     25.08000000 -0.863741648891378E+003  0.128527899224770E+001 
     25.10000000 -0.863741648875039E+003  0.128527900858729E+001 
     25.12000000 -0.863741648856756E+003  0.128527902687004E+001 
     25.14000000 -0.863741648839239E+003  0.128527904438712E+001 
     25.16000000 -0.863741648822896E+003  0.128527906072971E+001 
     25.18000000 -0.863741648804792E+003  0.128527907883332E+001 
     25.20000000 -0.863741648781416E+003  0.128527910220974E+001 
     25.22000000 -0.863741648752883E+003  0.128527913074266E+001 
     25.24000000 -0.863741648723999E+003  0.128527915962690E+001 
     25.26000000 -0.863741648700160E+003  0.128527918346619E+001 
     25.28000000 -0.863741648681592E+003  0.128527920203345E+001 
     25.30000000 -0.863741648662008E+003  0.128527922161811E+001 
     25.32000000 -0.863741648633805E+003  0.128527924982050E+001 
     25.34000000 -0.863741648595116E+003  0.128527928851012E+001 
     25.36000000 -0.863741648551679E+003  0.128527933194664E+001 
     25.38000000 -0.863741648511769E+003  0.128527937185648E+001 
     25.40000000 -0.863741648479502E+003  0.128527940412384E+001 
     25.42000000 -0.863741648453067E+003  0.128527943055864E+001 
     25.44000000 -0.863741648428578E+003  0.128527945504778E+001 
     25.46000000 -0.863741648404352E+003  0.128527947927357E+001 
     25.48000000 -0.863741648381074E+003  0.128527950255138E+001 
     25.50000000 -0.863741648358980E+003  0.128527952464609E+001 
     25.52000000 -0.863741648336573E+003  0.128527954705306E+001 
     25.54000000 -0.863741648312673E+003  0.128527957095306E+001 
     25.56000000 -0.863741648288806E+003  0.128527959481981E+001 
     25.58000000 -0.863741648268395E+003  0.128527961523113E+001 
     25.60000000 -0.863741648253261E+003  0.128527963036519E+001 
     25.62000000 -0.863741648241357E+003  0.128527964226850E+001 
     25.64000000 -0.863741648228281E+003  0.128527965534505E+001 
     25.66000000 -0.863741648210955E+003  0.128527967267082E+001 
     25.68000000 -0.863741648189815E+003  0.128527969381048E+001 
     25.70000000 -0.863741648167765E+003  0.128527971586082E+001 
     25.72000000 -0.863741648147468E+003  0.128527973615777E+001 
     25.74000000 -0.863741648129671E+003  0.128527975395531E+001 
     25.76000000 -0.863741648113587E+003  0.128527977003900E+001 
     25.78000000 -0.863741648098276E+003  0.128527978534989E+001 
     25.80000000 -0.863741648083477E+003  0.128527980014859E+001 
     25.82000000 -0.863741648069489E+003  0.128527981413658E+001 
     25.84000000 -0.863741648056763E+003  0.128527982686297E+001 
     25.86000000 -0.863741648045801E+003  0.128527983782487E+001 
     25.88000000 -0.863741648037136E+003  0.128527984648998E+001 
     25.90000000 -0.863741648030806E+003  0.128527985281982E+001 
     25.92000000 -0.863741648025460E+003  0.128527985816571E+001 
     25.94000000 -0.863741648018118E+003  0.128527986550735E+001 
     25.96000000 -0.863741648005477E+003  0.128527987814886E+001 
     25.98000000 -0.863741647986236E+003  0.128527989738955E+001 
     26.00000000 -0.863741647962641E+003  0.128527992098455E+001 
     26.02000000 -0.863741647939680E+003  0.128527994394556E+001 
     26.04000000 -0.863741647922228E+003  0.128527996139826E+001 
     26.06000000 -0.863741647912193E+003  0.128527997143276E+001 
     26.08000000 -0.863741647907787E+003  0.128527997583927E+001 
     26.10000000 -0.863741647905260E+003  0.128527997836614E+001 
     26.12000000 -0.863741647901563E+003  0.128527998206286E+001 
     26.14000000 -0.863741647895880E+003  0.128527998774538E+001 
     26.16000000 -0.863741647889255E+003  0.128527999437046E+001 
     26.18000000 -0.863741647883124E+003  0.128528000050213E+001 
     26.20000000 -0.863741647878148E+003  0.128528000547737E+001 
     26.22000000 -0.863741647874026E+003  0.128528000959995E+001 
     26.24000000 -0.863741647869971E+003  0.128528001365514E+001 
     26.26000000 -0.863741647865294E+003  0.128528001833234E+001 
     26.28000000 -0.863741647859762E+003  0.128528002386365E+001 
     26.30000000 -0.863741647853699E+003  0.128528002992726E+001 
     26.32000000 -0.863741647847723E+003  0.128528003590250E+001 
     26.34000000 -0.863741647842149E+003  0.128528004147712E+001 
     26.36000000 -0.863741647836386E+003  0.128528004724007E+001 
     26.38000000 -0.863741647829017E+003  0.128528005460936E+001 
     26.40000000 -0.863741647818834E+003  0.128528006479177E+001 
     26.42000000 -0.863741647806186E+003  0.128528007743976E+001 
     26.44000000 -0.863741647793227E+003  0.128528009039933E+001 
     26.46000000 -0.863741647782309E+003  0.128528010131646E+001 
     26.48000000 -0.863741647773592E+003  0.128528011003368E+001 
     26.50000000 -0.863741647764212E+003  0.128528011941340E+001 
     26.52000000 -0.863741647750309E+003  0.128528013331651E+001 
     26.54000000 -0.863741647730392E+003  0.128528015323412E+001 
     26.56000000 -0.863741647706935E+003  0.128528017669077E+001 
     26.58000000 -0.863741647684667E+003  0.128528019895920E+001 
     26.60000000 -0.863741647667153E+003  0.128528021647281E+001 
     26.62000000 -0.863741647654757E+003  0.128528022886925E+001 
     26.64000000 -0.863741647645363E+003  0.128528023826319E+001 
     26.66000000 -0.863741647636615E+003  0.128528024701134E+001 
     26.68000000 -0.863741647627486E+003  0.128528025614009E+001 
     26.70000000 -0.863741647618296E+003  0.128528026533024E+001 
     26.72000000 -0.863741647609863E+003  0.128528027376256E+001 
     26.74000000 -0.863741647602795E+003  0.128528028083051E+001 
     26.76000000 -0.863741647597186E+003  0.128528028644032E+001 
     26.78000000 -0.863741647592488E+003  0.128528029113801E+001 
     26.80000000 -0.863741647587547E+003  0.128528029607923E+001 
     26.82000000 -0.863741647581067E+003  0.128528030255930E+001 
     26.84000000 -0.863741647572515E+003  0.128528031111072E+001 
     26.86000000 -0.863741647562769E+003  0.128528032085655E+001 
     26.88000000 -0.863741647553663E+003  0.128528032996278E+001 
     26.90000000 -0.863741647546433E+003  0.128528033719247E+001 
     26.92000000 -0.863741647540276E+003  0.128528034335023E+001 
     26.94000000 -0.863741647532443E+003  0.128528035118307E+001 
     26.96000000 -0.863741647520122E+003  0.128528036350353E+001 
     26.98000000 -0.863741647502713E+003  0.128528038091234E+001 
     27.00000000 -0.863741647482637E+003  0.128528040098917E+001 
     27.02000000 -0.863741647463988E+003  0.128528041963744E+001 
     27.04000000 -0.863741647450027E+003  0.128528043359914E+001 
     27.06000000 -0.863741647441230E+003  0.128528044239533E+001 
     27.08000000 -0.863741647435079E+003  0.128528044854652E+001 
     27.10000000 -0.863741647427544E+003  0.128528045608141E+001 
     27.12000000 -0.863741647415388E+003  0.128528046823781E+001 
     27.14000000 -0.863741647398044E+003  0.128528048558147E+001 
     27.16000000 -0.863741647377994E+003  0.128528050563229E+001 
     27.18000000 -0.863741647359252E+003  0.128528052437346E+001 
     27.20000000 -0.863741647344751E+003  0.128528053887460E+001 
     27.22000000 -0.863741647334300E+003  0.128528054932596E+001 
     27.24000000 -0.863741647324635E+003  0.128528055899077E+001 
     27.26000000 -0.863741647311620E+003  0.128528057200593E+001 
     27.28000000 -0.863741647293060E+003  0.128528059056585E+001 
     27.30000000 -0.863741647270130E+003  0.128528061349601E+001 
     27.32000000 -0.863741647246515E+003  0.128528063711063E+001 
     27.34000000 -0.863741647226092E+003  0.128528065753336E+001 
     27.36000000 -0.863741647210902E+003  0.128528067272369E+001 
     27.38000000 -0.863741647200677E+003  0.128528068294893E+001 
     27.40000000 -0.863741647193794E+003  0.128528068983214E+001 
     27.42000000 -0.863741647188495E+003  0.128528069513085E+001 
     27.44000000 -0.863741647183410E+003  0.128528070021601E+001 
     27.46000000 -0.863741647177423E+003  0.128528070620305E+001 
     27.48000000 -0.863741647169663E+003  0.128528071396300E+001 
     27.50000000 -0.863741647160022E+003  0.128528072360393E+001 
     27.52000000 -0.863741647149681E+003  0.128528073394518E+001 
     27.54000000 -0.863741647140776E+003  0.128528074284994E+001 
     27.56000000 -0.863741647135052E+003  0.128528074857403E+001 
     27.58000000 -0.863741647132415E+003  0.128528075121130E+001 
     27.60000000 -0.863741647130607E+003  0.128528075301872E+001 
     27.62000000 -0.863741647126425E+003  0.128528075720095E+001 
     27.64000000 -0.863741647117711E+003  0.128528076591478E+001 
     27.66000000 -0.863741647104801E+003  0.128528077882514E+001 
     27.68000000 -0.863741647090482E+003  0.128528079314405E+001 
     27.70000000 -0.863741647078511E+003  0.128528080511484E+001 
     27.72000000 -0.863741647071564E+003  0.128528081206146E+001 
     27.74000000 -0.863741647069736E+003  0.128528081388957E+001 
     27.76000000 -0.863741647070370E+003  0.128528081325597E+001 
     27.78000000 -0.863741647069354E+003  0.128528081427134E+001 
     27.80000000 -0.863741647063286E+003  0.128528082034026E+001 
     27.82000000 -0.863741647051366E+003  0.128528083225991E+001 
     27.84000000 -0.863741647035895E+003  0.128528084773059E+001 
     27.86000000 -0.863741647020897E+003  0.128528086272883E+001 
     27.88000000 -0.863741647009636E+003  0.128528087398964E+001 
     27.90000000 -0.863741647002709E+003  0.128528088091654E+001 
     27.92000000 -0.863741646998078E+003  0.128528088554743E+001 
     27.94000000 -0.863741646992922E+003  0.128528089070346E+001 
     27.96000000 -0.863741646985663E+003  0.128528089796331E+001 
     27.98000000 -0.863741646976560E+003  0.128528090706596E+001 
     28.00000000 -0.863741646966784E+003  0.128528091684167E+001 
     28.02000000 -0.863741646957261E+003  0.128528092636505E+001 
     28.04000000 -0.863741646948362E+003  0.128528093526343E+001 
     28.06000000 -0.863741646940189E+003  0.128528094343695E+001 
     28.08000000 -0.863741646932519E+003  0.128528095110641E+001 
     28.10000000 -0.863741646924378E+003  0.128528095924831E+001 
     28.12000000 -0.863741646914217E+003  0.128528096940849E+001 
     28.14000000 -0.863741646901279E+003  0.128528098234718E+001 
     28.16000000 -0.863741646886978E+003  0.128528099664743E+001 
     28.18000000 -0.863741646874453E+003  0.128528100917293E+001 
     28.20000000 -0.863741646866011E+003  0.128528101761453E+001 
     28.22000000 -0.863741646860770E+003  0.128528102285621E+001 
     28.24000000 -0.863741646855095E+003  0.128528102853060E+001 
     28.26000000 -0.863741646845780E+003  0.128528103784594E+001 
     28.28000000 -0.863741646832892E+003  0.128528105073358E+001 
     28.30000000 -0.863741646819478E+003  0.128528106414752E+001 
     28.32000000 -0.863741646808615E+003  0.128528107501062E+001 
     28.34000000 -0.863741646800947E+003  0.128528108267843E+001 
     28.36000000 -0.863741646794853E+003  0.128528108877316E+001 
     28.38000000 -0.863741646788267E+003  0.128528109535881E+001 
     28.40000000 -0.863741646779813E+003  0.128528110381278E+001 
     28.42000000 -0.863741646768509E+003  0.128528111511700E+001 
     28.44000000 -0.863741646753403E+003  0.128528113022283E+001 
     28.46000000 -0.863741646734305E+003  0.128528114932103E+001 
     28.48000000 -0.863741646712886E+003  0.128528117073998E+001 
     28.50000000 -0.863741646692494E+003  0.128528119113139E+001 
     28.52000000 -0.863741646676258E+003  0.128528120736821E+001 
     28.54000000 -0.863741646664930E+003  0.128528121869534E+001 
     28.56000000 -0.863741646656385E+003  0.128528122724067E+001 
     28.58000000 -0.863741646647199E+003  0.128528123642685E+001 
     28.60000000 -0.863741646635023E+003  0.128528124860269E+001 
     28.62000000 -0.863741646619965E+003  0.128528126366048E+001 
     28.64000000 -0.863741646604250E+003  0.128528127937613E+001 
     28.66000000 -0.863741646590721E+003  0.128528129290454E+001 
     28.68000000 -0.863741646581198E+003  0.128528130242763E+001 
     28.70000000 -0.863741646575405E+003  0.128528130822045E+001 
     28.72000000 -0.863741646570949E+003  0.128528131267694E+001 
     28.74000000 -0.863741646564579E+003  0.128528131904690E+001 
     28.76000000 -0.863741646554221E+003  0.128528132940448E+001 
     28.78000000 -0.863741646540320E+003  0.128528134330586E+001 
     28.80000000 -0.863741646525249E+003  0.128528135837689E+001 
     28.82000000 -0.863741646511322E+003  0.128528137230378E+001 
     28.84000000 -0.863741646499360E+003  0.128528138426577E+001 
     28.86000000 -0.863741646489092E+003  0.128528139453335E+001 
     28.88000000 -0.863741646480477E+003  0.128528140314838E+001 
     28.90000000 -0.863741646474041E+003  0.128528140958476E+001 
     28.92000000 -0.863741646469676E+003  0.128528141395018E+001 
     28.94000000 -0.863741646465464E+003  0.128528141816160E+001 
     28.96000000 -0.863741646458366E+003  0.128528142525972E+001 
     28.98000000 -0.863741646446607E+003  0.128528143701927E+001 
     29.00000000 -0.863741646431524E+003  0.128528145210210E+001 
     29.02000000 -0.863741646416856E+003  0.128528146677010E+001 
     29.04000000 -0.863741646405894E+003  0.128528147773228E+001 
     29.06000000 -0.863741646399025E+003  0.128528148460118E+001 
     29.08000000 -0.863741646393799E+003  0.128528148982730E+001 
     29.10000000 -0.863741646387286E+003  0.128528149634015E+001 
     29.12000000 -0.863741646378537E+003  0.128528150508849E+001 
     29.14000000 -0.863741646369091E+003  0.128528151453453E+001 
     29.16000000 -0.863741646361289E+003  0.128528152233682E+001 
     29.18000000 -0.863741646356009E+003  0.128528152761688E+001 
     29.20000000 -0.863741646351860E+003  0.128528153176546E+001 
     29.22000000 -0.863741646346540E+003  0.128528153708564E+001 
     29.24000000 -0.863741646339010E+003  0.128528154461569E+001 
     29.26000000 -0.863741646330245E+003  0.128528155338096E+001 
     29.28000000 -0.863741646321666E+003  0.128528156196012E+001 
     29.30000000 -0.863741646312908E+003  0.128528157071755E+001 
     29.32000000 -0.863741646301569E+003  0.128528158205667E+001 
     29.34000000 -0.863741646285645E+003  0.128528159798047E+001 
     29.36000000 -0.863741646266301E+003  0.128528161732469E+001 
     29.38000000 -0.863741646247845E+003  0.128528163578039E+001 
     29.40000000 -0.863741646234471E+003  0.128528164915537E+001 
     29.42000000 -0.863741646226733E+003  0.128528165689241E+001 
     29.44000000 -0.863741646221213E+003  0.128528166241318E+001 
     29.46000000 -0.863741646213629E+003  0.128528166999718E+001 
     29.48000000 -0.863741646202312E+003  0.128528168131348E+001 
     29.50000000 -0.863741646188800E+003  0.128528169482545E+001 
     29.52000000 -0.863741646175519E+003  0.128528170810656E+001 
     29.54000000 -0.863741646163389E+003  0.128528172023696E+001 
     29.56000000 -0.863741646151776E+003  0.128528173184937E+001 
     29.58000000 -0.863741646140288E+003  0.128528174333814E+001 
     29.60000000 -0.863741646129895E+003  0.128528175373130E+001 
     29.62000000 -0.863741646121890E+003  0.128528176173622E+001 
     29.64000000 -0.863741646115814E+003  0.128528176781162E+001 
     29.66000000 -0.863741646108804E+003  0.128528177482224E+001 
     29.68000000 -0.863741646097451E+003  0.128528178617460E+001 
     29.70000000 -0.863741646080762E+003  0.128528180286387E+001 
     29.72000000 -0.863741646061535E+003  0.128528182209044E+001 
     29.74000000 -0.863741646044726E+003  0.128528183890007E+001 
     29.76000000 -0.863741646033931E+003  0.128528184969530E+001 
     29.78000000 -0.863741646028828E+003  0.128528185479738E+001 
     29.80000000 -0.863741646025646E+003  0.128528185798009E+001 
     29.82000000 -0.863741646020168E+003  0.128528186345765E+001 
     29.84000000 -0.863741646010783E+003  0.128528187284279E+001 
     29.86000000 -0.863741645999233E+003  0.128528188439236E+001 
     29.88000000 -0.863741645988822E+003  0.128528189480331E+001 
     29.90000000 -0.863741645981770E+003  0.128528190185609E+001 
     29.92000000 -0.863741645977748E+003  0.128528190587793E+001 
     29.94000000 -0.863741645974443E+003  0.128528190918274E+001 
     29.96000000 -0.863741645969390E+003  0.128528191423600E+001 
     29.98000000 -0.863741645961562E+003  0.128528192206371E+001 
     30.00000000 -0.863741645951607E+003  0.128528193201904E+001 
