# Real time calculation: 
# Eall: Total energy
# Eall0: Initial total energy
# 1:Time[fs] 2:Eall[eV] 3:Eall-Eall0[eV] 
      0.00000000 -0.865026927883626E+003  0.000000000000000E+000 
      0.02000000 -0.865026927887521E+003 -0.389510260507660E-008 
      0.04000000 -0.865026927887594E+003 -0.396799499703082E-008 
      0.06000000 -0.865026927887616E+003 -0.399023007680466E-008 
      0.08000000 -0.865026927887612E+003 -0.398578306084989E-008 
      0.10000000 -0.865026927887612E+003 -0.398597640936966E-008 
      0.12000000 -0.865026927887648E+003 -0.402174588552757E-008 
      0.14000000 -0.865026927887717E+003 -0.409096465560612E-008 
      0.16000000 -0.865026927887738E+003 -0.411223299278110E-008 
      0.18000000 -0.865026927887498E+003 -0.387190078270390E-008 
      0.20000000 -0.865026927886586E+003 -0.296064920901618E-008 
      0.22000000 -0.865026927884335E+003 -0.709395719045247E-009 
      0.24000000 -0.865026927879748E+003  0.387808793533662E-008 
      0.26000000 -0.865026927871434E+003  0.121916875885139E-007 
      0.28000000 -0.865026927857547E+003  0.260788483469128E-007 
      0.30000000 -0.865026927835723E+003  0.479027724934523E-007 
      0.32000000 -0.865026927803028E+003  0.805978138384598E-007 
      0.34000000 -0.865026927755917E+003  0.127709114166223E-006 
      0.36000000 -0.865026927690197E+003  0.193429049430970E-006 
      0.38000000 -0.865026927601008E+003  0.282617724699961E-006 
      0.40000000 -0.865026927482810E+003  0.400816218527096E-006 
      0.42000000 -0.865026927329384E+003  0.554241749239918E-006 
      0.44000000 -0.865026927133852E+003  0.749773657171934E-006 
      0.46000000 -0.865026926888694E+003  0.994932039651174E-006 
      0.48000000 -0.865026926585785E+003  0.129784062808440E-005 
      0.50000000 -0.865026926216441E+003  0.166718512135109E-005 
      0.52000000 -0.865026925771465E+003  0.211216040165754E-005 
      0.54000000 -0.865026925241213E+003  0.264241252998095E-005 
      0.56000000 -0.865026924615652E+003  0.326797436101230E-005 
      0.58000000 -0.865026923884424E+003  0.399920135144784E-005 
      0.60000000 -0.865026923036930E+003  0.484669625074058E-005 
      0.62000000 -0.865026922062394E+003  0.582123156834392E-005 
      0.64000000 -0.865026920949960E+003  0.693366556377975E-005 
      0.66000000 -0.865026919688765E+003  0.819486113693445E-005 
      0.68000000 -0.865026918268021E+003  0.961560481502908E-005 
      0.70000000 -0.865026916677098E+003  0.112065279630976E-004 
      0.72000000 -0.865026914905589E+003  0.129780365984742E-004 
      0.74000000 -0.865026912943379E+003  0.149402468123875E-004 
      0.76000000 -0.865026910780702E+003  0.171029243485486E-004 
      0.78000000 -0.865026908408184E+003  0.194754417764534E-004 
      0.80000000 -0.865026905816876E+003  0.220667500691505E-004 
      0.82000000 -0.865026902998270E+003  0.248853561748129E-004 
      0.84000000 -0.865026899944318E+003  0.279393075488562E-004 
      0.86000000 -0.865026896647445E+003  0.312361808430506E-004 
      0.88000000 -0.865026893100535E+003  0.347830904128553E-004 
      0.90000000 -0.865026889296921E+003  0.385867048487172E-004 
      0.92000000 -0.865026885230355E+003  0.426532703712419E-004 
      0.94000000 -0.865026880894978E+003  0.469886476640865E-004 
      0.96000000 -0.865026876285265E+003  0.515983608878094E-004 
      0.98000000 -0.865026871395970E+003  0.564876552977292E-004 
      1.00000000 -0.865026866222060E+003  0.616615655926266E-004 
      1.02000000 -0.865026860758625E+003  0.671250004080473E-004 
      1.04000000 -0.865026855000801E+003  0.728828243927486E-004 
      1.06000000 -0.865026848943674E+003  0.789399518860578E-004 
      1.08000000 -0.865026842582183E+003  0.853014425287145E-004 
      1.10000000 -0.865026835911035E+003  0.919725910732584E-004 
      1.12000000 -0.865026828924607E+003  0.989590192245761E-004 
      1.14000000 -0.865026821616857E+003  0.106266769220585E-003 
      1.16000000 -0.865026813981238E+003  0.113902387842164E-003 
      1.18000000 -0.865026806010633E+003  0.121872992538349E-003 
      1.20000000 -0.865026797697279E+003  0.130186347315626E-003 
      1.22000000 -0.865026789032690E+003  0.138850935823671E-003 
      1.24000000 -0.865026780007601E+003  0.147876024967014E-003 
      1.26000000 -0.865026770611913E+003  0.157271713338843E-003 
      1.28000000 -0.865026760834648E+003  0.167048978108020E-003 
      1.30000000 -0.865026750663921E+003  0.177219704988099E-003 
      1.32000000 -0.865026740086918E+003  0.187796708248904E-003 
      1.34000000 -0.865026729089890E+003  0.198793735550236E-003 
      1.36000000 -0.865026717658153E+003  0.210225472388891E-003 
      1.38000000 -0.865026705776098E+003  0.222107527984220E-003 
      1.40000000 -0.865026693427209E+003  0.234456416329969E-003 
      1.42000000 -0.865026680594107E+003  0.247289518394651E-003 
      1.44000000 -0.865026667258575E+003  0.260625050412380E-003 
      1.46000000 -0.865026653401612E+003  0.274482013902286E-003 
      1.48000000 -0.865026639003494E+003  0.288880131960175E-003 
      1.50000000 -0.865026624043843E+003  0.303839782649961E-003 
      1.52000000 -0.865026608501715E+003  0.319381910450050E-003 
      1.54000000 -0.865026592355695E+003  0.335527931222536E-003 
      1.56000000 -0.865026575583996E+003  0.352299629738491E-003 
      1.58000000 -0.865026558164551E+003  0.369719074411265E-003 
      1.60000000 -0.865026540075104E+003  0.387808522362363E-003 
      1.62000000 -0.865026521293303E+003  0.406590323037207E-003 
      1.64000000 -0.865026501796815E+003  0.426086810993387E-003 
      1.66000000 -0.865026481563443E+003  0.446320183221016E-003 
      1.68000000 -0.865026460571226E+003  0.467312399954947E-003 
      1.70000000 -0.865026438798544E+003  0.489085082103383E-003 
      1.72000000 -0.865026416224211E+003  0.511659415250330E-003 
      1.74000000 -0.865026392827593E+003  0.535056032873100E-003 
      1.76000000 -0.865026368588698E+003  0.559294927401986E-003 
      1.78000000 -0.865026343488263E+003  0.584395363310102E-003 
      1.80000000 -0.865026317507835E+003  0.610375790686601E-003 
      1.82000000 -0.865026290629879E+003  0.637253746532248E-003 
      1.84000000 -0.865026262837832E+003  0.665045794144664E-003 
      1.86000000 -0.865026234116149E+003  0.693767476908028E-003 
      1.88000000 -0.865026204450352E+003  0.723433273919592E-003 
      1.90000000 -0.865026173827049E+003  0.754056577174553E-003 
      1.92000000 -0.865026142233935E+003  0.785649690889341E-003 
      1.94000000 -0.865026109659810E+003  0.818223816323750E-003 
      1.96000000 -0.865026076094577E+003  0.851789048494021E-003 
      1.98000000 -0.865026041529226E+003  0.886354399664683E-003 
      2.00000000 -0.865026005955795E+003  0.921927830864363E-003 
      2.02000000 -0.865025969367342E+003  0.958516283401596E-003 
      2.04000000 -0.865025931757891E+003  0.996125734452522E-003 
      2.06000000 -0.865025893122349E+003  0.103476127681715E-002 
      2.08000000 -0.865025853456434E+003  0.107442719229513E-002 
      2.10000000 -0.865025812756562E+003  0.111512706411790E-002 
      2.12000000 -0.865025771019758E+003  0.115686386743581E-002 
      2.14000000 -0.865025728243554E+003  0.119964007169615E-002 
      2.16000000 -0.865025684425873E+003  0.124345775278530E-002 
      2.18000000 -0.865025639564922E+003  0.128831870410747E-002 
      2.20000000 -0.865025593659051E+003  0.133422457453883E-002 
      2.22000000 -0.865025546706671E+003  0.138117695475764E-002 
      2.24000000 -0.865025498706109E+003  0.142917751684192E-002 
      2.26000000 -0.865025449655516E+003  0.147822811017024E-002 
      2.28000000 -0.865025399552760E+003  0.152833086573333E-002 
      2.30000000 -0.865025348395341E+003  0.157948828439761E-002 
      2.32000000 -0.865025296180313E+003  0.163170331231115E-002 
      2.34000000 -0.865025242904184E+003  0.168497944154156E-002 
      2.36000000 -0.865025188562874E+003  0.173932075212931E-002 
      2.38000000 -0.865025133151648E+003  0.179473197792289E-002 
      2.40000000 -0.865025076665077E+003  0.185121854911547E-002 
      2.42000000 -0.865025019096991E+003  0.190878663439490E-002 
      2.44000000 -0.865024960440473E+003  0.196744315254461E-002 
      2.46000000 -0.865024900687832E+003  0.202719579380863E-002 
      2.48000000 -0.865024839830637E+003  0.208805298885914E-002 
      2.50000000 -0.865024777859765E+003  0.215002386055602E-002 
      2.52000000 -0.865024714765434E+003  0.221311819194768E-002 
      2.54000000 -0.865024650537239E+003  0.227734638653792E-002 
      2.56000000 -0.865024585164251E+003  0.234271937489860E-002 
      2.58000000 -0.865024518635107E+003  0.240924851905882E-002 
      2.60000000 -0.865024450938105E+003  0.247694552066435E-002 
      2.62000000 -0.865024382061331E+003  0.254582229462436E-002 
      2.64000000 -0.865024311992759E+003  0.261589086654007E-002 
      2.66000000 -0.865024240720421E+003  0.268716320507154E-002 
      2.68000000 -0.865024168232527E+003  0.275965109858135E-002 
      2.70000000 -0.865024094517630E+003  0.283336599591209E-002 
      2.72000000 -0.865024019564742E+003  0.290831888390002E-002 
      2.74000000 -0.865023943363450E+003  0.298452017590975E-002 
      2.76000000 -0.865023865904021E+003  0.306197960510574E-002 
      2.78000000 -0.865023787177543E+003  0.314070608253458E-002 
      2.80000000 -0.865023707176044E+003  0.322070758188922E-002 
      2.82000000 -0.865023625892605E+003  0.330199102098636E-002 
      2.84000000 -0.865023543321458E+003  0.338456216799237E-002 
      2.86000000 -0.865023459458067E+003  0.346842555896022E-002 
      2.88000000 -0.865023374299161E+003  0.355358446505684E-002 
      2.90000000 -0.865023287842825E+003  0.364004080043256E-002 
      2.92000000 -0.865023200088541E+003  0.372779508500156E-002 
      2.94000000 -0.865023111037203E+003  0.381684642269012E-002 
      2.96000000 -0.865023020691143E+003  0.390719248277851E-002 
      2.98000000 -0.865022929054091E+003  0.399882953480040E-002 
      3.00000000 -0.865022836131175E+003  0.409175245095968E-002 
      3.02000000 -0.865022741928879E+003  0.418595474692706E-002 
      3.04000000 -0.865022646454994E+003  0.428142863182060E-002 
      3.06000000 -0.865022549718577E+003  0.437816504832556E-002 
      3.08000000 -0.865022451729816E+003  0.447615380958516E-002 
      3.10000000 -0.865022352499940E+003  0.457538368620739E-002 
      3.12000000 -0.865022252041089E+003  0.467584253667862E-002 
      3.14000000 -0.865022150366200E+003  0.477751742540280E-002 
      3.16000000 -0.865022047488837E+003  0.488039478917465E-002 
      3.18000000 -0.865021943423019E+003  0.498446060635949E-002 
      3.20000000 -0.865021838183083E+003  0.508970054248478E-002 
      3.22000000 -0.865021731783476E+003  0.519610014977571E-002 
      3.24000000 -0.865021624238616E+003  0.530364501013650E-002 
      3.26000000 -0.865021515562745E+003  0.541232088122516E-002 
      3.28000000 -0.865021405769731E+003  0.552211389511910E-002 
      3.30000000 -0.865021294872948E+003  0.563301067790122E-002 
      3.32000000 -0.865021182885128E+003  0.574499849786151E-002 
      3.34000000 -0.865021069818263E+003  0.585806536313807E-002 
      3.36000000 -0.865020955683435E+003  0.597220019089709E-002 
      3.38000000 -0.865020840490724E+003  0.608739290168686E-002 
      3.40000000 -0.865020724249085E+003  0.620363454057071E-002 
      3.42000000 -0.865020606966242E+003  0.632091738414533E-002 
      3.44000000 -0.865020488648646E+003  0.643923497959723E-002 
      3.46000000 -0.865020369301445E+003  0.655858218037550E-002 
      3.48000000 -0.865020248928502E+003  0.667895512376343E-002 
      3.50000000 -0.865020127532391E+003  0.680035123522878E-002 
      3.52000000 -0.865020005114467E+003  0.692276915843170E-002 
      3.54000000 -0.865019881674967E+003  0.704620865855042E-002 
      3.56000000 -0.865019757213132E+003  0.717067049409116E-002 
      3.58000000 -0.865019631727316E+003  0.729615630938643E-002 
      3.60000000 -0.865019505215211E+003  0.742266841485435E-002 
      3.62000000 -0.865019377673966E+003  0.755020966016208E-002 
      3.64000000 -0.865019249100421E+003  0.767878320530116E-002 
      3.66000000 -0.865019119491301E+003  0.780839232453210E-002 
      3.68000000 -0.865018988843491E+003  0.793904013521308E-002 
      3.70000000 -0.865018857154264E+003  0.807072936181809E-002 
      3.72000000 -0.865018724421546E+003  0.820346207965347E-002 
      3.74000000 -0.865018590644179E+003  0.833723944716688E-002 
      3.76000000 -0.865018455822165E+003  0.847206146087804E-002 
      3.78000000 -0.865018319956940E+003  0.860792668594758E-002 
      3.80000000 -0.865018183051666E+003  0.874483195967710E-002 
      3.82000000 -0.865018045111452E+003  0.888277217360535E-002 
      3.84000000 -0.865017906143577E+003  0.902174004922399E-002 
      3.86000000 -0.865017766157650E+003  0.916172597604816E-002 
      3.88000000 -0.865017625165777E+003  0.930271784852703E-002 
      3.90000000 -0.865017483182680E+003  0.944470094578104E-002 
      3.92000000 -0.865017340225806E+003  0.958765781945971E-002 
      3.94000000 -0.865017196315394E+003  0.973156823196683E-002 
      3.96000000 -0.865017051474482E+003  0.987640914350608E-002 
      3.98000000 -0.865016905728950E+003  0.100221546759249E-001 
      4.00000000 -0.865016759107504E+003  0.101687761216084E-001 
      4.02000000 -0.865016611641620E+003  0.103162420061245E-001 
      4.04000000 -0.865016463365418E+003  0.104645182078098E-001 
      4.06000000 -0.865016314315518E+003  0.106135681077115E-001 
      4.08000000 -0.865016164530889E+003  0.107633527373053E-001 
      4.10000000 -0.865016014052614E+003  0.109138310116744E-001 
      4.12000000 -0.865015862923695E+003  0.110649599311713E-001 
      4.14000000 -0.865015711188789E+003  0.112166948368317E-001 
      4.16000000 -0.865015558893931E+003  0.113689896945965E-001 
      4.18000000 -0.865015406086296E+003  0.115217973296505E-001 
      4.20000000 -0.865015252813777E+003  0.116750698491784E-001 
      4.22000000 -0.865015099124725E+003  0.118287589005827E-001 
      4.24000000 -0.865014945067547E+003  0.119828160784812E-001 
      4.26000000 -0.865014790690390E+003  0.121371932361923E-001 
      4.28000000 -0.865014636040786E+003  0.122918428400458E-001 
      4.30000000 -0.865014481165322E+003  0.124467183043594E-001 
      4.32000000 -0.865014326109332E+003  0.126017742941257E-001 
      4.34000000 -0.865014170916580E+003  0.127569670458738E-001 
      4.36000000 -0.865014015629006E+003  0.129122546200863E-001 
      4.38000000 -0.865013860286412E+003  0.130675972143270E-001 
      4.40000000 -0.865013704926272E+003  0.132229573535925E-001 
      4.42000000 -0.865013549583576E+003  0.133783000495345E-001 
      4.44000000 -0.865013394290606E+003  0.135335930202976E-001 
      4.46000000 -0.865013239076866E+003  0.136888067601242E-001 
      4.48000000 -0.865013083968913E+003  0.138439147127884E-001 
      4.50000000 -0.865012928990333E+003  0.139988932932513E-001 
      4.52000000 -0.865012774161690E+003  0.141537219355139E-001 
      4.54000000 -0.865012619500572E+003  0.143083830536585E-001 
      4.56000000 -0.865012465021567E+003  0.144628620588625E-001 
      4.58000000 -0.865012310736337E+003  0.146171472889232E-001 
      4.60000000 -0.865012156653711E+003  0.147712299146772E-001 
      4.62000000 -0.865012002779931E+003  0.149251036947375E-001 
      4.64000000 -0.865011849118934E+003  0.150787646922382E-001 
      4.66000000 -0.865011695672672E+003  0.152322109541660E-001 
      4.68000000 -0.865011542441513E+003  0.153854421131587E-001 
      4.70000000 -0.865011389424614E+003  0.155384590120225E-001 
      4.72000000 -0.865011236620282E+003  0.156912633437169E-001 
      4.74000000 -0.865011084026367E+003  0.158438572592444E-001 
      4.76000000 -0.865010931640621E+003  0.159962430045412E-001 
      4.78000000 -0.865010779461111E+003  0.161484225152195E-001 
      4.80000000 -0.865010627486556E+003  0.163003970696997E-001 
      4.82000000 -0.865010475716719E+003  0.164521669067671E-001 
      4.84000000 -0.865010324152783E+003  0.166037308425487E-001 
      4.86000000 -0.865010172797779E+003  0.167550858465000E-001 
      4.88000000 -0.865010021656974E+003  0.169062266514204E-001 
      4.90000000 -0.865009870738268E+003  0.170571453579597E-001 
      4.92000000 -0.865009720052490E+003  0.172078311357970E-001 
      4.94000000 -0.865009569613712E+003  0.173582699142838E-001 
      4.96000000 -0.865009419439431E+003  0.175084441948959E-001 
      4.98000000 -0.865009269550728E+003  0.176583328980042E-001 
      5.00000000 -0.865009119972353E+003  0.178079112723878E-001 
      5.02000000 -0.865008970732773E+003  0.179571508526011E-001 
      5.04000000 -0.865008821864165E+003  0.181060194612933E-001 
      5.06000000 -0.865008673402314E+003  0.182544813121670E-001 
      5.08000000 -0.865008525386526E+003  0.184024970997882E-001 
      5.10000000 -0.865008377859473E+003  0.185500241531055E-001 
      5.12000000 -0.865008230867001E+003  0.186970166249310E-001 
      5.14000000 -0.865008084457888E+003  0.188434257375903E-001 
      5.16000000 -0.865007938683504E+003  0.189892001217653E-001 
      5.18000000 -0.865007793597498E+003  0.191342861278820E-001 
      5.20000000 -0.865007649255453E+003  0.192786281724947E-001 
      5.22000000 -0.865007505714364E+003  0.194221692614869E-001 
      5.24000000 -0.865007363032253E+003  0.195648513724178E-001 
      5.26000000 -0.865007221267675E+003  0.197066159508484E-001 
      5.28000000 -0.865007080479241E+003  0.198474043843350E-001 
      5.30000000 -0.865006940725119E+003  0.199871585064889E-001 
      5.32000000 -0.865006802062525E+003  0.201258211012294E-001 
      5.34000000 -0.865006664547220E+003  0.202633364056834E-001 
      5.36000000 -0.865006528233057E+003  0.203996505687112E-001 
      5.38000000 -0.865006393171556E+003  0.205347120701827E-001 
      5.40000000 -0.865006259411480E+003  0.206684721455713E-001 
      5.42000000 -0.865006126998604E+003  0.208008850220316E-001 
      5.44000000 -0.865005995975465E+003  0.209319081603758E-001 
      5.46000000 -0.865005866381274E+003  0.210615023520376E-001 
      5.48000000 -0.865005738251809E+003  0.211896318163266E-001 
      5.50000000 -0.865005611619496E+003  0.213162641301462E-001 
      5.52000000 -0.865005486513403E+003  0.214413702232564E-001 
      5.54000000 -0.865005362959393E+003  0.215649242324892E-001 
      5.56000000 -0.865005240980204E+003  0.216869034216053E-001 
      5.58000000 -0.865005120595529E+003  0.218072880969948E-001 
      5.60000000 -0.865005001822097E+003  0.219260615289834E-001 
      5.62000000 -0.865004884673774E+003  0.220432098517755E-001 
      5.64000000 -0.865004769161596E+003  0.221587220299076E-001 
      5.66000000 -0.865004655293782E+003  0.222725898436509E-001 
      5.68000000 -0.865004543075780E+003  0.223848078461840E-001 
      5.70000000 -0.865004432510270E+003  0.224953733553765E-001 
      5.72000000 -0.865004323597294E+003  0.226042863321718E-001 
      5.74000000 -0.865004216334325E+003  0.227115493008316E-001 
      5.76000000 -0.865004110716555E+003  0.228171670712869E-001 
      5.78000000 -0.865004006737174E+003  0.229211464515326E-001 
      5.80000000 -0.865003904387833E+003  0.230234957926779E-001 
      5.82000000 -0.865003803659094E+003  0.231242245315807E-001 
      5.84000000 -0.865003704541066E+003  0.232233425594679E-001 
      5.86000000 -0.865003607024052E+003  0.233208595740244E-001 
      5.88000000 -0.865003511099269E+003  0.234167843568501E-001 
      5.90000000 -0.865003416759522E+003  0.235111241042802E-001 
      5.92000000 -0.865003323999949E+003  0.236038836770964E-001 
      5.94000000 -0.865003232818621E+003  0.236950650051104E-001 
      5.96000000 -0.865003143217203E+003  0.237846664224313E-001 
      5.98000000 -0.865003055201387E+003  0.238726822386188E-001 
      6.00000000 -0.865002968781305E+003  0.239591023211471E-001 
      6.02000000 -0.865002883971682E+003  0.240439119437228E-001 
      6.04000000 -0.865002800791927E+003  0.241270916990849E-001 
      6.06000000 -0.865002719265982E+003  0.242086176440162E-001 
      6.08000000 -0.865002639422002E+003  0.242884616234919E-001 
      6.10000000 -0.865002561291853E+003  0.243665917725158E-001 
      6.12000000 -0.865002484910430E+003  0.244429731961272E-001 
      6.14000000 -0.865002410314955E+003  0.245175686708690E-001 
      6.16000000 -0.865002337544103E+003  0.245903395226869E-001 
      6.18000000 -0.865002266637161E+003  0.246612464648052E-001 
      6.20000000 -0.865002197633208E+003  0.247302504175244E-001 
      6.22000000 -0.865002130570324E+003  0.247973133023036E-001 
      6.24000000 -0.865002065484829E+003  0.248623987970766E-001 
      6.26000000 -0.865002002410686E+003  0.249254729399826E-001 
      6.28000000 -0.865001941379020E+003  0.249865046054868E-001 
      6.30000000 -0.865001882417757E+003  0.250454658684558E-001 
      6.32000000 -0.865001825551394E+003  0.251023322320189E-001 
      6.34000000 -0.865001770800928E+003  0.251570826980436E-001 
      6.36000000 -0.865001718183910E+003  0.252096997160912E-001 
      6.38000000 -0.865001667714606E+003  0.252601690199412E-001 
      6.40000000 -0.865001619404290E+003  0.253084793362149E-001 
      6.42000000 -0.865001573261623E+003  0.253546220029953E-001 
      6.44000000 -0.865001529293098E+003  0.253985905280258E-001 
      6.46000000 -0.865001487503469E+003  0.254403801566728E-001 
      6.48000000 -0.865001447896214E+003  0.254799874121434E-001 
      6.50000000 -0.865001410473977E+003  0.255174096492363E-001 
      6.52000000 -0.865001375238901E+003  0.255526447251668E-001 
      6.54000000 -0.865001342192940E+003  0.255856906853745E-001 
      6.56000000 -0.865001311337913E+003  0.256165457127701E-001 
      6.58000000 -0.865001282675564E+003  0.256452080614164E-001 
      6.60000000 -0.865001256207444E+003  0.256716761815284E-001 
      6.62000000 -0.865001231934705E+003  0.256959489210390E-001 
      6.64000000 -0.865001209857769E+003  0.257180258566115E-001 
      6.66000000 -0.865001189975979E+003  0.257379076468877E-001 
      6.68000000 -0.865001172287172E+003  0.257555964539873E-001 
      6.70000000 -0.865001156787290E+003  0.257710963360059E-001 
      6.72000000 -0.865001143469995E+003  0.257844136306179E-001 
      6.74000000 -0.865001132326449E+003  0.257955571772342E-001 
      6.76000000 -0.865001123345076E+003  0.258045385500838E-001 
      6.78000000 -0.865001116511603E+003  0.258113720225413E-001 
      6.80000000 -0.865001111809083E+003  0.258160745431512E-001 
      6.82000000 -0.865001109218216E+003  0.258186654098359E-001 
      6.84000000 -0.865001108717731E+003  0.258191658947995E-001 
      6.86000000 -0.865001110284867E+003  0.258175987584498E-001 
      6.88000000 -0.865001113896090E+003  0.258139875354585E-001 
      6.90000000 -0.865001119527794E+003  0.258083558318432E-001 
      6.92000000 -0.865001127157047E+003  0.258007265792216E-001 
      6.94000000 -0.865001136762376E+003  0.257911212498170E-001 
      6.96000000 -0.865001148324449E+003  0.257795591767412E-001 
      6.98000000 -0.865001161826713E+003  0.257660569125609E-001 
      7.00000000 -0.865001177255860E+003  0.257506277657448E-001 
      7.02000000 -0.865001194602233E+003  0.257332813928914E-001 
      7.04000000 -0.865001213859935E+003  0.257140236905505E-001 
      7.06000000 -0.865001235026841E+003  0.256928567847824E-001 
      7.08000000 -0.865001258104423E+003  0.256697792023681E-001 
      7.10000000 -0.865001283097279E+003  0.256447863470265E-001 
      7.12000000 -0.865001310012659E+003  0.256178709663513E-001 
      7.14000000 -0.865001338859692E+003  0.255890239338091E-001 
      7.16000000 -0.865001369648602E+003  0.255582350234866E-001 
      7.18000000 -0.865001402389737E+003  0.255254938890146E-001 
      7.20000000 -0.865001437092586E+003  0.254907910394942E-001 
      7.22000000 -0.865001473764756E+003  0.254541188699481E-001 
      7.24000000 -0.865001512411013E+003  0.254154726129819E-001 
      7.26000000 -0.865001553032430E+003  0.253748511957047E-001 
      7.28000000 -0.865001595625578E+003  0.253322580480224E-001 
      7.30000000 -0.865001640181969E+003  0.252877016571617E-001 
      7.32000000 -0.865001686687603E+003  0.252411960229090E-001 
      7.34000000 -0.865001735122780E+003  0.251927608454481E-001 
      7.36000000 -0.865001785462165E+003  0.251424214609758E-001 
      7.38000000 -0.865001837675043E+003  0.250902085828078E-001 
      7.40000000 -0.865001891725817E+003  0.250361578087267E-001 
      7.42000000 -0.865001947574753E+003  0.249803088729168E-001 
      7.44000000 -0.865002005178885E+003  0.249227047406094E-001 
      7.46000000 -0.865002064493040E+003  0.248633905857527E-001 
      7.48000000 -0.865002125471010E+003  0.248024126163227E-001 
      7.50000000 -0.865002188066704E+003  0.247398169213861E-001 
      7.52000000 -0.865002252235318E+003  0.246756483083024E-001 
      7.54000000 -0.865002317934370E+003  0.246099492560312E-001 
      7.56000000 -0.865002385124678E+003  0.245427589478103E-001 
      7.58000000 -0.865002453771107E+003  0.244741125189326E-001 
      7.60000000 -0.865002523843179E+003  0.244040404463452E-001 
      7.62000000 -0.865002595315275E+003  0.243325683511440E-001 
      7.64000000 -0.865002668166775E+003  0.242597168505649E-001 
      7.66000000 -0.865002742381838E+003  0.241855017874889E-001 
      7.68000000 -0.865002817948952E+003  0.241099346741771E-001 
      7.70000000 -0.865002894860269E+003  0.240330233570989E-001 
      7.72000000 -0.865002973110738E+003  0.239547728876778E-001 
      7.74000000 -0.865003052697090E+003  0.238751865355339E-001 
      7.76000000 -0.865003133616780E+003  0.237942668460040E-001 
      7.78000000 -0.865003215866843E+003  0.237120167823472E-001 
      7.80000000 -0.865003299442805E+003  0.236284408207753E-001 
      7.82000000 -0.865003384337721E+003  0.235435459049170E-001 
      7.84000000 -0.865003470541284E+003  0.234573423422785E-001 
      7.86000000 -0.865003558039161E+003  0.233698444644321E-001 
      7.88000000 -0.865003646812578E+003  0.232810710474527E-001 
      7.90000000 -0.865003736838042E+003  0.231910455841520E-001 
      7.92000000 -0.865003828087380E+003  0.230997962461829E-001 
      7.94000000 -0.865003920527926E+003  0.230073556997777E-001 
      7.96000000 -0.865004014122981E+003  0.229137606451924E-001 
      7.98000000 -0.865004108832365E+003  0.228190512604427E-001 
      8.00000000 -0.865004204613177E+003  0.227232704492752E-001 
      8.02000000 -0.865004301420560E+003  0.226264630661295E-001 
      8.04000000 -0.865004399208605E+003  0.225286750205484E-001 
      8.06000000 -0.865004497931160E+003  0.224299524654034E-001 
      8.08000000 -0.865004597542664E+003  0.223303409622099E-001 
      8.10000000 -0.865004697998790E+003  0.222298848353426E-001 
      8.12000000 -0.865004799257049E+003  0.221286265765223E-001 
      8.14000000 -0.865004901277177E+003  0.220266064486449E-001 
      8.16000000 -0.865005004021391E+003  0.219238622351045E-001 
      8.18000000 -0.865005107454431E+003  0.218204291952275E-001 
      8.20000000 -0.865005211543427E+003  0.217163401986487E-001 
      8.22000000 -0.865005316257677E+003  0.216116259487264E-001 
      8.24000000 -0.865005421568217E+003  0.215063154090690E-001 
      8.26000000 -0.865005527447290E+003  0.214004363354364E-001 
      8.28000000 -0.865005633867775E+003  0.212940158503723E-001 
      8.30000000 -0.865005740802605E+003  0.211870810211226E-001 
      8.32000000 -0.865005848224193E+003  0.210796594330109E-001 
      8.34000000 -0.865005956103946E+003  0.209717796798661E-001 
      8.36000000 -0.865006064411908E+003  0.208634717179480E-001 
      8.38000000 -0.865006173116461E+003  0.207547671643798E-001 
      8.40000000 -0.865006282184312E+003  0.206456993140667E-001 
      8.42000000 -0.865006391580510E+003  0.205363031161071E-001 
      8.44000000 -0.865006501268766E+003  0.204266148600846E-001 
      8.46000000 -0.865006611211718E+003  0.203166719077005E-001 
      8.48000000 -0.865006721371218E+003  0.202065124077778E-001 
      8.50000000 -0.865006831708060E+003  0.200961755654992E-001 
      8.52000000 -0.865006942180921E+003  0.199857027052439E-001 
      8.54000000 -0.865007052743379E+003  0.198751402467044E-001 
      8.56000000 -0.865007163338358E+003  0.197645452678139E-001 
      8.58000000 -0.865007273888591E+003  0.196539950347980E-001 
      8.60000000 -0.865007384282317E+003  0.195436013091915E-001 
      8.62000000 -0.865007494353040E+003  0.194335305863051E-001 
      8.64000000 -0.865007603853085E+003  0.193240305406622E-001 
      8.66000000 -0.865007712420924E+003  0.192154627013188E-001 
      8.68000000 -0.865007819543562E+003  0.191083400638546E-001 
      8.70000000 -0.865007924516011E+003  0.190033676151589E-001 
      8.72000000 -0.865008026401220E+003  0.189014824054919E-001 
      8.74000000 -0.865008123995062E+003  0.188038885641910E-001 
      8.76000000 -0.865008215801855E+003  0.187120817703435E-001 
      8.78000000 -0.865008300026884E+003  0.186278567422378E-001 
      8.80000000 -0.865008374592366E+003  0.185532912599117E-001 
      8.82000000 -0.865008437183115E+003  0.184907005103469E-001 
      8.84000000 -0.865008485327050E+003  0.184425565758882E-001 
      8.86000000 -0.865008516513736E+003  0.184113698898493E-001 
      8.88000000 -0.865008528351455E+003  0.183995321708097E-001 
      8.90000000 -0.865008518759690E+003  0.184091239358490E-001 
      8.92000000 -0.865008486189827E+003  0.184416937988186E-001 
      8.94000000 -0.865008429862214E+003  0.184980214119092E-001 
      8.96000000 -0.865008350003158E+003  0.185778804675424E-001 
      8.98000000 -0.865008248060899E+003  0.186798227267203E-001 
      9.00000000 -0.865008126875717E+003  0.188010079083883E-001 
      9.02000000 -0.865007990776769E+003  0.189371068565322E-001 
      9.04000000 -0.865007845576776E+003  0.190823068496253E-001 
      9.06000000 -0.865007698436501E+003  0.192294471244066E-001 
      9.08000000 -0.865007557573639E+003  0.193703099865358E-001 
      9.10000000 -0.865007431795953E+003  0.194960876732159E-001 
      9.12000000 -0.865007329846205E+003  0.195980374210720E-001 
      9.14000000 -0.865007259556368E+003  0.196683272579402E-001 
      9.16000000 -0.865007226820803E+003  0.197010628226214E-001 
      9.18000000 -0.865007234411722E+003  0.196934719042441E-001 
      9.20000000 -0.865007280675125E+003  0.196472085005939E-001 
      9.22000000 -0.865007358160211E+003  0.195697234148227E-001 
      9.24000000 -0.865007452249557E+003  0.194756340690003E-001 
      9.26000000 -0.865007539869681E+003  0.193880139448121E-001 
      9.28000000 -0.865007588371469E+003  0.193395121573361E-001 
      9.30000000 -0.865007554675708E+003  0.193732079180287E-001 
      9.32000000 -0.865007384780433E+003  0.195431031927473E-001 
      9.34000000 -0.865007013722489E+003  0.199141611366325E-001 
      9.36000000 -0.865006366075898E+003  0.205618077279543E-001 
      9.38000000 -0.865005357053321E+003  0.215708303051947E-001 
      9.40000000 -0.865003894254828E+003  0.230336287973585E-001 
      9.42000000 -0.865001880080385E+003  0.250478032407299E-001 
      9.44000000 -0.864999214789925E+003  0.277130937005736E-001 
      9.46000000 -0.864995800158923E+003  0.311277247029839E-001 
      9.48000000 -0.864991543639031E+003  0.353842445944796E-001 
      9.50000000 -0.864986362895240E+003  0.405649883858097E-001 
      9.52000000 -0.864980190554243E+003  0.467373293824152E-001 
      9.54000000 -0.864972978966372E+003  0.539489172535229E-001 
      9.56000000 -0.864964704756767E+003  0.622231268587634E-001 
      9.58000000 -0.864955372923783E+003  0.715549598430773E-001 
      9.60000000 -0.864945020234270E+003  0.819076493553086E-001 
      9.62000000 -0.864933717669567E+003  0.932102140592089E-001 
      9.64000000 -0.864921571692354E+003  0.105356191272076E+000 
      9.66000000 -0.864908724134773E+003  0.118203748853127E+000 
      9.68000000 -0.864895350551376E+003  0.131577332249435E+000 
      9.70000000 -0.864881656935912E+003  0.145270947713986E+000 
      9.72000000 -0.864867874767481E+003  0.159053116145141E+000 
      9.74000000 -0.864854254425980E+003  0.172673457646271E+000 
      9.76000000 -0.864841057096406E+003  0.185870787220079E+000 
      9.78000000 -0.864828545363502E+003  0.198382520123529E+000 
      9.80000000 -0.864816972776355E+003  0.209955107270581E+000 
      9.82000000 -0.864806572735055E+003  0.220355148570706E+000 
      9.84000000 -0.864797547112787E+003  0.229380770838756E+000 
      9.86000000 -0.864790055072168E+003  0.236872811457631E+000 
      9.88000000 -0.864784202563657E+003  0.242725319968939E+000 
      9.90000000 -0.864780033000155E+003  0.246894883471166E+000 
      9.92000000 -0.864777519587715E+003  0.249408295910515E+000 
      9.94000000 -0.864776559754067E+003  0.250368129559072E+000 
      9.96000000 -0.864776972057130E+003  0.249955826496284E+000 
      9.98000000 -0.864778495876893E+003  0.248432006733129E+000 
     10.00000000 -0.864780794097003E+003  0.246133786622628E+000 
     10.02000000 -0.864783458874106E+003  0.243469009519635E+000 
     10.04000000 -0.864786020474565E+003  0.240907409060915E+000 
     10.06000000 -0.864787959037488E+003  0.238968846137887E+000 
     10.08000000 -0.864788719002142E+003  0.238208881484239E+000 
     10.10000000 -0.864787725823445E+003  0.239202060180542E+000 
     10.12000000 -0.864784404494179E+003  0.242523389447062E+000 
     10.14000000 -0.864778199301348E+003  0.248728582277611E+000 
     10.16000000 -0.864768594169540E+003  0.258333714086038E+000 
     10.18000000 -0.864755132888683E+003  0.271794994942945E+000 
     10.20000000 -0.864737438490057E+003  0.289489393569092E+000 
     10.22000000 -0.864715231023594E+003  0.311696860031811E+000 
     10.24000000 -0.864688343004256E+003  0.338584879369962E+000 
     10.26000000 -0.864656731835377E+003  0.370196048249011E+000 
     10.28000000 -0.864620488584567E+003  0.406439299059263E+000 
     10.30000000 -0.864579842581905E+003  0.447085301720989E+000 
     10.32000000 -0.864535161431999E+003  0.491766451627213E+000 
     10.34000000 -0.864486946178299E+003  0.539981705326351E+000 
     10.36000000 -0.864435821527313E+003  0.591106356312788E+000 
     10.38000000 -0.864382521228617E+003  0.644406655008886E+000 
     10.40000000 -0.864327868906715E+003  0.699058976910613E+000 
     10.42000000 -0.864272754845737E+003  0.754173037888331E+000 
     10.44000000 -0.864218109427708E+003  0.808818455918341E+000 
     10.46000000 -0.864164874109191E+003  0.862053774434381E+000 
     10.48000000 -0.864113970979269E+003  0.912956904357081E+000 
     10.50000000 -0.864066272059306E+003  0.960655824320046E+000 
     10.52000000 -0.864022569575898E+003  0.100435830772820E+001 
     10.54000000 -0.863983548451529E+003  0.104337943209648E+001 
     10.56000000 -0.863949762206410E+003  0.107716567721609E+001 
     10.58000000 -0.863921613353204E+003  0.110531453042201E+001 
     10.60000000 -0.863899339188155E+003  0.112758869547054E+001 
     10.62000000 -0.863883003654548E+003  0.114392422907822E+001 
     10.64000000 -0.863872495679045E+003  0.115443220458056E+001 
     10.66000000 -0.863867534083131E+003  0.115939380049457E+001 
     10.68000000 -0.863867678859611E+003  0.115924902401478E+001 
     10.70000000 -0.863872348305996E+003  0.115457957762956E+001 
     10.72000000 -0.863880841233748E+003  0.114608664987829E+001 
     10.74000000 -0.863892363248006E+003  0.113456463561992E+001 
     10.76000000 -0.863906055925773E+003  0.112087195785315E+001 
     10.78000000 -0.863921027623604E+003  0.110590026002139E+001 
     10.80000000 -0.863936384619616E+003  0.109054326401029E+001 
     10.82000000 -0.863951261338326E+003  0.107566654529964E+001 
     10.84000000 -0.863964848512568E+003  0.106207937105775E+001 
     10.86000000 -0.863976418293403E+003  0.105050959022312E+001 
     10.88000000 -0.863985345511580E+003  0.104158237204587E+001 
     10.90000000 -0.863991124508169E+003  0.103580337545684E+001 
     10.92000000 -0.863993381171246E+003  0.103354671237981E+001 
     10.94000000 -0.863991880027512E+003  0.103504785611410E+001 
     10.96000000 -0.863986526431017E+003  0.104040145260933E+001 
     10.98000000 -0.863977364058996E+003  0.104956382462978E+001 
     11.00000000 -0.863964568063094E+003  0.106235982053144E+001 
     11.02000000 -0.863948434332545E+003  0.107849355108062E+001 
     11.04000000 -0.863929365406064E+003  0.109756247756216E+001 
     11.06000000 -0.863907853624954E+003  0.111907425867160E+001 
     11.08000000 -0.863884462155697E+003  0.114246572792880E+001 
     11.10000000 -0.863859804530164E+003  0.116712335346171E+001 
     11.12000000 -0.863834523359104E+003  0.119240452452223E+001 
     11.14000000 -0.863809268871796E+003  0.121765901183022E+001 
     11.16000000 -0.863784677922302E+003  0.124224996132418E+001 
     11.18000000 -0.863761354080055E+003  0.126557380357049E+001 
     11.20000000 -0.863739849387967E+003  0.128707849565854E+001 
     11.22000000 -0.863720648322486E+003  0.130627956114020E+001 
     11.24000000 -0.863704154425269E+003  0.132277345835706E+001 
     11.26000000 -0.863690679995305E+003  0.133624788832089E+001 
     11.28000000 -0.863680439131386E+003  0.134648875224011E+001 
     11.30000000 -0.863673544301887E+003  0.135338358173929E+001 
     11.32000000 -0.863670006493184E+003  0.135692139044222E+001 
     11.34000000 -0.863669738856412E+003  0.135718902721338E+001 
     11.36000000 -0.863672563638770E+003  0.135436424485588E+001 
     11.38000000 -0.863678222059092E+003  0.134870582453341E+001 
     11.40000000 -0.863686386672563E+003  0.134054121106262E+001 
     11.42000000 -0.863696675675196E+003  0.133025220842954E+001 
     11.44000000 -0.863708668528912E+003  0.131825935471438E+001 
     11.46000000 -0.863721922247133E+003  0.130500563649296E+001 
     11.48000000 -0.863735987672108E+003  0.129094021151833E+001 
     11.50000000 -0.863750425097091E+003  0.127650278653506E+001 
     11.52000000 -0.863764818639383E+003  0.126210924424294E+001 
     11.54000000 -0.863778788849356E+003  0.124813903426959E+001 
     11.56000000 -0.863792003141110E+003  0.123492474251621E+001 
     11.58000000 -0.863804183746989E+003  0.122274413663662E+001 
     11.60000000 -0.863815113022601E+003  0.121181486102475E+001 
     11.62000000 -0.863824636056159E+003  0.120229182746668E+001 
     11.64000000 -0.863832660657352E+003  0.119426722627408E+001 
     11.66000000 -0.863839154912316E+003  0.118777297131000E+001 
     11.68000000 -0.863844142585936E+003  0.118278529769024E+001 
     11.70000000 -0.863847696728677E+003  0.117923115494903E+001 
     11.72000000 -0.863849931898484E+003  0.117699598514156E+001 
     11.74000000 -0.863850995438872E+003  0.117593244475408E+001 
     11.76000000 -0.863851058262092E+003  0.117586962153357E+001 
     11.78000000 -0.863850305572459E+003  0.117662231116639E+001 
     11.80000000 -0.863848927932140E+003  0.117799995148534E+001 
     11.82000000 -0.863847113022685E+003  0.117981486094037E+001 
     11.84000000 -0.863845038394267E+003  0.118188948935877E+001 
     11.86000000 -0.863842865424462E+003  0.118406245916340E+001 
     11.88000000 -0.863840734633985E+003  0.118619324964099E+001 
     11.90000000 -0.863838762431199E+003  0.118816545242707E+001 
     11.92000000 -0.863837039285091E+003  0.118988859853434E+001 
     11.94000000 -0.863835629259930E+003  0.119129862369594E+001 
     11.96000000 -0.863834570787519E+003  0.119235709610713E+001 
     11.98000000 -0.863833878506443E+003  0.119304937718288E+001 
     12.00000000 -0.863833545963623E+003  0.119338192000292E+001 
     12.02000000 -0.863833548952495E+003  0.119337893113121E+001 
     12.04000000 -0.863833849254084E+003  0.119307862954227E+001 
     12.06000000 -0.863834398551720E+003  0.119252933190561E+001 
     12.08000000 -0.863835142305810E+003  0.119178557781585E+001 
     12.10000000 -0.863836023400048E+003  0.119090448357791E+001 
     12.12000000 -0.863836985403110E+003  0.118994248051584E+001 
     12.14000000 -0.863837975327014E+003  0.118895255661198E+001 
     12.16000000 -0.863838945803743E+003  0.118798207988253E+001 
     12.18000000 -0.863839856641742E+003  0.118707124188374E+001 
     12.20000000 -0.863840675762144E+003  0.118625212148201E+001 
     12.22000000 -0.863841379548848E+003  0.118554833477742E+001 
     12.24000000 -0.863841952675046E+003  0.118497520857945E+001 
     12.26000000 -0.863842387490705E+003  0.118454039292067E+001 
     12.28000000 -0.863842683069917E+003  0.118424481370884E+001 
     12.30000000 -0.863842844024145E+003  0.118408385948075E+001 
     12.32000000 -0.863842879187095E+003  0.118404869653049E+001 
     12.34000000 -0.863842800270566E+003  0.118412761305946E+001 
     12.36000000 -0.863842620578678E+003  0.118430730494743E+001 
     12.38000000 -0.863842353852071E+003  0.118457403155528E+001 
     12.40000000 -0.863842013295376E+003  0.118491458825026E+001 
     12.42000000 -0.863841610821673E+003  0.118531706195235E+001 
     12.44000000 -0.863841156528285E+003  0.118577135534042E+001 
     12.46000000 -0.863840658400768E+003  0.118626948285822E+001 
     12.48000000 -0.863840122226292E+003  0.118680565733398E+001 
     12.50000000 -0.863839551685798E+003  0.118737619782786E+001 
     12.52000000 -0.863838948585677E+003  0.118797929794835E+001 
     12.54000000 -0.863838313185560E+003  0.118861469806591E+001 
     12.56000000 -0.863837644577641E+003  0.118928330598529E+001 
     12.58000000 -0.863836941076156E+003  0.118998680746968E+001 
     12.60000000 -0.863836200581044E+003  0.119072730258158E+001 
     12.62000000 -0.863835420887778E+003  0.119150699584814E+001 
     12.64000000 -0.863834599924611E+003  0.119232795901498E+001 
     12.66000000 -0.863833735908302E+003  0.119319197532429E+001 
     12.68000000 -0.863832827418827E+003  0.119410046479904E+001 
     12.70000000 -0.863831873408321E+003  0.119505447530458E+001 
     12.72000000 -0.863830873207471E+003  0.119605467615453E+001 
     12.74000000 -0.863829826546446E+003  0.119710133717929E+001 
     12.76000000 -0.863828733564667E+003  0.119819431895885E+001 
     12.78000000 -0.863827594814207E+003  0.119933306941887E+001 
     12.80000000 -0.863826411257247E+003  0.120051662637903E+001 
     12.82000000 -0.863825184257272E+003  0.120174362635337E+001 
     12.84000000 -0.863823915564015E+003  0.120301231961118E+001 
     12.86000000 -0.863822607291988E+003  0.120432059163824E+001 
     12.88000000 -0.863821261892791E+003  0.120566599083437E+001 
     12.90000000 -0.863819882121244E+003  0.120704576238195E+001 
     12.92000000 -0.863818470995816E+003  0.120845688781012E+001 
     12.94000000 -0.863817031753755E+003  0.120989612987109E+001 
     12.96000000 -0.863815567801499E+003  0.121136008212646E+001 
     12.98000000 -0.863814082661296E+003  0.121284522232953E+001 
     13.00000000 -0.863812579914753E+003  0.121434796887259E+001 
     13.02000000 -0.863811063144619E+003  0.121586473900699E+001 
     13.04000000 -0.863809535875924E+003  0.121739200770151E+001 
     13.06000000 -0.863808001517733E+003  0.121892636589296E+001 
     13.08000000 -0.863806463306827E+003  0.122046457679884E+001 
     13.10000000 -0.863804924254607E+003  0.122200362901874E+001 
     13.12000000 -0.863803387098352E+003  0.122354078527428E+001 
     13.14000000 -0.863801854257887E+003  0.122507362573834E+001 
     13.16000000 -0.863800327798538E+003  0.122660008508775E+001 
     13.18000000 -0.863798809401013E+003  0.122811848261266E+001 
     13.20000000 -0.863797300338748E+003  0.122962754487826E+001 
     13.22000000 -0.863795801462805E+003  0.123112642082080E+001 
     13.24000000 -0.863794313194530E+003  0.123261468909598E+001 
     13.26000000 -0.863792835525510E+003  0.123409235811609E+001 
     13.28000000 -0.863791368024585E+003  0.123555985904060E+001 
     13.30000000 -0.863789909851170E+003  0.123701803245578E+001 
     13.32000000 -0.863788459774179E+003  0.123846810944712E+001 
     13.34000000 -0.863787016195594E+003  0.123991168803175E+001 
     13.36000000 -0.863785577177852E+003  0.124135070577421E+001 
     13.38000000 -0.863784140474183E+003  0.124278740944299E+001 
     13.40000000 -0.863782703561060E+003  0.124422432256545E+001 
     13.42000000 -0.863781263672351E+003  0.124566421127484E+001 
     13.44000000 -0.863779817834692E+003  0.124711004893333E+001 
     13.46000000 -0.863778362903867E+003  0.124856497975935E+001 
     13.48000000 -0.863776895602127E+003  0.125003228149863E+001 
     13.50000000 -0.863775412556488E+003  0.125151532713804E+001 
     13.52000000 -0.863773910338115E+003  0.125301754551095E+001 
     13.54000000 -0.863772385502774E+003  0.125454238085190E+001 
     13.56000000 -0.863770834632406E+003  0.125609325121933E+001 
     13.58000000 -0.863769254377716E+003  0.125767350591020E+001 
     13.60000000 -0.863767641501544E+003  0.125928638208180E+001 
     13.62000000 -0.863765992922892E+003  0.126093496073420E+001 
     13.64000000 -0.863764305761147E+003  0.126262212247912E+001 
     13.66000000 -0.863762577380283E+003  0.126435050334240E+001 
     13.68000000 -0.863760805432495E+003  0.126612245113123E+001 
     13.70000000 -0.863758987900732E+003  0.126793998289393E+001 
     13.72000000 -0.863757123139698E+003  0.126980474392739E+001 
     13.74000000 -0.863755209914523E+003  0.127171796910318E+001 
     13.76000000 -0.863753247436567E+003  0.127368044705848E+001 
     13.78000000 -0.863751235395403E+003  0.127569248822277E+001 
     13.80000000 -0.863749173986354E+003  0.127775389727197E+001 
     13.82000000 -0.863747063932584E+003  0.127986395104154E+001 
     13.84000000 -0.863744906501034E+003  0.128202138259172E+001 
     13.86000000 -0.863742703511363E+003  0.128422437226323E+001 
     13.88000000 -0.863740457337315E+003  0.128647054631125E+001 
     13.90000000 -0.863738170899655E+003  0.128875698397061E+001 
     13.92000000 -0.863735847650542E+003  0.129108023308402E+001 
     13.94000000 -0.863733491548699E+003  0.129343633492697E+001 
     13.96000000 -0.863731107025425E+003  0.129582085820070E+001 
     13.98000000 -0.863728698941195E+003  0.129822894243114E+001 
     14.00000000 -0.863726272533271E+003  0.130065535035513E+001 
     14.02000000 -0.863723833354158E+003  0.130309452946770E+001 
     14.04000000 -0.863721387201793E+003  0.130554068183308E+001 
     14.06000000 -0.863718940041665E+003  0.130798784196091E+001 
     14.08000000 -0.863716497921743E+003  0.131042996188300E+001 
     14.10000000 -0.863714066881218E+003  0.131286100240765E+001 
     14.12000000 -0.863711652854135E+003  0.131527502949072E+001 
     14.14000000 -0.863709261569455E+003  0.131766631417108E+001 
     14.16000000 -0.863706898449413E+003  0.132002943421301E+001 
     14.18000000 -0.863704568508264E+003  0.132235937536183E+001 
     14.20000000 -0.863702276254013E+003  0.132465162961249E+001 
     14.22000000 -0.863700025595664E+003  0.132690228796180E+001 
     14.24000000 -0.863697819758962E+003  0.132910812466347E+001 
     14.26000000 -0.863695661213102E+003  0.133126667052390E+001 
     14.28000000 -0.863693551610928E+003  0.133337627269823E+001 
     14.30000000 -0.863691491744422E+003  0.133543613920424E+001 
     14.32000000 -0.863689481516814E+003  0.133744636681181E+001 
     14.34000000 -0.863687519931718E+003  0.133940795190763E+001 
     14.36000000 -0.863685605099135E+003  0.134132278449039E+001 
     14.38000000 -0.863683734257236E+003  0.134319362638952E+001 
     14.40000000 -0.863681903808593E+003  0.134502407503239E+001 
     14.42000000 -0.863680109368983E+003  0.134681851464260E+001 
     14.44000000 -0.863678345827026E+003  0.134858205660038E+001 
     14.46000000 -0.863676607412898E+003  0.135032047072738E+001 
     14.48000000 -0.863674887774920E+003  0.135204010870625E+001 
     14.50000000 -0.863673180063027E+003  0.135374782059923E+001 
     14.52000000 -0.863671477019083E+003  0.135545086454328E+001 
     14.54000000 -0.863669771073754E+003  0.135715680987155E+001 
     14.56000000 -0.863668054450438E+003  0.135887343318775E+001 
     14.58000000 -0.863666319276234E+003  0.136060860739159E+001 
     14.60000000 -0.863664557700011E+003  0.136237018361461E+001 
     14.62000000 -0.863662762016956E+003  0.136416586666993E+001 
     14.64000000 -0.863660924798544E+003  0.136600308508146E+001 
     14.66000000 -0.863659039026208E+003  0.136788885741787E+001 
     14.68000000 -0.863657098226431E+003  0.136982965719524E+001 
     14.70000000 -0.863655096604698E+003  0.137183127892834E+001 
     14.72000000 -0.863653029175267E+003  0.137389870835857E+001 
     14.74000000 -0.863650891883685E+003  0.137603599994049E+001 
     14.76000000 -0.863648681718998E+003  0.137824616462745E+001 
     14.78000000 -0.863646396812447E+003  0.138053107117855E+001 
     14.80000000 -0.863644036519850E+003  0.138289136377554E+001 
     14.82000000 -0.863641601484822E+003  0.138532639880424E+001 
     14.84000000 -0.863639093680152E+003  0.138783420347391E+001 
     14.86000000 -0.863636516425285E+003  0.139041145834120E+001 
     14.88000000 -0.863633874377927E+003  0.139305350569906E+001 
     14.90000000 -0.863631173498653E+003  0.139575438497262E+001 
     14.92000000 -0.863628420988011E+003  0.139850689561495E+001 
     14.94000000 -0.863625625196521E+003  0.140130268710456E+001 
     14.96000000 -0.863622795508544E+003  0.140413237508175E+001 
     14.98000000 -0.863619942202033E+003  0.140698568159281E+001 
     15.00000000 -0.863617076286413E+003  0.140985159721323E+001 
     15.02000000 -0.863614209321363E+003  0.141271856226290E+001 
     15.04000000 -0.863611353219504E+003  0.141557466412198E+001 
     15.06000000 -0.863608520035958E+003  0.141840784766795E+001 
     15.08000000 -0.863605721747903E+003  0.142120613572295E+001 
     15.10000000 -0.863602970027310E+003  0.142395785631538E+001 
     15.12000000 -0.863600276010518E+003  0.142665187310802E+001 
     15.14000000 -0.863597650068471E+003  0.142927781515463E+001 
     15.16000000 -0.863595101582396E+003  0.143182630123028E+001 
     15.18000000 -0.863592638729978E+003  0.143428915364810E+001 
     15.20000000 -0.863590268287750E+003  0.143665959587562E+001 
     15.22000000 -0.863587995455620E+003  0.143893242800607E+001 
     15.24000000 -0.863585823709101E+003  0.144110417452516E+001 
     15.26000000 -0.863583754684631E+003  0.144317319899435E+001 
     15.28000000 -0.863581788102129E+003  0.144513978149705E+001 
     15.30000000 -0.863579921728368E+003  0.144700615525824E+001 
     15.32000000 -0.863578151383299E+003  0.144877650032726E+001 
     15.34000000 -0.863576470990987E+003  0.145045689263916E+001 
     15.36000000 -0.863574872675675E+003  0.145205520795087E+001 
     15.38000000 -0.863573346903284E+003  0.145358098034150E+001 
     15.40000000 -0.863571882667684E+003  0.145504521594198E+001 
     15.42000000 -0.863570467720732E+003  0.145646016289340E+001 
     15.44000000 -0.863569088843630E+003  0.145783903999574E+001 
     15.46000000 -0.863567732155756E+003  0.145919572786985E+001 
     15.48000000 -0.863566383455043E+003  0.146054442858263E+001 
     15.50000000 -0.863565028581525E+003  0.146189930210072E+001 
     15.52000000 -0.863563653793128E+003  0.146327409049807E+001 
     15.54000000 -0.863562246140553E+003  0.146468174307255E+001 
     15.56000000 -0.863560793826373E+003  0.146613405725312E+001 
     15.58000000 -0.863559286532613E+003  0.146764135101258E+001 
     15.60000000 -0.863557715701362E+003  0.146921218226347E+001 
     15.62000000 -0.863556074754517E+003  0.147085312910882E+001 
     15.64000000 -0.863554359241176E+003  0.147256864245023E+001 
     15.66000000 -0.863552566904901E+003  0.147436097872524E+001 
     15.68000000 -0.863550697667150E+003  0.147623021647541E+001 
     15.70000000 -0.863548753527903E+003  0.147817435572249E+001 
     15.72000000 -0.863546738389324E+003  0.148018949430232E+001 
     15.74000000 -0.863544657812685E+003  0.148227007094098E+001 
     15.76000000 -0.863542518723113E+003  0.148440916051264E+001 
     15.78000000 -0.863540329079833E+003  0.148659880379319E+001 
     15.80000000 -0.863538097531938E+003  0.148883035168830E+001 
     15.82000000 -0.863535833080521E+003  0.149109480310472E+001 
     15.84000000 -0.863533544767789E+003  0.149338311583638E+001 
     15.86000000 -0.863531241411328E+003  0.149568647229777E+001 
     15.88000000 -0.863528931398489E+003  0.149799648513695E+001 
     15.90000000 -0.863526622550568E+003  0.150030533305797E+001 
     15.92000000 -0.863524322060671E+003  0.150260582295461E+001 
     15.94000000 -0.863522036502532E+003  0.150489138109359E+001 
     15.96000000 -0.863519771900904E+003  0.150715598272152E+001 
     15.98000000 -0.863517533848389E+003  0.150939403523680E+001 
     16.00000000 -0.863515327648486E+003  0.151160023513971E+001 
     16.02000000 -0.863513158461791E+003  0.151376942183441E+001 
     16.04000000 -0.863511031431150E+003  0.151589645247602E+001 
     16.06000000 -0.863508951762919E+003  0.151797612070679E+001 
     16.08000000 -0.863506924745214E+003  0.152000313841153E+001 
     16.10000000 -0.863504955689682E+003  0.152197219394427E+001 
     16.12000000 -0.863503049790835E+003  0.152387809279130E+001 
     16.14000000 -0.863501211905653E+003  0.152571597797293E+001 
     16.16000000 -0.863499446264541E+003  0.152748161908533E+001 
     16.18000000 -0.863497756133691E+003  0.152917174993430E+001 
     16.20000000 -0.863496143455201E+003  0.153078442842502E+001 
     16.22000000 -0.863494608496786E+003  0.153231938683989E+001 
     16.24000000 -0.863493149544999E+003  0.153377833862642E+001 
     16.26000000 -0.863491762675757E+003  0.153516520786852E+001 
     16.28000000 -0.863490441632350E+003  0.153648625127586E+001 
     16.30000000 -0.863489177835398E+003  0.153775004822825E+001 
     16.32000000 -0.863487960540558E+003  0.153896734306736E+001 
     16.34000000 -0.863486777149407E+003  0.154015073421840E+001 
     16.36000000 -0.863485613667477E+003  0.154131421614880E+001 
     16.38000000 -0.863484455291306E+003  0.154247259231943E+001 
     16.40000000 -0.863483287094862E+003  0.154364078876385E+001 
     16.42000000 -0.863482094775381E+003  0.154483310824470E+001 
     16.44000000 -0.863480865410812E+003  0.154606247281334E+001 
     16.46000000 -0.863479588176484E+003  0.154733970714166E+001 
     16.48000000 -0.863478254967709E+003  0.154867291591654E+001 
     16.50000000 -0.863476860879272E+003  0.155006700435376E+001 
     16.52000000 -0.863475404500384E+003  0.155152338324167E+001 
     16.54000000 -0.863473887996831E+003  0.155303988679497E+001 
     16.56000000 -0.863472316966949E+003  0.155461091667714E+001 
     16.58000000 -0.863470700076215E+003  0.155622780741124E+001 
     16.60000000 -0.863469048492750E+003  0.155787939087607E+001 
     16.62000000 -0.863467375162563E+003  0.155955272106272E+001 
     16.64000000 -0.863465693976872E+003  0.156123390675418E+001 
     16.66000000 -0.863464018892674E+003  0.156290899095162E+001 
     16.68000000 -0.863462363071643E+003  0.156456481198298E+001 
     16.70000000 -0.863460738100561E+003  0.156618978306485E+001 
     16.72000000 -0.863459153349252E+003  0.156777453437349E+001 
     16.74000000 -0.863457615510318E+003  0.156931237330794E+001 
     16.76000000 -0.863456128349560E+003  0.157079953406598E+001 
     16.78000000 -0.863454692678718E+003  0.157223520490757E+001 
     16.80000000 -0.863453306544203E+003  0.157362133942278E+001 
     16.82000000 -0.863451965608854E+003  0.157496227477139E+001 
     16.84000000 -0.863450663689019E+003  0.157626419460719E+001 
     16.86000000 -0.863449393398728E+003  0.157753448489738E+001 
     16.88000000 -0.863448146845484E+003  0.157878103814218E+001 
     16.90000000 -0.863446916320935E+003  0.158001156269067E+001 
     16.92000000 -0.863445694931637E+003  0.158123295198872E+001 
     16.94000000 -0.863444477122715E+003  0.158245076091110E+001 
     16.96000000 -0.863443259057182E+003  0.158366882644340E+001 
     16.98000000 -0.863442038827044E+003  0.158488905658209E+001 
     17.00000000 -0.863440816486451E+003  0.158611139717478E+001 
     17.02000000 -0.863439593911836E+003  0.158733397178985E+001 
     17.04000000 -0.863438374507505E+003  0.158855337612106E+001 
     17.06000000 -0.863437162786714E+003  0.158976509691163E+001 
     17.08000000 -0.863435963867103E+003  0.159096401652305E+001 
     17.10000000 -0.863434782924849E+003  0.159214495877722E+001 
     17.12000000 -0.863433624653852E+003  0.159330322977341E+001 
     17.14000000 -0.863432492774625E+003  0.159443510900137E+001 
     17.16000000 -0.863431389632488E+003  0.159553825113813E+001 
     17.18000000 -0.863430315916922E+003  0.159661196670385E+001 
     17.20000000 -0.863429270523670E+003  0.159765735995582E+001 
     17.22000000 -0.863428250569537E+003  0.159867731408926E+001 
     17.24000000 -0.863427251557733E+003  0.159967632589299E+001 
     17.26000000 -0.863426267679461E+003  0.160066020416451E+001 
     17.28000000 -0.863425292226953E+003  0.160163565667316E+001 
     17.30000000 -0.863424318084241E+003  0.160260979938441E+001 
     17.32000000 -0.863423338256167E+003  0.160358962745842E+001 
     17.34000000 -0.863422346393272E+003  0.160458149035424E+001 
     17.36000000 -0.863421337271163E+003  0.160559061246334E+001 
     17.38000000 -0.863420307187173E+003  0.160662069645298E+001 
     17.40000000 -0.863419254244475E+003  0.160767363915083E+001 
     17.42000000 -0.863418178503712E+003  0.160874937991411E+001 
     17.44000000 -0.863417081993262E+003  0.160984589036409E+001 
     17.46000000 -0.863415968581040E+003  0.161095930258606E+001 
     17.48000000 -0.863414843721506E+003  0.161208416211976E+001 
     17.50000000 -0.863413714100668E+003  0.161321378295822E+001 
     17.52000000 -0.863412587208590E+003  0.161434067503586E+001 
     17.54000000 -0.863411470872696E+003  0.161545701092952E+001 
     17.56000000 -0.863410372785985E+003  0.161655509764103E+001 
     17.58000000 -0.863409300062389E+003  0.161762782123729E+001 
     17.60000000 -0.863408258847395E+003  0.161866903623132E+001 
     17.62000000 -0.863407254006039E+003  0.161967387758688E+001 
     17.64000000 -0.863406288903562E+003  0.162063898006361E+001 
     17.66000000 -0.863405365286655E+003  0.162156259697061E+001 
     17.68000000 -0.863404483265927E+003  0.162244461769851E+001 
     17.70000000 -0.863403641393812E+003  0.162328648981432E+001 
     17.72000000 -0.863402836826302E+003  0.162409105732367E+001 
     17.74000000 -0.863402065552829E+003  0.162486233079738E+001 
     17.76000000 -0.863401322675574E+003  0.162560520805198E+001 
     17.78000000 -0.863400602718165E+003  0.162632516546118E+001 
     17.80000000 -0.863399899943711E+003  0.162702793991512E+001 
     17.82000000 -0.863399208663450E+003  0.162771922017581E+001 
     17.84000000 -0.863398523519538E+003  0.162840436408822E+001 
     17.86000000 -0.863397839728536E+003  0.162908815509000E+001 
     17.88000000 -0.863397153275648E+003  0.162977460797798E+001 
     17.90000000 -0.863396461053279E+003  0.163046683034654E+001 
     17.92000000 -0.863395760941047E+003  0.163116694257872E+001 
     17.94000000 -0.863395051827580E+003  0.163187605604624E+001 
     17.96000000 -0.863394333577359E+003  0.163259430626728E+001 
     17.98000000 -0.863393606948336E+003  0.163332093528974E+001 
     18.00000000 -0.863392873468177E+003  0.163405441544936E+001 
     18.02000000 -0.863392135278682E+003  0.163479260494339E+001 
     18.04000000 -0.863391394959058E+003  0.163553292456792E+001 
     18.06000000 -0.863390655339419E+003  0.163627254420681E+001 
     18.08000000 -0.863389919315849E+003  0.163700856777650E+001 
     18.10000000 -0.863389189677756E+003  0.163773820586959E+001 
     18.12000000 -0.863388468956820E+003  0.163845892680543E+001 
     18.14000000 -0.863387759305030E+003  0.163916857859535E+001 
     18.16000000 -0.863387062406946E+003  0.163986547667955E+001 
     18.18000000 -0.863386379428872E+003  0.164054845475395E+001 
     18.20000000 -0.863385711005187E+003  0.164121687843906E+001 
     18.22000000 -0.863385057259915E+003  0.164187062371108E+001 
     18.24000000 -0.863384417859614E+003  0.164251002401163E+001 
     18.26000000 -0.863383792092167E+003  0.164313579145875E+001 
     18.28000000 -0.863383178964741E+003  0.164374891888465E+001 
     18.30000000 -0.863382577313354E+003  0.164435057027204E+001 
     18.32000000 -0.863381985915755E+003  0.164494196787081E+001 
     18.34000000 -0.863381403599278E+003  0.164552428434774E+001 
     18.36000000 -0.863380829335542E+003  0.164609854808350E+001 
     18.38000000 -0.863380262314963E+003  0.164666556866265E+001 
     18.40000000 -0.863379701995742E+003  0.164722588788361E+001 
     18.42000000 -0.863379148124247E+003  0.164777975937874E+001 
     18.44000000 -0.863378600726554E+003  0.164832715707173E+001 
     18.46000000 -0.863378060073639E+003  0.164886780998682E+001 
     18.48000000 -0.863377526625324E+003  0.164940125830181E+001 
     18.50000000 -0.863377000959896E+003  0.164992692372964E+001 
     18.52000000 -0.863376483697204E+003  0.165044418642173E+001 
     18.54000000 -0.863375975423073E+003  0.165095246055246E+001 
     18.56000000 -0.863375476621679E+003  0.165145126194718E+001 
     18.58000000 -0.863374987621004E+003  0.165194026262144E+001 
     18.60000000 -0.863374508554431E+003  0.165241932919532E+001 
     18.62000000 -0.863374039339673E+003  0.165288854395281E+001 
     18.64000000 -0.863373579674715E+003  0.165334820891059E+001 
     18.66000000 -0.863373129049513E+003  0.165379883411268E+001 
     18.68000000 -0.863372686771667E+003  0.165424111195869E+001 
     18.70000000 -0.863372252004128E+003  0.165467587949737E+001 
     18.72000000 -0.863371823812884E+003  0.165510407074208E+001 
     18.74000000 -0.863371401222260E+003  0.165552666136539E+001 
     18.76000000 -0.863370983275052E+003  0.165594460857348E+001 
     18.78000000 -0.863370569093923E+003  0.165635878970314E+001 
     18.80000000 -0.863370157940025E+003  0.165676994360132E+001 
     18.82000000 -0.863369749264368E+003  0.165717861925814E+001 
     18.84000000 -0.863369342747872E+003  0.165758513575433E+001 
     18.86000000 -0.863368938326618E+003  0.165798955700744E+001 
     18.88000000 -0.863368536200252E+003  0.165839168337419E+001 
     18.90000000 -0.863368136822918E+003  0.165879106070821E+001 
     18.92000000 -0.863367740877602E+003  0.165918700602355E+001 
     18.94000000 -0.863367349236033E+003  0.165957864759244E+001 
     18.96000000 -0.863366962907136E+003  0.165996497649021E+001 
     18.98000000 -0.863366582977635E+003  0.166034490599127E+001 
     19.00000000 -0.863366210548702E+003  0.166071733492398E+001 
     19.02000000 -0.863365846672634E+003  0.166108121099181E+001 
     19.04000000 -0.863365492293607E+003  0.166143559001895E+001 
     19.06000000 -0.863365148196444E+003  0.166177968718209E+001 
     19.08000000 -0.863364814966973E+003  0.166211291665330E+001 
     19.10000000 -0.863364492966889E+003  0.166243491673666E+001 
     19.12000000 -0.863364182324908E+003  0.166274555871832E+001 
     19.14000000 -0.863363882944573E+003  0.166304493905261E+001 
     19.16000000 -0.863363594527390E+003  0.166333335623629E+001 
     19.18000000 -0.863363316608275E+003  0.166361127535095E+001 
     19.20000000 -0.863363048599073E+003  0.166387928455264E+001 
     19.22000000 -0.863362789835134E+003  0.166413804849188E+001 
     19.24000000 -0.863362539620027E+003  0.166438826359901E+001 
     19.26000000 -0.863362297264255E+003  0.166463061937072E+001 
     19.28000000 -0.863362062115200E+003  0.166486576842603E+001 
     19.30000000 -0.863361833577049E+003  0.166509430657642E+001 
     19.32000000 -0.863361611121019E+003  0.166531676260699E+001 
     19.34000000 -0.863361394287212E+003  0.166553359641363E+001 
     19.36000000 -0.863361182680130E+003  0.166574520349557E+001 
     19.38000000 -0.863360975959966E+003  0.166595192365935E+001 
     19.40000000 -0.863360773831599E+003  0.166615405202675E+001 
     19.42000000 -0.863360576032825E+003  0.166635185080067E+001 
     19.44000000 -0.863360382323031E+003  0.166654556059496E+001 
     19.46000000 -0.863360192473203E+003  0.166673541042300E+001 
     19.48000000 -0.863360006258090E+003  0.166692162553571E+001 
     19.50000000 -0.863359823451241E+003  0.166710443238454E+001 
     19.52000000 -0.863359643823554E+003  0.166728406007162E+001 
     19.54000000 -0.863359467145791E+003  0.166746073783521E+001 
     19.56000000 -0.863359293195103E+003  0.166763468852310E+001 
     19.58000000 -0.863359121765138E+003  0.166780611848758E+001 
     19.60000000 -0.863358952678703E+003  0.166797520492261E+001 
     19.62000000 -0.863358785801514E+003  0.166814208211162E+001 
     19.64000000 -0.863358621055309E+003  0.166830682831727E+001 
     19.66000000 -0.863358458428620E+003  0.166846945500541E+001 
     19.68000000 -0.863358297983905E+003  0.166862989972109E+001 
     19.70000000 -0.863358139860189E+003  0.166878802343696E+001 
     19.72000000 -0.863357984271084E+003  0.166894361254205E+001 
     19.74000000 -0.863357831498453E+003  0.166909638517310E+001 
     19.76000000 -0.863357681882360E+003  0.166924600126543E+001 
     19.78000000 -0.863357535808026E+003  0.166939207560025E+001 
     19.80000000 -0.863357393690421E+003  0.166953419320475E+001 
     19.82000000 -0.863357255957092E+003  0.166967192653383E+001 
     19.84000000 -0.863357123029678E+003  0.166980485394821E+001 
     19.86000000 -0.863356995304752E+003  0.166993257887422E+001 
     19.88000000 -0.863356873134718E+003  0.167005474890751E+001 
     19.90000000 -0.863356756809765E+003  0.167017107386095E+001 
     19.92000000 -0.863356646541963E+003  0.167028134166253E+001 
     19.94000000 -0.863356542452686E+003  0.167038543093957E+001 
     19.96000000 -0.863356444564300E+003  0.167048331932597E+001 
     19.98000000 -0.863356352796872E+003  0.167057508675387E+001 
     20.00000000 -0.863356266970217E+003  0.167066091340870E+001 
     20.02000000 -0.863356186811273E+003  0.167074107235311E+001 
     20.04000000 -0.863356111966420E+003  0.167081591720587E+001 
     20.06000000 -0.863356042018073E+003  0.167088586555281E+001 
     20.08000000 -0.863355976504573E+003  0.167095137905295E+001 
     20.10000000 -0.863355914942178E+003  0.167101294144748E+001 
     20.12000000 -0.863355856847753E+003  0.167107103587315E+001 
     20.14000000 -0.863355801760626E+003  0.167112612300004E+001 
     20.16000000 -0.863355749262145E+003  0.167117862148056E+001 
     20.18000000 -0.863355698991597E+003  0.167122889202851E+001 
     20.20000000 -0.863355650657489E+003  0.167127722613661E+001 
     20.22000000 -0.863355604043590E+003  0.167132384003569E+001 
     20.24000000 -0.863355559009573E+003  0.167136887405250E+001 
     20.26000000 -0.863355515486531E+003  0.167141239709490E+001 
     20.28000000 -0.863355473468031E+003  0.167145441559483E+001 
     20.30000000 -0.863355432997711E+003  0.167149488591449E+001 
     20.32000000 -0.863355394154670E+003  0.167153372895597E+001 
     20.34000000 -0.863355357038050E+003  0.167157084557538E+001 
     20.36000000 -0.863355321752240E+003  0.167160613138615E+001 
     20.38000000 -0.863355288393920E+003  0.167163948970544E+001 
     20.40000000 -0.863355257041932E+003  0.167167084169392E+001 
     20.42000000 -0.863355227750438E+003  0.167170013318792E+001 
     20.44000000 -0.863355200545447E+003  0.167172733817916E+001 
     20.46000000 -0.863355175424319E+003  0.167175245930684E+001 
     20.48000000 -0.863355152357590E+003  0.167177552603544E+001 
     20.50000000 -0.863355131292337E+003  0.167179659128842E+001 
     20.52000000 -0.863355112156347E+003  0.167181572727883E+001 
     20.54000000 -0.863355094862513E+003  0.167183302111251E+001 
     20.56000000 -0.863355079313091E+003  0.167184857053516E+001 
     20.58000000 -0.863355065403612E+003  0.167186248001336E+001 
     20.60000000 -0.863355053026397E+003  0.167187485722891E+001 
     20.62000000 -0.863355042073589E+003  0.167188581003692E+001 
     20.64000000 -0.863355032439688E+003  0.167189544393792E+001 
     20.66000000 -0.863355024023478E+003  0.167190386014812E+001 
     20.68000000 -0.863355016729296E+003  0.167191115432969E+001 
     20.70000000 -0.863355010467615E+003  0.167191741601092E+001 
     20.72000000 -0.863355005154959E+003  0.167192272866638E+001 
     20.74000000 -0.863355000713266E+003  0.167192717036003E+001 
     20.76000000 -0.863354997068798E+003  0.167193081482804E+001 
     20.78000000 -0.863354994150772E+003  0.167193373285405E+001 
     20.80000000 -0.863354991889831E+003  0.167193599379440E+001 
     20.82000000 -0.863354990216509E+003  0.167193766711717E+001 
     20.84000000 -0.863354989059813E+003  0.167193882381251E+001 
     20.86000000 -0.863354988346092E+003  0.167193953753431E+001 
     20.88000000 -0.863354987998290E+003  0.167193988533591E+001 
     20.90000000 -0.863354987935742E+003  0.167193994788357E+001 
     20.92000000 -0.863354988074545E+003  0.167193980908051E+001 
     20.94000000 -0.863354988328526E+003  0.167193955510012E+001 
     20.96000000 -0.863354988610710E+003  0.167193927291569E+001 
     20.98000000 -0.863354988835131E+003  0.167193904849451E+001 
     21.00000000 -0.863354988918735E+003  0.167193896489110E+001 
     21.02000000 -0.863354988892166E+003  0.167193899145970E+001 
     21.04000000 -0.863354988859182E+003  0.167193902444418E+001 
     21.06000000 -0.863354988821289E+003  0.167193906233672E+001 
     21.08000000 -0.863354988780241E+003  0.167193910338442E+001 
     21.10000000 -0.863354988738219E+003  0.167193914540678E+001 
     21.12000000 -0.863354988697393E+003  0.167193918623261E+001 
     21.14000000 -0.863354988659513E+003  0.167193922411288E+001 
     21.16000000 -0.863354988625615E+003  0.167193925801084E+001 
     21.18000000 -0.863354988595914E+003  0.167193928771149E+001 
     21.20000000 -0.863354988569886E+003  0.167193931374026E+001 
     21.22000000 -0.863354988546488E+003  0.167193933713823E+001 
     21.24000000 -0.863354988524469E+003  0.167193935915725E+001 
     21.26000000 -0.863354988502658E+003  0.167193938096812E+001 
     21.28000000 -0.863354988480183E+003  0.167193940344305E+001 
     21.30000000 -0.863354988456581E+003  0.167193942704520E+001 
     21.32000000 -0.863354988431794E+003  0.167193945183209E+001 
     21.34000000 -0.863354988406091E+003  0.167193947753449E+001 
     21.36000000 -0.863354988379953E+003  0.167193950367318E+001 
     21.38000000 -0.863354988353954E+003  0.167193952967227E+001 
     21.40000000 -0.863354988328678E+003  0.167193955494805E+001 
     21.42000000 -0.863354988304658E+003  0.167193957896783E+001 
     21.44000000 -0.863354988282335E+003  0.167193960129108E+001 
     21.46000000 -0.863354988262026E+003  0.167193962159973E+001 
     21.48000000 -0.863354988243903E+003  0.167193963972258E+001 
     21.50000000 -0.863354988227976E+003  0.167193965564985E+001 
     21.52000000 -0.863354988214100E+003  0.167193966952609E+001 
     21.54000000 -0.863354988202001E+003  0.167193968162516E+001 
     21.56000000 -0.863354988191313E+003  0.167193969231328E+001 
     21.58000000 -0.863354988181609E+003  0.167193970201696E+001 
     21.60000000 -0.863354988172418E+003  0.167193971120778E+001 
     21.62000000 -0.863354988163213E+003  0.167193972041271E+001 
     21.64000000 -0.863354988153388E+003  0.167193973023830E+001 
     21.66000000 -0.863354988142234E+003  0.167193974139200E+001 
     21.68000000 -0.863354988128948E+003  0.167193975467775E+001 
     21.70000000 -0.863354988112683E+003  0.167193977094261E+001 
     21.72000000 -0.863354988092658E+003  0.167193979096733E+001 
     21.74000000 -0.863354988068329E+003  0.167193981529666E+001 
     21.76000000 -0.863354988039573E+003  0.167193984405310E+001 
     21.78000000 -0.863354988006856E+003  0.167193987676960E+001 
     21.80000000 -0.863354987971306E+003  0.167193991231963E+001 
     21.82000000 -0.863354987934632E+003  0.167193994899359E+001 
     21.84000000 -0.863354987898875E+003  0.167193998475030E+001 
     21.86000000 -0.863354987866015E+003  0.167194001761124E+001 
     21.88000000 -0.863354987837521E+003  0.167194004610482E+001 
     21.90000000 -0.863354987813985E+003  0.167194006964045E+001 
     21.92000000 -0.863354987794941E+003  0.167194008868451E+001 
     21.94000000 -0.863354987778960E+003  0.167194010466593E+001 
     21.96000000 -0.863354987764005E+003  0.167194011962056E+001 
     21.98000000 -0.863354987747954E+003  0.167194013567158E+001 
     22.00000000 -0.863354987729133E+003  0.167194015449290E+001 
     22.02000000 -0.863354987706692E+003  0.167194017693428E+001 
     22.04000000 -0.863354987680719E+003  0.167194020290698E+001 
     22.06000000 -0.863354987652058E+003  0.167194023156742E+001 
     22.08000000 -0.863354987621909E+003  0.167194026171684E+001 
     22.10000000 -0.863354987591362E+003  0.167194029226416E+001 
     22.12000000 -0.863354987561046E+003  0.167194032257966E+001 
     22.14000000 -0.863354987531010E+003  0.167194035261558E+001 
     22.16000000 -0.863354987500878E+003  0.167194038274779E+001 
     22.18000000 -0.863354987470196E+003  0.167194041342969E+001 
     22.20000000 -0.863354987438827E+003  0.167194044479923E+001 
     22.22000000 -0.863354987407209E+003  0.167194047641664E+001 
     22.24000000 -0.863354987376377E+003  0.167194050724916E+001 
     22.26000000 -0.863354987347709E+003  0.167194053591694E+001 
     22.28000000 -0.863354987322516E+003  0.167194056111025E+001 
     22.30000000 -0.863354987301614E+003  0.167194058201219E+001 
     22.32000000 -0.863354987285068E+003  0.167194059855751E+001 
     22.34000000 -0.863354987272196E+003  0.167194061142979E+001 
     22.36000000 -0.863354987261831E+003  0.167194062179530E+001 
     22.38000000 -0.863354987252741E+003  0.167194063088509E+001 
     22.40000000 -0.863354987244038E+003  0.167194063958819E+001 
     22.42000000 -0.863354987235407E+003  0.167194064821860E+001 
     22.44000000 -0.863354987227098E+003  0.167194065652765E+001 
     22.46000000 -0.863354987219668E+003  0.167194066395765E+001 
     22.48000000 -0.863354987213619E+003  0.167194067000665E+001 
     22.50000000 -0.863354987209062E+003  0.167194067456349E+001 
     22.52000000 -0.863354987205554E+003  0.167194067807161E+001 
     22.54000000 -0.863354987202153E+003  0.167194068147270E+001 
     22.56000000 -0.863354987197659E+003  0.167194068596651E+001 
     22.58000000 -0.863354987190924E+003  0.167194069270181E+001 
     22.60000000 -0.863354987181097E+003  0.167194070252845E+001 
     22.62000000 -0.863354987167730E+003  0.167194071589618E+001 
     22.64000000 -0.863354987150712E+003  0.167194073291385E+001 
     22.66000000 -0.863354987130123E+003  0.167194075350257E+001 
     22.68000000 -0.863354987106085E+003  0.167194077754130E+001 
     22.70000000 -0.863354987078709E+003  0.167194080491636E+001 
     22.72000000 -0.863354987048170E+003  0.167194083545537E+001 
     22.74000000 -0.863354987014842E+003  0.167194086878392E+001 
     22.76000000 -0.863354986979422E+003  0.167194090420391E+001 
     22.78000000 -0.863354986942946E+003  0.167194094067950E+001 
     22.80000000 -0.863354986906658E+003  0.167194097696792E+001 
     22.82000000 -0.863354986871749E+003  0.167194101187729E+001 
     22.84000000 -0.863354986839068E+003  0.167194104455773E+001 
     22.86000000 -0.863354986808900E+003  0.167194107472609E+001 
     22.88000000 -0.863354986780898E+003  0.167194110272760E+001 
     22.90000000 -0.863354986754236E+003  0.167194112938988E+001 
     22.92000000 -0.863354986727928E+003  0.167194115569794E+001 
     22.94000000 -0.863354986701239E+003  0.167194118238671E+001 
     22.96000000 -0.863354986674029E+003  0.167194120959655E+001 
     22.98000000 -0.863354986646898E+003  0.167194123672741E+001 
     23.00000000 -0.863354986621058E+003  0.167194126256786E+001 
     23.02000000 -0.863354986597956E+003  0.167194128566943E+001 
     23.04000000 -0.863354986578782E+003  0.167194130484341E+001 
     23.06000000 -0.863354986564021E+003  0.167194131960499E+001 
     23.08000000 -0.863354986553211E+003  0.167194133041433E+001 
     23.10000000 -0.863354986544988E+003  0.167194133863812E+001 
     23.12000000 -0.863354986537375E+003  0.167194134625045E+001 
     23.14000000 -0.863354986528255E+003  0.167194135537128E+001 
     23.16000000 -0.863354986515846E+003  0.167194136777971E+001 
     23.18000000 -0.863354986499084E+003  0.167194138454167E+001 
     23.20000000 -0.863354986477795E+003  0.167194140583108E+001 
     23.22000000 -0.863354986452644E+003  0.167194143098215E+001 
     23.24000000 -0.863354986424901E+003  0.167194145872476E+001 
     23.26000000 -0.863354986396106E+003  0.167194148751938E+001 
     23.28000000 -0.863354986367749E+003  0.167194151587704E+001 
     23.30000000 -0.863354986341037E+003  0.167194154258872E+001 
     23.32000000 -0.863354986316801E+003  0.167194156682457E+001 
     23.34000000 -0.863354986295505E+003  0.167194158812036E+001 
     23.36000000 -0.863354986277317E+003  0.167194160630885E+001 
     23.38000000 -0.863354986262189E+003  0.167194162143702E+001 
     23.40000000 -0.863354986249916E+003  0.167194163371001E+001 
     23.42000000 -0.863354986240169E+003  0.167194164345729E+001 
     23.44000000 -0.863354986232517E+003  0.167194165110905E+001 
     23.46000000 -0.863354986226451E+003  0.167194165717478E+001 
     23.48000000 -0.863354986221416E+003  0.167194166220987E+001 
     23.50000000 -0.863354986216849E+003  0.167194166677705E+001 
     23.52000000 -0.863354986212221E+003  0.167194167140465E+001 
     23.54000000 -0.863354986207075E+003  0.167194167655111E+001 
     23.56000000 -0.863354986201049E+003  0.167194168257652E+001 
     23.58000000 -0.863354986193902E+003  0.167194168972346E+001 
     23.60000000 -0.863354986185514E+003  0.167194169811169E+001 
     23.62000000 -0.863354986175876E+003  0.167194170775002E+001 
     23.64000000 -0.863354986165055E+003  0.167194171857125E+001 
     23.66000000 -0.863354986153139E+003  0.167194173048674E+001 
     23.68000000 -0.863354986140170E+003  0.167194174345540E+001 
     23.70000000 -0.863354986126090E+003  0.167194175753543E+001 
     23.72000000 -0.863354986110726E+003  0.167194177290025E+001 
     23.74000000 -0.863354986093827E+003  0.167194178979872E+001 
     23.76000000 -0.863354986075167E+003  0.167194180845879E+001 
     23.78000000 -0.863354986054657E+003  0.167194182896910E+001 
     23.80000000 -0.863354986032447E+003  0.167194185117895E+001 
     23.82000000 -0.863354986008967E+003  0.167194187465842E+001 
     23.84000000 -0.863354985984882E+003  0.167194189874346E+001 
     23.86000000 -0.863354985960972E+003  0.167194192265361E+001 
     23.88000000 -0.863354985937976E+003  0.167194194564961E+001 
     23.90000000 -0.863354985916451E+003  0.167194196717453E+001 
     23.92000000 -0.863354985896684E+003  0.167194198694199E+001 
     23.94000000 -0.863354985878678E+003  0.167194200494767E+001 
     23.96000000 -0.863354985862210E+003  0.167194202141623E+001 
     23.98000000 -0.863354985846912E+003  0.167194203671367E+001 
     24.00000000 -0.863354985832366E+003  0.167194205125967E+001 
     24.02000000 -0.863354985818171E+003  0.167194206545474E+001 
     24.04000000 -0.863354985804000E+003  0.167194207962573E+001 
     24.06000000 -0.863354985789643E+003  0.167194209398254E+001 
     24.08000000 -0.863354985775041E+003  0.167194210858519E+001 
     24.10000000 -0.863354985760299E+003  0.167194212332733E+001 
     24.12000000 -0.863354985745666E+003  0.167194213796024E+001 
     24.14000000 -0.863354985731460E+003  0.167194215216536E+001 
     24.16000000 -0.863354985717949E+003  0.167194216567714E+001 
     24.18000000 -0.863354985705212E+003  0.167194217841349E+001 
     24.20000000 -0.863354985693050E+003  0.167194219057559E+001 
     24.22000000 -0.863354985680962E+003  0.167194220266403E+001 
     24.24000000 -0.863354985668235E+003  0.167194221539091E+001 
     24.26000000 -0.863354985654128E+003  0.167194222949742E+001 
     24.28000000 -0.863354985638095E+003  0.167194224553065E+001 
     24.30000000 -0.863354985619980E+003  0.167194226364567E+001 
     24.32000000 -0.863354985600130E+003  0.167194228349570E+001 
     24.34000000 -0.863354985579365E+003  0.167194230426094E+001 
     24.36000000 -0.863354985558813E+003  0.167194232481302E+001 
     24.38000000 -0.863354985539644E+003  0.167194234398237E+001 
     24.40000000 -0.863354985522768E+003  0.167194236085773E+001 
     24.42000000 -0.863354985508596E+003  0.167194237503027E+001 
     24.44000000 -0.863354985496924E+003  0.167194238670166E+001 
     24.46000000 -0.863354985486999E+003  0.167194239662701E+001 
     24.48000000 -0.863354985477723E+003  0.167194240590242E+001 
     24.50000000 -0.863354985467957E+003  0.167194241566865E+001 
     24.52000000 -0.863354985456805E+003  0.167194242682041E+001 
     24.54000000 -0.863354985443816E+003  0.167194243981015E+001 
     24.56000000 -0.863354985429047E+003  0.167194245457888E+001 
     24.58000000 -0.863354985413009E+003  0.167194247061656E+001 
     24.60000000 -0.863354985396520E+003  0.167194248710571E+001 
     24.62000000 -0.863354985380528E+003  0.167194250309737E+001 
     24.64000000 -0.863354985365942E+003  0.167194251768368E+001 
     24.66000000 -0.863354985353477E+003  0.167194253014934E+001 
     24.68000000 -0.863354985343528E+003  0.167194254009809E+001 
     24.70000000 -0.863354985336078E+003  0.167194254754742E+001 
     24.72000000 -0.863354985330655E+003  0.167194255297046E+001 
     24.74000000 -0.863354985326370E+003  0.167194255725623E+001 
     24.76000000 -0.863354985322058E+003  0.167194256156751E+001 
     24.78000000 -0.863354985316512E+003  0.167194256711410E+001 
     24.80000000 -0.863354985308733E+003  0.167194257489251E+001 
     24.82000000 -0.863354985298160E+003  0.167194258546616E+001 
     24.84000000 -0.863354985284766E+003  0.167194259885970E+001 
     24.86000000 -0.863354985269026E+003  0.167194261459972E+001 
     24.88000000 -0.863354985251738E+003  0.167194263188798E+001 
     24.90000000 -0.863354985233776E+003  0.167194264985006E+001 
     24.92000000 -0.863354985215839E+003  0.167194266778681E+001 
     24.94000000 -0.863354985198264E+003  0.167194268536151E+001 
     24.96000000 -0.863354985180947E+003  0.167194270267867E+001 
     24.98000000 -0.863354985163388E+003  0.167194272023820E+001 
     25.00000000 -0.863354985144847E+003  0.167194273877878E+001 
     25.02000000 -0.863354985124577E+003  0.167194275904837E+001 
     25.04000000 -0.863354985102067E+003  0.167194278155878E+001 
     25.06000000 -0.863354985077234E+003  0.167194280639208E+001 
     25.08000000 -0.863354985050501E+003  0.167194283312502E+001 
     25.10000000 -0.863354985022732E+003  0.167194286089345E+001 
     25.12000000 -0.863354984995033E+003  0.167194288859314E+001 
     25.14000000 -0.863354984968475E+003  0.167194291515052E+001 
     25.16000000 -0.863354984943840E+003  0.167194293978573E+001 
     25.18000000 -0.863354984921450E+003  0.167194296217540E+001 
     25.20000000 -0.863354984901148E+003  0.167194298247757E+001 
     25.22000000 -0.863354984882410E+003  0.167194300121614E+001 
     25.24000000 -0.863354984864540E+003  0.167194301908618E+001 
     25.26000000 -0.863354984846872E+003  0.167194303675417E+001 
     25.28000000 -0.863354984828894E+003  0.167194305473153E+001 
     25.30000000 -0.863354984810279E+003  0.167194307334664E+001 
     25.32000000 -0.863354984790825E+003  0.167194309280059E+001 
     25.34000000 -0.863354984770376E+003  0.167194311324981E+001 
     25.36000000 -0.863354984748777E+003  0.167194313484906E+001 
     25.38000000 -0.863354984725906E+003  0.167194315771958E+001 
     25.40000000 -0.863354984701773E+003  0.167194318185267E+001 
     25.42000000 -0.863354984676632E+003  0.167194320699426E+001 
     25.44000000 -0.863354984651033E+003  0.167194323259264E+001 
     25.46000000 -0.863354984625781E+003  0.167194325784453E+001 
     25.48000000 -0.863354984601769E+003  0.167194328185687E+001 
     25.50000000 -0.863354984579754E+003  0.167194330387192E+001 
     25.52000000 -0.863354984560147E+003  0.167194332347833E+001 
     25.54000000 -0.863354984542897E+003  0.167194334072860E+001 
     25.56000000 -0.863354984527509E+003  0.167194335611692E+001 
     25.58000000 -0.863354984513208E+003  0.167194337041784E+001 
     25.60000000 -0.863354984499185E+003  0.167194338444083E+001 
     25.62000000 -0.863354984484842E+003  0.167194339878420E+001 
     25.64000000 -0.863354984469947E+003  0.167194341367880E+001 
     25.66000000 -0.863354984454656E+003  0.167194342897025E+001 
     25.68000000 -0.863354984439378E+003  0.167194344424807E+001 
     25.70000000 -0.863354984424564E+003  0.167194345906234E+001 
     25.72000000 -0.863354984410488E+003  0.167194347313811E+001 
     25.74000000 -0.863354984397127E+003  0.167194348649840E+001 
     25.76000000 -0.863354984384181E+003  0.167194349944482E+001 
     25.78000000 -0.863354984371214E+003  0.167194351241183E+001 
     25.80000000 -0.863354984357861E+003  0.167194352576448E+001 
     25.82000000 -0.863354984343993E+003  0.167194353963308E+001 
     25.84000000 -0.863354984329770E+003  0.167194355385609E+001 
     25.86000000 -0.863354984315577E+003  0.167194356804922E+001 
     25.88000000 -0.863354984301848E+003  0.167194358177755E+001 
     25.90000000 -0.863354984288878E+003  0.167194359474737E+001 
     25.92000000 -0.863354984276666E+003  0.167194360696013E+001 
     25.94000000 -0.863354984264851E+003  0.167194361877460E+001 
     25.96000000 -0.863354984252765E+003  0.167194363086091E+001 
     25.98000000 -0.863354984239555E+003  0.167194364407096E+001 
     26.00000000 -0.863354984224377E+003  0.167194365924843E+001 
     26.02000000 -0.863354984206589E+003  0.167194367703689E+001 
     26.04000000 -0.863354984185904E+003  0.167194369772189E+001 
     26.06000000 -0.863354984162476E+003  0.167194372114954E+001 
     26.08000000 -0.863354984136890E+003  0.167194374673603E+001 
     26.10000000 -0.863354984110061E+003  0.167194377356459E+001 
     26.12000000 -0.863354984083089E+003  0.167194380053651E+001 
     26.14000000 -0.863354984057087E+003  0.167194382653860E+001 
     26.16000000 -0.863354984033039E+003  0.167194385058729E+001 
     26.18000000 -0.863354984011693E+003  0.167194387193258E+001 
     26.20000000 -0.863354983993500E+003  0.167194389012629E+001 
     26.22000000 -0.863354983978561E+003  0.167194390506469E+001 
     26.24000000 -0.863354983966604E+003  0.167194391702165E+001 
     26.26000000 -0.863354983956956E+003  0.167194392667003E+001 
     26.28000000 -0.863354983948554E+003  0.167194393507151E+001 
     26.30000000 -0.863354983940015E+003  0.167194394361045E+001 
     26.32000000 -0.863354983929772E+003  0.167194395385357E+001 
     26.34000000 -0.863354983916289E+003  0.167194396733654E+001 
     26.36000000 -0.863354983898312E+003  0.167194398531399E+001 
     26.38000000 -0.863354983875106E+003  0.167194400852035E+001 
     26.40000000 -0.863354983846621E+003  0.167194403700465E+001 
     26.42000000 -0.863354983813547E+003  0.167194407007866E+001 
     26.44000000 -0.863354983777223E+003  0.167194410640246E+001 
     26.46000000 -0.863354983739433E+003  0.167194414419253E+001 
     26.48000000 -0.863354983702119E+003  0.167194418150715E+001 
     26.50000000 -0.863354983667066E+003  0.167194421656007E+001 
     26.52000000 -0.863354983635636E+003  0.167194424798975E+001 
     26.54000000 -0.863354983608582E+003  0.167194427504414E+001 
     26.56000000 -0.863354983585975E+003  0.167194429765054E+001 
     26.58000000 -0.863354983567265E+003  0.167194431636117E+001 
     26.60000000 -0.863354983551424E+003  0.167194433220231E+001 
     26.62000000 -0.863354983537167E+003  0.167194434645934E+001 
     26.64000000 -0.863354983523185E+003  0.167194436044096E+001 
     26.66000000 -0.863354983508361E+003  0.167194437526441E+001 
     26.68000000 -0.863354983491938E+003  0.167194439168782E+001 
     26.70000000 -0.863354983473609E+003  0.167194441001658E+001 
     26.72000000 -0.863354983453544E+003  0.167194443008142E+001 
     26.74000000 -0.863354983432322E+003  0.167194445130432E+001 
     26.76000000 -0.863354983410790E+003  0.167194447283629E+001 
     26.78000000 -0.863354983389876E+003  0.167194449374993E+001 
     26.80000000 -0.863354983370373E+003  0.167194451325319E+001 
     26.82000000 -0.863354983352763E+003  0.167194453086289E+001 
     26.84000000 -0.863354983337125E+003  0.167194454650130E+001 
     26.86000000 -0.863354983323146E+003  0.167194456047953E+001 
     26.88000000 -0.863354983310240E+003  0.167194457338593E+001 
     26.90000000 -0.863354983297705E+003  0.167194458592071E+001 
     26.92000000 -0.863354983284896E+003  0.167194459873005E+001 
     26.94000000 -0.863354983271328E+003  0.167194461229809E+001 
     26.96000000 -0.863354983256718E+003  0.167194462690770E+001 
     26.98000000 -0.863354983240958E+003  0.167194464266773E+001 
     27.00000000 -0.863354983224059E+003  0.167194465956639E+001 
     27.02000000 -0.863354983206110E+003  0.167194467751571E+001 
     27.04000000 -0.863354983187260E+003  0.167194469636603E+001 
     27.06000000 -0.863354983167744E+003  0.167194471588185E+001 
     27.08000000 -0.863354983147919E+003  0.167194473570713E+001 
     27.10000000 -0.863354983128278E+003  0.167194475534825E+001 
     27.12000000 -0.863354983109424E+003  0.167194477420234E+001 
     27.14000000 -0.863354983091991E+003  0.167194479163522E+001 
     27.16000000 -0.863354983076530E+003  0.167194480709566E+001 
     27.18000000 -0.863354983063396E+003  0.167194482022992E+001 
     27.20000000 -0.863354983052669E+003  0.167194483095690E+001 
     27.22000000 -0.863354983044148E+003  0.167194483947806E+001 
     27.24000000 -0.863354983037410E+003  0.167194484621577E+001 
     27.26000000 -0.863354983031925E+003  0.167194485170088E+001 
     27.28000000 -0.863354983027175E+003  0.167194485645125E+001 
     27.30000000 -0.863354983022736E+003  0.167194486089015E+001 
     27.32000000 -0.863354983018296E+003  0.167194486532982E+001 
     27.34000000 -0.863354983013602E+003  0.167194487002345E+001 
     27.36000000 -0.863354983008376E+003  0.167194487524976E+001 
     27.38000000 -0.863354983002251E+003  0.167194488137504E+001 
     27.40000000 -0.863354982994776E+003  0.167194488884989E+001 
     27.42000000 -0.863354982985495E+003  0.167194489813053E+001 
     27.44000000 -0.863354982974076E+003  0.167194490954998E+001 
     27.46000000 -0.863354982960429E+003  0.167194492319652E+001 
     27.48000000 -0.863354982944775E+003  0.167194493885079E+001 
     27.50000000 -0.863354982927620E+003  0.167194495600554E+001 
     27.52000000 -0.863354982909664E+003  0.167194497396152E+001 
     27.54000000 -0.863354982891672E+003  0.167194499195338E+001 
     27.56000000 -0.863354982874356E+003  0.167194500927025E+001 
     27.58000000 -0.863354982858287E+003  0.167194502533887E+001 
     27.60000000 -0.863354982843861E+003  0.167194503976479E+001 
     27.62000000 -0.863354982831285E+003  0.167194505234095E+001 
     27.64000000 -0.863354982820591E+003  0.167194506303467E+001 
     27.66000000 -0.863354982811662E+003  0.167194507196370E+001 
     27.68000000 -0.863354982804266E+003  0.167194507935938E+001 
     27.70000000 -0.863354982798105E+003  0.167194508552072E+001 
     27.72000000 -0.863354982792860E+003  0.167194509076569E+001 
     27.74000000 -0.863354982788237E+003  0.167194509538904E+001 
     27.76000000 -0.863354982783980E+003  0.167194509964541E+001 
     27.78000000 -0.863354982779879E+003  0.167194510374691E+001 
     27.80000000 -0.863354982775748E+003  0.167194510787761E+001 
     27.82000000 -0.863354982771421E+003  0.167194511220533E+001 
     27.84000000 -0.863354982766749E+003  0.167194511687682E+001 
     27.86000000 -0.863354982761628E+003  0.167194512199747E+001 
     27.88000000 -0.863354982756023E+003  0.167194512760254E+001 
     27.90000000 -0.863354982749991E+003  0.167194513363511E+001 
     27.92000000 -0.863354982743685E+003  0.167194513994059E+001 
     27.94000000 -0.863354982737340E+003  0.167194514628571E+001 
     27.96000000 -0.863354982731230E+003  0.167194515239553E+001 
     27.98000000 -0.863354982725620E+003  0.167194515800544E+001 
     28.00000000 -0.863354982720711E+003  0.167194516291514E+001 
     28.02000000 -0.863354982716587E+003  0.167194516703887E+001 
     28.04000000 -0.863354982713189E+003  0.167194517043688E+001 
     28.06000000 -0.863354982710307E+003  0.167194517331893E+001 
     28.08000000 -0.863354982707610E+003  0.167194517601614E+001 
     28.10000000 -0.863354982704700E+003  0.167194517892604E+001 
     28.12000000 -0.863354982701181E+003  0.167194518244479E+001 
     28.14000000 -0.863354982696724E+003  0.167194518690147E+001 
     28.16000000 -0.863354982691125E+003  0.167194519250104E+001 
     28.18000000 -0.863354982684344E+003  0.167194519928225E+001 
     28.20000000 -0.863354982676542E+003  0.167194520708367E+001 
     28.22000000 -0.863354982668089E+003  0.167194521553677E+001 
     28.24000000 -0.863354982659528E+003  0.167194522409747E+001 
     28.26000000 -0.863354982651489E+003  0.167194523213652E+001 
     28.28000000 -0.863354982644540E+003  0.167194523908566E+001 
     28.30000000 -0.863354982639018E+003  0.167194524460788E+001 
     28.32000000 -0.863354982634889E+003  0.167194524873636E+001 
     28.34000000 -0.863354982631701E+003  0.167194525192535E+001 
     28.36000000 -0.863354982628648E+003  0.167194525497736E+001 
     28.38000000 -0.863354982624770E+003  0.167194525885612E+001 
     28.40000000 -0.863354982619191E+003  0.167194526443442E+001 
     28.42000000 -0.863354982611378E+003  0.167194527224763E+001 
     28.44000000 -0.863354982601297E+003  0.167194528232882E+001 
     28.46000000 -0.863354982589456E+003  0.167194529416988E+001 
     28.48000000 -0.863354982576795E+003  0.167194530683072E+001 
     28.50000000 -0.863354982564453E+003  0.167194531917293E+001 
     28.52000000 -0.863354982553470E+003  0.167194533015590E+001 
     28.54000000 -0.863354982544502E+003  0.167194533912341E+001 
     28.56000000 -0.863354982537643E+003  0.167194534598264E+001 
     28.58000000 -0.863354982532405E+003  0.167194535122122E+001 
     28.60000000 -0.863354982527879E+003  0.167194535574645E+001 
     28.62000000 -0.863354982523026E+003  0.167194536059979E+001 
     28.64000000 -0.863354982516982E+003  0.167194536664434E+001 
     28.66000000 -0.863354982509293E+003  0.167194537433294E+001 
     28.68000000 -0.863354982500004E+003  0.167194538362160E+001 
     28.70000000 -0.863354982489578E+003  0.167194539404734E+001 
     28.72000000 -0.863354982478719E+003  0.167194540490695E+001 
     28.74000000 -0.863354982468161E+003  0.167194541546533E+001 
     28.76000000 -0.863354982458508E+003  0.167194542511758E+001 
     28.78000000 -0.863354982450150E+003  0.167194543347574E+001 
     28.80000000 -0.863354982443235E+003  0.167194544039085E+001 
     28.82000000 -0.863354982437686E+003  0.167194544593957E+001 
     28.84000000 -0.863354982433227E+003  0.167194545039857E+001 
     28.86000000 -0.863354982429415E+003  0.167194545421083E+001 
     28.88000000 -0.863354982425697E+003  0.167194545792834E+001 
     28.90000000 -0.863354982421499E+003  0.167194546212690E+001 
     28.92000000 -0.863354982416326E+003  0.167194546729936E+001 
     28.94000000 -0.863354982409861E+003  0.167194547376532E+001 
     28.96000000 -0.863354982402006E+003  0.167194548161933E+001 
     28.98000000 -0.863354982392882E+003  0.167194549074403E+001 
     29.00000000 -0.863354982382758E+003  0.167194550086756E+001 
     29.02000000 -0.863354982371983E+003  0.167194551164288E+001 
     29.04000000 -0.863354982360913E+003  0.167194552271295E+001 
     29.06000000 -0.863354982349877E+003  0.167194553374899E+001 
     29.08000000 -0.863354982339163E+003  0.167194554446301E+001 
     29.10000000 -0.863354982329017E+003  0.167194555460898E+001 
     29.12000000 -0.863354982319635E+003  0.167194556399044E+001 
     29.14000000 -0.863354982311141E+003  0.167194557248482E+001 
     29.16000000 -0.863354982303547E+003  0.167194558007926E+001 
     29.18000000 -0.863354982296721E+003  0.167194558690504E+001 
     29.20000000 -0.863354982290369E+003  0.167194559325683E+001 
     29.22000000 -0.863354982284046E+003  0.167194559957952E+001 
     29.24000000 -0.863354982277203E+003  0.167194560642309E+001 
     29.26000000 -0.863354982269257E+003  0.167194561436924E+001 
     29.28000000 -0.863354982259684E+003  0.167194562394173E+001 
     29.30000000 -0.863354982248116E+003  0.167194563550967E+001 
     29.32000000 -0.863354982234428E+003  0.167194564919817E+001 
     29.34000000 -0.863354982218807E+003  0.167194566481879E+001 
     29.36000000 -0.863354982201784E+003  0.167194568184236E+001 
     29.38000000 -0.863354982184190E+003  0.167194569943630E+001 
     29.40000000 -0.863354982167042E+003  0.167194571658399E+001 
     29.42000000 -0.863354982151348E+003  0.167194573227829E+001 
     29.44000000 -0.863354982137873E+003  0.167194574575255E+001 
     29.46000000 -0.863354982126947E+003  0.167194575667926E+001 
     29.48000000 -0.863354982118370E+003  0.167194576525610E+001 
     29.50000000 -0.863354982111488E+003  0.167194577213747E+001 
     29.52000000 -0.863354982105411E+003  0.167194577821499E+001 
     29.54000000 -0.863354982099296E+003  0.167194578432974E+001 
     29.56000000 -0.863354982092602E+003  0.167194579102337E+001 
     29.58000000 -0.863354982085191E+003  0.167194579843500E+001 
     29.60000000 -0.863354982077256E+003  0.167194580637021E+001 
     29.62000000 -0.863354982069120E+003  0.167194581450554E+001 
     29.64000000 -0.863354982061010E+003  0.167194582261632E+001 
     29.66000000 -0.863354982052908E+003  0.167194583071782E+001 
     29.68000000 -0.863354982044569E+003  0.167194583905723E+001 
     29.70000000 -0.863354982035646E+003  0.167194584798017E+001 
     29.72000000 -0.863354982025872E+003  0.167194585775364E+001 
     29.74000000 -0.863354982015171E+003  0.167194586845500E+001 
     29.76000000 -0.863354982003647E+003  0.167194587997896E+001 
     29.78000000 -0.863354981991469E+003  0.167194589215663E+001 
     29.80000000 -0.863354981978728E+003  0.167194590489791E+001 
     29.82000000 -0.863354981965369E+003  0.167194591825694E+001 
     29.84000000 -0.863354981951252E+003  0.167194593237419E+001 
     29.86000000 -0.863354981936303E+003  0.167194594732244E+001 
     29.88000000 -0.863354981920662E+003  0.167194596296424E+001 
     29.90000000 -0.863354981904692E+003  0.167194597893377E+001 
     29.92000000 -0.863354981888823E+003  0.167194599480294E+001 
     29.94000000 -0.863354981873247E+003  0.167194601037862E+001 
     29.96000000 -0.863354981857640E+003  0.167194602598590E+001 
     29.98000000 -0.863354981841048E+003  0.167194604257733E+001 
     30.00000000 -0.863354981822065E+003  0.167194606156087E+001 
