# Real time calculation: 
# Eall: Total energy
# Eall0: Initial total energy
# 1:Time[fs] 2:Eall[eV] 3:Eall-Eall0[eV] 
      0.00000000 -0.233289392198860E+005  0.000000000000000E+000 
      0.02000000 -0.233289392225474E+005 -0.266142226642220E-005 
      0.04000000 -0.233289392225977E+005 -0.271176094024200E-005 
      0.06000000 -0.233289392226432E+005 -0.275723651209249E-005 
      0.08000000 -0.233289392226847E+005 -0.279869662188435E-005 
      0.10000000 -0.233289392227226E+005 -0.283665480328608E-005 
      0.12000000 -0.233289392227575E+005 -0.287153487625304E-005 
      0.14000000 -0.233289392227897E+005 -0.290368022775633E-005 
      0.16000000 -0.233289392228194E+005 -0.293345589980129E-005 
      0.18000000 -0.233289392228470E+005 -0.296101966478006E-005 
      0.20000000 -0.233289392228727E+005 -0.298667469317163E-005 
      0.22000000 -0.233289392228966E+005 -0.301061278670762E-005 
      0.24000000 -0.233289392229189E+005 -0.303293603340647E-005 
      0.26000000 -0.233289392229398E+005 -0.305383314142348E-005 
      0.28000000 -0.233289392229594E+005 -0.307344950884552E-005 
      0.30000000 -0.233289392229779E+005 -0.309188722369103E-005 
      0.32000000 -0.233289392229952E+005 -0.310920506391001E-005 
      0.34000000 -0.233289392230115E+005 -0.312556698904723E-005 
      0.36000000 -0.233289392230270E+005 -0.314099156056060E-005 
      0.38000000 -0.233289392230416E+005 -0.315559633435014E-005 
      0.40000000 -0.233289392230554E+005 -0.316943080763690E-005 
      0.42000000 -0.233289392230685E+005 -0.318253519691300E-005 
      0.44000000 -0.233289392230810E+005 -0.319498065443371E-005 
      0.46000000 -0.233289392230928E+005 -0.320680120953853E-005 
      0.48000000 -0.233289392231040E+005 -0.321806801448271E-005 
      0.50000000 -0.233289392231148E+005 -0.322878106926626E-005 
      0.52000000 -0.233289392231250E+005 -0.323901771329710E-005 
      0.54000000 -0.233289392231348E+005 -0.324878722730416E-005 
      0.56000000 -0.233289392231441E+005 -0.325812982777957E-005 
      0.58000000 -0.233289392231530E+005 -0.326705170187595E-005 
      0.60000000 -0.233289392231616E+005 -0.327561472111963E-005 
      0.62000000 -0.233289392231698E+005 -0.328378794974745E-005 
      0.64000000 -0.233289392231776E+005 -0.329166419504891E-005 
      0.66000000 -0.233289392231852E+005 -0.329920324053188E-005 
      0.68000000 -0.233289392231924E+005 -0.330645148984111E-005 
      0.70000000 -0.233289392231994E+005 -0.331341203655292E-005 
      0.72000000 -0.233289392232061E+005 -0.332013437788837E-005 
      0.74000000 -0.233289392232126E+005 -0.332658448450798E-005 
      0.76000000 -0.233289392232188E+005 -0.333278401144596E-005 
      0.78000000 -0.233289392232248E+005 -0.333878554949970E-005 
      0.80000000 -0.233289392232306E+005 -0.334457672436392E-005 
      0.82000000 -0.233289392232362E+005 -0.335018228464917E-005 
      0.84000000 -0.233289392232415E+005 -0.335557129459227E-005 
      0.86000000 -0.233289392232468E+005 -0.336080253214323E-005 
      0.88000000 -0.233289392232518E+005 -0.336583887438626E-005 
      0.90000000 -0.233289392232567E+005 -0.337071125708453E-005 
      0.92000000 -0.233289392232614E+005 -0.337543824169593E-005 
      0.94000000 -0.233289392232660E+005 -0.338003529610204E-005 
      0.96000000 -0.233289392232704E+005 -0.338446529738707E-005 
      0.98000000 -0.233289392232748E+005 -0.338878392992470E-005 
      1.00000000 -0.233289392232789E+005 -0.339296335152811E-005 
      1.02000000 -0.233289392232830E+005 -0.339700665577359E-005 
      1.04000000 -0.233289392232869E+005 -0.340095715272958E-005 
      1.06000000 -0.233289392232908E+005 -0.340481484239608E-005 
      1.08000000 -0.233289392232945E+005 -0.340852094682308E-005 
      1.10000000 -0.233289392232981E+005 -0.341216517972375E-005 
      1.12000000 -0.233289392233017E+005 -0.341567948241914E-005 
      1.14000000 -0.233289392233051E+005 -0.341910716497766E-005 
      1.16000000 -0.233289392233084E+005 -0.342247297600986E-005 
      1.18000000 -0.233289392233117E+005 -0.342570576326046E-005 
      1.20000000 -0.233289392233149E+005 -0.342889524044263E-005 
      1.22000000 -0.233289392233180E+005 -0.343199500391162E-005 
      1.24000000 -0.233289392233210E+005 -0.343502980227797E-005 
      1.26000000 -0.233289392233239E+005 -0.343796251262588E-005 
      1.28000000 -0.233289392233268E+005 -0.344086119363430E-005 
      1.30000000 -0.233289392233296E+005 -0.344367016092956E-005 
      1.32000000 -0.233289392233324E+005 -0.344641106954585E-005 
      1.34000000 -0.233289392233351E+005 -0.344910248094109E-005 
      1.36000000 -0.233289392233377E+005 -0.345174130153894E-005 
      1.38000000 -0.233289392233403E+005 -0.345431206345784E-005 
      1.40000000 -0.233289392233428E+005 -0.345683023457935E-005 
      1.42000000 -0.233289392233452E+005 -0.345927106629296E-005 
      1.44000000 -0.233289392233477E+005 -0.346170880443025E-005 
      1.46000000 -0.233289392233500E+005 -0.346406301600700E-005 
      1.48000000 -0.233289392233524E+005 -0.346638938539691E-005 
      1.50000000 -0.233289392233546E+005 -0.346864769610785E-005 
      1.52000000 -0.233289392233569E+005 -0.347088435178458E-005 
      1.54000000 -0.233289392233590E+005 -0.347307151024024E-005 
      1.56000000 -0.233289392233612E+005 -0.347522154578011E-005 
      1.58000000 -0.233289392233633E+005 -0.347731899052260E-005 
      1.60000000 -0.233289392233654E+005 -0.347940715453615E-005 
      1.62000000 -0.233289392233674E+005 -0.348141179198915E-005 
      1.64000000 -0.233289392233694E+005 -0.348337930652635E-005 
      1.66000000 -0.233289392233713E+005 -0.348536538252146E-005 
      1.68000000 -0.233289392233733E+005 -0.348728649341392E-005 
      1.70000000 -0.233289392233751E+005 -0.348916429423795E-005 
      1.72000000 -0.233289392233770E+005 -0.349103281433303E-005 
      1.74000000 -0.233289392233788E+005 -0.349284874363073E-005 
      1.76000000 -0.233289392233806E+005 -0.349464301789422E-005 
      1.78000000 -0.233289392233824E+005 -0.349642801142876E-005 
      1.80000000 -0.233289392233841E+005 -0.349816660131855E-005 
      1.82000000 -0.233289392233859E+005 -0.349989900405571E-005 
      1.84000000 -0.233289392233875E+005 -0.350156334811392E-005 
      1.86000000 -0.233289392233892E+005 -0.350322150501948E-005 
      1.88000000 -0.233289392233909E+005 -0.350487656834874E-005 
      1.90000000 -0.233289392233925E+005 -0.350650997664378E-005 
      1.92000000 -0.233289392233941E+005 -0.350809079414144E-005 
      1.94000000 -0.233289392233957E+005 -0.350968089236804E-005 
      1.96000000 -0.233289392233972E+005 -0.351121530622096E-005 
      1.98000000 -0.233289392233987E+005 -0.351274043934492E-005 
      2.00000000 -0.233289392234002E+005 -0.351426247889257E-005 
      2.02000000 -0.233289392234017E+005 -0.351575976982969E-005 
      2.04000000 -0.233289392234032E+005 -0.351719828281680E-005 
      2.06000000 -0.233289392234046E+005 -0.351865845083812E-005 
      2.08000000 -0.233289392234061E+005 -0.352010005740154E-005 
      2.10000000 -0.233289392234075E+005 -0.352150454104917E-005 
      2.12000000 -0.233289392234089E+005 -0.352291830542575E-005 
      2.14000000 -0.233289392234103E+005 -0.352428875973390E-005 
      2.16000000 -0.233289392234117E+005 -0.352568086907626E-005 
      2.18000000 -0.233289392234130E+005 -0.352704204265546E-005 
      2.20000000 -0.233289392234143E+005 -0.352833825113201E-005 
      2.22000000 -0.233289392234156E+005 -0.352965302106646E-005 
      2.24000000 -0.233289392234169E+005 -0.353097707172986E-005 
      2.26000000 -0.233289392234182E+005 -0.353225781232484E-005 
      2.28000000 -0.233289392234195E+005 -0.353355711437771E-005 
      2.30000000 -0.233289392234208E+005 -0.353479454490425E-005 
      2.32000000 -0.233289392234220E+005 -0.353605672404133E-005 
      2.34000000 -0.233289392234233E+005 -0.353730034172050E-005 
      2.36000000 -0.233289392234245E+005 -0.353851921078915E-005 
      2.38000000 -0.233289392234257E+005 -0.353975045416306E-005 
      2.40000000 -0.233289392234269E+005 -0.354093838746854E-005 
      2.42000000 -0.233289392234281E+005 -0.354212941435034E-005 
      2.44000000 -0.233289392234293E+005 -0.354332353480846E-005 
      2.46000000 -0.233289392234305E+005 -0.354448362592709E-005 
      2.48000000 -0.233289392234316E+005 -0.354564990419836E-005 
      2.50000000 -0.233289392234328E+005 -0.354680999531699E-005 
      2.52000000 -0.233289392234339E+005 -0.354793605709615E-005 
      2.54000000 -0.233289392234350E+005 -0.354906211887530E-005 
      2.56000000 -0.233289392234362E+005 -0.355019436780709E-005 
      2.58000000 -0.233289392234373E+005 -0.355128330667045E-005 
      2.60000000 -0.233289392234384E+005 -0.355239699414434E-005 
      2.62000000 -0.233289392234395E+005 -0.355347974585507E-005 
      2.64000000 -0.233289392234405E+005 -0.355455940398948E-005 
      2.66000000 -0.233289392234416E+005 -0.355566071715810E-005 
      2.68000000 -0.233289392234427E+005 -0.355669087807145E-005 
      2.70000000 -0.233289392234438E+005 -0.355778600408744E-005 
      2.72000000 -0.233289392234448E+005 -0.355882235215342E-005 
      2.74000000 -0.233289392234458E+005 -0.355985251306677E-005 
      2.76000000 -0.233289392234469E+005 -0.356090432901433E-005 
      2.78000000 -0.233289392234479E+005 -0.356192520919873E-005 
      2.80000000 -0.233289392234489E+005 -0.356295537011208E-005 
      2.82000000 -0.233289392234499E+005 -0.356396696956753E-005 
      2.84000000 -0.233289392234510E+005 -0.356498166259929E-005 
      2.86000000 -0.233289392234519E+005 -0.356596851344421E-005 
      2.88000000 -0.233289392234529E+005 -0.356695536428913E-005 
      2.90000000 -0.233289392234539E+005 -0.356795768301563E-005 
      2.92000000 -0.233289392234549E+005 -0.356892906597897E-005 
      2.94000000 -0.233289392234559E+005 -0.356992210397652E-005 
      2.96000000 -0.233289392234569E+005 -0.357088111263459E-005 
      2.98000000 -0.233289392234578E+005 -0.357186177632688E-005 
      3.00000000 -0.233289392234588E+005 -0.357282697213758E-005 
      3.02000000 -0.233289392234597E+005 -0.357374267072722E-005 
      3.04000000 -0.233289392234607E+005 -0.357470167938529E-005 
      3.06000000 -0.233289392234616E+005 -0.357566068804337E-005 
      3.08000000 -0.233289392234625E+005 -0.357657638663301E-005 
      3.10000000 -0.233289392234635E+005 -0.357753230171476E-005 
      3.12000000 -0.233289392234644E+005 -0.357844800030441E-005 
      3.14000000 -0.233289392234654E+005 -0.357937916677563E-005 
      3.16000000 -0.233289392234663E+005 -0.358028867821264E-005 
      3.18000000 -0.233289392234672E+005 -0.358119818964965E-005 
      3.20000000 -0.233289392234681E+005 -0.358208295247613E-005 
      3.22000000 -0.233289392234689E+005 -0.358296152814997E-005 
      3.24000000 -0.233289392234699E+005 -0.358391434965541E-005 
      3.26000000 -0.233289392234705E+005 -0.358447738054499E-005 
      3.28000000 -0.233289392234683E+005 -0.358236756149723E-005 
      3.30000000 -0.233289392234551E+005 -0.356913942916848E-005 
      3.32000000 -0.233289392234076E+005 -0.352165612628867E-005 
      3.34000000 -0.233289392232712E+005 -0.338523250431352E-005 
      3.36000000 -0.233289392229315E+005 -0.304552688901406E-005 
      3.38000000 -0.233289392221693E+005 -0.228336867910514E-005 
      3.40000000 -0.233289392205937E+005 -0.707680330977826E-006 
      3.42000000 -0.233289392175470E+005  0.233893240332328E-005 
      3.44000000 -0.233289392119781E+005  0.790784927709988E-005 
      3.46000000 -0.233289392022766E+005  0.176093355409672E-004 
      3.48000000 -0.233289391860689E+005  0.338170551795524E-004 
      3.50000000 -0.233289391599727E+005  0.599132553960236E-004 
      3.52000000 -0.233289391193147E+005  0.100571312217792E-003 
      3.54000000 -0.233289390578168E+005  0.162069146900277E-003 
      3.56000000 -0.233289389672630E+005  0.252622948565604E-003 
      3.58000000 -0.233289388371601E+005  0.382725846563422E-003 
      3.60000000 -0.233289386544149E+005  0.565471096388668E-003 
      3.62000000 -0.233289384030495E+005  0.816836447403722E-003 
      3.64000000 -0.233289380639850E+005  0.115590096541527E-002 
      3.66000000 -0.233289376149215E+005  0.160496449731090E-002 
      3.68000000 -0.233289370303491E+005  0.218953684044843E-002 
      3.70000000 -0.233289362817195E+005  0.293816650701967E-002 
      3.72000000 -0.233289353378079E+005  0.388207805481807E-002 
      3.74000000 -0.233289341652913E+005  0.505459465265784E-002 
      3.76000000 -0.233289327295599E+005  0.649032606299458E-002 
      3.78000000 -0.233289309957712E+005  0.822411480277876E-002 
      3.80000000 -0.233289289301457E+005  0.102897403000212E-001 
      3.82000000 -0.233289265014872E+005  0.127183987970113E-001 
      3.84000000 -0.233289236828982E+005  0.155369877302315E-001 
      3.86000000 -0.233289204536429E+005  0.187662431220865E-001 
      3.88000000 -0.233289168010947E+005  0.224187912836620E-001 
      3.90000000 -0.233289127226875E+005  0.264971985128462E-001 
      3.92000000 -0.233289082277746E+005  0.309921113259623E-001 
      3.94000000 -0.233289033392855E+005  0.358806005003954E-001 
      3.96000000 -0.233288980950578E+005  0.411248282010496E-001 
      3.98000000 -0.233288925487182E+005  0.466711678022017E-001 
      4.00000000 -0.233288867699778E+005  0.524499081354180E-001 
      4.02000000 -0.233288808442129E+005  0.583756731146203E-001 
      4.04000000 -0.233288748712088E+005  0.643486771402908E-001 
      4.06000000 -0.233288689629603E+005  0.702569257149846E-001 
      4.08000000 -0.233288632404367E+005  0.759794492298059E-001 
      4.10000000 -0.233288578292573E+005  0.813906286812348E-001 
      4.12000000 -0.233288528542430E+005  0.863656429671423E-001 
      4.14000000 -0.233288484328614E+005  0.907870245771691E-001 
      4.16000000 -0.233288446676148E+005  0.945522711423572E-001 
      4.18000000 -0.233288416374794E+005  0.975824065982474E-001 
      4.20000000 -0.233288393885415E+005  0.998313445185034E-001 
      4.22000000 -0.233288379240387E+005  0.101295847252772E+000 
      4.24000000 -0.233288371940548E+005  0.102025831195520E+000 
      4.26000000 -0.233288370851681E+005  0.102134717836700E+000 
      4.28000000 -0.233288374103931E+005  0.101809492905657E+000 
      4.30000000 -0.233288378997903E+005  0.101320095632013E+000 
      4.32000000 -0.233288381921454E+005  0.101027740583514E+000 
      4.34000000 -0.233288378281316E+005  0.101391754401633E+000 
      4.36000000 -0.233288362453758E+005  0.102974510160973E+000 
      4.38000000 -0.233288327758352E+005  0.106444050805510E+000 
      4.40000000 -0.233288266458664E+005  0.112574019617375E+000 
      4.42000000 -0.233288169793307E+005  0.122240555321139E+000 
      4.44000000 -0.233288028040205E+005  0.136415865457438E+000 
      4.46000000 -0.233287830616237E+005  0.156158262264455E+000 
      4.48000000 -0.233287566213571E+005  0.182598528881834E+000 
      4.50000000 -0.233287222973037E+005  0.216922582314822E+000 
      4.52000000 -0.233286788693786E+005  0.260350507413744E+000 
      4.54000000 -0.233286251077386E+005  0.314112147350374E+000 
      4.56000000 -0.233285598003154E+005  0.379419570578352E+000 
      4.58000000 -0.233284817830481E+005  0.457436837865603E+000 
      4.60000000 -0.233283899722466E+005  0.549247639383975E+000 
      4.62000000 -0.233282833984225E+005  0.655821463473113E+000 
      4.64000000 -0.233281612407887E+005  0.777979097250618E+000 
      4.66000000 -0.233280228615736E+005  0.916358312388214E+000 
      4.68000000 -0.233278678391715E+005  0.107138071443457E+001 
      4.70000000 -0.233276959991411E+005  0.124322074485268E+001 
      4.72000000 -0.233275074420002E+005  0.143177788573473E+001 
      4.74000000 -0.233273025667913E+005  0.163665309471654E+001 
      4.76000000 -0.233270820893879E+005  0.185713049811169E+001 
      4.78000000 -0.233268470546168E+005  0.209216526916894E+001 
      4.80000000 -0.233265988413278E+005  0.234037855816469E+001 
      4.82000000 -0.233263391596881E+005  0.260006019782823E+001 
      4.84000000 -0.233260700401504E+005  0.286917973556704E+001 
      4.86000000 -0.233257938137060E+005  0.314540617999022E+001 
      4.88000000 -0.233255130832742E+005  0.342613661180263E+001 
      4.90000000 -0.233252306863031E+005  0.370853358290593E+001 
      4.92000000 -0.233249496489003E+005  0.398957098564657E+001 
      4.94000000 -0.233246731320937E+005  0.426608779232300E+001 
      4.96000000 -0.233244043710281E+005  0.453484885787522E+001 
      4.98000000 -0.233241466082112E+005  0.479261167472341E+001 
      5.00000000 -0.233239030220781E+005  0.503619780789979E+001 
      5.02000000 -0.233236766524075E+005  0.526256747843582E+001 
      5.04000000 -0.233234703242223E+005  0.546889566370000E+001 
      5.06000000 -0.233232865719737E+005  0.565264791224493E+001 
      5.08000000 -0.233231275658485E+005  0.581165403745104E+001 
      5.10000000 -0.233229950420719E+005  0.594417781405926E+001 
      5.12000000 -0.233228902390276E+005  0.604898085832557E+001 
      5.14000000 -0.233228138409683E+005  0.612537891770237E+001 
      5.16000000 -0.233227659308788E+005  0.617328900719058E+001 
      5.18000000 -0.233227459539659E+005  0.619326592006765E+001 
      5.20000000 -0.233227526929372E+005  0.618652694877961E+001 
      5.22000000 -0.233227842560539E+005  0.615496383208535E+001 
      5.24000000 -0.233228380786141E+005  0.610114127188474E+001 
      5.26000000 -0.233229109382919E+005  0.602828159408861E+001 
      5.28000000 -0.233229989844250E+005  0.594023546098004E+001 
      5.30000000 -0.233230977811049E+005  0.584143878111775E+001 
      5.32000000 -0.233232023636330E+005  0.573685625299755E+001 
      5.34000000 -0.233233073076684E+005  0.563191221757377E+001 
      5.36000000 -0.233234068101636E+005  0.553240972233679E+001 
      5.38000000 -0.233234947809754E+005  0.544443891059421E+001 
      5.40000000 -0.233235649438556E+005  0.537427603039430E+001 
      5.42000000 -0.233236109453502E+005  0.532827453579820E+001 
      5.44000000 -0.233236264699859E+005  0.531274990009020E+001 
      5.46000000 -0.233236053599716E+005  0.533385991438660E+001 
      5.48000000 -0.233235417375042E+005  0.539748238180912E+001 
      5.50000000 -0.233234301276352E+005  0.550909225080840E+001 
      5.52000000 -0.233232655795212E+005  0.567364036474186E+001 
      5.54000000 -0.233230437837629E+005  0.589543612305310E+001 
      5.56000000 -0.233227611834284E+005  0.617803645757265E+001 
      5.58000000 -0.233224150762635E+005  0.652414362248585E+001 
      5.60000000 -0.233220037055533E+005  0.693551433263367E+001 
      5.62000000 -0.233215263370646E+005  0.741288282136025E+001 
      5.64000000 -0.233209833195743E+005  0.795590031163891E+001 
      5.66000000 -0.233203761265953E+005  0.856309329068507E+001 
      5.68000000 -0.233197073771202E+005  0.923184276579467E+001 
      5.70000000 -0.233189808335042E+005  0.995838638182292E+001 
      5.72000000 -0.233182013750355E+005  0.107378448505193E+002 
      5.74000000 -0.233173749461966E+005  0.115642736894099E+002 
      5.76000000 -0.233165084793033E+005  0.124307405826250E+002 
      5.78000000 -0.233156097918177E+005  0.133294280682795E+002 
      5.80000000 -0.233146874594933E+005  0.142517603926672E+002 
      5.82000000 -0.233137506672205E+005  0.151885526654806E+002 
      5.84000000 -0.233128090403842E+005  0.161301795018176E+002 
      5.86000000 -0.233118724602554E+005  0.170667596305531E+002 
      5.88000000 -0.233109508677617E+005  0.179883521242343E+002 
      5.90000000 -0.233100540606094E+005  0.188851592765487E+002 
      5.92000000 -0.233091914892393E+005  0.197477306466891E+002 
      5.94000000 -0.233083720574419E+005  0.205671624440471E+002 
      5.96000000 -0.233076039335743E+005  0.213352863116846E+002 
      5.98000000 -0.233068943782045E+005  0.220448416814734E+002 
      6.00000000 -0.233062495936644E+005  0.226896262215301E+002 
      6.02000000 -0.233056746003247E+005  0.232646195612571E+002 
      6.04000000 -0.233051731436477E+005  0.237660762382339E+002 
      6.06000000 -0.233047476348939E+005  0.241915849920510E+002 
      6.08000000 -0.233043991272493E+005  0.245400926366623E+002 
      6.10000000 -0.233041273277115E+005  0.248118921744719E+002 
      6.12000000 -0.233039306437376E+005  0.250085761483772E+002 
      6.14000000 -0.233038062622895E+005  0.251329575964766E+002 
      6.16000000 -0.233037502576361E+005  0.251889622498719E+002 
      6.18000000 -0.233037577232134E+005  0.251814966725357E+002 
      6.20000000 -0.233038229219814E+005  0.251162979045463E+002 
      6.22000000 -0.233039394491514E+005  0.249997707346156E+002 
      6.24000000 -0.233041004009321E+005  0.248388189538598E+002 
      6.26000000 -0.233042985430392E+005  0.246406768467948E+002 
      6.28000000 -0.233045264731313E+005  0.244127467546417E+002 
      6.30000000 -0.233047767720824E+005  0.241624478036118E+002 
      6.32000000 -0.233050421399566E+005  0.238970799293798E+002 
      6.34000000 -0.233053155137315E+005  0.236237061544744E+002 
      6.36000000 -0.233055901650552E+005  0.233490548307931E+002 
      6.38000000 -0.233058597775967E+005  0.230794422892461E+002 
      6.40000000 -0.233061185047763E+005  0.228207151096966E+002 
      6.42000000 -0.233063610096439E+005  0.225782102420645E+002 
      6.44000000 -0.233065824895786E+005  0.223567303073987E+002 
      6.46000000 -0.233067786889547E+005  0.221605309312596E+002 
      6.48000000 -0.233069459032429E+005  0.219933166430852E+002 
      6.50000000 -0.233070809779174E+005  0.218582419686096E+002 
      6.52000000 -0.233071813052550E+005  0.217579146310096E+002 
      6.54000000 -0.233072448215199E+005  0.216943983660497E+002 
      6.56000000 -0.233072700062966E+005  0.216692135893478E+002 
      6.58000000 -0.233072558848693E+005  0.216833350166948E+002 
      6.60000000 -0.233072020336586E+005  0.217371862273843E+002 
      6.62000000 -0.233071085878717E+005  0.218306320143060E+002 
      6.64000000 -0.233069762497818E+005  0.219629701041281E+002 
      6.66000000 -0.233068062954765E+005  0.221329244094893E+002 
      6.68000000 -0.233066005775492E+005  0.223386423367927E+002 
      6.70000000 -0.233063615210685E+005  0.225776988174540E+002 
      6.72000000 -0.233060921102705E+005  0.228471096154339E+002 
      6.74000000 -0.233057958637299E+005  0.231433561560928E+002 
      6.76000000 -0.233054767963096E+005  0.234624235764059E+002 
      6.78000000 -0.233051393668394E+005  0.237998530465455E+002 
      6.80000000 -0.233047884112852E+005  0.241508086007565E+002 
      6.82000000 -0.233044290619649E+005  0.245101579210964E+002 
      6.84000000 -0.233040666542439E+005  0.248725656420977E+002 
      6.86000000 -0.233037066228537E+005  0.252325970322289E+002 
      6.88000000 -0.233033543906988E+005  0.255848291871336E+002 
      6.90000000 -0.233030152534941E+005  0.259239663919009E+002 
      6.92000000 -0.233026942639647E+005  0.262449559212799E+002 
      6.94000000 -0.233023961194711E+005  0.265431004149005E+002 
      6.96000000 -0.233021250569342E+005  0.268141629517536E+002 
      6.98000000 -0.233018847586915E+005  0.270544611944463E+002 
      7.00000000 -0.233016782725438E+005  0.272609473422153E+002 
      7.02000000 -0.233015079487306E+005  0.274312711553665E+002 
      7.04000000 -0.233013753959075E+005  0.275638239784568E+002 
      7.06000000 -0.233012814574801E+005  0.276577624058957E+002 
      7.08000000 -0.233012262088805E+005  0.277130110055177E+002 
      7.10000000 -0.233012089755755E+005  0.277302443104413E+002 
      7.12000000 -0.233012283708642E+005  0.277108490217972E+002 
      7.14000000 -0.233012823518154E+005  0.276568680705727E+002 
      7.16000000 -0.233013682911161E+005  0.275709287699146E+002 
      7.18000000 -0.233014830620851E+005  0.274561578008612E+002 
      7.20000000 -0.233016231337779E+005  0.273160861081132E+002 
      7.22000000 -0.233017846728578E+005  0.271545470282154E+002 
      7.24000000 -0.233019636488316E+005  0.269755710543571E+002 
      7.26000000 -0.233021559392984E+005  0.267832805875625E+002 
      7.28000000 -0.233023574320179E+005  0.265817878681161E+002 
      7.30000000 -0.233025641209045E+005  0.263750989814682E+002 
      7.32000000 -0.233027721933977E+005  0.261670264882901E+002 
      7.34000000 -0.233029781071289E+005  0.259611127570490E+002 
      7.36000000 -0.233031786542683E+005  0.257605656176894E+002 
      7.38000000 -0.233033710124620E+005  0.255682074239957E+002 
      7.40000000 -0.233035527817798E+005  0.253864381061945E+002 
      7.42000000 -0.233037220075947E+005  0.252172122912716E+002 
      7.44000000 -0.233038771897749E+005  0.250620301110448E+002 
      7.46000000 -0.233040172789868E+005  0.249219408992133E+002 
      7.48000000 -0.233041416612584E+005  0.247975586276039E+002 
      7.50000000 -0.233042501322344E+005  0.246890876515325E+002 
      7.52000000 -0.233043428627673E+005  0.245963571186693E+002 
      7.54000000 -0.233044203576194E+005  0.245188622665257E+002 
      7.56000000 -0.233044834091143E+005  0.244558107716857E+002 
      7.58000000 -0.233045330475653E+005  0.244061723206331E+002 
      7.60000000 -0.233045704902374E+005  0.243687296485258E+002 
      7.62000000 -0.233045970904749E+005  0.243421294110910E+002 
      7.64000000 -0.233046142884533E+005  0.243249314326558E+002 
      7.66000000 -0.233046235648162E+005  0.243156550697266E+002 
      7.68000000 -0.233046263982277E+005  0.243128216582968E+002 
      7.70000000 -0.233046242276377E+005  0.243149922482260E+002 
      7.72000000 -0.233046184198232E+005  0.243208000628030E+002 
      7.74000000 -0.233046102425349E+005  0.243289773510599E+002 
      7.76000000 -0.233046008433780E+005  0.243383765080098E+002 
      7.78000000 -0.233045912343572E+005  0.243479855287718E+002 
      7.80000000 -0.233045822818645E+005  0.243569380214840E+002 
      7.82000000 -0.233045747017486E+005  0.243645181374161E+002 
      7.84000000 -0.233045690590066E+005  0.243701608793456E+002 
      7.86000000 -0.233045657715630E+005  0.243734483230054E+002 
      7.88000000 -0.233045651175491E+005  0.243741023368252E+002 
      7.90000000 -0.233045672454811E+005  0.243719744049067E+002 
      7.92000000 -0.233045721867177E+005  0.243670331683226E+002 
      7.94000000 -0.233045798696057E+005  0.243593502803143E+002 
      7.96000000 -0.233045901347372E+005  0.243490851488075E+002 
      7.98000000 -0.233046027507876E+005  0.243364690983472E+002 
      8.00000000 -0.233046174304453E+005  0.243217894407007E+002 
      8.02000000 -0.233046338459981E+005  0.243053738878612E+002 
      8.04000000 -0.233046516441973E+005  0.242875756887220E+002 
      8.06000000 -0.233046704600755E+005  0.242687598104517E+002 
      8.08000000 -0.233046899294600E+005  0.242492904259372E+002 
      8.10000000 -0.233047096999772E+005  0.242295199088184E+002 
      8.12000000 -0.233047294404066E+005  0.242097794794053E+002 
      8.14000000 -0.233047488483011E+005  0.241903715848924E+002 
      8.16000000 -0.233047676558424E+005  0.241715640436217E+002 
      8.18000000 -0.233047856339556E+005  0.241535859303685E+002 
      8.20000000 -0.233048025947519E+005  0.241366251341124E+002 
      8.22000000 -0.233048183924125E+005  0.241208274735211E+002 
      8.24000000 -0.233048329226590E+005  0.241062972269920E+002 
      8.26000000 -0.233048461209885E+005  0.240930988974814E+002 
      8.28000000 -0.233048579598661E+005  0.240812600198232E+002 
      8.30000000 -0.233048684450879E+005  0.240707747980444E+002 
      8.32000000 -0.233048776115250E+005  0.240616083610063E+002 
      8.34000000 -0.233048855184636E+005  0.240537014224162E+002 
      8.36000000 -0.233048922447434E+005  0.240469751425745E+002 
      8.38000000 -0.233048978838832E+005  0.240413360027372E+002 
      8.40000000 -0.233049025393627E+005  0.240366805233148E+002 
      8.42000000 -0.233049063202056E+005  0.240328996804042E+002 
      8.44000000 -0.233049093369841E+005  0.240298829019157E+002 
      8.46000000 -0.233049116983332E+005  0.240275215527531E+002 
      8.48000000 -0.233049135080378E+005  0.240257118481857E+002 
      8.50000000 -0.233049148627240E+005  0.240243571619505E+002 
      8.52000000 -0.233049158501618E+005  0.240233697241861E+002 
      8.54000000 -0.233049165481580E+005  0.240226717279431E+002 
      8.56000000 -0.233049170240008E+005  0.240221958852081E+002 
      8.58000000 -0.233049173343954E+005  0.240218854905725E+002 
      8.60000000 -0.233049175258215E+005  0.240216940645063E+002 
      8.62000000 -0.233049176352288E+005  0.240215846571296E+002 
      8.64000000 -0.233049176909891E+005  0.240215288969076E+002 
      8.66000000 -0.233049177140156E+005  0.240215058703301E+002 
      8.68000000 -0.233049177189725E+005  0.240215009134990E+002 
      8.70000000 -0.233049177154961E+005  0.240215043898682E+002 
      8.72000000 -0.233049177093676E+005  0.240215105183729E+002 
      8.74000000 -0.233049177035821E+005  0.240215163039050E+002 
      8.76000000 -0.233049176992765E+005  0.240215206094394E+002 
      8.78000000 -0.233049176964919E+005  0.240215233941035E+002 
      8.80000000 -0.233049176947565E+005  0.240215251294854E+002 
      8.82000000 -0.233049176934929E+005  0.240215263930628E+002 
      8.84000000 -0.233049176922597E+005  0.240215276263077E+002 
      8.86000000 -0.233049176908486E+005  0.240215290373343E+002 
      8.88000000 -0.233049176892663E+005  0.240215306197048E+002 
      8.90000000 -0.233049176876299E+005  0.240215322560241E+002 
      8.92000000 -0.233049176860225E+005  0.240215338634649E+002 
      8.94000000 -0.233049176844517E+005  0.240215354343026E+002 
      8.96000000 -0.233049176829149E+005  0.240215369710552E+002 
      8.98000000 -0.233049176814096E+005  0.240215384764080E+002 
      9.00000000 -0.233049176799330E+005  0.240215399529472E+002 
      9.02000000 -0.233049176784829E+005  0.240215414030734E+002 
      9.04000000 -0.233049176770573E+005  0.240215428286491E+002 
      9.06000000 -0.233049176756550E+005  0.240215442310013E+002 
      9.08000000 -0.233049176742751E+005  0.240215456108972E+002 
      9.10000000 -0.233049176729176E+005  0.240215469683770E+002 
      9.12000000 -0.233049176715829E+005  0.240215483030232E+002 
      9.14000000 -0.233049176702723E+005  0.240215496136663E+002 
      9.16000000 -0.233049176689871E+005  0.240215508988307E+002 
      9.18000000 -0.233049176677295E+005  0.240215521564344E+002 
      9.20000000 -0.233049176665019E+005  0.240215533841047E+002 
      9.22000000 -0.233049176653067E+005  0.240215545792956E+002 
      9.24000000 -0.233049176641467E+005  0.240215557393124E+002 
      9.26000000 -0.233049176630244E+005  0.240215568615753E+002 
      9.28000000 -0.233049176619422E+005  0.240215579437856E+002 
      9.30000000 -0.233049176609020E+005  0.240215589840038E+002 
      9.32000000 -0.233049176599051E+005  0.240215599808840E+002 
      9.34000000 -0.233049176589520E+005  0.240215609339375E+002 
      9.36000000 -0.233049176580426E+005  0.240215618433964E+002 
      9.38000000 -0.233049176571756E+005  0.240215627103928E+002 
      9.40000000 -0.233049176563490E+005  0.240215635370118E+002 
      9.42000000 -0.233049176555599E+005  0.240215643260501E+002 
      9.44000000 -0.233049176548049E+005  0.240215650810282E+002 
      9.46000000 -0.233049176540799E+005  0.240215658060387E+002 
      9.48000000 -0.233049176533806E+005  0.240215665053818E+002 
      9.50000000 -0.233049176527024E+005  0.240215671835525E+002 
      9.52000000 -0.233049176520411E+005  0.240215678448354E+002 
      9.54000000 -0.233049176513928E+005  0.240215684931810E+002 
      9.56000000 -0.233049176507539E+005  0.240215691320354E+002 
      9.58000000 -0.233049176501217E+005  0.240215697642325E+002 
      9.60000000 -0.233049176494942E+005  0.240215703917706E+002 
      9.62000000 -0.233049176488700E+005  0.240215710159801E+002 
      9.64000000 -0.233049176482485E+005  0.240215716374548E+002 
      9.66000000 -0.233049176476298E+005  0.240215722561639E+002 
      9.68000000 -0.233049176470145E+005  0.240215728714948E+002 
      9.70000000 -0.233049176464034E+005  0.240215734825442E+002 
      9.72000000 -0.233049176457978E+005  0.240215740881426E+002 
      9.74000000 -0.233049176451990E+005  0.240215746869353E+002 
      9.76000000 -0.233049176446083E+005  0.240215752777032E+002 
      9.78000000 -0.233049176440267E+005  0.240215758593017E+002 
      9.80000000 -0.233049176434553E+005  0.240215764307224E+002 
      9.82000000 -0.233049176428947E+005  0.240215769912939E+002 
      9.84000000 -0.233049176423454E+005  0.240215775405676E+002 
      9.86000000 -0.233049176418076E+005  0.240215780783797E+002 
      9.88000000 -0.233049176412812E+005  0.240215786047579E+002 
      9.90000000 -0.233049176407658E+005  0.240215791201353E+002 
      9.92000000 -0.233049176402611E+005  0.240215796249173E+002 
      9.94000000 -0.233049176397662E+005  0.240215801197688E+002 
      9.96000000 -0.233049176392806E+005  0.240215806054201E+002 
      9.98000000 -0.233049176388033E+005  0.240215810826259E+002 
     10.00000000 -0.233049176383339E+005  0.240215815521009E+002 
     10.02000000 -0.233049176378713E+005  0.240215820146307E+002 
     10.04000000 -0.233049176374150E+005  0.240215824709301E+002 
     10.06000000 -0.233049176369642E+005  0.240215829218065E+002 
     10.08000000 -0.233049176365179E+005  0.240215833680240E+002 
     10.10000000 -0.233049176360755E+005  0.240215838104301E+002 
     10.12000000 -0.233049176356360E+005  0.240215842500088E+002 
     10.14000000 -0.233049176351983E+005  0.240215846876817E+002 
     10.16000000 -0.233049176347615E+005  0.240215851244298E+002 
     10.18000000 -0.233049176343249E+005  0.240215855610850E+002 
     10.20000000 -0.233049176338875E+005  0.240215859984424E+002 
     10.22000000 -0.233049176334491E+005  0.240215864368795E+002 
     10.24000000 -0.233049176330095E+005  0.240215868764798E+002 
     10.26000000 -0.233049176325691E+005  0.240215873168999E+002 
     10.28000000 -0.233049176321286E+005  0.240215877574066E+002 
     10.30000000 -0.233049176316892E+005  0.240215881967346E+002 
     10.32000000 -0.233049176312526E+005  0.240215886333929E+002 
     10.34000000 -0.233049176308204E+005  0.240215890656058E+002 
     10.36000000 -0.233049176303944E+005  0.240215894915974E+002 
     10.38000000 -0.233049176299762E+005  0.240215899097314E+002 
     10.40000000 -0.233049176295674E+005  0.240215903185568E+002 
     10.42000000 -0.233049176291687E+005  0.240215907172414E+002 
     10.44000000 -0.233049176287806E+005  0.240215911053460E+002 
     10.46000000 -0.233049176284030E+005  0.240215914830036E+002 
     10.48000000 -0.233049176280352E+005  0.240215918508020E+002 
     10.50000000 -0.233049176276763E+005  0.240215922097218E+002 
     10.52000000 -0.233049176273251E+005  0.240215925608799E+002 
     10.54000000 -0.233049176269804E+005  0.240215929055445E+002 
     10.56000000 -0.233049176266412E+005  0.240215932448108E+002 
     10.58000000 -0.233049176263063E+005  0.240215935796471E+002 
     10.60000000 -0.233049176259751E+005  0.240215939108392E+002 
     10.62000000 -0.233049176256470E+005  0.240215942389316E+002 
     10.64000000 -0.233049176253216E+005  0.240215945643758E+002 
     10.66000000 -0.233049176249984E+005  0.240215948876236E+002 
     10.68000000 -0.233049176246768E+005  0.240215952091761E+002 
     10.70000000 -0.233049176243563E+005  0.240215955296397E+002 
     10.72000000 -0.233049176240361E+005  0.240215958498248E+002 
     10.74000000 -0.233049176237153E+005  0.240215961706565E+002 
     10.76000000 -0.233049176233929E+005  0.240215964930536E+002 
     10.78000000 -0.233049176230681E+005  0.240215968178636E+002 
     10.80000000 -0.233049176227403E+005  0.240215971457116E+002 
     10.82000000 -0.233049176224091E+005  0.240215974769037E+002 
     10.84000000 -0.233049176220747E+005  0.240215978112264E+002 
     10.86000000 -0.233049176217379E+005  0.240215981480303E+002 
     10.88000000 -0.233049176213999E+005  0.240215984860777E+002 
     10.90000000 -0.233049176210622E+005  0.240215988237571E+002 
     10.92000000 -0.233049176207269E+005  0.240215991591007E+002 
     10.94000000 -0.233049176203959E+005  0.240215994900670E+002 
     10.96000000 -0.233049176200714E+005  0.240215998145863E+002 
     10.98000000 -0.233049176197551E+005  0.240216001309199E+002 
     11.00000000 -0.233049176194482E+005  0.240216004377841E+002 
     11.02000000 -0.233049176191515E+005  0.240216007344581E+002 
     11.04000000 -0.233049176188651E+005  0.240216010208490E+002 
     11.06000000 -0.233049176185884E+005  0.240216012976127E+002 
     11.08000000 -0.233049176183201E+005  0.240216015658846E+002 
     11.10000000 -0.233049176180587E+005  0.240216018272577E+002 
     11.12000000 -0.233049176178022E+005  0.240216020837276E+002 
     11.14000000 -0.233049176175489E+005  0.240216023370977E+002 
     11.16000000 -0.233049176172967E+005  0.240216025892922E+002 
     11.18000000 -0.233049176170442E+005  0.240216028417342E+002 
     11.20000000 -0.233049176167906E+005  0.240216030954136E+002 
     11.22000000 -0.233049176165351E+005  0.240216033508564E+002 
     11.24000000 -0.233049176162778E+005  0.240216036081461E+002 
     11.26000000 -0.233049176160191E+005  0.240216038668897E+002 
     11.28000000 -0.233049176157596E+005  0.240216041263356E+002 
     11.30000000 -0.233049176155004E+005  0.240216043856082E+002 
     11.32000000 -0.233049176152422E+005  0.240216046438167E+002 
     11.34000000 -0.233049176149859E+005  0.240216049000792E+002 
     11.36000000 -0.233049176147322E+005  0.240216051537989E+002 
     11.38000000 -0.233049176144814E+005  0.240216054045549E+002 
     11.40000000 -0.233049176142337E+005  0.240216056522421E+002 
     11.42000000 -0.233049176139889E+005  0.240216058970244E+002 
     11.44000000 -0.233049176137467E+005  0.240216061392453E+002 
     11.46000000 -0.233049176135065E+005  0.240216063794429E+002 
     11.48000000 -0.233049176132678E+005  0.240216066181835E+002 
     11.50000000 -0.233049176130299E+005  0.240216068560516E+002 
     11.52000000 -0.233049176127925E+005  0.240216070934403E+002 
     11.54000000 -0.233049176125553E+005  0.240216073307021E+002 
     11.56000000 -0.233049176123180E+005  0.240216075679392E+002 
     11.58000000 -0.233049176120809E+005  0.240216078050340E+002 
     11.60000000 -0.233049176118443E+005  0.240216080416833E+002 
     11.62000000 -0.233049176116085E+005  0.240216082774633E+002 
     11.64000000 -0.233049176113741E+005  0.240216085118234E+002 
     11.66000000 -0.233049176111417E+005  0.240216087442469E+002 
     11.68000000 -0.233049176109117E+005  0.240216089742667E+002 
     11.70000000 -0.233049176106843E+005  0.240216092016321E+002 
     11.72000000 -0.233049176104597E+005  0.240216094262505E+002 
     11.74000000 -0.233049176102376E+005  0.240216096483507E+002 
     11.76000000 -0.233049176100176E+005  0.240216098683288E+002 
     11.78000000 -0.233049176097990E+005  0.240216100869642E+002 
     11.80000000 -0.233049176095809E+005  0.240216103050304E+002 
     11.82000000 -0.233049176093625E+005  0.240216105234678E+002 
     11.84000000 -0.233049176091427E+005  0.240216107432355E+002 
     11.86000000 -0.233049176089209E+005  0.240216109650820E+002 
     11.88000000 -0.233049176086963E+005  0.240216111896447E+002 
     11.90000000 -0.233049176084688E+005  0.240216114171773E+002 
     11.92000000 -0.233049176082382E+005  0.240216116477724E+002 
     11.94000000 -0.233049176080049E+005  0.240216118810621E+002 
     11.96000000 -0.233049176077695E+005  0.240216121165235E+002 
     11.98000000 -0.233049176075326E+005  0.240216123533801E+002 
     12.00000000 -0.233049176072952E+005  0.240216125907533E+002 
     12.02000000 -0.233049176070583E+005  0.240216128276934E+002 
     12.04000000 -0.233049176068226E+005  0.240216130633280E+002 
     12.06000000 -0.233049176065891E+005  0.240216132968559E+002 
     12.08000000 -0.233049176063583E+005  0.240216135276862E+002 
     12.10000000 -0.233049176061306E+005  0.240216137554136E+002 
     12.12000000 -0.233049176059062E+005  0.240216139797783E+002 
     12.14000000 -0.233049176056852E+005  0.240216142008205E+002 
     12.16000000 -0.233049176054674E+005  0.240216144186207E+002 
     12.18000000 -0.233049176052525E+005  0.240216146334696E+002 
     12.20000000 -0.233049176050402E+005  0.240216148457508E+002 
     12.22000000 -0.233049176048301E+005  0.240216150558912E+002 
     12.24000000 -0.233049176046218E+005  0.240216152642126E+002 
     12.26000000 -0.233049176044148E+005  0.240216154712038E+002 
     12.28000000 -0.233049176042088E+005  0.240216156772205E+002 
     12.30000000 -0.233049176040034E+005  0.240216158825752E+002 
     12.32000000 -0.233049176037985E+005  0.240216160874814E+002 
     12.34000000 -0.233049176035939E+005  0.240216162921029E+002 
     12.36000000 -0.233049176033895E+005  0.240216164964831E+002 
     12.38000000 -0.233049176031853E+005  0.240216167006560E+002 
     12.40000000 -0.233049176029814E+005  0.240216169046062E+002 
     12.42000000 -0.233049176027776E+005  0.240216171083492E+002 
     12.44000000 -0.233049176025741E+005  0.240216173118694E+002 
     12.46000000 -0.233049176023707E+005  0.240216175152473E+002 
     12.48000000 -0.233049176021673E+005  0.240216177186252E+002 
     12.50000000 -0.233049176019638E+005  0.240216179221577E+002 
     12.52000000 -0.233049176017599E+005  0.240216181260368E+002 
     12.54000000 -0.233049176015555E+005  0.240216183304232E+002 
     12.56000000 -0.233049176013506E+005  0.240216185353479E+002 
     12.58000000 -0.233049176011452E+005  0.240216187408015E+002 
     12.60000000 -0.233049176009394E+005  0.240216189465646E+002 
     12.62000000 -0.233049176007337E+005  0.240216191522689E+002 
     12.64000000 -0.233049176005285E+005  0.240216193574256E+002 
     12.66000000 -0.233049176003246E+005  0.240216195613572E+002 
     12.68000000 -0.233049176001225E+005  0.240216197634327E+002 
     12.70000000 -0.233049175999230E+005  0.240216199629467E+002 
     12.72000000 -0.233049175997266E+005  0.240216201593579E+002 
     12.74000000 -0.233049175995338E+005  0.240216203522176E+002 
     12.76000000 -0.233049175993446E+005  0.240216205413743E+002 
     12.78000000 -0.233049175991591E+005  0.240216207268775E+002 
     12.80000000 -0.233049175989770E+005  0.240216209090242E+002 
     12.82000000 -0.233049175987975E+005  0.240216210884516E+002 
     12.84000000 -0.233049175986200E+005  0.240216212659951E+002 
     12.86000000 -0.233049175984434E+005  0.240216214426105E+002 
     12.88000000 -0.233049175982666E+005  0.240216216193650E+002 
     12.90000000 -0.233049175980886E+005  0.240216217973694E+002 
     12.92000000 -0.233049175979084E+005  0.240216219775455E+002 
     12.94000000 -0.233049175977253E+005  0.240216221606666E+002 
     12.96000000 -0.233049175975387E+005  0.240216223472990E+002 
     12.98000000 -0.233049175973484E+005  0.240216225375632E+002 
     13.00000000 -0.233049175971546E+005  0.240216227313789E+002 
     13.02000000 -0.233049175969577E+005  0.240216229282881E+002 
     13.04000000 -0.233049175967584E+005  0.240216231275515E+002 
     13.06000000 -0.233049175965578E+005  0.240216233282009E+002 
     13.08000000 -0.233049175963568E+005  0.240216235291906E+002 
     13.10000000 -0.233049175961566E+005  0.240216237293821E+002 
     13.12000000 -0.233049175959583E+005  0.240216239276865E+002 
     13.14000000 -0.233049175957628E+005  0.240216241232191E+002 
     13.16000000 -0.233049175955708E+005  0.240216243152126E+002 
     13.18000000 -0.233049175953827E+005  0.240216245032587E+002 
     13.20000000 -0.233049175951988E+005  0.240216246871471E+002 
     13.22000000 -0.233049175950189E+005  0.240216248670633E+002 
     13.24000000 -0.233049175948426E+005  0.240216250433786E+002 
     13.26000000 -0.233049175946692E+005  0.240216252167364E+002 
     13.28000000 -0.233049175944981E+005  0.240216253878885E+002 
     13.30000000 -0.233049175943282E+005  0.240216255577475E+002 
     13.32000000 -0.233049175941588E+005  0.240216257271301E+002 
     13.34000000 -0.233049175939890E+005  0.240216258969458E+002 
     13.36000000 -0.233049175938181E+005  0.240216260678535E+002 
     13.38000000 -0.233049175936455E+005  0.240216262404689E+002 
     13.40000000 -0.233049175934708E+005  0.240216264151508E+002 
     13.42000000 -0.233049175932937E+005  0.240216265922333E+002 
     13.44000000 -0.233049175931143E+005  0.240216267717009E+002 
     13.46000000 -0.233049175929324E+005  0.240216269535754E+002 
     13.48000000 -0.233049175927484E+005  0.240216271375875E+002 
     13.50000000 -0.233049175925625E+005  0.240216273234805E+002 
     13.52000000 -0.233049175923752E+005  0.240216275107810E+002 
     13.54000000 -0.233049175921870E+005  0.240216276990097E+002 
     13.56000000 -0.233049175919984E+005  0.240216278876127E+002 
     13.58000000 -0.233049175918099E+005  0.240216280760300E+002 
     13.60000000 -0.233049175916223E+005  0.240216282637018E+002 
     13.62000000 -0.233049175914358E+005  0.240216284501238E+002 
     13.64000000 -0.233049175912511E+005  0.240216286349001E+002 
     13.66000000 -0.233049175910683E+005  0.240216288176531E+002 
     13.68000000 -0.233049175908877E+005  0.240216289982623E+002 
     13.70000000 -0.233049175907093E+005  0.240216291766595E+002 
     13.72000000 -0.233049175905331E+005  0.240216293528603E+002 
     13.74000000 -0.233049175903590E+005  0.240216295270070E+002 
     13.76000000 -0.233049175901867E+005  0.240216296993192E+002 
     13.78000000 -0.233049175900159E+005  0.240216298700846E+002 
     13.80000000 -0.233049175898464E+005  0.240216300395972E+002 
     13.82000000 -0.233049175896778E+005  0.240216302082218E+002 
     13.84000000 -0.233049175895097E+005  0.240216303763206E+002 
     13.86000000 -0.233049175893417E+005  0.240216305442894E+002 
     13.88000000 -0.233049175891733E+005  0.240216307126727E+002 
     13.90000000 -0.233049175890040E+005  0.240216308819223E+002 
     13.92000000 -0.233049175888334E+005  0.240216310526104E+002 
     13.94000000 -0.233049175886607E+005  0.240216312252288E+002 
     13.96000000 -0.233049175884857E+005  0.240216314002789E+002 
     13.98000000 -0.233049175883078E+005  0.240216315781255E+002 
     14.00000000 -0.233049175881270E+005  0.240216317589821E+002 
     14.02000000 -0.233049175879430E+005  0.240216319429819E+002 
     14.04000000 -0.233049175877560E+005  0.240216321299267E+002 
     14.06000000 -0.233049175875665E+005  0.240216323194330E+002 
     14.08000000 -0.233049175873750E+005  0.240216325109810E+002 
     14.10000000 -0.233049175871822E+005  0.240216327037480E+002 
     14.12000000 -0.233049175869890E+005  0.240216328969418E+002 
     14.14000000 -0.233049175867964E+005  0.240216330896066E+002 
     14.16000000 -0.233049175866051E+005  0.240216332808670E+002 
     14.18000000 -0.233049175864161E+005  0.240216334699216E+002 
     14.20000000 -0.233049175862299E+005  0.240216336561116E+002 
     14.22000000 -0.233049175860470E+005  0.240216338389946E+002 
     14.24000000 -0.233049175858677E+005  0.240216340183106E+002 
     14.26000000 -0.233049175856920E+005  0.240216341940227E+002 
     14.28000000 -0.233049175855196E+005  0.240216343663287E+002 
     14.30000000 -0.233049175853504E+005  0.240216345355999E+002 
     14.32000000 -0.233049175851836E+005  0.240216347023406E+002 
     14.34000000 -0.233049175850188E+005  0.240216348671632E+002 
     14.36000000 -0.233049175848552E+005  0.240216350308041E+002 
     14.38000000 -0.233049175846921E+005  0.240216351939160E+002 
     14.40000000 -0.233049175845288E+005  0.240216353572043E+002 
     14.42000000 -0.233049175843646E+005  0.240216355213247E+002 
     14.44000000 -0.233049175841991E+005  0.240216356868589E+002 
     14.46000000 -0.233049175840317E+005  0.240216358542646E+002 
     14.48000000 -0.233049175838621E+005  0.240216360238731E+002 
     14.50000000 -0.233049175836901E+005  0.240216361958666E+002 
     14.52000000 -0.233049175835158E+005  0.240216363701866E+002 
     14.54000000 -0.233049175833392E+005  0.240216365467308E+002 
     14.56000000 -0.233049175831608E+005  0.240216367251342E+002 
     14.58000000 -0.233049175829810E+005  0.240216369049824E+002 
     14.60000000 -0.233049175828003E+005  0.240216370856380E+002 
     14.62000000 -0.233049175826194E+005  0.240216372665596E+002 
     14.64000000 -0.233049175824388E+005  0.240216374471471E+002 
     14.66000000 -0.233049175822591E+005  0.240216376268468E+002 
     14.68000000 -0.233049175820808E+005  0.240216378052100E+002 
     14.70000000 -0.233049175819040E+005  0.240216379819336E+002 
     14.72000000 -0.233049175817292E+005  0.240216381568073E+002 
     14.74000000 -0.233049175815561E+005  0.240216383298682E+002 
     14.76000000 -0.233049175813849E+005  0.240216385010976E+002 
     14.78000000 -0.233049175812152E+005  0.240216386707246E+002 
     14.80000000 -0.233049175810471E+005  0.240216388389007E+002 
     14.82000000 -0.233049175808800E+005  0.240216390059445E+002 
     14.84000000 -0.233049175807140E+005  0.240216391719273E+002 
     14.86000000 -0.233049175805488E+005  0.240216393371490E+002 
     14.88000000 -0.233049175803843E+005  0.240216395017087E+002 
     14.90000000 -0.233049175802203E+005  0.240216396656559E+002 
     14.92000000 -0.233049175800568E+005  0.240216398291452E+002 
     14.94000000 -0.233049175798939E+005  0.240216399921148E+002 
     14.96000000 -0.233049175797313E+005  0.240216401546884E+002 
     14.98000000 -0.233049175795691E+005  0.240216403169093E+002 
     15.00000000 -0.233049175794071E+005  0.240216404788395E+002 
     15.02000000 -0.233049175792454E+005  0.240216406406088E+002 
     15.04000000 -0.233049175790837E+005  0.240216408022760E+002 
     15.06000000 -0.233049175789219E+005  0.240216409640360E+002 
     15.08000000 -0.233049175787600E+005  0.240216411259878E+002 
     15.10000000 -0.233049175785978E+005  0.240216412881964E+002 
     15.12000000 -0.233049175784353E+005  0.240216414506741E+002 
     15.14000000 -0.233049175782726E+005  0.240216416133591E+002 
     15.16000000 -0.233049175781099E+005  0.240216417760936E+002 
     15.18000000 -0.233049175779474E+005  0.240216419386177E+002 
     15.20000000 -0.233049175777853E+005  0.240216421006469E+002 
     15.22000000 -0.233049175776242E+005  0.240216422617449E+002 
     15.24000000 -0.233049175774644E+005  0.240216424215343E+002 
     15.26000000 -0.233049175773062E+005  0.240216425797336E+002 
     15.28000000 -0.233049175771499E+005  0.240216427360798E+002 
     15.30000000 -0.233049175769956E+005  0.240216428904122E+002 
     15.32000000 -0.233049175768433E+005  0.240216430426811E+002 
     15.34000000 -0.233049175766929E+005  0.240216431930784E+002 
     15.36000000 -0.233049175765441E+005  0.240216433418268E+002 
     15.38000000 -0.233049175763967E+005  0.240216434892543E+002 
     15.40000000 -0.233049175762502E+005  0.240216436357723E+002 
     15.42000000 -0.233049175761041E+005  0.240216437818819E+002 
     15.44000000 -0.233049175759581E+005  0.240216439279203E+002 
     15.46000000 -0.233049175758117E+005  0.240216440742681E+002 
     15.48000000 -0.233049175756647E+005  0.240216442212656E+002 
     15.50000000 -0.233049175755170E+005  0.240216443689808E+002 
     15.52000000 -0.233049175753685E+005  0.240216445175250E+002 
     15.54000000 -0.233049175752191E+005  0.240216446669046E+002 
     15.56000000 -0.233049175750690E+005  0.240216448169306E+002 
     15.58000000 -0.233049175749185E+005  0.240216449674331E+002 
     15.60000000 -0.233049175747677E+005  0.240216451182264E+002 
     15.62000000 -0.233049175746169E+005  0.240216452690414E+002 
     15.64000000 -0.233049175744663E+005  0.240216454197140E+002 
     15.66000000 -0.233049175743159E+005  0.240216455700742E+002 
     15.68000000 -0.233049175741659E+005  0.240216457200415E+002 
     15.70000000 -0.233049175740163E+005  0.240216458696468E+002 
     15.72000000 -0.233049175738671E+005  0.240216460188717E+002 
     15.74000000 -0.233049175737181E+005  0.240216461678707E+002 
     15.76000000 -0.233049175735692E+005  0.240216463167428E+002 
     15.78000000 -0.233049175734204E+005  0.240216464656026E+002 
     15.80000000 -0.233049175732715E+005  0.240216466144965E+002 
     15.82000000 -0.233049175731224E+005  0.240216467635573E+002 
     15.84000000 -0.233049175729733E+005  0.240216469127172E+002 
     15.86000000 -0.233049175728240E+005  0.240216470619328E+002 
     15.88000000 -0.233049175726748E+005  0.240216472111298E+002 
     15.90000000 -0.233049175725258E+005  0.240216473601412E+002 
     15.92000000 -0.233049175723770E+005  0.240216475089793E+002 
     15.94000000 -0.233049175722284E+005  0.240216476575483E+002 
     15.96000000 -0.233049175720801E+005  0.240216478058327E+002 
     15.98000000 -0.233049175719321E+005  0.240216479538727E+002 
     16.00000000 -0.233049175717841E+005  0.240216481018292E+002 
     16.02000000 -0.233049175716361E+005  0.240216482498599E+002 
     16.04000000 -0.233049175714878E+005  0.240216483982031E+002 
     16.06000000 -0.233049175713389E+005  0.240216485470350E+002 
     16.08000000 -0.233049175711894E+005  0.240216486965754E+002 
     16.10000000 -0.233049175710390E+005  0.240216488469758E+002 
     16.12000000 -0.233049175708877E+005  0.240216489982393E+002 
     16.14000000 -0.233049175707356E+005  0.240216491504062E+002 
     16.16000000 -0.233049175705826E+005  0.240216493033526E+002 
     16.18000000 -0.233049175704291E+005  0.240216494568991E+002 
     16.20000000 -0.233049175702751E+005  0.240216496108324E+002 
     16.22000000 -0.233049175701211E+005  0.240216497648956E+002 
     16.24000000 -0.233049175699671E+005  0.240216499188320E+002 
     16.26000000 -0.233049175698136E+005  0.240216500723971E+002 
     16.28000000 -0.233049175696606E+005  0.240216502253992E+002 
     16.30000000 -0.233049175695083E+005  0.240216503776836E+002 
     16.32000000 -0.233049175693568E+005  0.240216505291636E+002 
     16.34000000 -0.233049175692061E+005  0.240216506799012E+002 
     16.36000000 -0.233049175690562E+005  0.240216508298128E+002 
     16.38000000 -0.233049175689069E+005  0.240216509790562E+002 
     16.40000000 -0.233049175687582E+005  0.240216511277614E+002 
     16.42000000 -0.233049175686099E+005  0.240216512760612E+002 
     16.44000000 -0.233049175684618E+005  0.240216514241260E+002 
     16.46000000 -0.233049175683139E+005  0.240216515721072E+002 
     16.48000000 -0.233049175681658E+005  0.240216517201410E+002 
     16.50000000 -0.233049175680177E+005  0.240216518682800E+002 
     16.52000000 -0.233049175678693E+005  0.240216520166294E+002 
     16.54000000 -0.233049175677208E+005  0.240216521651705E+002 
     16.56000000 -0.233049175675721E+005  0.240216523138478E+002 
     16.58000000 -0.233049175674233E+005  0.240216524626241E+002 
     16.60000000 -0.233049175672746E+005  0.240216526113973E+002 
     16.62000000 -0.233049175671259E+005  0.240216527600838E+002 
     16.64000000 -0.233049175669774E+005  0.240216529086188E+002 
     16.66000000 -0.233049175668291E+005  0.240216530568877E+002 
     16.68000000 -0.233049175666810E+005  0.240216532049648E+002 
     16.70000000 -0.233049175665331E+005  0.240216533528440E+002 
     16.72000000 -0.233049175663853E+005  0.240216535006643E+002 
     16.74000000 -0.233049175662374E+005  0.240216536485404E+002 
     16.76000000 -0.233049175660893E+005  0.240216537966484E+002 
     16.78000000 -0.233049175659408E+005  0.240216539451896E+002 
     16.80000000 -0.233049175657917E+005  0.240216540943000E+002 
     16.82000000 -0.233049175656419E+005  0.240216542440352E+002 
     16.84000000 -0.233049175654915E+005  0.240216543944511E+002 
     16.86000000 -0.233049175653406E+005  0.240216545454238E+002 
     16.88000000 -0.233049175651891E+005  0.240216546968389E+002 
     16.90000000 -0.233049175650376E+005  0.240216548483623E+002 
     16.92000000 -0.233049175648862E+005  0.240216549997650E+002 
     16.94000000 -0.233049175647352E+005  0.240216551507717E+002 
     16.96000000 -0.233049175645848E+005  0.240216553011598E+002 
     16.98000000 -0.233049175644352E+005  0.240216554507837E+002 
     17.00000000 -0.233049175642863E+005  0.240216555996342E+002 
     17.02000000 -0.233049175641382E+005  0.240216557477825E+002 
     17.04000000 -0.233049175639906E+005  0.240216558954172E+002 
     17.06000000 -0.233049175638432E+005  0.240216560427240E+002 
     17.08000000 -0.233049175636960E+005  0.240216561899597E+002 
     17.10000000 -0.233049175635487E+005  0.240216563373037E+002 
     17.12000000 -0.233049175634010E+005  0.240216564849446E+002 
     17.14000000 -0.233049175632530E+005  0.240216566329506E+002 
     17.16000000 -0.233049175631046E+005  0.240216567813339E+002 
     17.18000000 -0.233049175629559E+005  0.240216569300762E+002 
     17.20000000 -0.233049175628068E+005  0.240216570791680E+002 
     17.22000000 -0.233049175626574E+005  0.240216572285382E+002 
     17.24000000 -0.233049175625078E+005  0.240216573781405E+002 
     17.26000000 -0.233049175623580E+005  0.240216575279748E+002 
     17.28000000 -0.233049175622079E+005  0.240216576780658E+002 
     17.30000000 -0.233049175620575E+005  0.240216578284508E+002 
     17.32000000 -0.233049175619068E+005  0.240216579792038E+002 
     17.34000000 -0.233049175617556E+005  0.240216581303838E+002 
     17.36000000 -0.233049175616040E+005  0.240216582819567E+002 
     17.38000000 -0.233049175614520E+005  0.240216584339441E+002 
     17.40000000 -0.233049175612997E+005  0.240216585862532E+002 
     17.42000000 -0.233049175611472E+005  0.240216587388222E+002 
     17.44000000 -0.233049175609946E+005  0.240216588914036E+002 
     17.46000000 -0.233049175608421E+005  0.240216590438612E+002 
     17.48000000 -0.233049175606899E+005  0.240216591960528E+002 
     17.50000000 -0.233049175605382E+005  0.240216593477803E+002 
     17.52000000 -0.233049175603871E+005  0.240216594988644E+002 
     17.54000000 -0.233049175602367E+005  0.240216596492370E+002 
     17.56000000 -0.233049175600871E+005  0.240216597988299E+002 
     17.58000000 -0.233049175599383E+005  0.240216599476557E+002 
     17.60000000 -0.233049175597902E+005  0.240216600957700E+002 
     17.62000000 -0.233049175596428E+005  0.240216602432098E+002 
     17.64000000 -0.233049175594958E+005  0.240216603901732E+002 
     17.66000000 -0.233049175593492E+005  0.240216605367685E+002 
     17.68000000 -0.233049175592028E+005  0.240216606831999E+002 
     17.70000000 -0.233049175590564E+005  0.240216608296219E+002 
     17.72000000 -0.233049175589098E+005  0.240216609761708E+002 
     17.74000000 -0.233049175587629E+005  0.240216611230446E+002 
     17.76000000 -0.233049175586157E+005  0.240216612703205E+002 
     17.78000000 -0.233049175584678E+005  0.240216614181872E+002 
     17.80000000 -0.233049175583193E+005  0.240216615667036E+002 
     17.82000000 -0.233049175581700E+005  0.240216617159934E+002 
     17.84000000 -0.233049175580198E+005  0.240216618661494E+002 
     17.86000000 -0.233049175578687E+005  0.240216620172459E+002 
     17.88000000 -0.233049175577167E+005  0.240216621693106E+002 
     17.90000000 -0.233049175575636E+005  0.240216623223963E+002 
     17.92000000 -0.233049175574094E+005  0.240216624765337E+002 
     17.94000000 -0.233049175572544E+005  0.240216626315497E+002 
     17.96000000 -0.233049175570986E+005  0.240216627873793E+002 
     17.98000000 -0.233049175569422E+005  0.240216629437596E+002 
     18.00000000 -0.233049175567855E+005  0.240216631004307E+002 
     18.02000000 -0.233049175566290E+005  0.240216632569966E+002 
     18.04000000 -0.233049175564729E+005  0.240216634131232E+002 
     18.06000000 -0.233049175563176E+005  0.240216635684146E+002 
     18.08000000 -0.233049175561634E+005  0.240216637225365E+002 
     18.10000000 -0.233049175560108E+005  0.240216638752045E+002 
     18.12000000 -0.233049175558597E+005  0.240216640262824E+002 
     18.14000000 -0.233049175557103E+005  0.240216641757021E+002 
     18.16000000 -0.233049175555623E+005  0.240216643236308E+002 
     18.18000000 -0.233049175554157E+005  0.240216644702477E+002 
     18.20000000 -0.233049175552701E+005  0.240216646158438E+002 
     18.22000000 -0.233049175551252E+005  0.240216647607902E+002 
     18.24000000 -0.233049175549805E+005  0.240216649055077E+002 
     18.26000000 -0.233049175548357E+005  0.240216650502964E+002 
     18.28000000 -0.233049175546905E+005  0.240216651954748E+002 
     18.30000000 -0.233049175545447E+005  0.240216653412256E+002 
     18.32000000 -0.233049175543983E+005  0.240216654876384E+002 
     18.34000000 -0.233049175542513E+005  0.240216656346946E+002 
     18.36000000 -0.233049175541037E+005  0.240216657823139E+002 
     18.38000000 -0.233049175539556E+005  0.240216659303230E+002 
     18.40000000 -0.233049175538074E+005  0.240216660785300E+002 
     18.42000000 -0.233049175536594E+005  0.240216662266040E+002 
     18.44000000 -0.233049175535116E+005  0.240216663744182E+002 
     18.46000000 -0.233049175533643E+005  0.240216665217034E+002 
     18.48000000 -0.233049175532176E+005  0.240216666683265E+002 
     18.50000000 -0.233049175530718E+005  0.240216668141701E+002 
     18.52000000 -0.233049175529268E+005  0.240216669591289E+002 
     18.54000000 -0.233049175527827E+005  0.240216671032277E+002 
     18.56000000 -0.233049175526396E+005  0.240216672464231E+002 
     18.58000000 -0.233049175524973E+005  0.240216673886596E+002 
     18.60000000 -0.233049175523560E+005  0.240216675300051E+002 
     18.62000000 -0.233049175522155E+005  0.240216676704411E+002 
     18.64000000 -0.233049175520760E+005  0.240216678099799E+002 
     18.66000000 -0.233049175519373E+005  0.240216679486464E+002 
     18.68000000 -0.233049175517994E+005  0.240216680865456E+002 
     18.70000000 -0.233049175516623E+005  0.240216682237024E+002 
     18.72000000 -0.233049175515256E+005  0.240216683603890E+002 
     18.74000000 -0.233049175513893E+005  0.240216684967106E+002 
     18.76000000 -0.233049175512530E+005  0.240216686329269E+002 
     18.78000000 -0.233049175511167E+005  0.240216687693165E+002 
     18.80000000 -0.233049175509799E+005  0.240216689060835E+002 
     18.82000000 -0.233049175508425E+005  0.240216690435218E+002 
     18.84000000 -0.233049175507042E+005  0.240216691817923E+002 
     18.86000000 -0.233049175505649E+005  0.240216693210991E+002 
     18.88000000 -0.233049175504245E+005  0.240216694615042E+002 
     18.90000000 -0.233049175502829E+005  0.240216696030229E+002 
     18.92000000 -0.233049175501404E+005  0.240216697455533E+002 
     18.94000000 -0.233049175499971E+005  0.240216698889189E+002 
     18.96000000 -0.233049175498531E+005  0.240216700328506E+002 
     18.98000000 -0.233049175497090E+005  0.240216701770175E+002 
     19.00000000 -0.233049175495649E+005  0.240216703211070E+002 
     19.02000000 -0.233049175494212E+005  0.240216704648160E+002 
     19.04000000 -0.233049175492781E+005  0.240216706079032E+002 
     19.06000000 -0.233049175491357E+005  0.240216707503005E+002 
     19.08000000 -0.233049175489939E+005  0.240216708920358E+002 
     19.10000000 -0.233049175488527E+005  0.240216710332421E+002 
     19.12000000 -0.233049175487117E+005  0.240216711742256E+002 
     19.14000000 -0.233049175485706E+005  0.240216713153917E+002 
     19.16000000 -0.233049175484289E+005  0.240216714570373E+002 
     19.18000000 -0.233049175482864E+005  0.240216715995336E+002 
     19.20000000 -0.233049175481429E+005  0.240216717430446E+002 
     19.22000000 -0.233049175479983E+005  0.240216718876414E+002 
     19.24000000 -0.233049175478528E+005  0.240216720331694E+002 
     19.26000000 -0.233049175477067E+005  0.240216721792667E+002 
     19.28000000 -0.233049175475605E+005  0.240216723254691E+002 
     19.30000000 -0.233049175474148E+005  0.240216724711394E+002 
     19.32000000 -0.233049175472702E+005  0.240216726157548E+002 
     19.34000000 -0.233049175471273E+005  0.240216727587183E+002 
     19.36000000 -0.233049175469864E+005  0.240216728995750E+002 
     19.38000000 -0.233049175468479E+005  0.240216730380496E+002 
     19.40000000 -0.233049175467119E+005  0.240216731740742E+002 
     19.42000000 -0.233049175465782E+005  0.240216733077291E+002 
     19.44000000 -0.233049175464466E+005  0.240216734393824E+002 
     19.46000000 -0.233049175463164E+005  0.240216735695322E+002 
     19.48000000 -0.233049175461872E+005  0.240216736987942E+002 
     19.50000000 -0.233049175460581E+005  0.240216738278861E+002 
     19.52000000 -0.233049175459285E+005  0.240216739574729E+002 
     19.54000000 -0.233049175457977E+005  0.240216740883064E+002 
     19.56000000 -0.233049175456651E+005  0.240216742208383E+002 
     19.58000000 -0.233049175455304E+005  0.240216743555605E+002 
     19.60000000 -0.233049175453933E+005  0.240216744927173E+002 
     19.62000000 -0.233049175452536E+005  0.240216746323799E+002 
     19.64000000 -0.233049175451115E+005  0.240216747744864E+002 
     19.66000000 -0.233049175449672E+005  0.240216749188141E+002 
     19.68000000 -0.233049175448210E+005  0.240216750649732E+002 
     19.70000000 -0.233049175446734E+005  0.240216752125306E+002 
     19.72000000 -0.233049175445250E+005  0.240216753610099E+002 
     19.74000000 -0.233049175443761E+005  0.240216755098883E+002 
     19.76000000 -0.233049175442273E+005  0.240216756586800E+002 
     19.78000000 -0.233049175440790E+005  0.240216758069397E+002 
     19.80000000 -0.233049175439317E+005  0.240216759543084E+002 
     19.82000000 -0.233049175437855E+005  0.240216761005170E+002 
     19.84000000 -0.233049175436406E+005  0.240216762453644E+002 
     19.86000000 -0.233049175434971E+005  0.240216763888754E+002 
     19.88000000 -0.233049175433549E+005  0.240216765310500E+002 
     19.90000000 -0.233049175432140E+005  0.240216766720088E+002 
     19.92000000 -0.233049175430740E+005  0.240216768120210E+002 
     19.94000000 -0.233049175429347E+005  0.240216769512783E+002 
     19.96000000 -0.233049175427959E+005  0.240216770900592E+002 
     19.98000000 -0.233049175426573E+005  0.240216772286638E+002 
     20.00000000 -0.233049175425187E+005  0.240216773672839E+002 
     20.02000000 -0.233049175423798E+005  0.240216775061390E+002 
     20.04000000 -0.233049175422406E+005  0.240216776453438E+002 
     20.06000000 -0.233049175421010E+005  0.240216777850064E+002 
     20.08000000 -0.233049175419608E+005  0.240216779251887E+002 
     20.10000000 -0.233049175418200E+005  0.240216780659402E+002 
     20.12000000 -0.233049175416786E+005  0.240216782073476E+002 
     20.14000000 -0.233049175415365E+005  0.240216783494294E+002 
     20.16000000 -0.233049175413937E+005  0.240216784923186E+002 
     20.18000000 -0.233049175412499E+005  0.240216786361235E+002 
     20.20000000 -0.233049175411051E+005  0.240216787809214E+002 
     20.22000000 -0.233049175409591E+005  0.240216789268547E+002 
     20.24000000 -0.233049175408120E+005  0.240216790739666E+002 
     20.26000000 -0.233049175406636E+005  0.240216792223345E+002 
     20.28000000 -0.233049175405141E+005  0.240216793719028E+002 
     20.30000000 -0.233049175403634E+005  0.240216795225568E+002 
     20.32000000 -0.233049175402118E+005  0.240216796741606E+002 
     20.34000000 -0.233049175400595E+005  0.240216798265131E+002 
     20.36000000 -0.233049175399067E+005  0.240216799792832E+002 
     20.38000000 -0.233049175397537E+005  0.240216801322327E+002 
     20.40000000 -0.233049175396010E+005  0.240216802849718E+002 
     20.42000000 -0.233049175394487E+005  0.240216804372748E+002 
     20.44000000 -0.233049175392971E+005  0.240216805888260E+002 
     20.46000000 -0.233049175391466E+005  0.240216807394027E+002 
     20.48000000 -0.233049175389972E+005  0.240216808887544E+002 
     20.50000000 -0.233049175388491E+005  0.240216810368408E+002 
     20.52000000 -0.233049175387024E+005  0.240216811835722E+002 
     20.54000000 -0.233049175385570E+005  0.240216813289765E+002 
     20.56000000 -0.233049175384128E+005  0.240216814731557E+002 
     20.58000000 -0.233049175382698E+005  0.240216816162181E+002 
     20.60000000 -0.233049175381276E+005  0.240216817583401E+002 
     20.62000000 -0.233049175379862E+005  0.240216818997661E+002 
     20.64000000 -0.233049175378453E+005  0.240216820407001E+002 
     20.66000000 -0.233049175377046E+005  0.240216821813403E+002 
     20.68000000 -0.233049175375641E+005  0.240216823218598E+002 
     20.70000000 -0.233049175374235E+005  0.240216824624814E+002 
     20.72000000 -0.233049175372827E+005  0.240216826032329E+002 
     20.74000000 -0.233049175371417E+005  0.240216827442443E+002 
     20.76000000 -0.233049175370004E+005  0.240216828855496E+002 
     20.78000000 -0.233049175368589E+005  0.240216830271148E+002 
     20.80000000 -0.233049175367170E+005  0.240216831689367E+002 
     20.82000000 -0.233049175365750E+005  0.240216833110061E+002 
     20.84000000 -0.233049175364327E+005  0.240216834532549E+002 
     20.86000000 -0.233049175362903E+005  0.240216835956615E+002 
     20.88000000 -0.233049175361477E+005  0.240216837382847E+002 
     20.90000000 -0.233049175360048E+005  0.240216838811584E+002 
     20.92000000 -0.233049175358616E+005  0.240216840244095E+002 
     20.94000000 -0.233049175357178E+005  0.240216841681402E+002 
     20.96000000 -0.233049175355735E+005  0.240216843124988E+002 
     20.98000000 -0.233049175354283E+005  0.240216844576587E+002 
     21.00000000 -0.233049175352823E+005  0.240216846036569E+002 
     21.02000000 -0.233049175351354E+005  0.240216847506111E+002 
     21.04000000 -0.233049175349875E+005  0.240216848984933E+002 
     21.06000000 -0.233049175348388E+005  0.240216850472077E+002 
     21.08000000 -0.233049175346893E+005  0.240216851966584E+002 
     21.10000000 -0.233049175345393E+005  0.240216853466535E+002 
     21.12000000 -0.233049175343889E+005  0.240216854970323E+002 
     21.14000000 -0.233049175342384E+005  0.240216856476152E+002 
     21.16000000 -0.233049175340877E+005  0.240216857982817E+002 
     21.18000000 -0.233049175339371E+005  0.240216859489172E+002 
     21.20000000 -0.233049175337865E+005  0.240216860994630E+002 
     21.22000000 -0.233049175336360E+005  0.240216862499469E+002 
     21.24000000 -0.233049175334856E+005  0.240216864003597E+002 
     21.26000000 -0.233049175333352E+005  0.240216865507353E+002 
     21.28000000 -0.233049175331849E+005  0.240216867011172E+002 
     21.30000000 -0.233049175330345E+005  0.240216868515176E+002 
     21.32000000 -0.233049175328842E+005  0.240216870018221E+002 
     21.34000000 -0.233049175327339E+005  0.240216871520399E+002 
     21.36000000 -0.233049175325840E+005  0.240216873020103E+002 
     21.38000000 -0.233049175324344E+005  0.240216874516033E+002 
     21.40000000 -0.233049175322853E+005  0.240216876006827E+002 
     21.42000000 -0.233049175321369E+005  0.240216877491094E+002 
     21.44000000 -0.233049175319892E+005  0.240216878967999E+002 
     21.46000000 -0.233049175318422E+005  0.240216880437386E+002 
     21.48000000 -0.233049175316960E+005  0.240216881899224E+002 
     21.50000000 -0.233049175315505E+005  0.240216883354628E+002 
     21.52000000 -0.233049175314055E+005  0.240216884804525E+002 
     21.54000000 -0.233049175312609E+005  0.240216886251205E+002 
     21.56000000 -0.233049175311164E+005  0.240216887696029E+002 
     21.58000000 -0.233049175309719E+005  0.240216889140637E+002 
     21.60000000 -0.233049175308273E+005  0.240216890586358E+002 
     21.62000000 -0.233049175306827E+005  0.240216892033223E+002 
     21.64000000 -0.233049175305378E+005  0.240216893481264E+002 
     21.66000000 -0.233049175303931E+005  0.240216894928996E+002 
     21.68000000 -0.233049175302485E+005  0.240216896375120E+002 
     21.70000000 -0.233049175301042E+005  0.240216897817809E+002 
     21.72000000 -0.233049175299604E+005  0.240216899255579E+002 
     21.74000000 -0.233049175298172E+005  0.240216900687256E+002 
     21.76000000 -0.233049175296747E+005  0.240216902113023E+002 
     21.78000000 -0.233049175295326E+005  0.240216903534026E+002 
     21.80000000 -0.233049175293908E+005  0.240216904951967E+002 
     21.82000000 -0.233049175292490E+005  0.240216906369753E+002 
     21.84000000 -0.233049175291068E+005  0.240216907791282E+002 
     21.86000000 -0.233049175289640E+005  0.240216909219370E+002 
     21.88000000 -0.233049175288203E+005  0.240216910656800E+002 
     21.90000000 -0.233049175286755E+005  0.240216912105151E+002 
     21.92000000 -0.233049175285295E+005  0.240216913564700E+002 
     21.94000000 -0.233049175283826E+005  0.240216915033344E+002 
     21.96000000 -0.233049175282352E+005  0.240216916507526E+002 
     21.98000000 -0.233049175280877E+005  0.240216917982822E+002 
     22.00000000 -0.233049175279407E+005  0.240216919452982E+002 
     22.02000000 -0.233049175277948E+005  0.240216920912068E+002 
     22.04000000 -0.233049175276505E+005  0.240216922354726E+002 
     22.06000000 -0.233049175275083E+005  0.240216923776657E+002 
     22.08000000 -0.233049175273684E+005  0.240216925175634E+002 
     22.10000000 -0.233049175272308E+005  0.240216926551286E+002 
     22.12000000 -0.233049175270953E+005  0.240216927906891E+002 
     22.14000000 -0.233049175269614E+005  0.240216929245667E+002 
     22.16000000 -0.233049175268285E+005  0.240216930574296E+002 
     22.18000000 -0.233049175266960E+005  0.240216931899523E+002 
     22.20000000 -0.233049175265631E+005  0.240216933228275E+002 
     22.22000000 -0.233049175264293E+005  0.240216934566866E+002 
     22.24000000 -0.233049175262939E+005  0.240216935920924E+002 
     22.26000000 -0.233049175261565E+005  0.240216937294472E+002 
     22.28000000 -0.233049175260171E+005  0.240216938688809E+002 
     22.30000000 -0.233049175258756E+005  0.240216940104058E+002 
     22.32000000 -0.233049175257321E+005  0.240216941539168E+002 
     22.34000000 -0.233049175255869E+005  0.240216942990798E+002 
     22.36000000 -0.233049175254404E+005  0.240216944455421E+002 
     22.38000000 -0.233049175252931E+005  0.240216945928396E+002 
     22.40000000 -0.233049175251454E+005  0.240216947405765E+002 
     22.42000000 -0.233049175249976E+005  0.240216948883628E+002 
     22.44000000 -0.233049175248500E+005  0.240216950359387E+002 
     22.46000000 -0.233049175247029E+005  0.240216951830507E+002 
     22.48000000 -0.233049175245563E+005  0.240216953296274E+002 
     22.50000000 -0.233049175244104E+005  0.240216954755885E+002 
     22.52000000 -0.233049175242649E+005  0.240216956210640E+002 
     22.54000000 -0.233049175241199E+005  0.240216957660753E+002 
     22.56000000 -0.233049175239752E+005  0.240216959107774E+002 
     22.58000000 -0.233049175238308E+005  0.240216960552226E+002 
     22.60000000 -0.233049175236864E+005  0.240216961995442E+002 
     22.62000000 -0.233049175235422E+005  0.240216963437543E+002 
     22.64000000 -0.233049175233981E+005  0.240216964878902E+002 
     22.66000000 -0.233049175232540E+005  0.240216966319457E+002 
     22.68000000 -0.233049175231101E+005  0.240216967758867E+002 
     22.70000000 -0.233049175229663E+005  0.240216969196947E+002 
     22.72000000 -0.233049175228227E+005  0.240216970632769E+002 
     22.74000000 -0.233049175226793E+005  0.240216972066641E+002 
     22.76000000 -0.233049175225362E+005  0.240216973497358E+002 
     22.78000000 -0.233049175223935E+005  0.240216974924673E+002 
     22.80000000 -0.233049175222512E+005  0.240216976347470E+002 
     22.82000000 -0.233049175221095E+005  0.240216977764978E+002 
     22.84000000 -0.233049175219684E+005  0.240216979176175E+002 
     22.86000000 -0.233049175218279E+005  0.240216980580658E+002 
     22.88000000 -0.233049175216882E+005  0.240216981978150E+002 
     22.90000000 -0.233049175215491E+005  0.240216983368589E+002 
     22.92000000 -0.233049175214107E+005  0.240216984752903E+002 
     22.94000000 -0.233049175212727E+005  0.240216986132947E+002 
     22.96000000 -0.233049175211349E+005  0.240216987511197E+002 
     22.98000000 -0.233049175209969E+005  0.240216988890685E+002 
     23.00000000 -0.233049175208585E+005  0.240216990274936E+002 
     23.02000000 -0.233049175207193E+005  0.240216991666922E+002 
     23.04000000 -0.233049175205789E+005  0.240216993070787E+002 
     23.06000000 -0.233049175204371E+005  0.240216994488635E+002 
     23.08000000 -0.233049175202938E+005  0.240216995922136E+002 
     23.10000000 -0.233049175201487E+005  0.240216997372498E+002 
     23.12000000 -0.233049175200021E+005  0.240216998838884E+002 
     23.14000000 -0.233049175198539E+005  0.240217000320336E+002 
     23.16000000 -0.233049175197045E+005  0.240217001814471E+002 
     23.18000000 -0.233049175195541E+005  0.240217003318723E+002 
     23.20000000 -0.233049175194030E+005  0.240217004830151E+002 
     23.22000000 -0.233049175192514E+005  0.240217006345385E+002 
     23.24000000 -0.233049175190997E+005  0.240217007862660E+002 
     23.26000000 -0.233049175189480E+005  0.240217009380121E+002 
     23.28000000 -0.233049175187963E+005  0.240217010896531E+002 
     23.30000000 -0.233049175186448E+005  0.240217012411579E+002 
     23.32000000 -0.233049175184934E+005  0.240217013925575E+002 
     23.34000000 -0.233049175183420E+005  0.240217015439385E+002 
     23.36000000 -0.233049175181907E+005  0.240217016952639E+002 
     23.38000000 -0.233049175180393E+005  0.240217018466326E+002 
     23.40000000 -0.233049175178881E+005  0.240217019979085E+002 
     23.42000000 -0.233049175177369E+005  0.240217021490668E+002 
     23.44000000 -0.233049175175860E+005  0.240217022999282E+002 
     23.46000000 -0.233049175174357E+005  0.240217024503069E+002 
     23.48000000 -0.233049175172859E+005  0.240217026000577E+002 
     23.50000000 -0.233049175171369E+005  0.240217027490752E+002 
     23.52000000 -0.233049175169887E+005  0.240217028972792E+002 
     23.54000000 -0.233049175168412E+005  0.240217030447438E+002 
     23.56000000 -0.233049175166944E+005  0.240217031915402E+002 
     23.58000000 -0.233049175165480E+005  0.240217033379282E+002 
     23.60000000 -0.233049175164018E+005  0.240217034841677E+002 
     23.62000000 -0.233049175162555E+005  0.240217036305125E+002 
     23.64000000 -0.233049175161088E+005  0.240217037771851E+002 
     23.66000000 -0.233049175159616E+005  0.240217039243558E+002 
     23.68000000 -0.233049175158139E+005  0.240217040721081E+002 
     23.70000000 -0.233049175156656E+005  0.240217042203894E+002 
     23.72000000 -0.233049175155169E+005  0.240217043690729E+002 
     23.74000000 -0.233049175153680E+005  0.240217045180162E+002 
     23.76000000 -0.233049175152189E+005  0.240217046670369E+002 
     23.78000000 -0.233049175150700E+005  0.240217048159709E+002 
     23.80000000 -0.233049175149213E+005  0.240217049646946E+002 
     23.82000000 -0.233049175147728E+005  0.240217051131770E+002 
     23.84000000 -0.233049175146245E+005  0.240217052614830E+002 
     23.86000000 -0.233049175144764E+005  0.240217054096220E+002 
     23.88000000 -0.233049175143282E+005  0.240217055577425E+002 
     23.90000000 -0.233049175141800E+005  0.240217057059557E+002 
     23.92000000 -0.233049175140316E+005  0.240217058543422E+002 
     23.94000000 -0.233049175138831E+005  0.240217060029081E+002 
     23.96000000 -0.233049175137343E+005  0.240217061517215E+002 
     23.98000000 -0.233049175135853E+005  0.240217063006988E+002 
     24.00000000 -0.233049175134362E+005  0.240217064497504E+002 
     24.02000000 -0.233049175132872E+005  0.240217065988113E+002 
     24.04000000 -0.233049175131382E+005  0.240217067477979E+002 
     24.06000000 -0.233049175129893E+005  0.240217068966237E+002 
     24.08000000 -0.233049175128408E+005  0.240217070452144E+002 
     24.10000000 -0.233049175126925E+005  0.240217071934833E+002 
     24.12000000 -0.233049175125446E+005  0.240217073413810E+002 
     24.14000000 -0.233049175123972E+005  0.240217074888023E+002 
     24.16000000 -0.233049175122503E+005  0.240217076356358E+002 
     24.18000000 -0.233049175121042E+005  0.240217077817887E+002 
     24.20000000 -0.233049175119588E+005  0.240217079271249E+002 
     24.22000000 -0.233049175118145E+005  0.240217080714403E+002 
     24.24000000 -0.233049175116714E+005  0.240217082145677E+002 
     24.26000000 -0.233049175115295E+005  0.240217083564514E+002 
     24.28000000 -0.233049175113890E+005  0.240217084969462E+002 
     24.30000000 -0.233049175112499E+005  0.240217086360272E+002 
     24.32000000 -0.233049175111122E+005  0.240217087738182E+002 
     24.34000000 -0.233049175109754E+005  0.240217089105666E+002 
     24.36000000 -0.233049175108394E+005  0.240217090465510E+002 
     24.38000000 -0.233049175107038E+005  0.240217091821765E+002 
     24.40000000 -0.233049175105680E+005  0.240217093179535E+002 
     24.42000000 -0.233049175104315E+005  0.240217094544390E+002 
     24.44000000 -0.233049175102938E+005  0.240217095921248E+002 
     24.46000000 -0.233049175101545E+005  0.240217097314966E+002 
     24.48000000 -0.233049175100131E+005  0.240217098728576E+002 
     24.50000000 -0.233049175098695E+005  0.240217100164367E+002 
     24.52000000 -0.233049175097237E+005  0.240217101622957E+002 
     24.54000000 -0.233049175095757E+005  0.240217103102924E+002 
     24.56000000 -0.233049175094258E+005  0.240217104601854E+002 
     24.58000000 -0.233049175092744E+005  0.240217106115912E+002 
     24.60000000 -0.233049175091220E+005  0.240217107639715E+002 
     24.62000000 -0.233049175089692E+005  0.240217109168035E+002 
     24.64000000 -0.233049175088165E+005  0.240217110694869E+002 
     24.66000000 -0.233049175086645E+005  0.240217112214682E+002 
     24.68000000 -0.233049175085137E+005  0.240217113722429E+002 
     24.70000000 -0.233049175083646E+005  0.240217115213873E+002 
     24.72000000 -0.233049175082174E+005  0.240217116686137E+002 
     24.74000000 -0.233049175080722E+005  0.240217118137767E+002 
     24.76000000 -0.233049175079291E+005  0.240217119569226E+002 
     24.78000000 -0.233049175077878E+005  0.240217120981691E+002 
     24.80000000 -0.233049175076481E+005  0.240217122378317E+002 
     24.82000000 -0.233049175075097E+005  0.240217123762569E+002 
     24.84000000 -0.233049175073721E+005  0.240217125138901E+002 
     24.86000000 -0.233049175072347E+005  0.240217126512944E+002 
     24.88000000 -0.233049175070972E+005  0.240217127888038E+002 
     24.90000000 -0.233049175069591E+005  0.240217129268702E+002 
     24.92000000 -0.233049175068201E+005  0.240217130658769E+002 
     24.94000000 -0.233049175066799E+005  0.240217132060345E+002 
     24.96000000 -0.233049175065384E+005  0.240217133475842E+002 
     24.98000000 -0.233049175063953E+005  0.240217134906806E+002 
     25.00000000 -0.233049175062507E+005  0.240217136353115E+002 
     25.02000000 -0.233049175061045E+005  0.240217137815077E+002 
     25.04000000 -0.233049175059567E+005  0.240217139292786E+002 
     25.06000000 -0.233049175058075E+005  0.240217140784663E+002 
     25.08000000 -0.233049175056570E+005  0.240217142289997E+002 
     25.10000000 -0.233049175055053E+005  0.240217143806407E+002 
     25.12000000 -0.233049175053528E+005  0.240217145331787E+002 
     25.14000000 -0.233049175051996E+005  0.240217146863664E+002 
     25.16000000 -0.233049175050461E+005  0.240217148399130E+002 
     25.18000000 -0.233049175048925E+005  0.240217149934719E+002 
     25.20000000 -0.233049175047391E+005  0.240217151468267E+002 
     25.22000000 -0.233049175045863E+005  0.240217152996803E+002 
     25.24000000 -0.233049175044341E+005  0.240217154518781E+002 
     25.26000000 -0.233049175042827E+005  0.240217156032901E+002 
     25.28000000 -0.233049175041321E+005  0.240217157539225E+002 
     25.30000000 -0.233049175039821E+005  0.240217159038681E+002 
     25.32000000 -0.233049175038328E+005  0.240217160531734E+002 
     25.34000000 -0.233049175036839E+005  0.240217162021075E+002 
     25.36000000 -0.233049175035352E+005  0.240217163507600E+002 
     25.38000000 -0.233049175033867E+005  0.240217164993073E+002 
     25.40000000 -0.233049175032381E+005  0.240217166478887E+002 
     25.42000000 -0.233049175030895E+005  0.240217167965196E+002 
     25.44000000 -0.233049175029408E+005  0.240217169451907E+002 
     25.46000000 -0.233049175027920E+005  0.240217170939453E+002 
     25.48000000 -0.233049175026432E+005  0.240217172427278E+002 
     25.50000000 -0.233049175024944E+005  0.240217173915257E+002 
     25.52000000 -0.233049175023456E+005  0.240217175404133E+002 
     25.54000000 -0.233049175021965E+005  0.240217176894897E+002 
     25.56000000 -0.233049175020471E+005  0.240217178388939E+002 
     25.58000000 -0.233049175018972E+005  0.240217179888025E+002 
     25.60000000 -0.233049175017466E+005  0.240217181394009E+002 
     25.62000000 -0.233049175015952E+005  0.240217182908098E+002 
     25.64000000 -0.233049175014429E+005  0.240217184431189E+002 
     25.66000000 -0.233049175012896E+005  0.240217185963561E+002 
     25.68000000 -0.233049175011356E+005  0.240217187503853E+002 
     25.70000000 -0.233049175009810E+005  0.240217189049991E+002 
     25.72000000 -0.233049175008260E+005  0.240217190599625E+002 
     25.74000000 -0.233049175006711E+005  0.240217192148765E+002 
     25.76000000 -0.233049175005166E+005  0.240217193694099E+002 
     25.78000000 -0.233049175003628E+005  0.240217195231947E+002 
     25.80000000 -0.233049175002101E+005  0.240217196759091E+002 
     25.82000000 -0.233049175000587E+005  0.240217198273211E+002 
     25.84000000 -0.233049174999087E+005  0.240217199772296E+002 
     25.86000000 -0.233049174997603E+005  0.240217201256532E+002 
     25.88000000 -0.233049174996134E+005  0.240217202725455E+002 
     25.90000000 -0.233049174994680E+005  0.240217204180178E+002 
     25.92000000 -0.233049174993237E+005  0.240217205622682E+002 
     25.94000000 -0.233049174991805E+005  0.240217207054915E+002 
     25.96000000 -0.233049174990381E+005  0.240217208478981E+002 
     25.98000000 -0.233049174988962E+005  0.240217209897571E+002 
     26.00000000 -0.233049174987547E+005  0.240217211312449E+002 
     26.02000000 -0.233049174986134E+005  0.240217212726059E+002 
     26.04000000 -0.233049174984720E+005  0.240217214139792E+002 
     26.06000000 -0.233049174983304E+005  0.240217215555970E+002 
     26.08000000 -0.233049174981884E+005  0.240217216975674E+002 
     26.10000000 -0.233049174980460E+005  0.240217218400049E+002 
     26.12000000 -0.233049174979029E+005  0.240217219830673E+002 
     26.14000000 -0.233049174977591E+005  0.240217221268320E+002 
     26.16000000 -0.233049174976146E+005  0.240217222713361E+002 
     26.18000000 -0.233049174974694E+005  0.240217224166011E+002 
     26.20000000 -0.233049174973234E+005  0.240217225625715E+002 
     26.22000000 -0.233049174971768E+005  0.240217227091575E+002 
     26.24000000 -0.233049174970298E+005  0.240217228562169E+002 
     26.26000000 -0.233049174968824E+005  0.240217230035577E+002 
     26.28000000 -0.233049174967350E+005  0.240217231509636E+002 
     26.30000000 -0.233049174965878E+005  0.240217232981838E+002 
     26.32000000 -0.233049174964410E+005  0.240217234449956E+002 
     26.34000000 -0.233049174962948E+005  0.240217235911578E+002 
     26.36000000 -0.233049174961495E+005  0.240217237365033E+002 
     26.38000000 -0.233049174960051E+005  0.240217238808898E+002 
     26.40000000 -0.233049174958618E+005  0.240217240242090E+002 
     26.42000000 -0.233049174957196E+005  0.240217241663712E+002 
     26.44000000 -0.233049174955785E+005  0.240217243074259E+002 
     26.46000000 -0.233049174954386E+005  0.240217244473267E+002 
     26.48000000 -0.233049174952998E+005  0.240217245861881E+002 
     26.50000000 -0.233049174951619E+005  0.240217247240688E+002 
     26.52000000 -0.233049174950249E+005  0.240217248610616E+002 
     26.54000000 -0.233049174948887E+005  0.240217249972996E+002 
     26.56000000 -0.233049174947530E+005  0.240217251329777E+002 
     26.58000000 -0.233049174946177E+005  0.240217252682660E+002 
     26.60000000 -0.233049174944826E+005  0.240217254034057E+002 
     26.62000000 -0.233049174943473E+005  0.240217255386445E+002 
     26.64000000 -0.233049174942117E+005  0.240217256742329E+002 
     26.66000000 -0.233049174940755E+005  0.240217258104585E+002 
     26.68000000 -0.233049174939384E+005  0.240217259475968E+002 
     26.70000000 -0.233049174938002E+005  0.240217260858208E+002 
     26.72000000 -0.233049174936606E+005  0.240217262253288E+002 
     26.74000000 -0.233049174935198E+005  0.240217263662102E+002 
     26.76000000 -0.233049174933776E+005  0.240217265083631E+002 
     26.78000000 -0.233049174932343E+005  0.240217266517009E+002 
     26.80000000 -0.233049174930900E+005  0.240217267959822E+002 
     26.82000000 -0.233049174929451E+005  0.240217269408730E+002 
     26.84000000 -0.233049174927999E+005  0.240217270860514E+002 
     26.86000000 -0.233049174926548E+005  0.240217272311618E+002 
     26.88000000 -0.233049174925101E+005  0.240217273758267E+002 
     26.90000000 -0.233049174923661E+005  0.240217275199007E+002 
     26.92000000 -0.233049174922228E+005  0.240217276631890E+002 
     26.94000000 -0.233049174920802E+005  0.240217278057596E+002 
     26.96000000 -0.233049174919382E+005  0.240217279477238E+002 
     26.98000000 -0.233049174917966E+005  0.240217280893477E+002 
     27.00000000 -0.233049174916550E+005  0.240217282309902E+002 
     27.02000000 -0.233049174915130E+005  0.240217283729358E+002 
     27.04000000 -0.233049174913704E+005  0.240217285156116E+002 
     27.06000000 -0.233049174912267E+005  0.240217286592556E+002 
     27.08000000 -0.233049174910820E+005  0.240217288040071E+002 
     27.10000000 -0.233049174909360E+005  0.240217289499621E+002 
     27.12000000 -0.233049174907889E+005  0.240217290970307E+002 
     27.14000000 -0.233049174906410E+005  0.240217292450088E+002 
     27.16000000 -0.233049174904923E+005  0.240217293936583E+002 
     27.18000000 -0.233049174903433E+005  0.240217295426449E+002 
     27.20000000 -0.233049174901943E+005  0.240217296916470E+002 
     27.22000000 -0.233049174900455E+005  0.240217298404604E+002 
     27.24000000 -0.233049174898972E+005  0.240217299888221E+002 
     27.26000000 -0.233049174897493E+005  0.240217301366765E+002 
     27.28000000 -0.233049174896020E+005  0.240217302840050E+002 
     27.30000000 -0.233049174894551E+005  0.240217304308756E+002 
     27.32000000 -0.233049174893086E+005  0.240217305774152E+002 
     27.34000000 -0.233049174891622E+005  0.240217307237754E+002 
     27.36000000 -0.233049174890158E+005  0.240217308701758E+002 
     27.38000000 -0.233049174888692E+005  0.240217310167371E+002 
     27.40000000 -0.233049174887223E+005  0.240217311636510E+002 
     27.42000000 -0.233049174885750E+005  0.240217313109733E+002 
     27.44000000 -0.233049174884272E+005  0.240217314587782E+002 
     27.46000000 -0.233049174882789E+005  0.240217316071183E+002 
     27.48000000 -0.233049174881301E+005  0.240217317558915E+002 
     27.50000000 -0.233049174879809E+005  0.240217319050854E+002 
     27.52000000 -0.233049174878314E+005  0.240217320545453E+002 
     27.54000000 -0.233049174876819E+005  0.240217322041228E+002 
     27.56000000 -0.233049174875322E+005  0.240217323537251E+002 
     27.58000000 -0.233049174873829E+005  0.240217325031015E+002 
     27.60000000 -0.233049174872339E+005  0.240217326520882E+002 
     27.62000000 -0.233049174870854E+005  0.240217328006046E+002 
     27.64000000 -0.233049174869375E+005  0.240217329484899E+002 
     27.66000000 -0.233049174867903E+005  0.240217330957132E+002 
     27.68000000 -0.233049174866437E+005  0.240217332422312E+002 
     27.70000000 -0.233049174864979E+005  0.240217333880685E+002 
     27.72000000 -0.233049174863527E+005  0.240217335332748E+002 
     27.74000000 -0.233049174862081E+005  0.240217336778655E+002 
     27.76000000 -0.233049174860640E+005  0.240217338219488E+002 
     27.78000000 -0.233049174859204E+005  0.240217339655897E+002 
     27.80000000 -0.233049174857771E+005  0.240217341089027E+002 
     27.82000000 -0.233049174856340E+005  0.240217342519312E+002 
     27.84000000 -0.233049174854912E+005  0.240217343947616E+002 
     27.86000000 -0.233049174853485E+005  0.240217345375116E+002 
     27.88000000 -0.233049174852056E+005  0.240217346803296E+002 
     27.90000000 -0.233049174850626E+005  0.240217348233580E+002 
     27.92000000 -0.233049174849193E+005  0.240217349667020E+002 
     27.94000000 -0.233049174847754E+005  0.240217351105409E+002 
     27.96000000 -0.233049174846310E+005  0.240217352549800E+002 
     27.98000000 -0.233049174844858E+005  0.240217354001553E+002 
     28.00000000 -0.233049174843399E+005  0.240217355460948E+002 
     28.02000000 -0.233049174841931E+005  0.240217356928386E+002 
     28.04000000 -0.233049174840456E+005  0.240217358404176E+002 
     28.06000000 -0.233049174838973E+005  0.240217359887082E+002 
     28.08000000 -0.233049174837483E+005  0.240217361376392E+002 
     28.10000000 -0.233049174835989E+005  0.240217362870898E+002 
     28.12000000 -0.233049174834491E+005  0.240217364368375E+002 
     28.14000000 -0.233049174832993E+005  0.240217365866718E+002 
     28.16000000 -0.233049174831496E+005  0.240217367363761E+002 
     28.18000000 -0.233049174830003E+005  0.240217368856566E+002 
     28.20000000 -0.233049174828517E+005  0.240217370343061E+002 
     28.22000000 -0.233049174827039E+005  0.240217371820553E+002 
     28.24000000 -0.233049174825572E+005  0.240217373287527E+002 
     28.26000000 -0.233049174824117E+005  0.240217374742745E+002 
     28.28000000 -0.233049174822674E+005  0.240217376185341E+002 
     28.30000000 -0.233049174821243E+005  0.240217377616368E+002 
     28.32000000 -0.233049174819823E+005  0.240217379036691E+002 
     28.34000000 -0.233049174818411E+005  0.240217380449001E+002 
     28.36000000 -0.233049174817004E+005  0.240217381856052E+002 
     28.38000000 -0.233049174815599E+005  0.240217383261093E+002 
     28.40000000 -0.233049174814191E+005  0.240217384668979E+002 
     28.42000000 -0.233049174812777E+005  0.240217386082744E+002 
     28.44000000 -0.233049174811353E+005  0.240217387506346E+002 
     28.46000000 -0.233049174809917E+005  0.240217388942941E+002 
     28.48000000 -0.233049174808465E+005  0.240217390394787E+002 
     28.50000000 -0.233049174806997E+005  0.240217391863215E+002 
     28.52000000 -0.233049174805511E+005  0.240217393348627E+002 
     28.54000000 -0.233049174804010E+005  0.240217394849939E+002 
     28.56000000 -0.233049174802494E+005  0.240217396365235E+002 
     28.58000000 -0.233049174800969E+005  0.240217397891110E+002 
     28.60000000 -0.233049174799436E+005  0.240217399423544E+002 
     28.62000000 -0.233049174797902E+005  0.240217400957772E+002 
     28.64000000 -0.233049174796371E+005  0.240217402488721E+002 
     28.66000000 -0.233049174794848E+005  0.240217404011751E+002 
     28.68000000 -0.233049174793337E+005  0.240217405522808E+002 
     28.70000000 -0.233049174791841E+005  0.240217407019017E+002 
     28.72000000 -0.233049174790361E+005  0.240217408498272E+002 
     28.74000000 -0.233049174788900E+005  0.240217409960110E+002 
     28.76000000 -0.233049174787455E+005  0.240217411404934E+002 
     28.78000000 -0.233049174786025E+005  0.240217412834754E+002 
     28.80000000 -0.233049174784608E+005  0.240217414251489E+002 
     28.82000000 -0.233049174783202E+005  0.240217415658014E+002 
     28.84000000 -0.233049174781803E+005  0.240217417056496E+002 
     28.86000000 -0.233049174780410E+005  0.240217418449967E+002 
     28.88000000 -0.233049174779020E+005  0.240217419840096E+002 
     28.90000000 -0.233049174777631E+005  0.240217421228555E+002 
     28.92000000 -0.233049174776243E+005  0.240217422617107E+002 
     28.94000000 -0.233049174774853E+005  0.240217424006277E+002 
     28.96000000 -0.233049174773462E+005  0.240217425397335E+002 
     28.98000000 -0.233049174772069E+005  0.240217426790496E+002 
     29.00000000 -0.233049174770673E+005  0.240217428186812E+002 
     29.02000000 -0.233049174769273E+005  0.240217429586779E+002 
     29.04000000 -0.233049174767868E+005  0.240217430991820E+002 
     29.06000000 -0.233049174766457E+005  0.240217432403110E+002 
     29.08000000 -0.233049174765037E+005  0.240217433822226E+002 
     29.10000000 -0.233049174763609E+005  0.240217435251056E+002 
     29.12000000 -0.233049174762169E+005  0.240217436691178E+002 
     29.14000000 -0.233049174760716E+005  0.240217438144045E+002 
     29.16000000 -0.233049174759249E+005  0.240217439610678E+002 
     29.18000000 -0.233049174757768E+005  0.240217441091419E+002 
     29.20000000 -0.233049174756274E+005  0.240217442585678E+002 
     29.22000000 -0.233049174754768E+005  0.240217444091847E+002 
     29.24000000 -0.233049174753252E+005  0.240217445607545E+002 
     29.26000000 -0.233049174751731E+005  0.240217447129090E+002 
     29.28000000 -0.233049174750207E+005  0.240217448652893E+002 
     29.30000000 -0.233049174748685E+005  0.240217450174282E+002 
     29.32000000 -0.233049174747170E+005  0.240217451689392E+002 
     29.34000000 -0.233049174745666E+005  0.240217453193953E+002 
     29.36000000 -0.233049174744175E+005  0.240217454685150E+002 
     29.38000000 -0.233049174742699E+005  0.240217456160693E+002 
     29.40000000 -0.233049174741240E+005  0.240217457619840E+002 
     29.42000000 -0.233049174739797E+005  0.240217459062746E+002 
     29.44000000 -0.233049174738368E+005  0.240217460491607E+002 
     29.46000000 -0.233049174736950E+005  0.240217461909764E+002 
     29.48000000 -0.233049174735538E+005  0.240217463321580E+002 
     29.50000000 -0.233049174734128E+005  0.240217464731910E+002 
     29.52000000 -0.233049174732714E+005  0.240217466146231E+002 
     29.54000000 -0.233049174731290E+005  0.240217467569710E+002 
     29.56000000 -0.233049174729853E+005  0.240217469006490E+002 
     29.58000000 -0.233049174728400E+005  0.240217470459945E+002 
     29.60000000 -0.233049174726928E+005  0.240217471931559E+002 
     29.62000000 -0.233049174725439E+005  0.240217473421209E+002 
     29.64000000 -0.233049174723934E+005  0.240217474926172E+002 
     29.66000000 -0.233049174722417E+005  0.240217476443014E+002 
     29.68000000 -0.233049174720894E+005  0.240217477965796E+002 
     29.70000000 -0.233049174719371E+005  0.240217479489012E+002 
     29.72000000 -0.233049174717854E+005  0.240217481006040E+002 
     29.74000000 -0.233049174716349E+005  0.240217482510941E+002 
     29.76000000 -0.233049174714860E+005  0.240217483999508E+002 
     29.78000000 -0.233049174713392E+005  0.240217485468090E+002 
     29.80000000 -0.233049174711944E+005  0.240217486915544E+002 
     29.82000000 -0.233049174710517E+005  0.240217488342703E+002 
     29.84000000 -0.233049174709109E+005  0.240217489751147E+002 
     29.86000000 -0.233049174707715E+005  0.240217491144370E+002 
     29.88000000 -0.233049174706333E+005  0.240217492526611E+002 
     29.90000000 -0.233049174704958E+005  0.240217493902231E+002 
     29.92000000 -0.233049174703584E+005  0.240217495276026E+002 
     29.94000000 -0.233049174702208E+005  0.240217496651956E+002 
     29.96000000 -0.233049174700826E+005  0.240217498033548E+002 
     29.98000000 -0.233049174699436E+005  0.240217499424141E+002 
     30.00000000 -0.233049174698034E+005  0.240217500825346E+002 
