# Real time calculation: 
# Eall: Total energy
# Eall0: Initial total energy
# 1:Time[fs] 2:Eall[eV] 3:Eall-Eall0[eV] 
      0.00000000 -0.233563552168403E+005  0.000000000000000E+000 
      0.02000000 -0.233563552184707E+005 -0.163042299389267E-005 
      0.04000000 -0.233563552185575E+005 -0.171722565175340E-005 
      0.06000000 -0.233563552186242E+005 -0.178399121581308E-005 
      0.08000000 -0.233563552186768E+005 -0.183656345173330E-005 
      0.10000000 -0.233563552187195E+005 -0.187927336635696E-005 
      0.12000000 -0.233563552187556E+005 -0.191533827905308E-005 
      0.14000000 -0.233563552187866E+005 -0.194637303665880E-005 
      0.16000000 -0.233563552188117E+005 -0.197144028555027E-005 
      0.18000000 -0.233563552188259E+005 -0.198569548521605E-005 
      0.20000000 -0.233563552188191E+005 -0.197881227791215E-005 
      0.22000000 -0.233563552187735E+005 -0.193325008592481E-005 
      0.24000000 -0.233563552186629E+005 -0.182261142254652E-005 
      0.26000000 -0.233563552184499E+005 -0.160966819038621E-005 
      0.28000000 -0.233563552180851E+005 -0.124484273539790E-005 
      0.30000000 -0.233563552175048E+005 -0.664546596398822E-006 
      0.32000000 -0.233563552166300E+005  0.210288943680871E-006 
      0.34000000 -0.233563552153650E+005  0.147522136367721E-005 
      0.36000000 -0.233563552135969E+005  0.324338274947948E-005 
      0.38000000 -0.233563552111943E+005  0.564596239193554E-005 
      0.40000000 -0.233563552080076E+005  0.883262441965456E-005 
      0.42000000 -0.233563552038689E+005  0.129713500266149E-004 
      0.44000000 -0.233563551985922E+005  0.182480848044639E-004 
      0.46000000 -0.233563551919740E+005  0.248662344895787E-004 
      0.48000000 -0.233563551837947E+005  0.330455265269812E-004 
      0.50000000 -0.233563551738191E+005  0.430211345882412E-004 
      0.52000000 -0.233563551617982E+005  0.550420544439099E-004 
      0.54000000 -0.233563551474705E+005  0.693697180413301E-004 
      0.56000000 -0.233563551305641E+005  0.862761311716940E-004 
      0.58000000 -0.233563551107979E+005  0.106042354524072E-003 
      0.60000000 -0.233563550878839E+005  0.128956313433380E-003 
      0.62000000 -0.233563550615295E+005  0.155310774681470E-003 
      0.64000000 -0.233563550314391E+005  0.185401196461588E-003 
      0.66000000 -0.233563549973169E+005  0.219523386541105E-003 
      0.68000000 -0.233563549588688E+005  0.257971466688298E-003 
      0.70000000 -0.233563549158045E+005  0.301035731917542E-003 
      0.72000000 -0.233563548678396E+005  0.349000692255500E-003 
      0.74000000 -0.233563548146969E+005  0.402143383648454E-003 
      0.76000000 -0.233563547561085E+005  0.460731740741165E-003 
      0.78000000 -0.233563546918169E+005  0.525023387288530E-003 
      0.80000000 -0.233563546215754E+005  0.595264872042234E-003 
      0.82000000 -0.233563545451492E+005  0.671691040754757E-003 
      0.84000000 -0.233563544623157E+005  0.754524587610809E-003 
      0.86000000 -0.233563543728646E+005  0.843975680904593E-003 
      0.88000000 -0.233563542765980E+005  0.940242275491018E-003 
      0.90000000 -0.233563541733299E+005  0.104351036645895E-002 
      0.92000000 -0.233563540628858E+005  0.115395449957132E-002 
      0.94000000 -0.233563539451012E+005  0.127173907675429E-002 
      0.96000000 -0.233563538198211E+005  0.139701919755008E-002 
      0.98000000 -0.233563536868979E+005  0.152994236986459E-002 
      1.00000000 -0.233563535461900E+005  0.167065024546377E-002 
      1.02000000 -0.233563533975594E+005  0.181928083497425E-002 
      1.04000000 -0.233563532408697E+005  0.197597059604735E-002 
      1.06000000 -0.233563530759833E+005  0.214085696699807E-002 
      1.08000000 -0.233563529027595E+005  0.231408075195245E-002 
      1.10000000 -0.233563527210516E+005  0.249578864829941E-002 
      1.12000000 -0.233563525307047E+005  0.268613550500148E-002 
      1.14000000 -0.233563523315533E+005  0.288528692429242E-002 
      1.16000000 -0.233563521234188E+005  0.309342143955506E-002 
      1.18000000 -0.233563519061080E+005  0.331073221369456E-002 
      1.20000000 -0.233563516794111E+005  0.353742915823832E-002 
      1.22000000 -0.233563514430995E+005  0.377374076782662E-002 
      1.24000000 -0.233563511969245E+005  0.401991579074392E-002 
      1.26000000 -0.233563509406155E+005  0.427622470455470E-002 
      1.28000000 -0.233563506738794E+005  0.454296080194880E-002 
      1.30000000 -0.233563503963992E+005  0.482044108787849E-002 
      1.32000000 -0.233563501078334E+005  0.510900683640228E-002 
      1.34000000 -0.233563498078164E+005  0.540902380723520E-002 
      1.36000000 -0.233563494959580E+005  0.572088226740387E-002 
      1.38000000 -0.233563491718433E+005  0.604499691081348E-002 
      1.40000000 -0.233563488350341E+005  0.638180613125741E-002 
      1.42000000 -0.233563484850689E+005  0.673177133564325E-002 
      1.44000000 -0.233563481214643E+005  0.709537594786122E-002 
      1.46000000 -0.233563477437160E+005  0.747312423013162E-002 
      1.48000000 -0.233563473513005E+005  0.786553971456162E-002 
      1.50000000 -0.233563469436769E+005  0.827316339959027E-002 
      1.52000000 -0.233563465202887E+005  0.869655153808144E-002 
      1.54000000 -0.233563460805671E+005  0.913627315008845E-002 
      1.56000000 -0.233563456239328E+005  0.959290740878210E-002 
      1.58000000 -0.233563451497988E+005  0.100670414501986E-001 
      1.60000000 -0.233563446575724E+005  0.105592678086649E-001 
      1.62000000 -0.233563441466582E+005  0.110701820718678E-001 
      1.64000000 -0.233563436164602E+005  0.116003800131084E-001 
      1.66000000 -0.233563430663858E+005  0.121504544358549E-001 
      1.68000000 -0.233563424958478E+005  0.127209924699564E-001 
      1.70000000 -0.233563419042672E+005  0.133125730534718E-001 
      1.72000000 -0.233563412910760E+005  0.139257642598202E-001 
      1.74000000 -0.233563406557198E+005  0.145611204269416E-001 
      1.76000000 -0.233563399976607E+005  0.152191795865354E-001 
      1.78000000 -0.233563393163790E+005  0.159004612769017E-001 
      1.80000000 -0.233563386113760E+005  0.166054642103850E-001 
      1.82000000 -0.233563378821766E+005  0.173346636685826E-001 
      1.84000000 -0.233563371283304E+005  0.180885098658430E-001 
      1.86000000 -0.233563363494136E+005  0.188674266344959E-001 
      1.88000000 -0.233563355450301E+005  0.196718101131756E-001 
      1.90000000 -0.233563347148120E+005  0.205020282332878E-001 
      1.92000000 -0.233563338584197E+005  0.213584205086461E-001 
      1.94000000 -0.233563329755426E+005  0.222412976642428E-001 
      1.96000000 -0.233563320658989E+005  0.231509413268914E-001 
      1.98000000 -0.233563311292358E+005  0.240876044954504E-001 
      2.00000000 -0.233563301653278E+005  0.250515124348663E-001 
      2.02000000 -0.233563291739769E+005  0.260428633784158E-001 
      2.04000000 -0.233563281550104E+005  0.270618298610373E-001 
      2.06000000 -0.233563271082797E+005  0.281085605971316E-001 
      2.08000000 -0.233563260336577E+005  0.291831825810998E-001 
      2.10000000 -0.233563249310369E+005  0.302858033301870E-001 
      2.12000000 -0.233563238003264E+005  0.314165138574083E-001 
      2.14000000 -0.233563226414495E+005  0.325753907318711E-001 
      2.16000000 -0.233563214543413E+005  0.337624989403332E-001 
      2.18000000 -0.233563202389453E+005  0.349778949993403E-001 
      2.20000000 -0.233563189952103E+005  0.362216299312464E-001 
      2.22000000 -0.233563177230879E+005  0.374937524041943E-001 
      2.24000000 -0.233563164225288E+005  0.387943114420879E-001 
      2.26000000 -0.233563150934810E+005  0.401233592521210E-001 
      2.28000000 -0.233563137358864E+005  0.414809538450367E-001 
      2.30000000 -0.233563123496789E+005  0.428671613862453E-001 
      2.32000000 -0.233563109347818E+005  0.442820584479477E-001 
      2.34000000 -0.233563094911062E+005  0.457257340818319E-001 
      2.36000000 -0.233563080185488E+005  0.471982914401065E-001 
      2.38000000 -0.233563065169911E+005  0.486998491490488E-001 
      2.40000000 -0.233563049862976E+005  0.502305426670852E-001 
      2.42000000 -0.233563034263148E+005  0.517905254046651E-001 
      2.44000000 -0.233563018368709E+005  0.533799693306024E-001 
      2.46000000 -0.233563002177751E+005  0.549990652009999E-001 
      2.48000000 -0.233562985688181E+005  0.566480221044936E-001 
      2.50000000 -0.233562968897739E+005  0.583270663516590E-001 
      2.52000000 -0.233562951803994E+005  0.600364408253599E-001 
      2.54000000 -0.233562934404365E+005  0.617764037247562E-001 
      2.56000000 -0.233562916696137E+005  0.635472265049827E-001 
      2.58000000 -0.233562898676491E+005  0.653491911919243E-001 
      2.60000000 -0.233562880342519E+005  0.671825883806721E-001 
      2.62000000 -0.233562861691261E+005  0.690477141914447E-001 
      2.64000000 -0.233562842719730E+005  0.709448672904742E-001 
      2.66000000 -0.233562823424947E+005  0.728743455396624E-001 
      2.68000000 -0.233562803803982E+005  0.748364420801140E-001 
      2.70000000 -0.233562783853985E+005  0.768314417126519E-001 
      2.72000000 -0.233562763572227E+005  0.788596175196317E-001 
      2.74000000 -0.233562742956121E+005  0.809212281704372E-001 
      2.76000000 -0.233562722003251E+005  0.830165151217934E-001 
      2.78000000 -0.233562700711411E+005  0.851456991405870E-001 
      2.80000000 -0.233562679078632E+005  0.873089770432369E-001 
      2.82000000 -0.233562657103213E+005  0.895065189145688E-001 
      2.84000000 -0.233562634783746E+005  0.917384656607969E-001 
      2.86000000 -0.233562612119136E+005  0.940049266522182E-001 
      2.88000000 -0.233562589108617E+005  0.963059785785897E-001 
      2.90000000 -0.233562565751767E+005  0.986416635496721E-001 
      2.92000000 -0.233562542048524E+005  0.101011987814490E+000 
      2.94000000 -0.233562517999195E+005  0.103416920718794E+000 
      2.96000000 -0.233562493604456E+005  0.105856394658663E+000 
      2.98000000 -0.233562468865351E+005  0.108330305139276E+000 
      3.00000000 -0.233562443783290E+005  0.110838511297728E+000 
      3.02000000 -0.233562418360035E+005  0.113380836790888E+000 
      3.04000000 -0.233562392597695E+005  0.115957070745127E+000 
      3.06000000 -0.233562366498715E+005  0.118566968761729E+000 
      3.08000000 -0.233562340065846E+005  0.121210255679455E+000 
      3.10000000 -0.233562313302119E+005  0.123886628389697E+000 
      3.12000000 -0.233562286210816E+005  0.126595758648541E+000 
      3.14000000 -0.233562258795440E+005  0.129337296235304E+000 
      3.16000000 -0.233562231059674E+005  0.132110872810230E+000 
      3.18000000 -0.233562203007343E+005  0.134916105994911E+000 
      3.20000000 -0.233562174642367E+005  0.137752603595023E+000 
      3.22000000 -0.233562145968723E+005  0.140619967952985E+000 
      3.24000000 -0.233562116990406E+005  0.143517799647879E+000 
      3.26000000 -0.233562087711386E+005  0.146445701659400E+000 
      3.28000000 -0.233562058135567E+005  0.149403283565844E+000 
      3.30000000 -0.233562028266747E+005  0.152390165581219E+000 
      3.32000000 -0.233561998108587E+005  0.155405981596238E+000 
      3.34000000 -0.233561967664577E+005  0.158450382565778E+000 
      3.36000000 -0.233561936938000E+005  0.161523040279952E+000 
      3.38000000 -0.233561905931896E+005  0.164623650640210E+000 
      3.40000000 -0.233561874649039E+005  0.167751936353837E+000 
      3.42000000 -0.233561843091901E+005  0.170907650154374E+000 
      3.44000000 -0.233561811262636E+005  0.174090576608258E+000 
      3.46000000 -0.233561779163077E+005  0.177300532520087E+000 
      3.48000000 -0.233561746794731E+005  0.180537367198666E+000 
      3.50000000 -0.233561714158778E+005  0.183800962404414E+000 
      3.52000000 -0.233561681256092E+005  0.187091231050063E+000 
      3.54000000 -0.233561648087254E+005  0.190408114877386E+000 
      3.56000000 -0.233561614652586E+005  0.193751581638942E+000 
      3.58000000 -0.233561580952189E+005  0.197121621364134E+000 
      3.60000000 -0.233561546985974E+005  0.200518242807785E+000 
      3.62000000 -0.233561512753711E+005  0.203941469140780E+000 
      3.64000000 -0.233561478255070E+005  0.207391333284959E+000 
      3.66000000 -0.233561443489677E+005  0.210867872527197E+000 
      3.68000000 -0.233561408457173E+005  0.214371122913845E+000 
      3.70000000 -0.233561373157274E+005  0.217901112887244E+000 
      3.72000000 -0.233561337589834E+005  0.221457856869646E+000 
      3.74000000 -0.233561301754907E+005  0.225041349601973E+000 
      3.76000000 -0.233561265652814E+005  0.228651558818222E+000 
      3.78000000 -0.233561229284218E+005  0.232288418476727E+000 
      3.80000000 -0.233561192650183E+005  0.235951821966661E+000 
      3.82000000 -0.233561155752244E+005  0.239641615806422E+000 
      3.84000000 -0.233561118592466E+005  0.243357593639001E+000 
      3.86000000 -0.233561081173492E+005  0.247099491003841E+000 
      3.88000000 -0.233561043498589E+005  0.250866981336837E+000 
      3.90000000 -0.233561005571675E+005  0.254659672771586E+000 
      3.92000000 -0.233560967397349E+005  0.258477105379907E+000 
      3.94000000 -0.233560928980903E+005  0.262318749952983E+000 
      3.96000000 -0.233560890328328E+005  0.266184007481630E+000 
      3.98000000 -0.233560851446318E+005  0.270072208460249E+000 
      4.00000000 -0.233560812342278E+005  0.273982612500127E+000 
      4.02000000 -0.233560773024311E+005  0.277914409124486E+000 
      4.04000000 -0.233560733501208E+005  0.281866719445201E+000 
      4.06000000 -0.233560693782422E+005  0.285838598080816E+000 
      4.08000000 -0.233560653878045E+005  0.289829035752059E+000 
      4.10000000 -0.233560613798770E+005  0.293836963253991E+000 
      4.12000000 -0.233560573555838E+005  0.297861256489252E+000 
      4.14000000 -0.233560533160973E+005  0.301900742918172E+000 
      4.16000000 -0.233560492626314E+005  0.305954208896735E+000 
      4.18000000 -0.233560451964328E+005  0.310020407444543E+000 
      4.20000000 -0.233560411187724E+005  0.314098067847281E+000 
      4.22000000 -0.233560370309357E+005  0.318185904550751E+000 
      4.24000000 -0.233560329342136E+005  0.322282626679801E+000 
      4.26000000 -0.233560288298934E+005  0.326386946873583E+000 
      4.28000000 -0.233560247192501E+005  0.330497590133179E+000 
      4.30000000 -0.233560206035384E+005  0.334613301818499E+000 
      4.32000000 -0.233560164839852E+005  0.338732855075952E+000 
      4.34000000 -0.233560123617817E+005  0.342855058569300E+000 
      4.36000000 -0.233560082380764E+005  0.346978763833083E+000 
      4.38000000 -0.233560041139678E+005  0.351102872502312E+000 
      4.40000000 -0.233559999904978E+005  0.355226342465587E+000 
      4.42000000 -0.233559958686472E+005  0.359348193046843E+000 
      4.44000000 -0.233559917493310E+005  0.363467509215701E+000 
      4.46000000 -0.233559876333956E+005  0.367583444643927E+000 
      4.48000000 -0.233559835216159E+005  0.371695224359719E+000 
      4.50000000 -0.233559794146943E+005  0.375802145907796E+000 
      4.52000000 -0.233559753132616E+005  0.379903578628597E+000 
      4.54000000 -0.233559712178784E+005  0.383998961888753E+000 
      4.56000000 -0.233559671290374E+005  0.388087802832060E+000 
      4.58000000 -0.233559630471668E+005  0.392169673406550E+000 
      4.60000000 -0.233559589726350E+005  0.396244205284841E+000 
      4.62000000 -0.233559549057559E+005  0.400311084345192E+000 
      4.64000000 -0.233559508467964E+005  0.404370043847080E+000 
      4.66000000 -0.233559467959832E+005  0.408420857099419E+000 
      4.68000000 -0.233559427535104E+005  0.412463329881302E+000 
      4.70000000 -0.233559387195471E+005  0.416497293134968E+000 
      4.72000000 -0.233559346942441E+005  0.420522596175410E+000 
      4.74000000 -0.233559306777398E+005  0.424539100404222E+000 
      4.76000000 -0.233559266701666E+005  0.428546673614325E+000 
      4.78000000 -0.233559226716552E+005  0.432545185058811E+000 
      4.80000000 -0.233559186823393E+005  0.436534500977627E+000 
      4.82000000 -0.233559147023595E+005  0.440514480773917E+000 
      4.84000000 -0.233559107318670E+005  0.444484973270792E+000 
      4.86000000 -0.233559067710286E+005  0.448445811647151E+000 
      4.88000000 -0.233559028200316E+005  0.452396808667379E+000 
      4.90000000 -0.233558988790894E+005  0.456337750887087E+000 
      4.92000000 -0.233558949484482E+005  0.460268392051411E+000 
      4.94000000 -0.233558910283940E+005  0.464188446255122E+000 
      4.96000000 -0.233558871192607E+005  0.468097579565218E+000 
      4.98000000 -0.233558832214400E+005  0.471995400217382E+000 
      5.00000000 -0.233558793353922E+005  0.475881448011201E+000 
      5.02000000 -0.233558754616572E+005  0.479755183049548E+000 
      5.04000000 -0.233558716008654E+005  0.483615974815168E+000 
      5.06000000 -0.233558677537484E+005  0.487463091890718E+000 
      5.08000000 -0.233558639211471E+005  0.491295693185388E+000 
      5.10000000 -0.233558601040188E+005  0.495112821456952E+000 
      5.12000000 -0.233558563034403E+005  0.498913399915022E+000 
      5.14000000 -0.233558525206074E+005  0.502696232827385E+000 
      5.16000000 -0.233558487568304E+005  0.506460009900513E+000 
      5.18000000 -0.233558450135259E+005  0.510203314372353E+000 
      5.20000000 -0.233558412922046E+005  0.513924635640309E+000 
      5.22000000 -0.233558375944547E+005  0.517622385542734E+000 
      5.24000000 -0.233558339219226E+005  0.521294917665937E+000 
      5.26000000 -0.233558302762918E+005  0.524940548420723E+000 
      5.28000000 -0.233558266592606E+005  0.528557579681179E+000 
      5.30000000 -0.233558230725182E+005  0.532144322023624E+000 
      5.32000000 -0.233558195177224E+005  0.535699117875838E+000 
      5.34000000 -0.233558159964765E+005  0.539220363762972E+000 
      5.36000000 -0.233558125103094E+005  0.542706530892199E+000 
      5.38000000 -0.233558090606573E+005  0.546156182981002E+000 
      5.40000000 -0.233558056488493E+005  0.549567990998059E+000 
      5.42000000 -0.233558022760963E+005  0.552940743956735E+000 
      5.44000000 -0.233557989434854E+005  0.556273354860931E+000 
      5.46000000 -0.233557956519769E+005  0.559564863325348E+000 
      5.48000000 -0.233557924024078E+005  0.562814432466440E+000 
      5.50000000 -0.233557891954987E+005  0.566021341542798E+000 
      5.52000000 -0.233557860318647E+005  0.569184975505045E+000 
      5.54000000 -0.233557829120284E+005  0.572304811866704E+000 
      5.56000000 -0.233557798364343E+005  0.575380405904523E+000 
      5.58000000 -0.233557768054647E+005  0.578411375561829E+000 
      5.60000000 -0.233557738194533E+005  0.581397386961302E+000 
      5.62000000 -0.233557708787005E+005  0.584338139735245E+000 
      5.64000000 -0.233557679834860E+005  0.587233354230546E+000 
      5.66000000 -0.233557651340791E+005  0.590082761169947E+000 
      5.68000000 -0.233557623307468E+005  0.592886093485006E+000 
      5.70000000 -0.233557595737602E+005  0.595643080073255E+000 
      5.72000000 -0.233557568633983E+005  0.598353441993105E+000 
      5.74000000 -0.233557541999492E+005  0.601016891046987E+000 
      5.76000000 -0.233557515837094E+005  0.603633130901225E+000 
      5.78000000 -0.233557490149808E+005  0.606201859440249E+000 
      5.80000000 -0.233557464940671E+005  0.608722773174943E+000 
      5.82000000 -0.233557440212688E+005  0.611195571409688E+000 
      5.84000000 -0.233557415968790E+005  0.613619961263240E+000 
      5.86000000 -0.233557392211766E+005  0.615995663673360E+000 
      5.88000000 -0.233557368944223E+005  0.618322417990777E+000 
      5.90000000 -0.233557346168535E+005  0.620599986706168E+000 
      5.92000000 -0.233557323886811E+005  0.622828159162453E+000 
      5.94000000 -0.233557302100865E+005  0.625006753791452E+000 
      5.96000000 -0.233557280812225E+005  0.627135617714811E+000 
      5.98000000 -0.233557260022161E+005  0.629214624129929E+000 
      6.00000000 -0.233557239731727E+005  0.631243667542761E+000 
      6.02000000 -0.233557219941832E+005  0.633222657005257E+000 
      6.04000000 -0.233557200653325E+005  0.635151507762706E+000 
      6.06000000 -0.233557181867087E+005  0.637030131512066E+000 
      6.08000000 -0.233557163584151E+005  0.638858425122783E+000 
      6.10000000 -0.233557145805807E+005  0.640636259574163E+000 
      6.12000000 -0.233557128533715E+005  0.642363468731878E+000 
      6.14000000 -0.233557111770020E+005  0.644039838279148E+000 
      6.16000000 -0.233557095517450E+005  0.645665095217142E+000 
      6.18000000 -0.233557079779418E+005  0.647238898469793E+000 
      6.20000000 -0.233557064560094E+005  0.648760830889987E+000 
      6.22000000 -0.233557049864466E+005  0.650230393632359E+000 
      6.24000000 -0.233557035698374E+005  0.651647002901932E+000 
      6.26000000 -0.233557022068498E+005  0.653009990421258E+000 
      6.28000000 -0.233557008982329E+005  0.654318607340693E+000 
      6.30000000 -0.233556996448090E+005  0.655572031208224E+000 
      6.32000000 -0.233556984474638E+005  0.656769376500005E+000 
      6.34000000 -0.233556973071314E+005  0.657909708822964E+000 
      6.36000000 -0.233556962247784E+005  0.658992061876885E+000 
      6.38000000 -0.233556952013831E+005  0.660015457163577E+000 
      6.40000000 -0.233556942379159E+005  0.660978924389017E+000 
      6.42000000 -0.233556933353167E+005  0.661881523557667E+000 
      6.44000000 -0.233556924944738E+005  0.662722366460456E+000 
      6.46000000 -0.233556917162024E+005  0.663500637841031E+000 
      6.48000000 -0.233556910012258E+005  0.664215614433622E+000 
      6.50000000 -0.233556903501582E+005  0.664866682045776E+000 
      6.52000000 -0.233556897634904E+005  0.665453349850674E+000 
      6.54000000 -0.233556892415788E+005  0.665975261477604E+000 
      6.56000000 -0.233556887846371E+005  0.666432203107854E+000 
      6.58000000 -0.233556883927324E+005  0.666824107855208E+000 
      6.60000000 -0.233556880657839E+005  0.667151056328986E+000 
      6.62000000 -0.233556878035676E+005  0.667413272627855E+000 
      6.64000000 -0.233556876057242E+005  0.667611116064518E+000 
      6.66000000 -0.233556874717717E+005  0.667745068543919E+000 
      6.68000000 -0.233556874011208E+005  0.667815719485153E+000 
      6.70000000 -0.233556873930929E+005  0.667823747402314E+000 
      6.72000000 -0.233556874469417E+005  0.667769898521694E+000 
      6.74000000 -0.233556875618765E+005  0.667654963753201E+000 
      6.76000000 -0.233556877370851E+005  0.667479755154430E+000 
      6.78000000 -0.233556879717573E+005  0.667245082988705E+000 
      6.80000000 -0.233556882651070E+005  0.666951733281174E+000 
      6.82000000 -0.233556886163933E+005  0.666600446915525E+000 
      6.84000000 -0.233556890249387E+005  0.666191901505620E+000 
      6.86000000 -0.233556894901436E+005  0.665726696639140E+000 
      6.88000000 -0.233556900114978E+005  0.665205342437539E+000 
      6.90000000 -0.233556905885879E+005  0.664628252329449E+000 
      6.92000000 -0.233556912211004E+005  0.663995739839549E+000 
      6.94000000 -0.233556919088201E+005  0.663308020135353E+000 
      6.96000000 -0.233556926516240E+005  0.662565216242204E+000 
      6.98000000 -0.233556934494716E+005  0.661767368673576E+000 
      7.00000000 -0.233556943023906E+005  0.660914449698653E+000 
      7.02000000 -0.233556952104609E+005  0.660006379379421E+000 
      7.04000000 -0.233556961737961E+005  0.659043044163070E+000 
      7.06000000 -0.233556971925238E+005  0.658024316433388E+000 
      7.08000000 -0.233556982667654E+005  0.656950074804627E+000 
      7.10000000 -0.233556993966166E+005  0.655820223641971E+000 
      7.12000000 -0.233557005821287E+005  0.654634711523993E+000 
      7.14000000 -0.233557018232929E+005  0.653393547347818E+000 
      7.16000000 -0.233557031200269E+005  0.652096813396391E+000 
      7.18000000 -0.233557044721649E+005  0.650744675305972E+000 
      7.20000000 -0.233557058794516E+005  0.649337388701869E+000 
      7.22000000 -0.233557073415385E+005  0.647875301772281E+000 
      7.24000000 -0.233557088579868E+005  0.646358853446191E+000 
      7.26000000 -0.233557104282716E+005  0.644788568623067E+000 
      7.28000000 -0.233557120517919E+005  0.643165048369319E+000 
      7.30000000 -0.233557137278821E+005  0.641488958116306E+000 
      7.32000000 -0.233557154558276E+005  0.639761012631744E+000 
      7.34000000 -0.233557172348804E+005  0.637981959861951E+000 
      7.36000000 -0.233557190642767E+005  0.636152563561424E+000 
      7.38000000 -0.233557209432537E+005  0.634273586590614E+000 
      7.40000000 -0.233557228710651E+005  0.632345775154158E+000 
      7.42000000 -0.233557248469953E+005  0.630369844975685E+000 
      7.44000000 -0.233557268703701E+005  0.628346470114539E+000 
      7.46000000 -0.233557289405650E+005  0.626276275275147E+000 
      7.48000000 -0.233557310570082E+005  0.624159832082354E+000 
      7.50000000 -0.233557332191812E+005  0.621997659044298E+000 
      7.52000000 -0.233557354266143E+005  0.619790225976228E+000 
      7.54000000 -0.233557376788780E+005  0.617537962269631E+000 
      7.56000000 -0.233557399755712E+005  0.615241269006674E+000 
      7.58000000 -0.233557423163074E+005  0.612900532841089E+000 
      7.60000000 -0.233557447006980E+005  0.610516142220878E+000 
      7.62000000 -0.233557471283354E+005  0.608088504845371E+000 
      7.64000000 -0.233557495987746E+005  0.605618065626527E+000 
      7.66000000 -0.233557521115166E+005  0.603105323626264E+000 
      7.68000000 -0.233557546659927E+005  0.600550847524342E+000 
      7.70000000 -0.233557572615525E+005  0.597955287717339E+000 
      7.72000000 -0.233557598974547E+005  0.595319385590100E+000 
      7.74000000 -0.233557625728615E+005  0.592643978762443E+000 
      7.76000000 -0.233557652868384E+005  0.589930001896579E+000 
      7.78000000 -0.233557680383577E+005  0.587178482601221E+000 
      7.80000000 -0.233557708263069E+005  0.584390533317133E+000 
      7.82000000 -0.233557736495007E+005  0.581567339586285E+000 
      7.84000000 -0.233557765066959E+005  0.578710144395267E+000 
      7.86000000 -0.233557793966097E+005  0.575820230579025E+000 
      7.88000000 -0.233557823179390E+005  0.572898901260179E+000 
      7.90000000 -0.233557852693809E+005  0.569947459326236E+000 
      7.92000000 -0.233557882496541E+005  0.566967186182910E+000 
      7.94000000 -0.233557912575188E+005  0.563959321426231E+000 
      7.96000000 -0.233557942917962E+005  0.560925044030508E+000 
      7.98000000 -0.233557973513843E+005  0.557865455964748E+000 
      8.00000000 -0.233558004352706E+005  0.554781569607987E+000 
      8.02000000 -0.233558035425414E+005  0.551674298889288E+000 
      8.04000000 -0.233558066723843E+005  0.548544455949776E+000 
      8.06000000 -0.233558098240867E+005  0.545392753527777E+000 
      8.08000000 -0.233558129970282E+005  0.542219812074052E+000 
      8.10000000 -0.233558161906683E+005  0.539026171918827E+000 
      8.12000000 -0.233558194045319E+005  0.535812308393197E+000 
      8.14000000 -0.233558226381899E+005  0.532578650368927E+000 
      8.16000000 -0.233558258912395E+005  0.529325600793612E+000 
      8.18000000 -0.233558291632827E+005  0.526053557538291E+000 
      8.20000000 -0.233558324539056E+005  0.522762934696715E+000 
      8.22000000 -0.233558357626575E+005  0.519454182798776E+000 
      8.24000000 -0.233558390890321E+005  0.516127808126801E+000 
      8.26000000 -0.233558424324515E+005  0.512784388783583E+000 
      8.28000000 -0.233558457922527E+005  0.509424587580222E+000 
      8.30000000 -0.233558491676794E+005  0.506049160893034E+000 
      8.32000000 -0.233558525578780E+005  0.502658962270659E+000 
      8.34000000 -0.233558559618985E+005  0.499254941719450E+000 
      8.36000000 -0.233558593787003E+005  0.495838139989632E+000 
      8.38000000 -0.233558628071619E+005  0.492409678378875E+000 
      8.40000000 -0.233558662460954E+005  0.488970744835953E+000 
      8.42000000 -0.233558696942629E+005  0.485522577338957E+000 
      8.44000000 -0.233558731503944E+005  0.482066445862834E+000 
      8.46000000 -0.233558766132047E+005  0.478603635516311E+000 
      8.48000000 -0.233558800814045E+005  0.475135435785521E+000 
      8.50000000 -0.233558835536963E+005  0.471663143980256E+000 
      8.52000000 -0.233558870287419E+005  0.468188098381629E+000 
      8.54000000 -0.233558905050791E+005  0.464711761112801E+000 
      8.56000000 -0.233558939809636E+005  0.461235876678582E+000 
      8.58000000 -0.233558974541059E+005  0.457762734350193E+000 
      8.60000000 -0.233559009212756E+005  0.454295564662761E+000 
      8.62000000 -0.233559043777478E+005  0.450839092407552E+000 
      8.64000000 -0.233559078165821E+005  0.447400258190085E+000 
      8.66000000 -0.233559112277372E+005  0.443989103044467E+000 
      8.68000000 -0.233559145970535E+005  0.440619786761377E+000 
      8.70000000 -0.233559179051601E+005  0.437311680177271E+000 
      8.72000000 -0.233559211263978E+005  0.434090442453558E+000 
      8.74000000 -0.233559242278802E+005  0.430988960026511E+000 
      8.76000000 -0.233559271688426E+005  0.428047997675147E+000 
      8.78000000 -0.233559299004486E+005  0.425316391622263E+000 
      8.80000000 -0.233559323662320E+005  0.422850608254337E+000 
      8.82000000 -0.233559345033391E+005  0.420713501147309E+000 
      8.84000000 -0.233559362447112E+005  0.418972129018719E+000 
      8.86000000 -0.233559375222921E+005  0.417694548177847E+000 
      8.88000000 -0.233559382712731E+005  0.416945567136690E+000 
      8.90000000 -0.233559384352934E+005  0.416781546883582E+000 
      8.92000000 -0.233559379723989E+005  0.417244441312590E+000 
      8.94000000 -0.233559368614445E+005  0.418355395735547E+000 
      8.96000000 -0.233559351084927E+005  0.420108347596700E+000 
      8.98000000 -0.233559327526465E+005  0.422464193788240E+000 
      9.00000000 -0.233559298706488E+005  0.425346191411829E+000 
      9.02000000 -0.233559265795065E+005  0.428637333708179E+000 
      9.04000000 -0.233559230363629E+005  0.432180477314402E+000 
      9.06000000 -0.233559194348600E+005  0.435781980285011E+000 
      9.08000000 -0.233559159973049E+005  0.439219535333420E+000 
      9.10000000 -0.233559129620971E+005  0.442254743122220E+000 
      9.12000000 -0.233559105660750E+005  0.444650765205777E+000 
      9.14000000 -0.233559090217143E+005  0.446195125998581E+000 
      9.16000000 -0.233559084894331E+005  0.446727407123177E+000 
      9.18000000 -0.233559090456334E+005  0.446171206881042E+000 
      9.20000000 -0.233559106474991E+005  0.444569341120133E+000 
      9.22000000 -0.233559130959815E+005  0.442120858723153E+000 
      9.24000000 -0.233559159987769E+005  0.439218063317001E+000 
      9.26000000 -0.233559187354453E+005  0.436481394942020E+000 
      9.28000000 -0.233559204270766E+005  0.434789763675282E+000 
      9.30000000 -0.233559199130748E+005  0.435303765488514E+000 
      9.32000000 -0.233559157376662E+005  0.439479174042847E+000 
      9.34000000 -0.233559061486310E+005  0.449068209219061E+000 
      9.36000000 -0.233558891104877E+005  0.466106352595402E+000 
      9.38000000 -0.233558623339294E+005  0.492882910871720E+000 
      9.40000000 -0.233558233227168E+005  0.531894123489162E+000 
      9.42000000 -0.233557694384828E+005  0.585778357490173E+000 
      9.44000000 -0.233556979830338E+005  0.657233806425618E+000 
      9.46000000 -0.233556062967584E+005  0.748920081879327E+000 
      9.48000000 -0.233554918707271E+005  0.863346113117749E+000 
      9.50000000 -0.233553524690353E+005  0.100274780496024E+001 
      9.52000000 -0.233551862569489E+005  0.116895989136698E+001 
      9.54000000 -0.233549919295390E+005  0.136328730129064E+001 
      9.56000000 -0.233547688347717E+005  0.158638206857552E+001 
      9.58000000 -0.233545170845293E+005  0.183813231099933E+001 
      9.60000000 -0.233542376468194E+005  0.211757002083591E+001 
      9.62000000 -0.233539324125232E+005  0.242280431708846E+001 
      9.64000000 -0.233536042304745E+005  0.275098636578813E+001 
      9.66000000 -0.233532569054649E+005  0.309831137538477E+001 
      9.68000000 -0.233528951549238E+005  0.346006191648895E+001 
      9.70000000 -0.233525245215156E+005  0.383069532468673E+001 
      9.72000000 -0.233521512406707E+005  0.420397616958121E+001 
      9.74000000 -0.233517820640755E+005  0.457315276477212E+001 
      9.76000000 -0.233514240422896E+005  0.493117455069805E+001 
      9.78000000 -0.233510842718523E+005  0.527094498794182E+001 
      9.80000000 -0.233507696143675E+005  0.558560247275664E+001 
      9.82000000 -0.233504863969977E+005  0.586881984256357E+001 
      9.84000000 -0.233502401054614E+005  0.611511137887351E+001 
      9.86000000 -0.233500350818756E+005  0.632013496465092E+001 
      9.88000000 -0.233498742405594E+005  0.648097628085600E+001 
      9.90000000 -0.233497588151246E+005  0.659640171560784E+001 
      9.92000000 -0.233496881497963E+005  0.666706704391778E+001 
      9.94000000 -0.233496595469084E+005  0.669566993189430E+001 
      9.96000000 -0.233496681809378E+005  0.668703590241214E+001 
      9.98000000 -0.233497070873206E+005  0.664812951965292E+001 
     10.00000000 -0.233497672317166E+005  0.658798512367459E+001 
     10.02000000 -0.233498376624677E+005  0.651755437256377E+001 
     10.04000000 -0.233499057458304E+005  0.644947100986252E+001 
     10.06000000 -0.233499574802997E+005  0.639773654058662E+001 
     10.08000000 -0.233499778830974E+005  0.637733374282605E+001 
     10.10000000 -0.233499514388046E+005  0.640377803569588E+001 
     10.12000000 -0.233498625972782E+005  0.649261956205956E+001 
     10.14000000 -0.233496963055199E+005  0.665891132031011E+001 
     10.16000000 -0.233494385561303E+005  0.691666070996980E+001 
     10.18000000 -0.233490769334697E+005  0.727828337052077E+001 
     10.20000000 -0.233486011377105E+005  0.775407912977194E+001 
     10.22000000 -0.233480034666489E+005  0.835175019135393E+001 
     10.24000000 -0.233472792355102E+005  0.907598133000918E+001 
     10.26000000 -0.233464271160327E+005  0.992810080752257E+001 
     10.28000000 -0.233454493779096E+005  0.109058389306042E+002 
     10.30000000 -0.233443520181852E+005  0.120031986550129E+002 
     10.32000000 -0.233431447674518E+005  0.132104493884388E+002 
     10.34000000 -0.233418409656250E+005  0.145142512152823E+002 
     10.36000000 -0.233404573046275E+005  0.158979122127300E+002 
     10.38000000 -0.233390134403597E+005  0.173417764805948E+002 
     10.40000000 -0.233375314817212E+005  0.188237351190181E+002 
     10.42000000 -0.233360353699616E+005  0.203198468786355E+002 
     10.44000000 -0.233345501670253E+005  0.218050498149128E+002 
     10.46000000 -0.233331012765321E+005  0.232539403081753E+002 
     10.48000000 -0.233317136252851E+005  0.246415915551121E+002 
     10.50000000 -0.233304108364287E+005  0.259443804115384E+002 
     10.52000000 -0.233292144273019E+005  0.271407895383928E+002 
     10.54000000 -0.233281430654258E+005  0.282121514144418E+002 
     10.56000000 -0.233272119147863E+005  0.291433020540015E+002 
     10.58000000 -0.233264321015647E+005  0.299231152755675E+002 
     10.60000000 -0.233258103238089E+005  0.305448930313433E+002 
     10.62000000 -0.233253486234129E+005  0.310065934273983E+002 
     10.64000000 -0.233250443314935E+005  0.313108853467551E+002 
     10.66000000 -0.233248901902250E+005  0.314650266152257E+002 
     10.68000000 -0.233248746458952E+005  0.314805709450953E+002 
     10.70000000 -0.233249822999035E+005  0.313729169367565E+002 
     10.72000000 -0.233251944971355E+005  0.311607197047383E+002 
     10.74000000 -0.233254900250675E+005  0.308651917727565E+002 
     10.76000000 -0.233258458924656E+005  0.305093243746363E+002 
     10.78000000 -0.233262381538509E+005  0.301170629893540E+002 
     10.80000000 -0.233266427451317E+005  0.297124717085142E+002 
     10.82000000 -0.233270362968786E+005  0.293189199616548E+002 
     10.84000000 -0.233273968944507E+005  0.289583223895914E+002 
     10.86000000 -0.233277047582854E+005  0.286504585548559E+002 
     10.88000000 -0.233279428227386E+005  0.284123941016074E+002 
     10.90000000 -0.233280971975160E+005  0.282580193242764E+002 
     10.92000000 -0.233281575015604E+005  0.281977152798375E+002 
     10.94000000 -0.233281170648976E+005  0.282381519426861E+002 
     10.96000000 -0.233279729991082E+005  0.283822177320328E+002 
     10.98000000 -0.233277261416013E+005  0.286290752389249E+002 
     11.00000000 -0.233273808825978E+005  0.289743342424185E+002 
     11.02000000 -0.233269448866859E+005  0.294103301543704E+002 
     11.04000000 -0.233264287230224E+005  0.299264938178758E+002 
     11.06000000 -0.233258454198267E+005  0.305097970135152E+002 
     11.08000000 -0.233252099598515E+005  0.311452569887855E+002 
     11.10000000 -0.233245387341302E+005  0.318164827100351E+002 
     11.12000000 -0.233238489715847E+005  0.325062452555606E+002 
     11.14000000 -0.233231581620697E+005  0.331970547705411E+002 
     11.16000000 -0.233224834901665E+005  0.338717266737160E+002 
     11.18000000 -0.233218412964772E+005  0.345139203630848E+002 
     11.20000000 -0.233212465822869E+005  0.351086345533703E+002 
     11.22000000 -0.233207125721847E+005  0.356426446555765E+002 
     11.24000000 -0.233202503475221E+005  0.361048693181351E+002 
     11.26000000 -0.233198685614124E+005  0.364866554278701E+002 
     11.28000000 -0.233195732433414E+005  0.367819734988520E+002 
     11.30000000 -0.233193676984109E+005  0.369875184293925E+002 
     11.32000000 -0.233192525028627E+005  0.371027139775370E+002 
     11.34000000 -0.233192255939718E+005  0.371296228684683E+002 
     11.36000000 -0.233192824488006E+005  0.370727680396146E+002 
     11.38000000 -0.233194163428719E+005  0.369388739683082E+002 
     11.40000000 -0.233196186767188E+005  0.367365401214984E+002 
     11.42000000 -0.233198793556929E+005  0.364758611473239E+002 
     11.44000000 -0.233201872065003E+005  0.361680103399414E+002 
     11.46000000 -0.233205304127994E+005  0.358248040408563E+002 
     11.48000000 -0.233208969519042E+005  0.354582649360749E+002 
     11.50000000 -0.233212750151964E+005  0.350802016438130E+002 
     11.52000000 -0.233216533962163E+005  0.347018206239826E+002 
     11.54000000 -0.233220218324884E+005  0.343333843518254E+002 
     11.56000000 -0.233223712898082E+005  0.339839270320768E+002 
     11.58000000 -0.233226941808034E+005  0.336610360368132E+002 
     11.60000000 -0.233229845129212E+005  0.333707039190835E+002 
     11.62000000 -0.233232379643751E+005  0.331172524651471E+002 
     11.64000000 -0.233234518898569E+005  0.329033269833726E+002 
     11.66000000 -0.233236252607957E+005  0.327299560445968E+002 
     11.68000000 -0.233237585475183E+005  0.325966693219345E+002 
     11.70000000 -0.233238535527100E+005  0.325016641302357E+002 
     11.72000000 -0.233239132070410E+005  0.324420097992609E+002 
     11.74000000 -0.233239413386768E+005  0.324138781634306E+002 
     11.76000000 -0.233239424286304E+005  0.324127882098030E+002 
     11.78000000 -0.233239213635853E+005  0.324338532549862E+002 
     11.80000000 -0.233238831969716E+005  0.324720198686104E+002 
     11.82000000 -0.233238329278048E+005  0.325222890354131E+002 
     11.84000000 -0.233237753051779E+005  0.325799116623788E+002 
     11.86000000 -0.233237146644548E+005  0.326405523854366E+002 
     11.88000000 -0.233236547992347E+005  0.327004176055182E+002 
     11.90000000 -0.233235988711549E+005  0.327563456853328E+002 
     11.92000000 -0.233235493576733E+005  0.328058591669617E+002 
     11.94000000 -0.233235080361975E+005  0.328471806427280E+002 
     11.96000000 -0.233234760013886E+005  0.328792154516730E+002 
     11.98000000 -0.233234537112107E+005  0.329015056295816E+002 
     12.00000000 -0.233234410563712E+005  0.329141604690651E+002 
     12.02000000 -0.233234374472084E+005  0.329177696318482E+002 
     12.04000000 -0.233234419118472E+005  0.329133049930390E+002 
     12.06000000 -0.233234531995334E+005  0.329020173068940E+002 
     12.08000000 -0.233234698834482E+005  0.328853333920878E+002 
     12.10000000 -0.233234904579466E+005  0.328647588936677E+002 
     12.12000000 -0.233235134260060E+005  0.328417908342741E+002 
     12.14000000 -0.233235373736519E+005  0.328178431883406E+002 
     12.16000000 -0.233235610291827E+005  0.327941876575239E+002 
     12.18000000 -0.233235833060782E+005  0.327719107620585E+002 
     12.20000000 -0.233236033294941E+005  0.327518873461091E+002 
     12.22000000 -0.233236204471577E+005  0.327347696825701E+002 
     12.24000000 -0.233236342262460E+005  0.327209905942298E+002 
     12.26000000 -0.233236444384279E+005  0.327107784123381E+002 
     12.28000000 -0.233236510356453E+005  0.327041811949907E+002 
     12.30000000 -0.233236541194189E+005  0.327010974213731E+002 
     12.32000000 -0.233236539064736E+005  0.327013103666687E+002 
     12.34000000 -0.233236506933233E+005  0.327045235169981E+002 
     12.36000000 -0.233236448221577E+005  0.327103946825425E+002 
     12.38000000 -0.233236366499650E+005  0.327185668752337E+002 
     12.40000000 -0.233236265223444E+005  0.327286944958316E+002 
     12.42000000 -0.233236147529531E+005  0.327404638871501E+002 
     12.44000000 -0.233236016090208E+005  0.327536078194375E+002 
     12.46000000 -0.233235873028921E+005  0.327679139482016E+002 
     12.48000000 -0.233235719891463E+005  0.327832276939428E+002 
     12.50000000 -0.233235557665172E+005  0.327994503230694E+002 
     12.52000000 -0.233235386836012E+005  0.328165332390178E+002 
     12.54000000 -0.233235207472188E+005  0.328344696214918E+002 
     12.56000000 -0.233235019322586E+005  0.328532845816164E+002 
     12.58000000 -0.233234821919053E+005  0.328730249349585E+002 
     12.60000000 -0.233234614672867E+005  0.328937495535406E+002 
     12.62000000 -0.233234396957844E+005  0.329155210558640E+002 
     12.64000000 -0.233234168174882E+005  0.329383993520720E+002 
     12.66000000 -0.233233927795340E+005  0.329624373062700E+002 
     12.68000000 -0.233233675383156E+005  0.329876785246035E+002 
     12.70000000 -0.233233410599377E+005  0.330141569025869E+002 
     12.72000000 -0.233233133204850E+005  0.330418963552326E+002 
     12.74000000 -0.233232843066430E+005  0.330709101972961E+002 
     12.76000000 -0.233232540160528E+005  0.331012007874963E+002 
     12.78000000 -0.233232224575028E+005  0.331327593374161E+002 
     12.80000000 -0.233231896509597E+005  0.331655658805323E+002 
     12.82000000 -0.233231556274318E+005  0.331995894084383E+002 
     12.84000000 -0.233231204286613E+005  0.332347881789460E+002 
     12.86000000 -0.233230841066414E+005  0.332711101988997E+002 
     12.88000000 -0.233230467229597E+005  0.333084938805562E+002 
     12.90000000 -0.233230083479720E+005  0.333468688682405E+002 
     12.92000000 -0.233229690598125E+005  0.333861570277278E+002 
     12.94000000 -0.233229289432542E+005  0.334262735860710E+002 
     12.96000000 -0.233228880884333E+005  0.334671284069034E+002 
     12.98000000 -0.233228465894593E+005  0.335086273809882E+002 
     13.00000000 -0.233228045429336E+005  0.335506739066503E+002 
     13.02000000 -0.233227620464065E+005  0.335931704337857E+002 
     13.04000000 -0.233227191968005E+005  0.336360200397822E+002 
     13.06000000 -0.233226760888357E+005  0.336791280045828E+002 
     13.08000000 -0.233226328134877E+005  0.337224033525148E+002 
     13.10000000 -0.233225894565121E+005  0.337657603281671E+002 
     13.12000000 -0.233225460970645E+005  0.338091197757787E+002 
     13.14000000 -0.233225028064463E+005  0.338524103939777E+002 
     13.16000000 -0.233224596469990E+005  0.338955698412185E+002 
     13.18000000 -0.233224166711690E+005  0.339385456712663E+002 
     13.20000000 -0.233223739207583E+005  0.339812960819857E+002 
     13.22000000 -0.233223314263744E+005  0.340237904658419E+002 
     13.24000000 -0.233222892070844E+005  0.340660097558310E+002 
     13.26000000 -0.233222472702740E+005  0.341079465662375E+002 
     13.28000000 -0.233222056117060E+005  0.341496051342524E+002 
     13.30000000 -0.233221642157650E+005  0.341910010752127E+002 
     13.32000000 -0.233221230558720E+005  0.342321609682629E+002 
     13.34000000 -0.233220820950426E+005  0.342731217976586E+002 
     13.36000000 -0.233220412865666E+005  0.343139302736458E+002 
     13.38000000 -0.233220005747793E+005  0.343546420609787E+002 
     13.40000000 -0.233219598959008E+005  0.343953209394128E+002 
     13.42000000 -0.233219191789228E+005  0.344360379174543E+002 
     13.44000000 -0.233218783465256E+005  0.344768703146751E+002 
     13.46000000 -0.233218373160201E+005  0.345179008201333E+002 
     13.48000000 -0.233217960003111E+005  0.345592165291918E+002 
     13.50000000 -0.233217543088861E+005  0.346009079541117E+002 
     13.52000000 -0.233217121488393E+005  0.346430680009450E+002 
     13.54000000 -0.233216694259359E+005  0.346857909043881E+002 
     13.56000000 -0.233216260457290E+005  0.347291711112889E+002 
     13.58000000 -0.233215819147310E+005  0.347733021092359E+002 
     13.60000000 -0.233215369416398E+005  0.348182752004660E+002 
     13.62000000 -0.233214910386129E+005  0.348641782273540E+002 
     13.64000000 -0.233214441225758E+005  0.349110942644486E+002 
     13.66000000 -0.233213961165433E+005  0.349591002969897E+002 
     13.68000000 -0.233213469509282E+005  0.350082659120067E+002 
     13.70000000 -0.233212965648097E+005  0.350586520305370E+002 
     13.72000000 -0.233212449071299E+005  0.351103097103810E+002 
     13.74000000 -0.233211919377944E+005  0.351632790458871E+002 
     13.76000000 -0.233211376286537E+005  0.352175881865086E+002 
     13.78000000 -0.233210819643511E+005  0.352732524891789E+002 
     13.80000000 -0.233210249430273E+005  0.353302738129117E+002 
     13.82000000 -0.233209665768826E+005  0.353886399576040E+002 
     13.84000000 -0.233209068925942E+005  0.354483242460386E+002 
     13.86000000 -0.233208459315922E+005  0.355092852480672E+002 
     13.88000000 -0.233207837501896E+005  0.355714666506981E+002 
     13.90000000 -0.233207204195567E+005  0.356347972835509E+002 
     13.92000000 -0.233206560255233E+005  0.356991913169624E+002 
     13.94000000 -0.233205906681816E+005  0.357645486586575E+002 
     13.96000000 -0.233205244612608E+005  0.358307555794469E+002 
     13.98000000 -0.233204575312438E+005  0.358976855964520E+002 
     14.00000000 -0.233203900162027E+005  0.359652006375305E+002 
     14.02000000 -0.233203220643438E+005  0.360331524964912E+002 
     14.04000000 -0.233202538322653E+005  0.361013845749821E+002 
     14.06000000 -0.233201854829547E+005  0.361697338855251E+002 
     14.08000000 -0.233201171835613E+005  0.362380332789498E+002 
     14.10000000 -0.233200491029940E+005  0.363061138462305E+002 
     14.12000000 -0.233199814093954E+005  0.363738074448371E+002 
     14.14000000 -0.233199142675361E+005  0.364409493041077E+002 
     14.16000000 -0.233198478361617E+005  0.365073806785750E+002 
     14.18000000 -0.233197822653079E+005  0.365729515323213E+002 
     14.20000000 -0.233197176935866E+005  0.366375232536968E+002 
     14.22000000 -0.233196542454373E+005  0.367009714029601E+002 
     14.24000000 -0.233195920283475E+005  0.367631884927317E+002 
     14.26000000 -0.233195311300572E+005  0.368240867830742E+002 
     14.28000000 -0.233194716157994E+005  0.368836010408144E+002 
     14.30000000 -0.233194135256644E+005  0.369416911759008E+002 
     14.32000000 -0.233193568722147E+005  0.369983446255303E+002 
     14.34000000 -0.233193016385136E+005  0.370535783266186E+002 
     14.36000000 -0.233192477767439E+005  0.371074400963089E+002 
     14.38000000 -0.233191952075939E+005  0.371600092463868E+002 
     14.40000000 -0.233191438205584E+005  0.372113962818730E+002 
     14.42000000 -0.233190934752570E+005  0.372617415832810E+002 
     14.44000000 -0.233190440038064E+005  0.373112130338652E+002 
     14.46000000 -0.233189952142132E+005  0.373600026270878E+002 
     14.48000000 -0.233189468946841E+005  0.374083221561470E+002 
     14.50000000 -0.233188988186926E+005  0.374563981476118E+002 
     14.52000000 -0.233188507505950E+005  0.375044662452041E+002 
     14.54000000 -0.233188024515694E+005  0.375527652708872E+002 
     14.56000000 -0.233187536856419E+005  0.376015311983128E+002 
     14.58000000 -0.233187042255743E+005  0.376509912659654E+002 
     14.60000000 -0.233186538583990E+005  0.377013584412286E+002 
     14.62000000 -0.233186023904105E+005  0.377528264297354E+002 
     14.64000000 -0.233185496514361E+005  0.378055654041724E+002 
     14.66000000 -0.233184954982274E+005  0.378597186128136E+002 
     14.68000000 -0.233184398168345E+005  0.379154000057235E+002 
     14.70000000 -0.233183825238480E+005  0.379726929922596E+002 
     14.72000000 -0.233183235664384E+005  0.380316504018328E+002 
     14.74000000 -0.233182629211761E+005  0.380922956641076E+002 
     14.76000000 -0.233182005916917E+005  0.381546251485214E+002 
     14.78000000 -0.233181366053242E+005  0.382186115160050E+002 
     14.80000000 -0.233180710090028E+005  0.382842078374172E+002 
     14.82000000 -0.233180038646971E+005  0.383513521431870E+002 
     14.84000000 -0.233179352448412E+005  0.384199719990840E+002 
     14.86000000 -0.233178652281781E+005  0.384899886621542E+002 
     14.88000000 -0.233177938964691E+005  0.385613203711182E+002 
     14.90000000 -0.233177213324658E+005  0.386338843744677E+002 
     14.92000000 -0.233176476194496E+005  0.387075973906689E+002 
     14.94000000 -0.233175728425123E+005  0.387823743279385E+002 
     14.96000000 -0.233174970915905E+005  0.388581252497887E+002 
     14.98000000 -0.233174204660894E+005  0.389347507508050E+002 
     15.00000000 -0.233173430807581E+005  0.390121360821646E+002 
     15.02000000 -0.233172650723089E+005  0.390901445313084E+002 
     15.04000000 -0.233171866061488E+005  0.391686106914642E+002 
     15.06000000 -0.233171078824911E+005  0.392473343491880E+002 
     15.08000000 -0.233170291410832E+005  0.393260757570452E+002 
     15.10000000 -0.233169506638015E+005  0.394045530387533E+002 
     15.12000000 -0.233168727744507E+005  0.394824423895523E+002 
     15.14000000 -0.233167958352544E+005  0.395593815858181E+002 
     15.16000000 -0.233167202397256E+005  0.396349771146200E+002 
     15.18000000 -0.233166464018605E+005  0.397088149797686E+002 
     15.20000000 -0.233165747418805E+005  0.397804749597999E+002 
     15.22000000 -0.233165056690393E+005  0.398495478009710E+002 
     15.24000000 -0.233164395622939E+005  0.399156545463053E+002 
     15.26000000 -0.233163767498811E+005  0.399784669591948E+002 
     15.28000000 -0.233163174890264E+005  0.400377278138669E+002 
     15.30000000 -0.233162619471199E+005  0.400932697203813E+002 
     15.32000000 -0.233162101857077E+005  0.401450311325352E+002 
     15.34000000 -0.233161621485658E+005  0.401930682744541E+002 
     15.36000000 -0.233161176549385E+005  0.402375619017047E+002 
     15.38000000 -0.233160763987552E+005  0.402788180850556E+002 
     15.40000000 -0.233160379542905E+005  0.403172625497339E+002 
     15.42000000 -0.233160017883375E+005  0.403534285027779E+002 
     15.44000000 -0.233159672785406E+005  0.403879382996497E+002 
     15.46000000 -0.233159337371207E+005  0.404214797195368E+002 
     15.48000000 -0.233159004388444E+005  0.404547779958335E+002 
     15.50000000 -0.233158666517775E+005  0.404885650627876E+002 
     15.52000000 -0.233158316691405E+005  0.405235476997073E+002 
     15.54000000 -0.233157948404717E+005  0.405603763685321E+002 
     15.56000000 -0.233157556003073E+005  0.405996165329833E+002 
     15.58000000 -0.233157134927164E+005  0.406417241238032E+002 
     15.60000000 -0.233156681902619E+005  0.406870265783218E+002 
     15.62000000 -0.233156195062864E+005  0.407357105538358E+002 
     15.64000000 -0.233155673998255E+005  0.407878170147280E+002 
     15.66000000 -0.233155119728901E+005  0.408432439501213E+002 
     15.68000000 -0.233154534603202E+005  0.409017565200668E+002 
     15.70000000 -0.233153922128550E+005  0.409630039852483E+002 
     15.72000000 -0.233153286744733E+005  0.410265423669216E+002 
     15.74000000 -0.233152633553998E+005  0.410918614404776E+002 
     15.76000000 -0.233151968024387E+005  0.411584144015304E+002 
     15.78000000 -0.233151295684637E+005  0.412256483765184E+002 
     15.80000000 -0.233150621829469E+005  0.412930338933121E+002 
     15.82000000 -0.233149951253571E+005  0.413600914831122E+002 
     15.84000000 -0.233149288030773E+005  0.414264137629510E+002 
     15.86000000 -0.233148635352037E+005  0.414916816365103E+002 
     15.88000000 -0.233147995431982E+005  0.415556736420028E+002 
     15.90000000 -0.233147369488938E+005  0.416182679464487E+002 
     15.92000000 -0.233146757798292E+005  0.416794370110328E+002 
     15.94000000 -0.233146159813507E+005  0.417392354895812E+002 
     15.96000000 -0.233145574344045E+005  0.417977824357706E+002 
     15.98000000 -0.233144999775021E+005  0.418552393381763E+002 
     16.00000000 -0.233144434310043E+005  0.419117858359924E+002 
     16.02000000 -0.233143876216821E+005  0.419675951581763E+002 
     16.04000000 -0.233143324054899E+005  0.420228113503837E+002 
     16.06000000 -0.233142776866373E+005  0.420775302029779E+002 
     16.08000000 -0.233142234313655E+005  0.421317854747404E+002 
     16.10000000 -0.233141696752889E+005  0.421855415513534E+002 
     16.12000000 -0.233141165237183E+005  0.422386931219631E+002 
     16.14000000 -0.233140641449841E+005  0.422910718561789E+002 
     16.16000000 -0.233140127573679E+005  0.423424594723758E+002 
     16.18000000 -0.233139626107817E+005  0.423926060585866E+002 
     16.20000000 -0.233139139647512E+005  0.424412520890113E+002 
     16.22000000 -0.233138670645380E+005  0.424881523022495E+002 
     16.24000000 -0.233138221173498E+005  0.425330994904083E+002 
     16.26000000 -0.233137792705451E+005  0.425759462951405E+002 
     16.28000000 -0.233137385935407E+005  0.426166232995975E+002 
     16.30000000 -0.233137000648161E+005  0.426551520241594E+002 
     16.32000000 -0.233136635649960E+005  0.426916518442688E+002 
     16.34000000 -0.233136288765267E+005  0.427263403135239E+002 
     16.36000000 -0.233135956899848E+005  0.427595268554033E+002 
     16.38000000 -0.233135636165896E+005  0.427916002506741E+002 
     16.40000000 -0.233135322060816E+005  0.428230107586315E+002 
     16.42000000 -0.233135009687924E+005  0.428542480478465E+002 
     16.44000000 -0.233134694004831E+005  0.428858163571457E+002 
     16.46000000 -0.233134370083931E+005  0.429182084471452E+002 
     16.48000000 -0.233134033369007E+005  0.429518799395885E+002 
     16.50000000 -0.233133679912619E+005  0.429872255783309E+002 
     16.52000000 -0.233133306580507E+005  0.430245587895891E+002 
     16.54000000 -0.233132911211500E+005  0.430640956902920E+002 
     16.56000000 -0.233132492724386E+005  0.431059444016960E+002 
     16.58000000 -0.233132051166461E+005  0.431501001941746E+002 
     16.60000000 -0.233131587702065E+005  0.431964466337411E+002 
     16.62000000 -0.233131104542952E+005  0.432447625450237E+002 
     16.64000000 -0.233130604825772E+005  0.432947342630251E+002 
     16.66000000 -0.233130092444943E+005  0.433459723459393E+002 
     16.68000000 -0.233129571851651E+005  0.433980316751970E+002 
     16.70000000 -0.233129047831396E+005  0.434504337006117E+002 
     16.72000000 -0.233128525273365E+005  0.435026895037490E+002 
     16.74000000 -0.233128008944780E+005  0.435543223622648E+002 
     16.76000000 -0.233127503282452E+005  0.436048885950295E+002 
     16.78000000 -0.233127012211948E+005  0.436539956454171E+002 
     16.80000000 -0.233126539002433E+005  0.437013165969540E+002 
     16.82000000 -0.233126086162512E+005  0.437466005890556E+002 
     16.84000000 -0.233125655379528E+005  0.437896788874771E+002 
     16.86000000 -0.233125247502023E+005  0.438304666379631E+002 
     16.88000000 -0.233124862562664E+005  0.438689605738084E+002 
     16.90000000 -0.233124499836930E+005  0.439052331472448E+002 
     16.92000000 -0.233124157931416E+005  0.439394236986231E+002 
     16.94000000 -0.233123834894687E+005  0.439717273715169E+002 
     16.96000000 -0.233123528343136E+005  0.440023825266621E+002 
     16.98000000 -0.233123235594342E+005  0.440316574060130E+002 
     17.00000000 -0.233122953800771E+005  0.440598367631073E+002 
     17.02000000 -0.233122680077334E+005  0.440872091068210E+002 
     17.04000000 -0.233122411617302E+005  0.441140551100511E+002 
     17.06000000 -0.233122145792194E+005  0.441406376208543E+002 
     17.08000000 -0.233121880232585E+005  0.441671935817163E+002 
     17.10000000 -0.233121612888124E+005  0.441939280278776E+002 
     17.12000000 -0.233121342066378E+005  0.442210102024174E+002 
     17.14000000 -0.233121066451350E+005  0.442485717052649E+002 
     17.16000000 -0.233120785103454E+005  0.442767064948169E+002 
     17.18000000 -0.233120497443546E+005  0.443054724856774E+002 
     17.20000000 -0.233120203224004E+005  0.443348944398923E+002 
     17.22000000 -0.233119902490141E+005  0.443649678261644E+002 
     17.24000000 -0.233119595535188E+005  0.443956633215014E+002 
     17.26000000 -0.233119282851971E+005  0.444269316431136E+002 
     17.28000000 -0.233118965084123E+005  0.444587084279918E+002 
     17.30000000 -0.233118642979288E+005  0.444909189114157E+002 
     17.32000000 -0.233118317346406E+005  0.445234821996316E+002 
     17.34000000 -0.233117989018628E+005  0.445563149774752E+002 
     17.36000000 -0.233117658822996E+005  0.445893345406309E+002 
     17.38000000 -0.233117327557496E+005  0.446224610906316E+002 
     17.40000000 -0.233116995975647E+005  0.446556192755560E+002 
     17.42000000 -0.233116664778416E+005  0.446887389986772E+002 
     17.44000000 -0.233116334612910E+005  0.447217555492093E+002 
     17.46000000 -0.233116006077057E+005  0.447546091345462E+002 
     17.48000000 -0.233115679729279E+005  0.447872439123873E+002 
     17.50000000 -0.233115356101997E+005  0.448196066405084E+002 
     17.52000000 -0.233115035717596E+005  0.448516450806190E+002 
     17.54000000 -0.233114719105256E+005  0.448833063146152E+002 
     17.56000000 -0.233114406816857E+005  0.449145351545308E+002 
     17.58000000 -0.233114099439955E+005  0.449452728448010E+002 
     17.60000000 -0.233113797605746E+005  0.449754562656939E+002 
     17.62000000 -0.233113501990085E+005  0.450050178317830E+002 
     17.64000000 -0.233113213305974E+005  0.450338862428749E+002 
     17.66000000 -0.233112932286655E+005  0.450619881747887E+002 
     17.68000000 -0.233112659659352E+005  0.450892509050936E+002 
     17.70000000 -0.233112396110828E+005  0.451156057574471E+002 
     17.72000000 -0.233112142246994E+005  0.451409921408593E+002 
     17.74000000 -0.233111898549746E+005  0.451653618656927E+002 
     17.76000000 -0.233111665334770E+005  0.451886833632198E+002 
     17.78000000 -0.233111442714199E+005  0.452109454203310E+002 
     17.80000000 -0.233111230567651E+005  0.452321600751866E+002 
     17.82000000 -0.233111028524449E+005  0.452523643953057E+002 
     17.84000000 -0.233110835958809E+005  0.452716209593103E+002 
     17.86000000 -0.233110651998647E+005  0.452900169755437E+002 
     17.88000000 -0.233110475547638E+005  0.453076620764928E+002 
     17.90000000 -0.233110305319278E+005  0.453246849124606E+002 
     17.92000000 -0.233110139881079E+005  0.453412287323988E+002 
     17.94000000 -0.233109977706609E+005  0.453574461793705E+002 
     17.96000000 -0.233109817232857E+005  0.453734935545774E+002 
     17.98000000 -0.233109656920233E+005  0.453895248169260E+002 
     18.00000000 -0.233109495312413E+005  0.454056855989500E+002 
     18.02000000 -0.233109331093145E+005  0.454221075257045E+002 
     18.04000000 -0.233109163137163E+005  0.454389031239273E+002 
     18.06000000 -0.233108990552454E+005  0.454561615948901E+002 
     18.08000000 -0.233108812711500E+005  0.454739456902757E+002 
     18.10000000 -0.233108629269668E+005  0.454922898734924E+002 
     18.12000000 -0.233108440169689E+005  0.455111998713844E+002 
     18.14000000 -0.233108245632110E+005  0.455306536292489E+002 
     18.16000000 -0.233108046132556E+005  0.455506035846277E+002 
     18.18000000 -0.233107842367566E+005  0.455709800836330E+002 
     18.20000000 -0.233107635211521E+005  0.455916956881122E+002 
     18.22000000 -0.233107425667721E+005  0.456126500681696E+002 
     18.24000000 -0.233107214816902E+005  0.456337351500692E+002 
     18.26000000 -0.233107003766488E+005  0.456548401914943E+002 
     18.28000000 -0.233106793603562E+005  0.456758564840802E+002 
     18.30000000 -0.233106585354065E+005  0.456966814337398E+002 
     18.32000000 -0.233106379950077E+005  0.457172218325375E+002 
     18.34000000 -0.233106178206302E+005  0.457373962100985E+002 
     18.36000000 -0.233105980806115E+005  0.457571362287868E+002 
     18.38000000 -0.233105788296801E+005  0.457763871601561E+002 
     18.40000000 -0.233105601092951E+005  0.457951075451794E+002 
     18.42000000 -0.233105419486490E+005  0.458132681912496E+002 
     18.44000000 -0.233105243661461E+005  0.458308506941305E+002 
     18.46000000 -0.233105073711549E+005  0.458478456853531E+002 
     18.48000000 -0.233104909658402E+005  0.458642510000142E+002 
     18.50000000 -0.233104751469043E+005  0.458800699359836E+002 
     18.52000000 -0.233104599071009E+005  0.458953097393267E+002 
     18.54000000 -0.233104452364298E+005  0.459099804104402E+002 
     18.56000000 -0.233104311229538E+005  0.459240938864392E+002 
     18.58000000 -0.233104175532196E+005  0.459376636206589E+002 
     18.60000000 -0.233104045122875E+005  0.459507045527621E+002 
     18.62000000 -0.233103919834008E+005  0.459632334394204E+002 
     18.64000000 -0.233103799473471E+005  0.459752694931504E+002 
     18.66000000 -0.233103683815886E+005  0.459868352516455E+002 
     18.68000000 -0.233103572592693E+005  0.459979575709717E+002 
     18.70000000 -0.233103465482323E+005  0.460086686079887E+002 
     18.72000000 -0.233103362102072E+005  0.460190066330135E+002 
     18.74000000 -0.233103262003354E+005  0.460290165048640E+002 
     18.76000000 -0.233103164671892E+005  0.460387496510601E+002 
     18.78000000 -0.233103069534077E+005  0.460482634325856E+002 
     18.80000000 -0.233102975970096E+005  0.460576198306434E+002 
     18.82000000 -0.233102883333674E+005  0.460668834728703E+002 
     18.84000000 -0.233102790977430E+005  0.460761190972323E+002 
     18.86000000 -0.233102698282085E+005  0.460853886317599E+002 
     18.88000000 -0.233102604687166E+005  0.460947481236693E+002 
     18.90000000 -0.233102509720590E+005  0.461042447812755E+002 
     18.92000000 -0.233102413024535E+005  0.461139143867072E+002 
     18.94000000 -0.233102314375387E+005  0.461237793015498E+002 
     18.96000000 -0.233102213696136E+005  0.461338472266956E+002 
     18.98000000 -0.233102111060384E+005  0.461441108018860E+002 
     19.00000000 -0.233102006687875E+005  0.461545480527369E+002 
     19.02000000 -0.233101900932184E+005  0.461651236219016E+002 
     19.04000000 -0.233101794261736E+005  0.461757906666175E+002 
     19.06000000 -0.233101687235728E+005  0.461864932674426E+002 
     19.08000000 -0.233101580476632E+005  0.461971691770861E+002 
     19.10000000 -0.233101474641031E+005  0.462077527371440E+002 
     19.12000000 -0.233101370390407E+005  0.462181777995270E+002 
     19.14000000 -0.233101268363308E+005  0.462283805094789E+002 
     19.16000000 -0.233101169150149E+005  0.462383018253500E+002 
     19.18000000 -0.233101073271648E+005  0.462478896754359E+002 
     19.20000000 -0.233100981161656E+005  0.462571006746520E+002 
     19.22000000 -0.233100893154897E+005  0.462659013505428E+002 
     19.24000000 -0.233100809479849E+005  0.462742688553054E+002 
     19.26000000 -0.233100730256718E+005  0.462821911684903E+002 
     19.28000000 -0.233100655500177E+005  0.462896668225574E+002 
     19.30000000 -0.233100585126335E+005  0.462967042068001E+002 
     19.32000000 -0.233100518963166E+005  0.463033205236217E+002 
     19.34000000 -0.233100456763579E+005  0.463095404823536E+002 
     19.36000000 -0.233100398220211E+005  0.463153948191769E+002 
     19.38000000 -0.233100342981105E+005  0.463209187297836E+002 
     19.40000000 -0.233100290665467E+005  0.463261502935924E+002 
     19.42000000 -0.233100240878829E+005  0.463311289573054E+002 
     19.44000000 -0.233100193227073E+005  0.463358941329331E+002 
     19.46000000 -0.233100147328878E+005  0.463404839524975E+002 
     19.48000000 -0.233100102826331E+005  0.463449342071358E+002 
     19.50000000 -0.233100059393535E+005  0.463492774867466E+002 
     19.52000000 -0.233100016743166E+005  0.463535425236191E+002 
     19.54000000 -0.233099974631060E+005  0.463577537342373E+002 
     19.56000000 -0.233099932858955E+005  0.463619309447565E+002 
     19.58000000 -0.233099891275592E+005  0.463660892810202E+002 
     19.60000000 -0.233099849776389E+005  0.463702392013239E+002 
     19.62000000 -0.233099808301899E+005  0.463743866503861E+002 
     19.64000000 -0.233099766835258E+005  0.463785333144934E+002 
     19.66000000 -0.233099725398780E+005  0.463826769622247E+002 
     19.68000000 -0.233099684049831E+005  0.463868118571582E+002 
     19.70000000 -0.233099642876070E+005  0.463909292332835E+002 
     19.72000000 -0.233099601990165E+005  0.463950178237554E+002 
     19.74000000 -0.233099561524049E+005  0.463990644353062E+002 
     19.76000000 -0.233099521622831E+005  0.464030545571666E+002 
     19.78000000 -0.233099482438480E+005  0.464069729922079E+002 
     19.80000000 -0.233099444123467E+005  0.464108044935197E+002 
     19.82000000 -0.233099406824543E+005  0.464145343859337E+002 
     19.84000000 -0.233099370676898E+005  0.464181491504411E+002 
     19.86000000 -0.233099335798948E+005  0.464216369454535E+002 
     19.88000000 -0.233099302287994E+005  0.464249880408783E+002 
     19.90000000 -0.233099270216979E+005  0.464281951423071E+002 
     19.92000000 -0.233099239632532E+005  0.464312535870365E+002 
     19.94000000 -0.233099210554387E+005  0.464341614015630E+002 
     19.96000000 -0.233099182976213E+005  0.464369192189497E+002 
     19.98000000 -0.233099156867764E+005  0.464395300638853E+002 
     20.00000000 -0.233099132178172E+005  0.464419990230630E+002 
     20.02000000 -0.233099108840134E+005  0.464443328268457E+002 
     20.04000000 -0.233099086774680E+005  0.464465393722740E+002 
     20.06000000 -0.233099065896191E+005  0.464486272211634E+002 
     20.08000000 -0.233099046117343E+005  0.464506051059346E+002 
     20.10000000 -0.233099027353676E+005  0.464524814726138E+002 
     20.12000000 -0.233099009527534E+005  0.464542640868169E+002 
     20.14000000 -0.233098992571175E+005  0.464559597227646E+002 
     20.16000000 -0.233098976428901E+005  0.464575739501811E+002 
     20.18000000 -0.233098961058121E+005  0.464591110281632E+002 
     20.20000000 -0.233098946429315E+005  0.464605739087683E+002 
     20.22000000 -0.233098932524936E+005  0.464619643466762E+002 
     20.24000000 -0.233098919337379E+005  0.464632831023156E+002 
     20.26000000 -0.233098906866216E+005  0.464645302186594E+002 
     20.28000000 -0.233098895114960E+005  0.464657053442155E+002 
     20.30000000 -0.233098884087716E+005  0.464668080686922E+002 
     20.32000000 -0.233098873786027E+005  0.464678382375685E+002 
     20.34000000 -0.233098864206263E+005  0.464687962139805E+002 
     20.36000000 -0.233098855337762E+005  0.464696830641017E+002 
     20.38000000 -0.233098847161881E+005  0.464705006521737E+002 
     20.40000000 -0.233098839651961E+005  0.464712516441137E+002 
     20.42000000 -0.233098832774125E+005  0.464719394277993E+002 
     20.44000000 -0.233098826488726E+005  0.464725679676732E+002 
     20.46000000 -0.233098820752251E+005  0.464731416151907E+002 
     20.48000000 -0.233098815519417E+005  0.464736648985125E+002 
     20.50000000 -0.233098810745266E+005  0.464741423136040E+002 
     20.52000000 -0.233098806387051E+005  0.464745781351227E+002 
     20.54000000 -0.233098802405785E+005  0.464749762618007E+002 
     20.56000000 -0.233098798767347E+005  0.464753401055588E+002 
     20.58000000 -0.233098795443112E+005  0.464756725290315E+002 
     20.60000000 -0.233098792410082E+005  0.464759758320301E+002 
     20.62000000 -0.233098789650576E+005  0.464762517826477E+002 
     20.64000000 -0.233098787151538E+005  0.464765016864726E+002 
     20.66000000 -0.233098784903553E+005  0.464767264849017E+002 
     20.68000000 -0.233098782899693E+005  0.464769268710014E+002 
     20.70000000 -0.233098781134276E+005  0.464771034126995E+002 
     20.72000000 -0.233098779601686E+005  0.464772566716597E+002 
     20.74000000 -0.233098778295313E+005  0.464773873089916E+002 
     20.76000000 -0.233098777206696E+005  0.464774961706057E+002 
     20.78000000 -0.233098776324921E+005  0.464775843481200E+002 
     20.80000000 -0.233098775636268E+005  0.464776532134985E+002 
     20.82000000 -0.233098775124114E+005  0.464777044288919E+002 
     20.84000000 -0.233098774769063E+005  0.464777399339817E+002 
     20.86000000 -0.233098774549251E+005  0.464777619151871E+002 
     20.88000000 -0.233098774440800E+005  0.464777727602448E+002 
     20.90000000 -0.233098774418376E+005  0.464777750026607E+002 
     20.92000000 -0.233098774455817E+005  0.464777712585796E+002 
     20.94000000 -0.233098774526806E+005  0.464777641596634E+002 
     20.96000000 -0.233098774605554E+005  0.464777562848968E+002 
     20.98000000 -0.233098774667451E+005  0.464777500951858E+002 
     21.00000000 -0.233098774689649E+005  0.464777478753808E+002 
     21.02000000 -0.233098774682035E+005  0.464777486367409E+002 
     21.04000000 -0.233098774674299E+005  0.464777494103453E+002 
     21.06000000 -0.233098774666703E+005  0.464777501699080E+002 
     21.08000000 -0.233098774659349E+005  0.464777509053408E+002 
     21.10000000 -0.233098774652286E+005  0.464777516116724E+002 
     21.12000000 -0.233098774645478E+005  0.464777522924540E+002 
     21.14000000 -0.233098774638795E+005  0.464777529607562E+002 
     21.16000000 -0.233098774632024E+005  0.464777536378225E+002 
     21.18000000 -0.233098774624909E+005  0.464777543493760E+002 
     21.20000000 -0.233098774617202E+005  0.464777551200787E+002 
     21.22000000 -0.233098774608730E+005  0.464777559672236E+002 
     21.24000000 -0.233098774599453E+005  0.464777568949501E+002 
     21.26000000 -0.233098774589498E+005  0.464777578904196E+002 
     21.28000000 -0.233098774579164E+005  0.464777589238937E+002 
     21.30000000 -0.233098774568876E+005  0.464777599526223E+002 
     21.32000000 -0.233098774559113E+005  0.464777609289674E+002 
     21.34000000 -0.233098774550301E+005  0.464777618101664E+002 
     21.36000000 -0.233098774542723E+005  0.464777625679379E+002 
     21.38000000 -0.233098774536458E+005  0.464777631944707E+002 
     21.40000000 -0.233098774531368E+005  0.464777637034599E+002 
     21.42000000 -0.233098774527143E+005  0.464777641259094E+002 
     21.44000000 -0.233098774523387E+005  0.464777645015778E+002 
     21.46000000 -0.233098774519703E+005  0.464777648699609E+002 
     21.48000000 -0.233098774515780E+005  0.464777652622882E+002 
     21.50000000 -0.233098774511425E+005  0.464777656977524E+002 
     21.52000000 -0.233098774506571E+005  0.464777661831469E+002 
     21.54000000 -0.233098774501247E+005  0.464777667155204E+002 
     21.56000000 -0.233098774495545E+005  0.464777672857965E+002 
     21.58000000 -0.233098774489584E+005  0.464777678818668E+002 
     21.60000000 -0.233098774483496E+005  0.464777684906207E+002 
     21.62000000 -0.233098774477414E+005  0.464777690988921E+002 
     21.64000000 -0.233098774471458E+005  0.464777696944364E+002 
     21.66000000 -0.233098774465732E+005  0.464777702670451E+002 
     21.68000000 -0.233098774460296E+005  0.464777708106607E+002 
     21.70000000 -0.233098774455150E+005  0.464777713252399E+002 
     21.72000000 -0.233098774450220E+005  0.464777718182446E+002 
     21.74000000 -0.233098774445358E+005  0.464777723044992E+002 
     21.76000000 -0.233098774440362E+005  0.464777728040870E+002 
     21.78000000 -0.233098774435018E+005  0.464777733385023E+002 
     21.80000000 -0.233098774429143E+005  0.464777739259972E+002 
     21.82000000 -0.233098774422630E+005  0.464777745772476E+002 
     21.84000000 -0.233098774415468E+005  0.464777752934507E+002 
     21.86000000 -0.233098774407733E+005  0.464777760669438E+002 
     21.88000000 -0.233098774399554E+005  0.464777768848637E+002 
     21.90000000 -0.233098774391056E+005  0.464777777346599E+002 
     21.92000000 -0.233098774382311E+005  0.464777786091768E+002 
     21.94000000 -0.233098774373306E+005  0.464777795096240E+002 
     21.96000000 -0.233098774363955E+005  0.464777804447843E+002 
     21.98000000 -0.233098774354134E+005  0.464777814268927E+002 
     22.00000000 -0.233098774343752E+005  0.464777824650722E+002 
     22.02000000 -0.233098774332809E+005  0.464777835593381E+002 
     22.04000000 -0.233098774321431E+005  0.464777846971246E+002 
     22.06000000 -0.233098774309863E+005  0.464777858539118E+002 
     22.08000000 -0.233098774298420E+005  0.464777869982504E+002 
     22.10000000 -0.233098774287405E+005  0.464777880997492E+002 
     22.12000000 -0.233098774277026E+005  0.464777891376533E+002 
     22.14000000 -0.233098774267331E+005  0.464777901071894E+002 
     22.16000000 -0.233098774258181E+005  0.464777910221084E+002 
     22.18000000 -0.233098774249285E+005  0.464777919117220E+002 
     22.20000000 -0.233098774240263E+005  0.464777928139449E+002 
     22.22000000 -0.233098774230747E+005  0.464777937655785E+002 
     22.24000000 -0.233098774220468E+005  0.464777947934502E+002 
     22.26000000 -0.233098774209317E+005  0.464777959085607E+002 
     22.28000000 -0.233098774197353E+005  0.464777971049642E+002 
     22.30000000 -0.233098774184775E+005  0.464777983627938E+002 
     22.32000000 -0.233098774171863E+005  0.464777996539845E+002 
     22.34000000 -0.233098774158923E+005  0.464778009479346E+002 
     22.36000000 -0.233098774146244E+005  0.464778022158678E+002 
     22.38000000 -0.233098774134075E+005  0.464778034327137E+002 
     22.40000000 -0.233098774122627E+005  0.464778045775535E+002 
     22.42000000 -0.233098774112064E+005  0.464778056338984E+002 
     22.44000000 -0.233098774102499E+005  0.464778065903487E+002 
     22.46000000 -0.233098774093980E+005  0.464778074422639E+002 
     22.48000000 -0.233098774086467E+005  0.464778081936008E+002 
     22.50000000 -0.233098774079823E+005  0.464778088579742E+002 
     22.52000000 -0.233098774073821E+005  0.464778094581960E+002 
     22.54000000 -0.233098774068161E+005  0.464778100241535E+002 
     22.56000000 -0.233098774062508E+005  0.464778105894365E+002 
     22.58000000 -0.233098774056531E+005  0.464778111871061E+002 
     22.60000000 -0.233098774049946E+005  0.464778118456543E+002 
     22.62000000 -0.233098774042554E+005  0.464778125848736E+002 
     22.64000000 -0.233098774034276E+005  0.464778134127023E+002 
     22.66000000 -0.233098774025168E+005  0.464778143234078E+002 
     22.68000000 -0.233098774015427E+005  0.464778152975595E+002 
     22.70000000 -0.233098774005357E+005  0.464778163045619E+002 
     22.72000000 -0.233098773995329E+005  0.464778173073849E+002 
     22.74000000 -0.233098773985714E+005  0.464778182688159E+002 
     22.76000000 -0.233098773976823E+005  0.464778191579561E+002 
     22.78000000 -0.233098773968848E+005  0.464778199554213E+002 
     22.80000000 -0.233098773961841E+005  0.464778206561256E+002 
     22.82000000 -0.233098773955707E+005  0.464778212695632E+002 
     22.84000000 -0.233098773950228E+005  0.464778218174480E+002 
     22.86000000 -0.233098773945107E+005  0.464778223295895E+002 
     22.88000000 -0.233098773940014E+005  0.464778228389005E+002 
     22.90000000 -0.233098773934644E+005  0.464778233758927E+002 
     22.92000000 -0.233098773928763E+005  0.464778239639568E+002 
     22.94000000 -0.233098773922246E+005  0.464778246156187E+002 
     22.96000000 -0.233098773915092E+005  0.464778253310639E+002 
     22.98000000 -0.233098773907412E+005  0.464778260990473E+002 
     23.00000000 -0.233098773899398E+005  0.464778269004351E+002 
     23.02000000 -0.233098773891268E+005  0.464778277134920E+002 
     23.04000000 -0.233098773883208E+005  0.464778285194645E+002 
     23.06000000 -0.233098773875332E+005  0.464778293070921E+002 
     23.08000000 -0.233098773867656E+005  0.464778300746177E+002 
     23.10000000 -0.233098773860115E+005  0.464778308287326E+002 
     23.12000000 -0.233098773852591E+005  0.464778315811058E+002 
     23.14000000 -0.233098773844971E+005  0.464778323431836E+002 
     23.16000000 -0.233098773837187E+005  0.464778331215800E+002 
     23.18000000 -0.233098773829251E+005  0.464778339151906E+002 
     23.20000000 -0.233098773821252E+005  0.464778347150317E+002 
     23.22000000 -0.233098773813330E+005  0.464778355072842E+002 
     23.24000000 -0.233098773805621E+005  0.464778362781415E+002 
     23.26000000 -0.233098773798213E+005  0.464778370189974E+002 
     23.28000000 -0.233098773791103E+005  0.464778377299693E+002 
     23.30000000 -0.233098773784195E+005  0.464778384207741E+002 
     23.32000000 -0.233098773777320E+005  0.464778391082503E+002 
     23.34000000 -0.233098773770284E+005  0.464778398118440E+002 
     23.36000000 -0.233098773762922E+005  0.464778405480657E+002 
     23.38000000 -0.233098773755142E+005  0.464778413260073E+002 
     23.40000000 -0.233098773746953E+005  0.464778421449110E+002 
     23.42000000 -0.233098773738460E+005  0.464778429942833E+002 
     23.44000000 -0.233098773729840E+005  0.464778438562063E+002 
     23.46000000 -0.233098773721306E+005  0.464778447096776E+002 
     23.48000000 -0.233098773713053E+005  0.464778455349200E+002 
     23.50000000 -0.233098773705226E+005  0.464778463176319E+002 
     23.52000000 -0.233098773697883E+005  0.464778470519139E+002 
     23.54000000 -0.233098773690993E+005  0.464778477409245E+002 
     23.56000000 -0.233098773684443E+005  0.464778483959367E+002 
     23.58000000 -0.233098773678070E+005  0.464778490332629E+002 
     23.60000000 -0.233098773671700E+005  0.464778496702891E+002 
     23.62000000 -0.233098773665188E+005  0.464778503214219E+002 
     23.64000000 -0.233098773658451E+005  0.464778509951131E+002 
     23.66000000 -0.233098773651480E+005  0.464778516922537E+002 
     23.68000000 -0.233098773644336E+005  0.464778524066130E+002 
     23.70000000 -0.233098773637136E+005  0.464778531266800E+002 
     23.72000000 -0.233098773630018E+005  0.464778538384160E+002 
     23.74000000 -0.233098773623121E+005  0.464778545281753E+002 
     23.76000000 -0.233098773616549E+005  0.464778551853561E+002 
     23.78000000 -0.233098773610366E+005  0.464778558036568E+002 
     23.80000000 -0.233098773604582E+005  0.464778563820535E+002 
     23.82000000 -0.233098773599161E+005  0.464778569241625E+002 
     23.84000000 -0.233098773594029E+005  0.464778574373188E+002 
     23.86000000 -0.233098773589095E+005  0.464778579307875E+002 
     23.88000000 -0.233098773584265E+005  0.464778584137071E+002 
     23.90000000 -0.233098773579473E+005  0.464778588929052E+002 
     23.92000000 -0.233098773574689E+005  0.464778593713051E+002 
     23.94000000 -0.233098773569929E+005  0.464778598473075E+002 
     23.96000000 -0.233098773565245E+005  0.464778603157369E+002 
     23.98000000 -0.233098773560704E+005  0.464778607698089E+002 
     24.00000000 -0.233098773556363E+005  0.464778612039923E+002 
     24.02000000 -0.233098773552236E+005  0.464778616166599E+002 
     24.04000000 -0.233098773548286E+005  0.464778620116106E+002 
     24.06000000 -0.233098773544424E+005  0.464778623978931E+002 
     24.08000000 -0.233098773540524E+005  0.464778627878756E+002 
     24.10000000 -0.233098773536461E+005  0.464778631941426E+002 
     24.12000000 -0.233098773532140E+005  0.464778636262100E+002 
     24.14000000 -0.233098773527524E+005  0.464778640878922E+002 
     24.16000000 -0.233098773522640E+005  0.464778645762906E+002 
     24.18000000 -0.233098773517574E+005  0.464778650829008E+002 
     24.20000000 -0.233098773512438E+005  0.464778655964098E+002 
     24.22000000 -0.233098773507336E+005  0.464778661066890E+002 
     24.24000000 -0.233098773502315E+005  0.464778666087919E+002 
     24.26000000 -0.233098773497354E+005  0.464778671048623E+002 
     24.28000000 -0.233098773492362E+005  0.464778676040944E+002 
     24.30000000 -0.233098773487209E+005  0.464778681194007E+002 
     24.32000000 -0.233098773481779E+005  0.464778686623171E+002 
     24.34000000 -0.233098773476023E+005  0.464778692379172E+002 
     24.36000000 -0.233098773469992E+005  0.464778698410501E+002 
     24.38000000 -0.233098773463841E+005  0.464778704561521E+002 
     24.40000000 -0.233098773457795E+005  0.464778710607545E+002 
     24.42000000 -0.233098773452087E+005  0.464778716315131E+002 
     24.44000000 -0.233098773446888E+005  0.464778721514505E+002 
     24.46000000 -0.233098773442246E+005  0.464778726156169E+002 
     24.48000000 -0.233098773438067E+005  0.464778730335405E+002 
     24.50000000 -0.233098773434125E+005  0.464778734277611E+002 
     24.52000000 -0.233098773430115E+005  0.464778738287381E+002 
     24.54000000 -0.233098773425725E+005  0.464778742677753E+002 
     24.56000000 -0.233098773420701E+005  0.464778747701071E+002 
     24.58000000 -0.233098773414906E+005  0.464778753496608E+002 
     24.60000000 -0.233098773408334E+005  0.464778760068262E+002 
     24.62000000 -0.233098773401113E+005  0.464778767289720E+002 
     24.64000000 -0.233098773393468E+005  0.464778774934504E+002 
     24.66000000 -0.233098773385686E+005  0.464778782716829E+002 
     24.68000000 -0.233098773378065E+005  0.464778790337730E+002 
     24.70000000 -0.233098773370876E+005  0.464778797526676E+002 
     24.72000000 -0.233098773364327E+005  0.464778804075684E+002 
     24.74000000 -0.233098773358537E+005  0.464778809865498E+002 
     24.76000000 -0.233098773353524E+005  0.464778814878886E+002 
     24.78000000 -0.233098773349199E+005  0.464778819203458E+002 
     24.80000000 -0.233098773345383E+005  0.464778823019322E+002 
     24.82000000 -0.233098773341832E+005  0.464778826570624E+002 
     24.84000000 -0.233098773338277E+005  0.464778830125762E+002 
     24.86000000 -0.233098773334470E+005  0.464778833932470E+002 
     24.88000000 -0.233098773330227E+005  0.464778838175866E+002 
     24.90000000 -0.233098773325449E+005  0.464778842953276E+002 
     24.92000000 -0.233098773320136E+005  0.464778848266370E+002 
     24.94000000 -0.233098773314364E+005  0.464778854038179E+002 
     24.96000000 -0.233098773308260E+005  0.464778860142424E+002 
     24.98000000 -0.233098773301964E+005  0.464778866438316E+002 
     25.00000000 -0.233098773295603E+005  0.464778872799698E+002 
     25.02000000 -0.233098773289277E+005  0.464778879125938E+002 
     25.04000000 -0.233098773283063E+005  0.464778885339355E+002 
     25.06000000 -0.233098773277031E+005  0.464778891371458E+002 
     25.08000000 -0.233098773271251E+005  0.464778897151774E+002 
     25.10000000 -0.233098773265793E+005  0.464778902609802E+002 
     25.12000000 -0.233098773260713E+005  0.464778907689856E+002 
     25.14000000 -0.233098773256024E+005  0.464778912378821E+002 
     25.16000000 -0.233098773251671E+005  0.464778916731297E+002 
     25.18000000 -0.233098773247526E+005  0.464778920876195E+002 
     25.20000000 -0.233098773243401E+005  0.464778925001386E+002 
     25.22000000 -0.233098773239092E+005  0.464778929310583E+002 
     25.24000000 -0.233098773234436E+005  0.464778933967034E+002 
     25.26000000 -0.233098773229360E+005  0.464778939042417E+002 
     25.28000000 -0.233098773223915E+005  0.464778944487421E+002 
     25.30000000 -0.233098773218266E+005  0.464778950136570E+002 
     25.32000000 -0.233098773212654E+005  0.464778955748100E+002 
     25.34000000 -0.233098773207336E+005  0.464778961066082E+002 
     25.36000000 -0.233098773202514E+005  0.464778965888101E+002 
     25.38000000 -0.233098773198286E+005  0.464778970116278E+002 
     25.40000000 -0.233098773194622E+005  0.464778973780495E+002 
     25.42000000 -0.233098773191377E+005  0.464778977025842E+002 
     25.44000000 -0.233098773188330E+005  0.464778980073015E+002 
     25.46000000 -0.233098773185239E+005  0.464778983163931E+002 
     25.48000000 -0.233098773181897E+005  0.464778986505921E+002 
     25.50000000 -0.233098773178171E+005  0.464778990231608E+002 
     25.52000000 -0.233098773174027E+005  0.464778994375484E+002 
     25.54000000 -0.233098773169527E+005  0.464778998876019E+002 
     25.56000000 -0.233098773164809E+005  0.464779003593970E+002 
     25.58000000 -0.233098773160053E+005  0.464779008349323E+002 
     25.60000000 -0.233098773155440E+005  0.464779012963021E+002 
     25.62000000 -0.233098773151102E+005  0.464779017300184E+002 
     25.64000000 -0.233098773147099E+005  0.464779021303210E+002 
     25.66000000 -0.233098773143395E+005  0.464779025007211E+002 
     25.68000000 -0.233098773139872E+005  0.464779028530485E+002 
     25.70000000 -0.233098773136356E+005  0.464779032046644E+002 
     25.72000000 -0.233098773132661E+005  0.464779035741735E+002 
     25.74000000 -0.233098773128637E+005  0.464779039765117E+002 
     25.76000000 -0.233098773124205E+005  0.464779044197840E+002 
     25.78000000 -0.233098773119370E+005  0.464779049032574E+002 
     25.80000000 -0.233098773114220E+005  0.464779054182172E+002 
     25.82000000 -0.233098773108900E+005  0.464779059502164E+002 
     25.84000000 -0.233098773103573E+005  0.464779064829241E+002 
     25.86000000 -0.233098773098388E+005  0.464779070014972E+002 
     25.88000000 -0.233098773093445E+005  0.464779074957331E+002 
     25.90000000 -0.233098773088785E+005  0.464779079617649E+002 
     25.92000000 -0.233098773084378E+005  0.464779084024975E+002 
     25.94000000 -0.233098773080134E+005  0.464779088268310E+002 
     25.96000000 -0.233098773075925E+005  0.464779092477863E+002 
     25.98000000 -0.233098773071603E+005  0.464779096799589E+002 
     26.00000000 -0.233098773067037E+005  0.464779101365336E+002 
     26.02000000 -0.233098773062140E+005  0.464779106262591E+002 
     26.04000000 -0.233098773056891E+005  0.464779111511308E+002 
     26.06000000 -0.233098773051349E+005  0.464779117053975E+002 
     26.08000000 -0.233098773045639E+005  0.464779122763882E+002 
     26.10000000 -0.233098773039932E+005  0.464779128470076E+002 
     26.12000000 -0.233098773034405E+005  0.464779133997678E+002 
     26.14000000 -0.233098773029195E+005  0.464779139207137E+002 
     26.16000000 -0.233098773024375E+005  0.464779144027053E+002 
     26.18000000 -0.233098773019937E+005  0.464779148465593E+002 
     26.20000000 -0.233098773015803E+005  0.464779152599105E+002 
     26.22000000 -0.233098773011860E+005  0.464779156542982E+002 
     26.24000000 -0.233098773007988E+005  0.464779160414840E+002 
     26.26000000 -0.233098773004100E+005  0.464779164302816E+002 
     26.28000000 -0.233098773000154E+005  0.464779168249013E+002 
     26.30000000 -0.233098772996149E+005  0.464779172253709E+002 
     26.32000000 -0.233098772992110E+005  0.464779176292064E+002 
     26.34000000 -0.233098772988062E+005  0.464779180340689E+002 
     26.36000000 -0.233098772984004E+005  0.464779184398595E+002 
     26.38000000 -0.233098772979905E+005  0.464779188497398E+002 
     26.40000000 -0.233098772975706E+005  0.464779192696433E+002 
     26.42000000 -0.233098772971334E+005  0.464779197068832E+002 
     26.44000000 -0.233098772966725E+005  0.464779201677766E+002 
     26.46000000 -0.233098772961846E+005  0.464779206556212E+002 
     26.48000000 -0.233098772956710E+005  0.464779211692600E+002 
     26.50000000 -0.233098772951373E+005  0.464779217029762E+002 
     26.52000000 -0.233098772945928E+005  0.464779222474889E+002 
     26.54000000 -0.233098772940486E+005  0.464779227916985E+002 
     26.56000000 -0.233098772935149E+005  0.464779233253218E+002 
     26.58000000 -0.233098772929994E+005  0.464779238408694E+002 
     26.60000000 -0.233098772925051E+005  0.464779243351858E+002 
     26.62000000 -0.233098772920299E+005  0.464779248103344E+002 
     26.64000000 -0.233098772915669E+005  0.464779252733345E+002 
     26.66000000 -0.233098772911051E+005  0.464779257351745E+002 
     26.68000000 -0.233098772906314E+005  0.464779262088072E+002 
     26.70000000 -0.233098772901338E+005  0.464779267064801E+002 
     26.72000000 -0.233098772896032E+005  0.464779272370965E+002 
     26.74000000 -0.233098772890365E+005  0.464779278037716E+002 
     26.76000000 -0.233098772884373E+005  0.464779284029386E+002 
     26.78000000 -0.233098772878151E+005  0.464779290251372E+002 
     26.80000000 -0.233098772871826E+005  0.464779296576653E+002 
     26.82000000 -0.233098772865522E+005  0.464779302880464E+002 
     26.84000000 -0.233098772859329E+005  0.464779309073495E+002 
     26.86000000 -0.233098772853280E+005  0.464779315122921E+002 
     26.88000000 -0.233098772847346E+005  0.464779321056339E+002 
     26.90000000 -0.233098772841460E+005  0.464779326942301E+002 
     26.92000000 -0.233098772835541E+005  0.464779332861241E+002 
     26.94000000 -0.233098772829533E+005  0.464779338869925E+002 
     26.96000000 -0.233098772823430E+005  0.464779344972932E+002 
     26.98000000 -0.233098772817290E+005  0.464779351113031E+002 
     27.00000000 -0.233098772811223E+005  0.464779357179473E+002 
     27.02000000 -0.233098772805364E+005  0.464779363038954E+002 
     27.04000000 -0.233098772799824E+005  0.464779368578281E+002 
     27.06000000 -0.233098772794665E+005  0.464779373737995E+002 
     27.08000000 -0.233098772789865E+005  0.464779378537709E+002 
     27.10000000 -0.233098772785331E+005  0.464779383071655E+002 
     27.12000000 -0.233098772780919E+005  0.464779387483775E+002 
     27.14000000 -0.233098772776474E+005  0.464779391928378E+002 
     27.16000000 -0.233098772771874E+005  0.464779396528897E+002 
     27.18000000 -0.233098772767054E+005  0.464779401348689E+002 
     27.20000000 -0.233098772762022E+005  0.464779406380639E+002 
     27.22000000 -0.233098772756843E+005  0.464779411560028E+002 
     27.24000000 -0.233098772751616E+005  0.464779416786687E+002 
     27.26000000 -0.233098772746450E+005  0.464779421952248E+002 
     27.28000000 -0.233098772741440E+005  0.464779426962140E+002 
     27.30000000 -0.233098772736657E+005  0.464779431745459E+002 
     27.32000000 -0.233098772732145E+005  0.464779436257192E+002 
     27.34000000 -0.233098772727923E+005  0.464779440479398E+002 
     27.36000000 -0.233098772723978E+005  0.464779444424295E+002 
     27.38000000 -0.233098772720265E+005  0.464779448137299E+002 
     27.40000000 -0.233098772716701E+005  0.464779451701098E+002 
     27.42000000 -0.233098772713175E+005  0.464779455227714E+002 
     27.44000000 -0.233098772709559E+005  0.464779458843083E+002 
     27.46000000 -0.233098772705740E+005  0.464779462662629E+002 
     27.48000000 -0.233098772701637E+005  0.464779466765145E+002 
     27.50000000 -0.233098772697226E+005  0.464779471176584E+002 
     27.52000000 -0.233098772692538E+005  0.464779475864838E+002 
     27.54000000 -0.233098772687654E+005  0.464779480748141E+002 
     27.56000000 -0.233098772682689E+005  0.464779485713980E+002 
     27.58000000 -0.233098772677765E+005  0.464779490637995E+002 
     27.60000000 -0.233098772672999E+005  0.464779495403556E+002 
     27.62000000 -0.233098772668486E+005  0.464779499916775E+002 
     27.64000000 -0.233098772664284E+005  0.464779504118408E+002 
     27.66000000 -0.233098772660409E+005  0.464779507993422E+002 
     27.68000000 -0.233098772656824E+005  0.464779511578722E+002 
     27.70000000 -0.233098772653439E+005  0.464779514963930E+002 
     27.72000000 -0.233098772650119E+005  0.464779518283275E+002 
     27.74000000 -0.233098772646705E+005  0.464779521697346E+002 
     27.76000000 -0.233098772643036E+005  0.464779525366637E+002 
     27.78000000 -0.233098772638980E+005  0.464779529422347E+002 
     27.80000000 -0.233098772634457E+005  0.464779533945062E+002 
     27.82000000 -0.233098772629452E+005  0.464779538950407E+002 
     27.84000000 -0.233098772624009E+005  0.464779544393307E+002 
     27.86000000 -0.233098772618222E+005  0.464779550181017E+002 
     27.88000000 -0.233098772612208E+005  0.464779556194125E+002 
     27.90000000 -0.233098772606097E+005  0.464779562305052E+002 
     27.92000000 -0.233098772600006E+005  0.464779568396025E+002 
     27.94000000 -0.233098772594032E+005  0.464779574370680E+002 
     27.96000000 -0.233098772588239E+005  0.464779580163464E+002 
     27.98000000 -0.233098772582657E+005  0.464779585745698E+002 
     28.00000000 -0.233098772577272E+005  0.464779591130563E+002 
     28.02000000 -0.233098772572033E+005  0.464779596369968E+002 
     28.04000000 -0.233098772566857E+005  0.464779601545211E+002 
     28.06000000 -0.233098772561651E+005  0.464779606751886E+002 
     28.08000000 -0.233098772556326E+005  0.464779612076364E+002 
     28.10000000 -0.233098772550825E+005  0.464779617577361E+002 
     28.12000000 -0.233098772545128E+005  0.464779623274244E+002 
     28.14000000 -0.233098772539256E+005  0.464779629147027E+002 
     28.16000000 -0.233098772533252E+005  0.464779635150483E+002 
     28.18000000 -0.233098772527171E+005  0.464779641231959E+002 
     28.20000000 -0.233098772521054E+005  0.464779647348640E+002 
     28.22000000 -0.233098772514930E+005  0.464779653472251E+002 
     28.24000000 -0.233098772508815E+005  0.464779659587323E+002 
     28.26000000 -0.233098772502727E+005  0.464779665675853E+002 
     28.28000000 -0.233098772496697E+005  0.464779671705728E+002 
     28.30000000 -0.233098772490776E+005  0.464779677626400E+002 
     28.32000000 -0.233098772485029E+005  0.464779683373151E+002 
     28.34000000 -0.233098772479518E+005  0.464779688884481E+002 
     28.36000000 -0.233098772474283E+005  0.464779694119183E+002 
     28.38000000 -0.233098772469330E+005  0.464779699072308E+002 
     28.40000000 -0.233098772464624E+005  0.464779703778752E+002 
     28.42000000 -0.233098772460095E+005  0.464779708307221E+002 
     28.44000000 -0.233098772455656E+005  0.464779712746906E+002 
     28.46000000 -0.233098772451213E+005  0.464779717189374E+002 
     28.48000000 -0.233098772446685E+005  0.464779721717473E+002 
     28.50000000 -0.233098772442006E+005  0.464779726396507E+002 
     28.52000000 -0.233098772437132E+005  0.464779731270993E+002 
     28.54000000 -0.233098772432040E+005  0.464779736362772E+002 
     28.56000000 -0.233098772426735E+005  0.464779741667977E+002 
     28.58000000 -0.233098772421251E+005  0.464779747151341E+002 
     28.60000000 -0.233098772415660E+005  0.464779752742949E+002 
     28.62000000 -0.233098772410062E+005  0.464779758340466E+002 
     28.64000000 -0.233098772404584E+005  0.464779763818262E+002 
     28.66000000 -0.233098772399349E+005  0.464779769053150E+002 
     28.68000000 -0.233098772394452E+005  0.464779773950900E+002 
     28.70000000 -0.233098772389923E+005  0.464779778479803E+002 
     28.72000000 -0.233098772385710E+005  0.464779782692542E+002 
     28.74000000 -0.233098772381672E+005  0.464779786730031E+002 
     28.76000000 -0.233098772377601E+005  0.464779790801796E+002 
     28.78000000 -0.233098772373261E+005  0.464779795141991E+002 
     28.80000000 -0.233098772368452E+005  0.464779799950615E+002 
     28.82000000 -0.233098772363069E+005  0.464779805333747E+002 
     28.84000000 -0.233098772357139E+005  0.464779811263823E+002 
     28.86000000 -0.233098772350832E+005  0.464779817570821E+002 
     28.88000000 -0.233098772344427E+005  0.464779823975452E+002 
     28.90000000 -0.233098772338246E+005  0.464779830156820E+002 
     28.92000000 -0.233098772332567E+005  0.464779835835512E+002 
     28.94000000 -0.233098772327555E+005  0.464779840847137E+002 
     28.96000000 -0.233098772323218E+005  0.464779845184455E+002 
     28.98000000 -0.233098772319411E+005  0.464779848991688E+002 
     29.00000000 -0.233098772315885E+005  0.464779852517344E+002 
     29.02000000 -0.233098772312358E+005  0.464779856044330E+002 
     29.04000000 -0.233098772308584E+005  0.464779859818927E+002 
     29.06000000 -0.233098772304401E+005  0.464779864001627E+002 
     29.08000000 -0.233098772299757E+005  0.464779868645890E+002 
     29.10000000 -0.233098772294697E+005  0.464779873705774E+002 
     29.12000000 -0.233098772289342E+005  0.464779879060229E+002 
     29.14000000 -0.233098772283856E+005  0.464779884546161E+002 
     29.16000000 -0.233098772278410E+005  0.464779889992649E+002 
     29.18000000 -0.233098772273152E+005  0.464779895250275E+002 
     29.20000000 -0.233098772268186E+005  0.464779900216826E+002 
     29.22000000 -0.233098772263551E+005  0.464779904851436E+002 
     29.24000000 -0.233098772259226E+005  0.464779909176999E+002 
     29.26000000 -0.233098772255133E+005  0.464779913269738E+002 
     29.28000000 -0.233098772251168E+005  0.464779917234033E+002 
     29.30000000 -0.233098772247228E+005  0.464779921174444E+002 
     29.32000000 -0.233098772243235E+005  0.464779925167911E+002 
     29.34000000 -0.233098772239149E+005  0.464779929253938E+002 
     29.36000000 -0.233098772234969E+005  0.464779933433483E+002 
     29.38000000 -0.233098772230715E+005  0.464779937687924E+002 
     29.40000000 -0.233098772226403E+005  0.464779941999534E+002 
     29.42000000 -0.233098772222033E+005  0.464779946369149E+002 
     29.44000000 -0.233098772217583E+005  0.464779950819165E+002 
     29.46000000 -0.233098772213023E+005  0.464779955379066E+002 
     29.48000000 -0.233098772208339E+005  0.464779960063916E+002 
     29.50000000 -0.233098772203552E+005  0.464779964850545E+002 
     29.52000000 -0.233098772198734E+005  0.464779969668295E+002 
     29.54000000 -0.233098772193992E+005  0.464779974410840E+002 
     29.56000000 -0.233098772189437E+005  0.464779978965451E+002 
     29.58000000 -0.233098772185152E+005  0.464779983250796E+002 
     29.60000000 -0.233098772181153E+005  0.464779987249182E+002 
     29.62000000 -0.233098772177383E+005  0.464779991019509E+002 
     29.64000000 -0.233098772173715E+005  0.464779994687563E+002 
     29.66000000 -0.233098772169985E+005  0.464779998417735E+002 
     29.68000000 -0.233098772166029E+005  0.464780002374017E+002 
     29.70000000 -0.233098772161718E+005  0.464780006684668E+002 
     29.72000000 -0.233098772156989E+005  0.464780011413138E+002 
     29.74000000 -0.233098772151857E+005  0.464780016545814E+002 
     29.76000000 -0.233098772146412E+005  0.464780021990261E+002 
     29.78000000 -0.233098772140812E+005  0.464780027590809E+002 
     29.80000000 -0.233098772135245E+005  0.464780033157700E+002 
     29.82000000 -0.233098772129895E+005  0.464780038507700E+002 
     29.84000000 -0.233098772124895E+005  0.464780043507445E+002 
     29.86000000 -0.233098772120295E+005  0.464780048107964E+002 
     29.88000000 -0.233098772116047E+005  0.464780052355816E+002 
     29.90000000 -0.233098772112023E+005  0.464780056379692E+002 
     29.92000000 -0.233098772108052E+005  0.464780060350854E+002 
     29.94000000 -0.233098772103966E+005  0.464780064436912E+002 
     29.96000000 -0.233098772099646E+005  0.464780068756596E+002 
     29.98000000 -0.233098772095050E+005  0.464780073352846E+002 
     30.00000000 -0.233098772090213E+005  0.464780078190024E+002 
