# Real time calculation: 
# Eall: Total energy
# Eall0: Initial total energy
# 1:Time[fs] 2:Eall[eV] 3:Eall-Eall0[eV] 
      0.00000000 -0.865026927883626E+003  0.000000000000000E+000 
      0.02000000 -0.865026927887511E+003 -0.388504848204843E-008 
      0.04000000 -0.865026927887333E+003 -0.370755454089728E-008 
      0.06000000 -0.865026927885766E+003 -0.213988474258198E-008 
      0.08000000 -0.865026927879938E+003  0.368783299188049E-008 
      0.10000000 -0.865026927864080E+003  0.195456985380604E-007 
      0.12000000 -0.865026927828276E+003  0.553495907324896E-007 
      0.14000000 -0.865026927757140E+003  0.126486184778662E-006 
      0.16000000 -0.865026927628460E+003  0.255165618491364E-006 
      0.18000000 -0.865026927411884E+003  0.471741482641157E-006 
      0.20000000 -0.865026927067648E+003  0.815977833804451E-006 
      0.22000000 -0.865026926545390E+003  0.133823548420657E-005 
      0.24000000 -0.865026925783130E+003  0.210049636217949E-005 
      0.26000000 -0.865026924706406E+003  0.317721965940741E-005 
      0.28000000 -0.865026923227643E+003  0.465598307129260E-005 
      0.30000000 -0.865026921245744E+003  0.663788138492884E-005 
      0.32000000 -0.865026918645958E+003  0.923766743017241E-005 
      0.34000000 -0.865026915299978E+003  0.125836482514869E-004 
      0.36000000 -0.865026911066291E+003  0.168173348570998E-004 
      0.38000000 -0.865026905790793E+003  0.220928325911193E-004 
      0.40000000 -0.865026899307641E+003  0.285759849862893E-004 
      0.42000000 -0.865026891440272E+003  0.364433538505470E-004 
      0.44000000 -0.865026882002585E+003  0.458810408077954E-004 
      0.46000000 -0.865026870800293E+003  0.570833327948475E-004 
      0.48000000 -0.865026857632418E+003  0.702512081540890E-004 
      0.50000000 -0.865026842292863E+003  0.855907633565722E-004 
      0.52000000 -0.865026824572068E+003  0.103311558132036E-003 
      0.54000000 -0.865026804258703E+003  0.123624922509265E-003 
      0.56000000 -0.865026781141429E+003  0.146742196474494E-003 
      0.58000000 -0.865026755010721E+003  0.172872904471358E-003 
      0.60000000 -0.865026725660689E+003  0.202222936958060E-003 
      0.62000000 -0.865026692890803E+003  0.234992823321722E-003 
      0.64000000 -0.865026656507494E+003  0.271376131822711E-003 
      0.66000000 -0.865026616325631E+003  0.311557994925474E-003 
      0.68000000 -0.865026572169807E+003  0.355713819083868E-003 
      0.70000000 -0.865026523875416E+003  0.404008209723391E-003 
      0.72000000 -0.865026471289512E+003  0.456594114030517E-003 
      0.74000000 -0.865026414271427E+003  0.513612198370465E-003 
      0.76000000 -0.865026352693098E+003  0.575190527812027E-003 
      0.78000000 -0.865026286439181E+003  0.641444444898043E-003 
      0.80000000 -0.865026215407036E+003  0.712476589560304E-003 
      0.82000000 -0.865026139506565E+003  0.788377061242281E-003 
      0.84000000 -0.865026058659747E+003  0.869223879068604E-003 
      0.86000000 -0.865025972799929E+003  0.955083696944563E-003 
      0.88000000 -0.865025881870942E+003  0.104601268387192E-002 
      0.90000000 -0.865025785826031E+003  0.114205759461632E-002 
      0.92000000 -0.865025684626539E+003  0.124325708699080E-002 
      0.94000000 -0.865025578240441E+003  0.134964318502066E-002 
      0.96000000 -0.865025466640726E+003  0.146124289949411E-002 
      0.98000000 -0.865025349803640E+003  0.157807998550031E-002 
      1.00000000 -0.865025227706894E+003  0.170017673157991E-002 
      1.02000000 -0.865025100327862E+003  0.182755576366671E-002 
      1.04000000 -0.865024967641773E+003  0.196024185270300E-002 
      1.06000000 -0.865024829620035E+003  0.209826359039115E-002 
      1.08000000 -0.865024686228647E+003  0.224165497890518E-002 
      1.10000000 -0.865024537426703E+003  0.239045692238122E-002 
      1.12000000 -0.865024383165011E+003  0.254471861428981E-002 
      1.14000000 -0.865024223384987E+003  0.270449863855570E-002 
      1.16000000 -0.865024058017668E+003  0.286986595776221E-002 
      1.18000000 -0.865023886982737E+003  0.304090088907777E-002 
      1.20000000 -0.865023710187752E+003  0.321769587378315E-002 
      1.22000000 -0.865023527527677E+003  0.340035594875172E-002 
      1.24000000 -0.865023338884626E+003  0.358899899992944E-002 
      1.26000000 -0.865023144127851E+003  0.378375577499912E-002 
      1.28000000 -0.865022943113933E+003  0.398476969254551E-002 
      1.30000000 -0.865022735687218E+003  0.419219640779443E-002 
      1.32000000 -0.865022521680432E+003  0.440620319428428E-002 
      1.34000000 -0.865022300915449E+003  0.462696817656242E-002 
      1.36000000 -0.865022073204300E+003  0.485467932564290E-002 
      1.38000000 -0.865021838350418E+003  0.508953320755822E-002 
      1.40000000 -0.865021596149930E+003  0.533173369575483E-002 
      1.42000000 -0.865021346393160E+003  0.558149046606825E-002 
      1.44000000 -0.865021088866339E+003  0.583901728655542E-002 
      1.46000000 -0.865020823353513E+003  0.610453011330182E-002 
      1.48000000 -0.865020549638516E+003  0.637824511024257E-002 
      1.50000000 -0.865020267507109E+003  0.666037651720500E-002 
      1.52000000 -0.865019976749101E+003  0.695113452510511E-002 
      1.54000000 -0.865019677160339E+003  0.725072328677794E-002 
      1.56000000 -0.865019368544714E+003  0.755933891147011E-002 
      1.58000000 -0.865019050716177E+003  0.787716744850474E-002 
      1.60000000 -0.865018723500863E+003  0.820438276276796E-002 
      1.62000000 -0.865018386739271E+003  0.854114435451092E-002 
      1.64000000 -0.865018040288252E+003  0.888759537356393E-002 
      1.66000000 -0.865017684022781E+003  0.924386084449361E-002 
      1.68000000 -0.865017317837629E+003  0.961004599645847E-002 
      1.70000000 -0.865016941649089E+003  0.998623453718661E-002 
      1.72000000 -0.865016555396529E+003  0.103724870968102E-001 
      1.74000000 -0.865016159043664E+003  0.107688399617226E-001 
      1.76000000 -0.865015752579535E+003  0.111753040904346E-001 
      1.78000000 -0.865015336019574E+003  0.115918640520909E-001 
      1.80000000 -0.865014909406263E+003  0.120184773629946E-001 
      1.82000000 -0.865014472809325E+003  0.124550743007993E-001 
      1.84000000 -0.865014026325659E+003  0.129015579668643E-001 
      1.86000000 -0.865013570079222E+003  0.133578044041001E-001 
      1.88000000 -0.865013104220465E+003  0.138236631602895E-001 
      1.90000000 -0.865012628925677E+003  0.142989579486629E-001 
      1.92000000 -0.865012144396325E+003  0.147834873009326E-001 
      1.94000000 -0.865011650857930E+003  0.152770256959654E-001 
      1.96000000 -0.865011148558660E+003  0.157793249655222E-001 
      1.98000000 -0.865010637767837E+003  0.162901157891329E-001 
      2.00000000 -0.865010118774184E+003  0.168091094413863E-001 
      2.02000000 -0.865009591883881E+003  0.173359997452339E-001 
      2.04000000 -0.865009057418366E+003  0.178704652595351E-001 
      2.06000000 -0.865008515712150E+003  0.184121714754961E-001 
      2.08000000 -0.865007967110482E+003  0.189607731442960E-001 
      2.10000000 -0.865007411967143E+003  0.195159164832908E-001 
      2.12000000 -0.865006850642252E+003  0.200772413736116E-001 
      2.14000000 -0.865006283499971E+003  0.206443836551158E-001 
      2.16000000 -0.865005710906158E+003  0.212169774679338E-001 
      2.18000000 -0.865005133226338E+003  0.217946572877524E-001 
      2.20000000 -0.865004550823797E+003  0.223770598284608E-001 
      2.22000000 -0.865003964057873E+003  0.229638257527051E-001 
      2.24000000 -0.865003373282314E+003  0.235546013118704E-001 
      2.26000000 -0.865002778843990E+003  0.241490396354252E-001 
      2.28000000 -0.865002181081649E+003  0.247468019766663E-001 
      2.30000000 -0.865001580324929E+003  0.253475586967657E-001 
      2.32000000 -0.865000976893647E+003  0.259509899787101E-001 
      2.34000000 -0.865000371097319E+003  0.265567863070957E-001 
      2.36000000 -0.864999763234832E+003  0.271646487942098E-001 
      2.38000000 -0.864999153594296E+003  0.277742893298762E-001 
      2.40000000 -0.864998542453303E+003  0.283854303225618E-001 
      2.42000000 -0.864997930079374E+003  0.289978042522577E-001 
      2.44000000 -0.864997316730815E+003  0.296111528105618E-001 
      2.46000000 -0.864996702657750E+003  0.302252258761252E-001 
      2.48000000 -0.864996088103259E+003  0.308397803669352E-001 
      2.50000000 -0.864995473304640E+003  0.314545789857734E-001 
      2.52000000 -0.864994858494913E+003  0.320693887125808E-001 
      2.54000000 -0.864994243904624E+003  0.326839790019659E-001 
      2.56000000 -0.864993629763543E+003  0.332981200825115E-001 
      2.58000000 -0.864993016302494E+003  0.339115811313711E-001 
      2.60000000 -0.864992403755125E+003  0.345241285004897E-001 
      2.62000000 -0.864991792359817E+003  0.351355238084470E-001 
      2.64000000 -0.864991182361465E+003  0.357455221603945E-001 
      2.66000000 -0.864990574013186E+003  0.363538704397249E-001 
      2.68000000 -0.864989967577654E+003  0.369603059720330E-001 
      2.70000000 -0.864989363328383E+003  0.375645552431193E-001 
      2.72000000 -0.864988761550653E+003  0.381663329725598E-001 
      2.74000000 -0.864988162542624E+003  0.387653410021460E-001 
      2.76000000 -0.864987566616056E+003  0.393612675698607E-001 
      2.78000000 -0.864986974097000E+003  0.399537866255212E-001 
      2.80000000 -0.864986385326118E+003  0.405425575074037E-001 
      2.82000000 -0.864985800658736E+003  0.411272248899427E-001 
      2.84000000 -0.864985220464651E+003  0.417074189748560E-001 
      2.86000000 -0.864984645127760E+003  0.422827558661441E-001 
      2.88000000 -0.864984075045573E+003  0.428528380525913E-001 
      2.90000000 -0.864983510628354E+003  0.434172552714538E-001 
      2.92000000 -0.864982952297861E+003  0.439755857649349E-001 
      2.94000000 -0.864982400486064E+003  0.445273975622791E-001 
      2.96000000 -0.864981855633693E+003  0.450722499328828E-001 
      2.98000000 -0.864981318188555E+003  0.456096950708433E-001 
      3.00000000 -0.864980788603744E+003  0.461392798820794E-001 
      3.02000000 -0.864980267335625E+003  0.466605480010527E-001 
      3.04000000 -0.864979754841563E+003  0.471730420627098E-001 
      3.06000000 -0.864979251577608E+003  0.476763060177339E-001 
      3.08000000 -0.864978757996181E+003  0.481698874447999E-001 
      3.10000000 -0.864978274543845E+003  0.486533397806561E-001 
      3.12000000 -0.864977801658918E+003  0.491262247076884E-001 
      3.14000000 -0.864977339769191E+003  0.495881144347562E-001 
      3.16000000 -0.864976889289739E+003  0.500385938864777E-001 
      3.18000000 -0.864976450621071E+003  0.504772625551220E-001 
      3.20000000 -0.864976024147491E+003  0.509037361345972E-001 
      3.22000000 -0.864975610235585E+003  0.513176480413303E-001 
      3.24000000 -0.864975209233082E+003  0.517186505440023E-001 
      3.26000000 -0.864974821467702E+003  0.521064159239294E-001 
      3.28000000 -0.864974447246573E+003  0.524806370526917E-001 
      3.30000000 -0.864974086855786E+003  0.528410278397351E-001 
      3.32000000 -0.864973740560238E+003  0.531873233878234E-001 
      3.34000000 -0.864973408603526E+003  0.535192800993800E-001 
      3.36000000 -0.864973091208357E+003  0.538366752691028E-001 
      3.38000000 -0.864972788577194E+003  0.541393064320891E-001 
      3.40000000 -0.864972500893382E+003  0.544269902441551E-001 
      3.42000000 -0.864972228322687E+003  0.546995609393007E-001 
      3.44000000 -0.864971971015034E+003  0.549568685916035E-001 
      3.46000000 -0.864971729106350E+003  0.551987772755071E-001 
      3.48000000 -0.864971502720405E+003  0.554251632212770E-001 
      3.50000000 -0.864971291970780E+003  0.556359128461318E-001 
      3.52000000 -0.864971096963124E+003  0.558309205018301E-001 
      3.54000000 -0.864970917797265E+003  0.560100863609843E-001 
      3.56000000 -0.864970754569188E+003  0.561733144380421E-001 
      3.58000000 -0.864970607372866E+003  0.563205107600156E-001 
      3.60000000 -0.864970476301953E+003  0.564515816728455E-001 
      3.62000000 -0.864970361451144E+003  0.565664324822575E-001 
      3.64000000 -0.864970262917407E+003  0.566649662183618E-001 
      3.66000000 -0.864970180800848E+003  0.567470827780559E-001 
      3.68000000 -0.864970115205054E+003  0.568126785720667E-001 
      3.70000000 -0.864970066236952E+003  0.568616466735391E-001 
      3.72000000 -0.864970034006463E+003  0.568938771625828E-001 
      3.74000000 -0.864970018625740E+003  0.569092578855521E-001 
      3.76000000 -0.864970020208042E+003  0.569076755839112E-001 
      3.78000000 -0.864970038866373E+003  0.568890172524108E-001 
      3.80000000 -0.864970074711524E+003  0.568531721018658E-001 
      3.82000000 -0.864970127849924E+003  0.568000337017466E-001 
      3.84000000 -0.864970198381214E+003  0.567295024117303E-001 
      3.86000000 -0.864970286395673E+003  0.566414879524627E-001 
      3.88000000 -0.864970391971582E+003  0.565359120438953E-001 
      3.90000000 -0.864970515172519E+003  0.564127111067511E-001 
      3.92000000 -0.864970656044630E+003  0.562718389959888E-001 
      3.94000000 -0.864970814613967E+003  0.561132696585722E-001 
      3.96000000 -0.864970990884085E+003  0.559369995405622E-001 
      3.98000000 -0.864971184833613E+003  0.557430500126739E-001 
      4.00000000 -0.864971396414150E+003  0.555314694755523E-001 
      4.02000000 -0.864971625548498E+003  0.553023351279442E-001 
      4.04000000 -0.864971872129224E+003  0.550557544020212E-001 
      4.06000000 -0.864972136017591E+003  0.547918660344336E-001 
      4.08000000 -0.864972417043035E+003  0.545108405909617E-001 
      4.10000000 -0.864972715002788E+003  0.542128808378417E-001 
      4.12000000 -0.864973029662174E+003  0.538982214519361E-001 
      4.14000000 -0.864973360755125E+003  0.535671285012063E-001 
      4.16000000 -0.864973707985318E+003  0.532198983079202E-001 
      4.18000000 -0.864974071027638E+003  0.528568559874204E-001 
      4.20000000 -0.864974449530067E+003  0.524783535591094E-001 
      4.22000000 -0.864974843115746E+003  0.520847678801339E-001 
      4.24000000 -0.864975251385431E+003  0.516764981947889E-001 
      4.26000000 -0.864975673920266E+003  0.512539633601600E-001 
      4.28000000 -0.864976110284719E+003  0.508175989067422E-001 
      4.30000000 -0.864976560029599E+003  0.503678540269405E-001 
      4.32000000 -0.864977022695259E+003  0.499051883670309E-001 
      4.34000000 -0.864977497814493E+003  0.494300691325397E-001 
      4.36000000 -0.864977984915324E+003  0.489429683021881E-001 
      4.38000000 -0.864978483523807E+003  0.484443598190218E-001 
      4.40000000 -0.864978993166323E+003  0.479347173026142E-001 
      4.42000000 -0.864979513371804E+003  0.474145118215951E-001 
      4.44000000 -0.864980043673683E+003  0.468842099428607E-001 
      4.46000000 -0.864980583611399E+003  0.463442722265488E-001 
      4.48000000 -0.864981132731555E+003  0.457951520712647E-001 
      4.50000000 -0.864981690588669E+003  0.452372949568315E-001 
      4.52000000 -0.864982256745464E+003  0.446711381618084E-001 
      4.54000000 -0.864982830772739E+003  0.440971108870400E-001 
      4.56000000 -0.864983412248603E+003  0.435156350223801E-001 
      4.58000000 -0.864984000757032E+003  0.429271265935185E-001 
      4.60000000 -0.864984595886045E+003  0.423319975807139E-001 
      4.62000000 -0.864985197225537E+003  0.417306580887444E-001 
      4.64000000 -0.864985804365171E+003  0.411235184547931E-001 
      4.66000000 -0.864986416892162E+003  0.405109914640285E-001 
      4.68000000 -0.864987034389458E+003  0.398934941673709E-001 
      4.70000000 -0.864987656433838E+003  0.392714497876189E-001 
      4.72000000 -0.864988282594396E+003  0.386452892295009E-001 
      4.74000000 -0.864988912430942E+003  0.380154526835014E-001 
      4.76000000 -0.864989545492576E+003  0.373823910497761E-001 
      4.78000000 -0.864990181316353E+003  0.367465672726432E-001 
      4.80000000 -0.864990819426118E+003  0.361084575077322E-001 
      4.82000000 -0.864991459331521E+003  0.354685521047739E-001 
      4.84000000 -0.864992100527669E+003  0.348273559565948E-001 
      4.86000000 -0.864992742495338E+003  0.341853882878838E-001 
      4.88000000 -0.864993384701898E+003  0.335431817276026E-001 
      4.90000000 -0.864994026602879E+003  0.329012807467295E-001 
      4.92000000 -0.864994667643892E+003  0.322602397336688E-001 
      4.94000000 -0.864995307262965E+003  0.316206206613068E-001 
      4.96000000 -0.864995944892842E+003  0.309829907840383E-001 
      4.98000000 -0.864996579963409E+003  0.303479202164625E-001 
      5.00000000 -0.864997211903948E+003  0.297159796777795E-001 
      5.02000000 -0.864997840145412E+003  0.290877382141447E-001 
      5.04000000 -0.864998464122548E+003  0.284637610782156E-001 
      5.06000000 -0.864999083276086E+003  0.278446075401563E-001 
      5.08000000 -0.864999697054699E+003  0.272308289266004E-001 
      5.10000000 -0.865000304917036E+003  0.266229665900082E-001 
      5.12000000 -0.865000906333496E+003  0.260215501293766E-001 
      5.14000000 -0.865001500787880E+003  0.254270957459070E-001 
      5.16000000 -0.865002087778673E+003  0.248401049531772E-001 
      5.18000000 -0.865002666820189E+003  0.242610634363850E-001 
      5.20000000 -0.865003237443352E+003  0.236904402742172E-001 
      5.22000000 -0.865003799196316E+003  0.231286873095968E-001 
      5.24000000 -0.865004351644768E+003  0.225762388576303E-001 
      5.26000000 -0.865004894372006E+003  0.220335116203406E-001 
      5.28000000 -0.865005426978853E+003  0.215009047727072E-001 
      5.30000000 -0.865005949083299E+003  0.209788003265484E-001 
      5.32000000 -0.865006460320081E+003  0.204675635445769E-001 
      5.34000000 -0.865006960340168E+003  0.199675434575104E-001 
      5.36000000 -0.865007448810141E+003  0.194790734844303E-001 
      5.38000000 -0.865007925411581E+003  0.190024720445369E-001 
      5.40000000 -0.865008389840418E+003  0.185380432074762E-001 
      5.42000000 -0.865008841806421E+003  0.180860772051345E-001 
      5.44000000 -0.865009281032605E+003  0.176468510210606E-001 
      5.46000000 -0.865009707254728E+003  0.172206288979092E-001 
      5.48000000 -0.865010120220666E+003  0.168076629600233E-001 
      5.50000000 -0.865010519689748E+003  0.164081938775862E-001 
      5.52000000 -0.865010905432057E+003  0.160224515686699E-001 
      5.54000000 -0.865011277227655E+003  0.156506559705027E-001 
      5.56000000 -0.865011634865736E+003  0.152930178898156E-001 
      5.58000000 -0.865011978143766E+003  0.149497398602464E-001 
      5.60000000 -0.865012306866724E+003  0.146210169021029E-001 
      5.62000000 -0.865012620846428E+003  0.143070371981158E-001 
      5.64000000 -0.865012919901080E+003  0.140079825458743E-001 
      5.66000000 -0.865013203855062E+003  0.137240285643222E-001 
      5.68000000 -0.865013472539011E+003  0.134553446152586E-001 
      5.70000000 -0.865013725790156E+003  0.132020934699084E-001 
      5.72000000 -0.865013963452888E+003  0.129644307380603E-001 
      5.74000000 -0.865014185379546E+003  0.127425040794957E-001 
      5.76000000 -0.865014391431365E+003  0.125364522605439E-001 
      5.78000000 -0.865014581479481E+003  0.123464041448996E-001 
      5.80000000 -0.865014755405961E+003  0.121724776650091E-001 
      5.82000000 -0.865014913104749E+003  0.120147788768859E-001 
      5.84000000 -0.865015054482487E+003  0.118734011388628E-001 
      5.86000000 -0.865015179459157E+003  0.117484244689981E-001 
      5.88000000 -0.865015287968492E+003  0.116399151341132E-001 
      5.90000000 -0.865015379958139E+003  0.115479254872837E-001 
      5.92000000 -0.865015455389584E+003  0.114724940414077E-001 
      5.94000000 -0.865015514237855E+003  0.114136457709269E-001 
      5.96000000 -0.865015556490996E+003  0.113713926301936E-001 
      5.98000000 -0.865015582149387E+003  0.113457342392779E-001 
      6.00000000 -0.865015591224923E+003  0.113366587025089E-001 
      6.02000000 -0.865015583740129E+003  0.113441434972008E-001 
      6.04000000 -0.865015559727229E+003  0.113681563968923E-001 
      6.06000000 -0.865015519227253E+003  0.114086563723510E-001 
      6.08000000 -0.865015462289193E+003  0.114655944325422E-001 
      6.10000000 -0.865015388969228E+003  0.115389143981199E-001 
      6.12000000 -0.865015299330047E+003  0.116285535793070E-001 
      6.14000000 -0.865015193440237E+003  0.117344433888095E-001 
      6.16000000 -0.865015071373752E+003  0.118565098738156E-001 
      6.18000000 -0.865014933209426E+003  0.119946742002366E-001 
      6.20000000 -0.865014779030566E+003  0.121488530599959E-001 
      6.22000000 -0.865014608924567E+003  0.123189590586923E-001 
      6.24000000 -0.865014422982613E+003  0.125049010129707E-001 
      6.26000000 -0.865014221299434E+003  0.127065841921105E-001 
      6.28000000 -0.865014003973152E+003  0.129239104735747E-001 
      6.30000000 -0.865013771105270E+003  0.131567783554809E-001 
      6.32000000 -0.865013522800796E+003  0.134050828293779E-001 
      6.34000000 -0.865013259168549E+003  0.136687150770754E-001 
      6.36000000 -0.865012980321712E+003  0.139475619142834E-001 
      6.38000000 -0.865012686378653E+003  0.142415049731347E-001 
      6.40000000 -0.865012377464051E+003  0.145504195747698E-001 
      6.42000000 -0.865012053710358E+003  0.148741732680088E-001 
      6.44000000 -0.865011715259564E+003  0.152126240622425E-001 
      6.46000000 -0.865011362265342E+003  0.155656182835839E-001 
      6.48000000 -0.865010994895423E+003  0.159329882031589E-001 
      6.50000000 -0.865010613334186E+003  0.163145494396621E-001 
      6.52000000 -0.865010217785323E+003  0.167100983025547E-001 
      6.54000000 -0.865009808474414E+003  0.171194092115386E-001 
      6.56000000 -0.865009385651270E+003  0.175422323561694E-001 
      6.58000000 -0.865008949591794E+003  0.179782918320728E-001 
      6.60000000 -0.865008500599285E+003  0.184272843404833E-001 
      6.62000000 -0.865008039004837E+003  0.188888787883986E-001 
      6.64000000 -0.865007565167038E+003  0.193627165881737E-001 
      6.66000000 -0.865007079470672E+003  0.198484129538258E-001 
      6.68000000 -0.865006582324521E+003  0.203455591046274E-001 
      6.70000000 -0.865006074158287E+003  0.208537253383813E-001 
      6.72000000 -0.865005555418824E+003  0.213724648022964E-001 
      6.74000000 -0.865005026565772E+003  0.219013178534801E-001 
      6.76000000 -0.865004488066801E+003  0.224398168244967E-001 
      6.78000000 -0.865003940392801E+003  0.229874908251768E-001 
      6.80000000 -0.865003384013240E+003  0.235438703862699E-001 
      6.82000000 -0.865002819391926E+003  0.241084917000596E-001 
      6.84000000 -0.865002246983577E+003  0.246809000493038E-001 
      6.86000000 -0.865001667231146E+003  0.252606524798909E-001 
      6.88000000 -0.865001080564462E+003  0.258473191637538E-001 
      6.90000000 -0.865000487400003E+003  0.264404836230571E-001 
      6.92000000 -0.864999888142043E+003  0.270397415824806E-001 
      6.94000000 -0.864999283185072E+003  0.276446985533294E-001 
      6.96000000 -0.864998672917324E+003  0.282549663013465E-001 
      6.98000000 -0.864998057725340E+003  0.288701582860080E-001 
      7.00000000 -0.864997437999189E+003  0.294898844371162E-001 
      7.02000000 -0.864996814138236E+003  0.301137453903065E-001 
      7.04000000 -0.864996186557002E+003  0.307413266233672E-001 
      7.06000000 -0.864995555690858E+003  0.313721927674425E-001 
      7.08000000 -0.864994922001125E+003  0.320058825006982E-001 
      7.10000000 -0.864994285979353E+003  0.326419042728058E-001 
      7.12000000 -0.864993648150478E+003  0.332797331477545E-001 
      7.14000000 -0.864993009074761E+003  0.339188088650490E-001 
      7.16000000 -0.864992369348110E+003  0.345585355161407E-001 
      7.18000000 -0.864991729601023E+003  0.351982826032041E-001 
      7.20000000 -0.864991090495828E+003  0.358373877983172E-001 
      7.22000000 -0.864990452722506E+003  0.364751611202725E-001 
      7.24000000 -0.864989816993014E+003  0.371108906120632E-001 
      7.26000000 -0.864989184034618E+003  0.377438490077331E-001 
      7.28000000 -0.864988554581979E+003  0.383733016465188E-001 
      7.30000000 -0.864987929368746E+003  0.389985148796431E-001 
      7.32000000 -0.864987309118504E+003  0.396187651221191E-001 
      7.34000000 -0.864986694535944E+003  0.402333476813337E-001 
      7.36000000 -0.864986086298035E+003  0.408415855910451E-001 
      7.38000000 -0.864985485045993E+003  0.414428376331225E-001 
      7.40000000 -0.864984891377819E+003  0.420365058071798E-001 
      7.42000000 -0.864984305842091E+003  0.426220415351291E-001 
      7.44000000 -0.864983728932735E+003  0.431989508911621E-001 
      7.46000000 -0.864983161085220E+003  0.437667984061718E-001 
      7.48000000 -0.864982602674004E+003  0.443252096222732E-001 
      7.50000000 -0.864982054011430E+003  0.448738721953735E-001 
      7.52000000 -0.864981515347951E+003  0.454125356743679E-001 
      7.54000000 -0.864980986873880E+003  0.459410097459216E-001 
      7.56000000 -0.864980468722415E+003  0.464591612109826E-001 
      7.58000000 -0.864979960973787E+003  0.469669098386159E-001 
      7.60000000 -0.864979463660557E+003  0.474642230691241E-001 
      7.62000000 -0.864978976774013E+003  0.479511096130513E-001 
      7.64000000 -0.864978500270994E+003  0.484276126313943E-001 
      7.66000000 -0.864978034081383E+003  0.488938022430572E-001 
      7.68000000 -0.864977578115825E+003  0.493497678008682E-001 
      7.70000000 -0.864977132273556E+003  0.497956100696651E-001 
      7.72000000 -0.864976696450058E+003  0.502314335681472E-001 
      7.74000000 -0.864976270544635E+003  0.506573389905802E-001 
      7.76000000 -0.864975854467545E+003  0.510734160810330E-001 
      7.78000000 -0.864975448146791E+003  0.514797368345670E-001 
      7.80000000 -0.864975051534244E+003  0.518763493821060E-001 
      7.82000000 -0.864974664611073E+003  0.522632725527023E-001 
      7.84000000 -0.864974287392592E+003  0.526404910333464E-001 
      7.86000000 -0.864973919932280E+003  0.530079513459647E-001 
      7.88000000 -0.864973562325066E+003  0.533655585597207E-001 
      7.90000000 -0.864973214709897E+003  0.537131737284711E-001 
      7.92000000 -0.864972877271480E+003  0.540506121462783E-001 
      7.94000000 -0.864972550241281E+003  0.543776423447051E-001 
      7.96000000 -0.864972233898016E+003  0.546939856098299E-001 
      7.98000000 -0.864971928567305E+003  0.549993163208006E-001 
      8.00000000 -0.864971634620996E+003  0.552932626295505E-001 
      8.02000000 -0.864971352475599E+003  0.555754080266318E-001 
      8.04000000 -0.864971082590393E+003  0.558452932327440E-001 
      8.06000000 -0.864970825464815E+003  0.561024188103891E-001 
      8.08000000 -0.864970581635309E+003  0.563462483170960E-001 
      8.10000000 -0.864970351671469E+003  0.565762121571160E-001 
      8.12000000 -0.864970136171677E+003  0.567917119488763E-001 
      8.14000000 -0.864969935758291E+003  0.569921253347177E-001 
      8.16000000 -0.864969751071866E+003  0.571768117595980E-001 
      8.18000000 -0.864969582765077E+003  0.573451185488100E-001 
      8.20000000 -0.864969431495631E+003  0.574963879946878E-001 
      8.22000000 -0.864969297918872E+003  0.576299647539279E-001 
      8.24000000 -0.864969182679605E+003  0.577452040213011E-001 
      8.26000000 -0.864969086403617E+003  0.578414800083719E-001 
      8.28000000 -0.864969009688583E+003  0.579181950430599E-001 
      8.30000000 -0.864968953095250E+003  0.579747883763747E-001 
      8.32000000 -0.864968917138282E+003  0.580107453443324E-001 
      8.34000000 -0.864968902277460E+003  0.580256061661830E-001 
      8.36000000 -0.864968908909268E+003  0.580189743577784E-001 
      8.38000000 -0.864968937359123E+003  0.579905245027323E-001 
      8.40000000 -0.864968987874308E+003  0.579400093177619E-001 
      8.42000000 -0.864969060617898E+003  0.578672657279885E-001 
      8.44000000 -0.864969155663404E+003  0.577722202223051E-001 
      8.46000000 -0.864969272990699E+003  0.576548929268424E-001 
      8.48000000 -0.864969412483022E+003  0.575154006037080E-001 
      8.50000000 -0.864969573925281E+003  0.573539583447196E-001 
      8.52000000 -0.864969757003698E+003  0.571708799281326E-001 
      8.54000000 -0.864969961307081E+003  0.569665765444738E-001 
      8.56000000 -0.864970186329462E+003  0.567415541638110E-001 
      8.58000000 -0.864970431474420E+003  0.564964092055195E-001 
      8.60000000 -0.864970696061004E+003  0.562318226223010E-001 
      8.62000000 -0.864970979331068E+003  0.559485525575800E-001 
      8.64000000 -0.864971280458329E+003  0.556474252970834E-001 
      8.66000000 -0.864971598558690E+003  0.553293249354252E-001 
      8.68000000 -0.864971932701944E+003  0.549951816818079E-001 
      8.70000000 -0.864972281924570E+003  0.546459590560008E-001 
      8.72000000 -0.864972645243538E+003  0.542826400878953E-001 
      8.74000000 -0.864973021670912E+003  0.539062127139881E-001 
      8.76000000 -0.864973410228906E+003  0.535176547193989E-001 
      8.78000000 -0.864973809965091E+003  0.531179185352625E-001 
      8.80000000 -0.864974219967563E+003  0.527079160629001E-001 
      8.82000000 -0.864974639379383E+003  0.522885042430597E-001 
      8.84000000 -0.864975067412477E+003  0.518604711491301E-001 
      8.86000000 -0.864975503359962E+003  0.514245236640729E-001 
      8.88000000 -0.864975946606967E+003  0.509812766588027E-001 
      8.90000000 -0.864976396639265E+003  0.505312443611093E-001 
      8.92000000 -0.864976853049604E+003  0.500748340222366E-001 
      8.94000000 -0.864977315541094E+003  0.496123425316403E-001 
      8.96000000 -0.864977783927763E+003  0.491439558627543E-001 
      8.98000000 -0.864978258132053E+003  0.486697515725034E-001 
      9.00000000 -0.864978738179034E+003  0.481897045917054E-001 
      9.02000000 -0.864979224187622E+003  0.477036960043501E-001 
      9.04000000 -0.864979716358842E+003  0.472115247840479E-001 
      9.06000000 -0.864980214961529E+003  0.467129220966968E-001 
      9.08000000 -0.864980720315882E+003  0.462075677436136E-001 
      9.10000000 -0.864981232775371E+003  0.456951082545087E-001 
      9.12000000 -0.864981752707403E+003  0.451751762227242E-001 
      9.14000000 -0.864982280473334E+003  0.446474102922509E-001 
      9.16000000 -0.864982816408671E+003  0.441114749548768E-001 
      9.18000000 -0.864983360803868E+003  0.435670797582982E-001 
      9.20000000 -0.864983913886471E+003  0.430139971547993E-001 
      9.22000000 -0.864984475804990E+003  0.424520786357990E-001 
      9.24000000 -0.864985046615126E+003  0.418812684996187E-001 
      9.26000000 -0.864985626268932E+003  0.413016146942747E-001 
      9.28000000 -0.864986214607021E+003  0.407132766047823E-001 
      9.30000000 -0.864986811354152E+003  0.401165294734902E-001 
      9.32000000 -0.864987416118453E+003  0.395117651732813E-001 
      9.34000000 -0.864988028393928E+003  0.388994896974251E-001 
      9.36000000 -0.864988647566543E+003  0.382803170833109E-001 
      9.38000000 -0.864989272923259E+003  0.376549603663467E-001 
      9.40000000 -0.864989903664033E+003  0.370242195924485E-001 
      9.42000000 -0.864990538916039E+003  0.363889675872018E-001 
      9.44000000 -0.864991177749798E+003  0.357501338274051E-001 
      9.46000000 -0.864991819196708E+003  0.351086869177001E-001 
      9.48000000 -0.864992462267180E+003  0.344656164461668E-001 
      9.50000000 -0.864993105969156E+003  0.338219144701390E-001 
      9.52000000 -0.864993749326220E+003  0.331785574053455E-001 
      9.54000000 -0.864994391395092E+003  0.325364885335722E-001 
      9.56000000 -0.864995031281649E+003  0.318966019772609E-001 
      9.58000000 -0.864995668155191E+003  0.312597284349315E-001 
      9.60000000 -0.864996301260674E+003  0.306266229516954E-001 
      9.62000000 -0.864996929928597E+003  0.299979550287046E-001 
      9.64000000 -0.864997553582308E+003  0.293743013176720E-001 
      9.66000000 -0.864998171742567E+003  0.287561410591993E-001 
      9.68000000 -0.864998784029205E+003  0.281438544213330E-001 
      9.70000000 -0.864999390159991E+003  0.275377236347143E-001 
      9.72000000 -0.864999989946902E+003  0.269379367240113E-001 
      9.74000000 -0.865000583289805E+003  0.263445938212323E-001 
      9.76000000 -0.865001170167748E+003  0.257577158781062E-001 
      9.78000000 -0.865001750628195E+003  0.251772554307616E-001 
      9.80000000 -0.865002324774432E+003  0.246031091936761E-001 
      9.82000000 -0.865002892751564E+003  0.240351320622658E-001 
      9.84000000 -0.865003454731645E+003  0.234731519811934E-001 
      9.86000000 -0.865004010898138E+003  0.229169854877523E-001 
      9.88000000 -0.865004561430464E+003  0.223664531617668E-001 
      9.90000000 -0.865005106488984E+003  0.218213946419079E-001 
      9.92000000 -0.865005646201134E+003  0.212816824914896E-001 
      9.94000000 -0.865006180649139E+003  0.207472344868304E-001 
      9.96000000 -0.865006709859774E+003  0.202180238517704E-001 
      9.98000000 -0.865007233796553E+003  0.196940870733022E-001 
     10.00000000 -0.865007752354749E+003  0.191755288769114E-001 
     10.02000000 -0.865008265359379E+003  0.186625242463920E-001 
     10.04000000 -0.865008772566274E+003  0.181553173520188E-001 
     10.06000000 -0.865009273666146E+003  0.176542174795945E-001 
     10.08000000 -0.865009768291732E+003  0.171595918933757E-001 
     10.10000000 -0.865010256027491E+003  0.166718561349074E-001 
     10.12000000 -0.865010736421446E+003  0.161914621793632E-001 
     10.14000000 -0.865011208998775E+003  0.157188848508777E-001 
     10.16000000 -0.865011673276505E+003  0.152546071205190E-001 
     10.18000000 -0.865012128778566E+003  0.147991050594231E-001 
     10.20000000 -0.865012575050754E+003  0.143528328721685E-001 
     10.22000000 -0.865013011674712E+003  0.139162089137148E-001 
     10.24000000 -0.865013438280558E+003  0.134896030676108E-001 
     10.26000000 -0.865013854557438E+003  0.130733261881990E-001 
     10.28000000 -0.865014260261795E+003  0.126676218308094E-001 
     10.30000000 -0.865014655223016E+003  0.122726606101395E-001 
     10.32000000 -0.865015039346371E+003  0.118885372543963E-001 
     10.34000000 -0.865015412613220E+003  0.115152704060506E-001 
     10.36000000 -0.865015775078601E+003  0.111528050243862E-001 
     10.38000000 -0.865016126866512E+003  0.108010171142237E-001 
     10.40000000 -0.865016468163102E+003  0.104597205238621E-001 
     10.42000000 -0.865016799208272E+003  0.101286753536119E-001 
     10.44000000 -0.865017120286037E+003  0.980759758841865E-002 
     10.46000000 -0.865017431714100E+003  0.949616952572862E-002 
     10.48000000 -0.865017733833018E+003  0.919405060783958E-002 
     10.50000000 -0.865018026995398E+003  0.890088822776289E-002 
     10.52000000 -0.865018311555427E+003  0.861632819894919E-002 
     10.54000000 -0.865018587859034E+003  0.834002459218436E-002 
     10.56000000 -0.865018856234955E+003  0.807164867119134E-002 
     10.58000000 -0.865019116986944E+003  0.781089668177195E-002 
     10.60000000 -0.865019370387282E+003  0.755749634425682E-002 
     10.62000000 -0.865019616671738E+003  0.731121188801081E-002 
     10.64000000 -0.865019856036126E+003  0.707184749932054E-002 
     10.66000000 -0.865020088634493E+003  0.683924913306996E-002 
     10.68000000 -0.865020314578880E+003  0.661330474582202E-002 
     10.70000000 -0.865020533940713E+003  0.639394291279670E-002 
     10.72000000 -0.865020746753680E+003  0.618112994630136E-002 
     10.74000000 -0.865020953018020E+003  0.597486560600379E-002 
     10.76000000 -0.865021152705971E+003  0.577517765481794E-002 
     10.78000000 -0.865021345768193E+003  0.558211543325591E-002 
     10.80000000 -0.865021532140894E+003  0.539574273144137E-002 
     10.82000000 -0.865021711753385E+003  0.521613024107343E-002 
     10.84000000 -0.865021884535708E+003  0.504334791738669E-002 
     10.86000000 -0.865022050426047E+003  0.487745757921999E-002 
     10.88000000 -0.865022209377578E+003  0.471850604804423E-002 
     10.90000000 -0.865022361364527E+003  0.456651909895724E-002 
     10.92000000 -0.865022506387169E+003  0.442149645730744E-002 
     10.94000000 -0.865022644475574E+003  0.428340805188958E-002 
     10.96000000 -0.865022775692016E+003  0.415219161026917E-002 
     10.98000000 -0.865022900131960E+003  0.402775166555116E-002 
     11.00000000 -0.865023017923694E+003  0.390995993195942E-002 
     11.02000000 -0.865023129226648E+003  0.379865697778482E-002 
     11.04000000 -0.865023234228554E+003  0.369365507147544E-002 
     11.06000000 -0.865023333141694E+003  0.359474193172777E-002 
     11.08000000 -0.865023426198382E+003  0.350168524401149E-002 
     11.10000000 -0.865023513646000E+003  0.341423762556605E-002 
     11.12000000 -0.865023595741789E+003  0.333214183701344E-002 
     11.14000000 -0.865023672747674E+003  0.325513595220747E-002 
     11.16000000 -0.865023744925317E+003  0.318295830892274E-002 
     11.18000000 -0.865023812531638E+003  0.311535198777298E-002 
     11.20000000 -0.865023875814953E+003  0.305206867260771E-002 
     11.22000000 -0.865023935011838E+003  0.299287178768856E-002 
     11.24000000 -0.865023990344785E+003  0.293753884078335E-002 
     11.26000000 -0.865024042020717E+003  0.288586290885611E-002 
     11.28000000 -0.865024090230305E+003  0.283765332049066E-002 
     11.30000000 -0.865024135148071E+003  0.279273555447935E-002 
     11.32000000 -0.865024176933185E+003  0.275095044081027E-002 
     11.34000000 -0.865024215730848E+003  0.271215277764530E-002 
     11.36000000 -0.865024251674120E+003  0.267620950582005E-002 
     11.38000000 -0.865024284886069E+003  0.264299755687485E-002 
     11.40000000 -0.865024315482066E+003  0.261240156023134E-002 
     11.42000000 -0.865024343572094E+003  0.258431153132417E-002 
     11.44000000 -0.865024369262933E+003  0.255862069246655E-002 
     11.46000000 -0.865024392660108E+003  0.253522351790337E-002 
     11.48000000 -0.865024413869509E+003  0.251401411703085E-002 
     11.50000000 -0.865024432998632E+003  0.249488499348574E-002 
     11.52000000 -0.865024450157395E+003  0.247772623085808E-002 
     11.54000000 -0.865024465458531E+003  0.246242509526324E-002 
     11.56000000 -0.865024479017575E+003  0.244886605071319E-002 
     11.58000000 -0.865024490952479E+003  0.243693114697360E-002 
     11.60000000 -0.865024501382918E+003  0.242650070788459E-002 
     11.62000000 -0.865024510429358E+003  0.241745426745756E-002 
     11.64000000 -0.865024518211956E+003  0.240967166935157E-002 
     11.66000000 -0.865024524849364E+003  0.240303426196053E-002 
     11.68000000 -0.865024530457517E+003  0.239742610848494E-002 
     11.70000000 -0.865024535148477E+003  0.239273514847307E-002 
     11.72000000 -0.865024539029378E+003  0.238885424789682E-002 
     11.74000000 -0.865024542201533E+003  0.238568209280854E-002 
     11.76000000 -0.865024544759721E+003  0.238312390502061E-002 
     11.78000000 -0.865024546791673E+003  0.238109195244882E-002 
     11.80000000 -0.865024548377767E+003  0.237950585866341E-002 
     11.82000000 -0.865024549590906E+003  0.237829271976817E-002 
     11.84000000 -0.865024550496576E+003  0.237738705026292E-002 
     11.86000000 -0.865024551153036E+003  0.237673058969497E-002 
     11.88000000 -0.865024551611613E+003  0.237627201321636E-002 
     11.90000000 -0.865024551917048E+003  0.237596657823950E-002 
     11.92000000 -0.865024552107871E+003  0.237577575494807E-002 
     11.94000000 -0.865024552216750E+003  0.237566687614291E-002 
     11.96000000 -0.865024552270783E+003  0.237561284306225E-002 
     11.98000000 -0.865024552291713E+003  0.237559191260162E-002 
     12.00000000 -0.865024552296035E+003  0.237558759039213E-002 
     12.02000000 -0.865024552296022E+003  0.237558760392653E-002 
     12.04000000 -0.865024552296008E+003  0.237558761794429E-002 
     12.06000000 -0.865024552296003E+003  0.237558762306803E-002 
     12.08000000 -0.865024552296004E+003  0.237558762171459E-002 
     12.10000000 -0.865024552296010E+003  0.237558761562411E-002 
     12.12000000 -0.865024552296017E+003  0.237558760934029E-002 
     12.14000000 -0.865024552296019E+003  0.237558760702010E-002 
     12.16000000 -0.865024552296012E+003  0.237558761436735E-002 
     12.18000000 -0.865024552295989E+003  0.237558763640908E-002 
     12.20000000 -0.865024552295948E+003  0.237558767739896E-002 
     12.22000000 -0.865024552295886E+003  0.237558774033391E-002 
     12.24000000 -0.865024552295800E+003  0.237558782598730E-002 
     12.26000000 -0.865024552295692E+003  0.237558793348908E-002 
     12.28000000 -0.865024552295566E+003  0.237558806003569E-002 
     12.30000000 -0.865024552295424E+003  0.237558820176015E-002 
     12.32000000 -0.865024552295272E+003  0.237558835353874E-002 
     12.34000000 -0.865024552295117E+003  0.237558850928097E-002 
     12.36000000 -0.865024552294962E+003  0.237558866337974E-002 
     12.38000000 -0.865024552294817E+003  0.237558880916452E-002 
     12.40000000 -0.865024552294684E+003  0.237558894189828E-002 
     12.42000000 -0.865024552294569E+003  0.237558905684398E-002 
     12.44000000 -0.865024552294475E+003  0.237558915129473E-002 
     12.46000000 -0.865024552294401E+003  0.237558922438047E-002 
     12.48000000 -0.865024552294350E+003  0.237558927600453E-002 
     12.50000000 -0.865024552294318E+003  0.237558930781036E-002 
     12.52000000 -0.865024552294302E+003  0.237558932347159E-002 
     12.54000000 -0.865024552294299E+003  0.237558932656516E-002 
     12.56000000 -0.865024552294303E+003  0.237558932240817E-002 
     12.58000000 -0.865024552294310E+003  0.237558931583432E-002 
     12.60000000 -0.865024552294315E+003  0.237558931138731E-002 
     12.62000000 -0.865024552294313E+003  0.237558931254740E-002 
     12.64000000 -0.865024552294303E+003  0.237558932289154E-002 
     12.66000000 -0.865024552294282E+003  0.237558934367651E-002 
     12.68000000 -0.865024552294249E+003  0.237558937673910E-002 
     12.70000000 -0.865024552294204E+003  0.237558942159596E-002 
     12.72000000 -0.865024552294148E+003  0.237558947757036E-002 
     12.74000000 -0.865024552294082E+003  0.237558954340553E-002 
     12.76000000 -0.865024552294009E+003  0.237558961687797E-002 
     12.78000000 -0.865024552293931E+003  0.237558969508744E-002 
     12.80000000 -0.865024552293850E+003  0.237558977600380E-002 
     12.82000000 -0.865024552293770E+003  0.237558985605009E-002 
     12.84000000 -0.865024552293693E+003  0.237558993309947E-002 
     12.86000000 -0.865024552293622E+003  0.237559000367168E-002 
     12.88000000 -0.865024552293560E+003  0.237559006583323E-002 
     12.90000000 -0.865024552293508E+003  0.237559011784398E-002 
     12.92000000 -0.865024552293468E+003  0.237559015806047E-002 
     12.94000000 -0.865024552293440E+003  0.237559018570931E-002 
     12.96000000 -0.865024552293424E+003  0.237559020185391E-002 
     12.98000000 -0.865024552293419E+003  0.237559020678430E-002 
     13.00000000 -0.865024552293423E+003  0.237559020272398E-002 
     13.02000000 -0.865024552293433E+003  0.237559019266986E-002 
     13.04000000 -0.865024552293447E+003  0.237559017932881E-002 
     13.06000000 -0.865024552293460E+003  0.237559016589109E-002 
     13.08000000 -0.865024552293470E+003  0.237559015545027E-002 
     13.10000000 -0.865024552293475E+003  0.237559015051988E-002 
     13.12000000 -0.865024552293474E+003  0.237559015226002E-002 
     13.14000000 -0.865024552293465E+003  0.237559016115405E-002 
     13.16000000 -0.865024552293450E+003  0.237559017584854E-002 
     13.18000000 -0.865024552293431E+003  0.237559019489337E-002 
     13.20000000 -0.865024552293410E+003  0.237559021587168E-002 
     13.22000000 -0.865024552293390E+003  0.237559023559323E-002 
     13.24000000 -0.865024552293375E+003  0.237559025086776E-002 
     13.26000000 -0.865024552293365E+003  0.237559026053519E-002 
     13.28000000 -0.865024552293363E+003  0.237559026256535E-002 
     13.30000000 -0.865024552293368E+003  0.237559025763496E-002 
     13.32000000 -0.865024552293379E+003  0.237559024700079E-002 
     13.34000000 -0.865024552293392E+003  0.237559023365974E-002 
     13.36000000 -0.865024552293405E+003  0.237559022109209E-002 
     13.38000000 -0.865024552293413E+003  0.237559021316480E-002 
     13.40000000 -0.865024552293413E+003  0.237559021335815E-002 
     13.42000000 -0.865024552293401E+003  0.237559022495906E-002 
     13.44000000 -0.865024552293376E+003  0.237559025019104E-002 
     13.46000000 -0.865024552293337E+003  0.237559028895742E-002 
     13.48000000 -0.865024552293286E+003  0.237559033990476E-002 
     13.50000000 -0.865024552293225E+003  0.237559040109956E-002 
     13.52000000 -0.865024552293158E+003  0.237559046819150E-002 
     13.54000000 -0.865024552293089E+003  0.237559053721692E-002 
     13.56000000 -0.865024552293022E+003  0.237559060334211E-002 
     13.58000000 -0.865024552292964E+003  0.237559066202339E-002 
     13.60000000 -0.865024552292916E+003  0.237559070997382E-002 
     13.62000000 -0.865024552292881E+003  0.237559074448653E-002 
     13.64000000 -0.865024552292860E+003  0.237559076536817E-002 
     13.66000000 -0.865024552292854E+003  0.237559077232872E-002 
     13.68000000 -0.865024552292858E+003  0.237559076749501E-002 
     13.70000000 -0.865024552292872E+003  0.237559075415396E-002 
     13.72000000 -0.865024552292889E+003  0.237559073655924E-002 
     13.74000000 -0.865024552292907E+003  0.237559071877118E-002 
     13.76000000 -0.865024552292921E+003  0.237559070523678E-002 
     13.78000000 -0.865024552292927E+003  0.237559069933965E-002 
     13.80000000 -0.865024552292921E+003  0.237559070456006E-002 
     13.82000000 -0.865024552292904E+003  0.237559072225145E-002 
     13.84000000 -0.865024552292873E+003  0.237559075309054E-002 
     13.86000000 -0.865024552292830E+003  0.237559079630394E-002 
     13.88000000 -0.865024552292777E+003  0.237559084889473E-002 
     13.90000000 -0.865024552292717E+003  0.237559090921947E-002 
     13.92000000 -0.865024552292652E+003  0.237559097341118E-002 
     13.94000000 -0.865024552292588E+003  0.237559103808626E-002 
     13.96000000 -0.865024552292526E+003  0.237559110034448E-002 
     13.98000000 -0.865024552292469E+003  0.237559115699560E-002 
     14.00000000 -0.865024552292420E+003  0.237559120581610E-002 
     14.02000000 -0.865024552292380E+003  0.237559124554922E-002 
     14.04000000 -0.865024552292351E+003  0.237559127464818E-002 
     14.06000000 -0.865024552292332E+003  0.237559129378968E-002 
     14.08000000 -0.865024552292323E+003  0.237559130287706E-002 
     14.10000000 -0.865024552292322E+003  0.237559130345710E-002 
     14.12000000 -0.865024552292329E+003  0.237559129688325E-002 
     14.14000000 -0.865024552292341E+003  0.237559128479897E-002 
     14.16000000 -0.865024552292356E+003  0.237559126962111E-002 
     14.18000000 -0.865024552292373E+003  0.237559125299314E-002 
     14.20000000 -0.865024552292389E+003  0.237559123655852E-002 
     14.22000000 -0.865024552292404E+003  0.237559122167068E-002 
     14.24000000 -0.865024552292416E+003  0.237559121016644E-002 
     14.26000000 -0.865024552292423E+003  0.237559120272253E-002 
     14.28000000 -0.865024552292426E+003  0.237559119943560E-002 
     14.30000000 -0.865024552292425E+003  0.237559120088571E-002 
     14.32000000 -0.865024552292419E+003  0.237559120716954E-002 
     14.34000000 -0.865024552292408E+003  0.237559121799706E-002 
     14.36000000 -0.865024552292393E+003  0.237559123288489E-002 
     14.38000000 -0.865024552292374E+003  0.237559125202640E-002 
     14.40000000 -0.865024552292351E+003  0.237559127445483E-002 
     14.42000000 -0.865024552292326E+003  0.237559129939679E-002 
     14.44000000 -0.865024552292299E+003  0.237559132685228E-002 
     14.46000000 -0.865024552292271E+003  0.237559135517783E-002 
     14.48000000 -0.865024552292242E+003  0.237559138408344E-002 
     14.50000000 -0.865024552292214E+003  0.237559141192562E-002 
     14.52000000 -0.865024552292188E+003  0.237559143764098E-002 
     14.54000000 -0.865024552292166E+003  0.237559145987606E-002 
     14.56000000 -0.865024552292149E+003  0.237559147727742E-002 
     14.58000000 -0.865024552292137E+003  0.237559148887833E-002 
     14.60000000 -0.865024552292132E+003  0.237559149390540E-002 
     14.62000000 -0.865024552292134E+003  0.237559149235861E-002 
     14.64000000 -0.865024552292141E+003  0.237559148443132E-002 
     14.66000000 -0.865024552292154E+003  0.237559147186367E-002 
     14.68000000 -0.865024552292170E+003  0.237559145620244E-002 
     14.70000000 -0.865024552292186E+003  0.237559143996116E-002 
     14.72000000 -0.865024552292201E+003  0.237559142517000E-002 
     14.74000000 -0.865024552292211E+003  0.237559141482585E-002 
     14.76000000 -0.865024552292215E+003  0.237559141057218E-002 
     14.78000000 -0.865024552292211E+003  0.237559141463250E-002 
     14.80000000 -0.865024552292198E+003  0.237559142739351E-002 
     14.82000000 -0.865024552292177E+003  0.237559144924189E-002 
     14.84000000 -0.865024552292147E+003  0.237559147921091E-002 
     14.86000000 -0.865024552292110E+003  0.237559151594713E-002 
     14.88000000 -0.865024552292069E+003  0.237559155713036E-002 
     14.90000000 -0.865024552292025E+003  0.237559160073045E-002 
     14.92000000 -0.865024552291982E+003  0.237559164413720E-002 
     14.94000000 -0.865024552291942E+003  0.237559168435369E-002 
     14.96000000 -0.865024552291906E+003  0.237559172012316E-002 
     14.98000000 -0.865024552291876E+003  0.237559174951214E-002 
     15.00000000 -0.865024552291855E+003  0.237559177116717E-002 
     15.02000000 -0.865024552291841E+003  0.237559178489492E-002 
     15.04000000 -0.865024552291835E+003  0.237559179088872E-002 
     15.06000000 -0.865024552291836E+003  0.237559178992198E-002 
     15.08000000 -0.865024552291843E+003  0.237559178286476E-002 
     15.10000000 -0.865024552291855E+003  0.237559177126385E-002 
     15.12000000 -0.865024552291869E+003  0.237559175724608E-002 
     15.14000000 -0.865024552291884E+003  0.237559174187487E-002 
     15.16000000 -0.865024552291899E+003  0.237559172727706E-002 
     15.18000000 -0.865024552291911E+003  0.237559171470941E-002 
     15.20000000 -0.865024552291921E+003  0.237559170504198E-002 
     15.22000000 -0.865024552291927E+003  0.237559169904818E-002 
     15.24000000 -0.865024552291929E+003  0.237559169692134E-002 
     15.26000000 -0.865024552291927E+003  0.237559169846813E-002 
     15.28000000 -0.865024552291923E+003  0.237559170330184E-002 
     15.30000000 -0.865024552291915E+003  0.237559171084244E-002 
     15.32000000 -0.865024552291906E+003  0.237559171992982E-002 
     15.34000000 -0.865024552291896E+003  0.237559173027396E-002 
     15.36000000 -0.865024552291886E+003  0.237559174023141E-002 
     15.38000000 -0.865024552291876E+003  0.237559174931879E-002 
     15.40000000 -0.865024552291869E+003  0.237559175647269E-002 
     15.42000000 -0.865024552291865E+003  0.237559176062968E-002 
     15.44000000 -0.865024552291864E+003  0.237559176198312E-002 
     15.46000000 -0.865024552291866E+003  0.237559175975961E-002 
     15.48000000 -0.865024552291872E+003  0.237559175395916E-002 
     15.50000000 -0.865024552291881E+003  0.237559174487178E-002 
     15.52000000 -0.865024552291893E+003  0.237559173307752E-002 
     15.54000000 -0.865024552291907E+003  0.237559171886640E-002 
     15.56000000 -0.865024552291922E+003  0.237559170349519E-002 
     15.58000000 -0.865024552291938E+003  0.237559168744726E-002 
     15.60000000 -0.865024552291954E+003  0.237559167217273E-002 
     15.62000000 -0.865024552291969E+003  0.237559165728490E-002 
     15.64000000 -0.865024552291982E+003  0.237559164404052E-002 
     15.66000000 -0.865024552291994E+003  0.237559163176289E-002 
     15.68000000 -0.865024552292005E+003  0.237559162074203E-002 
     15.70000000 -0.865024552292016E+003  0.237559161001118E-002 
     15.72000000 -0.865024552292026E+003  0.237559159947369E-002 
     15.74000000 -0.865024552292038E+003  0.237559158825947E-002 
     15.76000000 -0.865024552292050E+003  0.237559157549847E-002 
     15.78000000 -0.865024552292064E+003  0.237559156157738E-002 
     15.80000000 -0.865024552292080E+003  0.237559154630285E-002 
     15.82000000 -0.865024552292096E+003  0.237559152986822E-002 
     15.84000000 -0.865024552292112E+003  0.237559151401364E-002 
     15.86000000 -0.865024552292127E+003  0.237559149912581E-002 
     15.88000000 -0.865024552292139E+003  0.237559148655815E-002 
     15.90000000 -0.865024552292149E+003  0.237559147669738E-002 
     15.92000000 -0.865024552292155E+003  0.237559147031688E-002 
     15.94000000 -0.865024552292158E+003  0.237559146770667E-002 
     15.96000000 -0.865024552292157E+003  0.237559146867341E-002 
     15.98000000 -0.865024552292153E+003  0.237559147283041E-002 
     16.00000000 -0.865024552292147E+003  0.237559147882421E-002 
     16.02000000 -0.865024552292140E+003  0.237559148617146E-002 
     16.04000000 -0.865024552292132E+003  0.237559149371205E-002 
     16.06000000 -0.865024552292126E+003  0.237559150009255E-002 
     16.08000000 -0.865024552292121E+003  0.237559150492626E-002 
     16.10000000 -0.865024552292119E+003  0.237559150714977E-002 
     16.12000000 -0.865024552292119E+003  0.237559150637638E-002 
     16.14000000 -0.865024552292124E+003  0.237559150231606E-002 
     16.16000000 -0.865024552292131E+003  0.237559149506549E-002 
     16.18000000 -0.865024552292142E+003  0.237559148423797E-002 
     16.20000000 -0.865024552292155E+003  0.237559147099360E-002 
     16.22000000 -0.865024552292171E+003  0.237559145504234E-002 
     16.24000000 -0.865024552292189E+003  0.237559143706093E-002 
     16.26000000 -0.865024552292208E+003  0.237559141791943E-002 
     16.28000000 -0.865024552292227E+003  0.237559139839123E-002 
     16.30000000 -0.865024552292247E+003  0.237559137905638E-002 
     16.32000000 -0.865024552292265E+003  0.237559136039824E-002 
     16.34000000 -0.865024552292282E+003  0.237559134386695E-002 
     16.36000000 -0.865024552292296E+003  0.237559132994585E-002 
     16.38000000 -0.865024552292307E+003  0.237559131921501E-002 
     16.40000000 -0.865024552292313E+003  0.237559131283451E-002 
     16.42000000 -0.865024552292315E+003  0.237559131099770E-002 
     16.44000000 -0.865024552292312E+003  0.237559131351123E-002 
     16.46000000 -0.865024552292305E+003  0.237559132076180E-002 
     16.48000000 -0.865024552292294E+003  0.237559133226603E-002 
     16.50000000 -0.865024552292279E+003  0.237559134676717E-002 
     16.52000000 -0.865024552292262E+003  0.237559136339515E-002 
     16.54000000 -0.865024552292245E+003  0.237559138098986E-002 
     16.56000000 -0.865024552292228E+003  0.237559139800453E-002 
     16.58000000 -0.865024552292213E+003  0.237559141308572E-002 
     16.60000000 -0.865024552292200E+003  0.237559142555669E-002 
     16.62000000 -0.865024552292192E+003  0.237559143387068E-002 
     16.64000000 -0.865024552292188E+003  0.237559143831770E-002 
     16.66000000 -0.865024552292187E+003  0.237559143870439E-002 
     16.68000000 -0.865024552292191E+003  0.237559143522412E-002 
     16.70000000 -0.865024552292197E+003  0.237559142836025E-002 
     16.72000000 -0.865024552292207E+003  0.237559141936954E-002 
     16.74000000 -0.865024552292217E+003  0.237559140883205E-002 
     16.76000000 -0.865024552292228E+003  0.237559139771451E-002 
     16.78000000 -0.865024552292239E+003  0.237559138717701E-002 
     16.80000000 -0.865024552292248E+003  0.237559137750959E-002 
     16.82000000 -0.865024552292257E+003  0.237559136900225E-002 
     16.84000000 -0.865024552292264E+003  0.237559136204171E-002 
     16.86000000 -0.865024552292269E+003  0.237559135662795E-002 
     16.88000000 -0.865024552292273E+003  0.237559135237428E-002 
     16.90000000 -0.865024552292277E+003  0.237559134889401E-002 
     16.92000000 -0.865024552292280E+003  0.237559134618713E-002 
     16.94000000 -0.865024552292282E+003  0.237559134367360E-002 
     16.96000000 -0.865024552292284E+003  0.237559134174011E-002 
     16.98000000 -0.865024552292285E+003  0.237559134077337E-002 
     17.00000000 -0.865024552292285E+003  0.237559134125674E-002 
     17.02000000 -0.865024552292282E+003  0.237559134425364E-002 
     17.04000000 -0.865024552292275E+003  0.237559135044079E-002 
     17.06000000 -0.865024552292265E+003  0.237559136039824E-002 
     17.08000000 -0.865024552292251E+003  0.237559137470603E-002 
     17.10000000 -0.865024552292232E+003  0.237559139336417E-002 
     17.12000000 -0.865024552292210E+003  0.237559141598594E-002 
     17.14000000 -0.865024552292184E+003  0.237559144150795E-002 
     17.16000000 -0.865024552292157E+003  0.237559146877009E-002 
     17.18000000 -0.865024552292130E+003  0.237559149564553E-002 
     17.20000000 -0.865024552292105E+003  0.237559152097419E-002 
     17.22000000 -0.865024552292084E+003  0.237559154233920E-002 
     17.24000000 -0.865024552292067E+003  0.237559155925720E-002 
     17.26000000 -0.865024552292056E+003  0.237559157008471E-002 
     17.28000000 -0.865024552292051E+003  0.237559157491843E-002 
     17.30000000 -0.865024552292052E+003  0.237559157385501E-002 
     17.32000000 -0.865024552292058E+003  0.237559156757118E-002 
     17.34000000 -0.865024552292069E+003  0.237559155713036E-002 
     17.36000000 -0.865024552292081E+003  0.237559154465938E-002 
     17.38000000 -0.865024552292095E+003  0.237559153112499E-002 
     17.40000000 -0.865024552292107E+003  0.237559151884736E-002 
     17.42000000 -0.865024552292117E+003  0.237559150879323E-002 
     17.44000000 -0.865024552292124E+003  0.237559150163934E-002 
     17.46000000 -0.865024552292128E+003  0.237559149815906E-002 
     17.48000000 -0.865024552292128E+003  0.237559149825574E-002 
     17.50000000 -0.865024552292125E+003  0.237559150105929E-002 
     17.52000000 -0.865024552292120E+003  0.237559150560298E-002 
     17.54000000 -0.865024552292115E+003  0.237559151092007E-002 
     17.56000000 -0.865024552292110E+003  0.237559151556043E-002 
     17.58000000 -0.865024552292107E+003  0.237559151894403E-002 
     17.60000000 -0.865024552292106E+003  0.237559151991077E-002 
     17.62000000 -0.865024552292107E+003  0.237559151865401E-002 
     17.64000000 -0.865024552292111E+003  0.237559151498038E-002 
     17.66000000 -0.865024552292116E+003  0.237559150937328E-002 
     17.68000000 -0.865024552292123E+003  0.237559150241273E-002 
     17.70000000 -0.865024552292131E+003  0.237559149438877E-002 
     17.72000000 -0.865024552292140E+003  0.237559148597811E-002 
     17.74000000 -0.865024552292148E+003  0.237559147747077E-002 
     17.76000000 -0.865024552292157E+003  0.237559146915679E-002 
     17.78000000 -0.865024552292165E+003  0.237559146055278E-002 
     17.80000000 -0.865024552292174E+003  0.237559145156207E-002 
     17.82000000 -0.865024552292184E+003  0.237559144189464E-002 
     17.84000000 -0.865024552292194E+003  0.237559143145382E-002 
     17.86000000 -0.865024552292206E+003  0.237559141965956E-002 
     17.88000000 -0.865024552292219E+003  0.237559140651187E-002 
     17.90000000 -0.865024552292234E+003  0.237559139172070E-002 
     17.92000000 -0.865024552292250E+003  0.237559137557610E-002 
     17.94000000 -0.865024552292267E+003  0.237559135836808E-002 
     17.96000000 -0.865024552292285E+003  0.237559134058002E-002 
     17.98000000 -0.865024552292304E+003  0.237559132221191E-002 
     18.00000000 -0.865024552292322E+003  0.237559130403715E-002 
     18.02000000 -0.865024552292339E+003  0.237559128663578E-002 
     18.04000000 -0.865024552292356E+003  0.237559127000781E-002 
     18.06000000 -0.865024552292371E+003  0.237559125482995E-002 
     18.08000000 -0.865024552292385E+003  0.237559124081218E-002 
     18.10000000 -0.865024552292398E+003  0.237559122824453E-002 
     18.12000000 -0.865024552292409E+003  0.237559121683697E-002 
     18.14000000 -0.865024552292420E+003  0.237559120620280E-002 
     18.16000000 -0.865024552292429E+003  0.237559119672872E-002 
     18.18000000 -0.865024552292439E+003  0.237559118686795E-002 
     18.20000000 -0.865024552292450E+003  0.237559117623378E-002 
     18.22000000 -0.865024552292460E+003  0.237559116540626E-002 
     18.24000000 -0.865024552292473E+003  0.237559115322530E-002 
     18.26000000 -0.865024552292486E+003  0.237559114007761E-002 
     18.28000000 -0.865024552292500E+003  0.237559112557647E-002 
     18.30000000 -0.865024552292516E+003  0.237559111030193E-002 
     18.32000000 -0.865024552292531E+003  0.237559109454403E-002 
     18.34000000 -0.865024552292547E+003  0.237559107917282E-002 
     18.36000000 -0.865024552292561E+003  0.237559106467168E-002 
     18.38000000 -0.865024552292574E+003  0.237559105171733E-002 
     18.40000000 -0.865024552292585E+003  0.237559104117984E-002 
     18.42000000 -0.865024552292593E+003  0.237559103315587E-002 
     18.44000000 -0.865024552292597E+003  0.237559102870886E-002 
     18.46000000 -0.865024552292599E+003  0.237559102725874E-002 
     18.48000000 -0.865024552292597E+003  0.237559102880553E-002 
     18.50000000 -0.865024552292593E+003  0.237559103267250E-002 
     18.52000000 -0.865024552292588E+003  0.237559103760289E-002 
     18.54000000 -0.865024552292583E+003  0.237559104243660E-002 
     18.56000000 -0.865024552292579E+003  0.237559104640025E-002 
     18.58000000 -0.865024552292578E+003  0.237559104775369E-002 
     18.60000000 -0.865024552292580E+003  0.237559104591688E-002 
     18.62000000 -0.865024552292586E+003  0.237559103992307E-002 
     18.64000000 -0.865024552292596E+003  0.237559103025565E-002 
     18.66000000 -0.865024552292609E+003  0.237559101710795E-002 
     18.68000000 -0.865024552292624E+003  0.237559100173674E-002 
     18.70000000 -0.865024552292640E+003  0.237559098607551E-002 
     18.72000000 -0.865024552292654E+003  0.237559097167104E-002 
     18.74000000 -0.865024552292665E+003  0.237559096045683E-002 
     18.76000000 -0.865024552292673E+003  0.237559095310959E-002 
     18.78000000 -0.865024552292674E+003  0.237559095156280E-002 
     18.80000000 -0.865024552292671E+003  0.237559095455970E-002 
     18.82000000 -0.865024552292664E+003  0.237559096229364E-002 
     18.84000000 -0.865024552292653E+003  0.237559097283114E-002 
     18.86000000 -0.865024552292641E+003  0.237559098452872E-002 
     18.88000000 -0.865024552292631E+003  0.237559099525956E-002 
     18.90000000 -0.865024552292623E+003  0.237559100318685E-002 
     18.92000000 -0.865024552292619E+003  0.237559100647378E-002 
     18.94000000 -0.865024552292621E+003  0.237559100454029E-002 
     18.96000000 -0.865024552292629E+003  0.237559099670968E-002 
     18.98000000 -0.865024552292642E+003  0.237559098404535E-002 
     19.00000000 -0.865024552292658E+003  0.237559096761073E-002 
     19.02000000 -0.865024552292677E+003  0.237559094856590E-002 
     19.04000000 -0.865024552292697E+003  0.237559092932772E-002 
     19.06000000 -0.865024552292715E+003  0.237559091124963E-002 
     19.08000000 -0.865024552292730E+003  0.237559089607177E-002 
     19.10000000 -0.865024552292742E+003  0.237559088427751E-002 
     19.12000000 -0.865024552292750E+003  0.237559087615688E-002 
     19.14000000 -0.865024552292754E+003  0.237559087132316E-002 
     19.16000000 -0.865024552292757E+003  0.237559086842294E-002 
     19.18000000 -0.865024552292759E+003  0.237559086639278E-002 
     19.20000000 -0.865024552292762E+003  0.237559086397592E-002 
     19.22000000 -0.865024552292767E+003  0.237559085933555E-002 
     19.24000000 -0.865024552292774E+003  0.237559085208498E-002 
     19.26000000 -0.865024552292784E+003  0.237559084174084E-002 
     19.28000000 -0.865024552292797E+003  0.237559082878649E-002 
     19.30000000 -0.865024552292812E+003  0.237559081380198E-002 
     19.32000000 -0.865024552292828E+003  0.237559079746403E-002 
     19.34000000 -0.865024552292845E+003  0.237559078093273E-002 
     19.36000000 -0.865024552292860E+003  0.237559076536817E-002 
     19.38000000 -0.865024552292874E+003  0.237559075135041E-002 
     19.40000000 -0.865024552292887E+003  0.237559073926612E-002 
     19.42000000 -0.865024552292897E+003  0.237559072882530E-002 
     19.44000000 -0.865024552292906E+003  0.237559071973792E-002 
     19.46000000 -0.865024552292915E+003  0.237559071103724E-002 
     19.48000000 -0.865024552292924E+003  0.237559070233656E-002 
     19.50000000 -0.865024552292933E+003  0.237559069266913E-002 
     19.52000000 -0.865024552292944E+003  0.237559068145492E-002 
     19.54000000 -0.865024552292957E+003  0.237559066869391E-002 
     19.56000000 -0.865024552292971E+003  0.237559065457947E-002 
     19.58000000 -0.865024552292987E+003  0.237559063911159E-002 
     19.60000000 -0.865024552293003E+003  0.237559062287031E-002 
     19.62000000 -0.865024552293019E+003  0.237559060691906E-002 
     19.64000000 -0.865024552293035E+003  0.237559059096781E-002 
     19.66000000 -0.865024552293050E+003  0.237559057598330E-002 
     19.68000000 -0.865024552293064E+003  0.237559056138549E-002 
     19.70000000 -0.865024552293078E+003  0.237559054775442E-002 
     19.72000000 -0.865024552293091E+003  0.237559053441337E-002 
     19.74000000 -0.865024552293104E+003  0.237559052136234E-002 
     19.76000000 -0.865024552293119E+003  0.237559050724790E-002 
     19.78000000 -0.865024552293133E+003  0.237559049274676E-002 
     19.80000000 -0.865024552293149E+003  0.237559047698886E-002 
     19.82000000 -0.865024552293166E+003  0.237559046007086E-002 
     19.84000000 -0.865024552293184E+003  0.237559044189610E-002 
     19.86000000 -0.865024552293203E+003  0.237559042256125E-002 
     19.88000000 -0.865024552293222E+003  0.237559040351642E-002 
     19.90000000 -0.865024552293241E+003  0.237559038476161E-002 
     19.92000000 -0.865024552293259E+003  0.237559036687687E-002 
     19.94000000 -0.865024552293275E+003  0.237559035063560E-002 
     19.96000000 -0.865024552293290E+003  0.237559033613446E-002 
     19.98000000 -0.865024552293302E+003  0.237559032356681E-002 
     20.00000000 -0.865024552293313E+003  0.237559031235259E-002 
     20.02000000 -0.865024552293323E+003  0.237559030239514E-002 
     20.04000000 -0.865024552293333E+003  0.237559029301774E-002 
     20.06000000 -0.865024552293342E+003  0.237559028335031E-002 
     20.08000000 -0.865024552293353E+003  0.237559027290949E-002 
     20.10000000 -0.865024552293364E+003  0.237559026150193E-002 
     20.12000000 -0.865024552293377E+003  0.237559024845091E-002 
     20.14000000 -0.865024552293392E+003  0.237559023375642E-002 
     20.16000000 -0.865024552293408E+003  0.237559021809519E-002 
     20.18000000 -0.865024552293425E+003  0.237559020117719E-002 
     20.20000000 -0.865024552293442E+003  0.237559018358248E-002 
     20.22000000 -0.865024552293460E+003  0.237559016579441E-002 
     20.24000000 -0.865024552293478E+003  0.237559014800635E-002 
     20.26000000 -0.865024552293495E+003  0.237559013060498E-002 
     20.28000000 -0.865024552293512E+003  0.237559011349364E-002 
     20.30000000 -0.865024552293528E+003  0.237559009734904E-002 
     20.32000000 -0.865024552293544E+003  0.237559008139779E-002 
     20.34000000 -0.865024552293559E+003  0.237559006650995E-002 
     20.36000000 -0.865024552293574E+003  0.237559005200881E-002 
     20.38000000 -0.865024552293587E+003  0.237559003857109E-002 
     20.40000000 -0.865024552293600E+003  0.237559002561674E-002 
     20.42000000 -0.865024552293612E+003  0.237559001382248E-002 
     20.44000000 -0.865024552293624E+003  0.237559000202822E-002 
     20.46000000 -0.865024552293635E+003  0.237558999120070E-002 
     20.48000000 -0.865024552293645E+003  0.237558998056653E-002 
     20.50000000 -0.865024552293656E+003  0.237558997031906E-002 
     20.52000000 -0.865024552293666E+003  0.237558996007159E-002 
     20.54000000 -0.865024552293676E+003  0.237558994972744E-002 
     20.56000000 -0.865024552293687E+003  0.237558993918995E-002 
     20.58000000 -0.865024552293698E+003  0.237558992758904E-002 
     20.60000000 -0.865024552293711E+003  0.237558991511806E-002 
     20.62000000 -0.865024552293724E+003  0.237558990148699E-002 
     20.64000000 -0.865024552293740E+003  0.237558988601911E-002 
     20.66000000 -0.865024552293756E+003  0.237558986939113E-002 
     20.68000000 -0.865024552293775E+003  0.237558985121637E-002 
     20.70000000 -0.865024552293794E+003  0.237558983197819E-002 
     20.72000000 -0.865024552293813E+003  0.237558981244999E-002 
     20.74000000 -0.865024552293832E+003  0.237558979369519E-002 
     20.76000000 -0.865024552293849E+003  0.237558977639050E-002 
     20.78000000 -0.865024552293864E+003  0.237558976198603E-002 
     20.80000000 -0.865024552293875E+003  0.237558975125519E-002 
     20.82000000 -0.865024552293881E+003  0.237558974526138E-002 
     20.84000000 -0.865024552293881E+003  0.237558974448799E-002 
     20.86000000 -0.865024552293877E+003  0.237558974893501E-002 
     20.88000000 -0.865024552293867E+003  0.237558975869911E-002 
     20.90000000 -0.865024552293853E+003  0.237558977291022E-002 
     20.92000000 -0.865024552293835E+003  0.237558979040826E-002 
     20.94000000 -0.865024552293816E+003  0.237558981022649E-002 
     20.96000000 -0.865024552293795E+003  0.237558983052808E-002 
     20.98000000 -0.865024552293775E+003  0.237558985063633E-002 
     21.00000000 -0.865024552293758E+003  0.237558986784434E-002 
     21.02000000 -0.865024552293744E+003  0.237558988176544E-002 
     21.04000000 -0.865024552293735E+003  0.237558989104617E-002 
     21.06000000 -0.865024552293731E+003  0.237558989500981E-002 
     21.08000000 -0.865024552293732E+003  0.237558989346302E-002 
     21.10000000 -0.865024552293739E+003  0.237558988669583E-002 
     21.12000000 -0.865024552293751E+003  0.237558987470822E-002 
     21.14000000 -0.865024552293767E+003  0.237558985924034E-002 
     21.16000000 -0.865024552293784E+003  0.237558984154895E-002 
     21.18000000 -0.865024552293803E+003  0.237558982298749E-002 
     21.20000000 -0.865024552293820E+003  0.237558980558612E-002 
     21.22000000 -0.865024552293835E+003  0.237558979108498E-002 
     21.24000000 -0.865024552293844E+003  0.237558978161091E-002 
     21.26000000 -0.865024552293847E+003  0.237558977909737E-002 
     21.28000000 -0.865024552293842E+003  0.237558978412444E-002 
     21.30000000 -0.865024552293827E+003  0.237558979881892E-002 
     21.32000000 -0.865024552293803E+003  0.237558982318084E-002 
     21.34000000 -0.865024552293769E+003  0.237558985721018E-002 
     21.36000000 -0.865024552293725E+003  0.237558990071359E-002 
     21.38000000 -0.865024552293673E+003  0.237558995272435E-002 
     21.40000000 -0.865024552293614E+003  0.237559001208234E-002 
     21.42000000 -0.865024552293549E+003  0.237559007656407E-002 
     21.44000000 -0.865024552293482E+003  0.237559014375268E-002 
     21.46000000 -0.865024552293415E+003  0.237559021036125E-002 
     21.48000000 -0.865024552293351E+003  0.237559027445628E-002 
     21.50000000 -0.865024552293293E+003  0.237559033323423E-002 
     21.52000000 -0.865024552293242E+003  0.237559038408489E-002 
     21.54000000 -0.865024552293200E+003  0.237559042546148E-002 
     21.56000000 -0.865024552293169E+003  0.237559045678394E-002 
     21.58000000 -0.865024552293149E+003  0.237559047727888E-002 
     21.60000000 -0.865024552293137E+003  0.237559048878312E-002 
     21.62000000 -0.865024552293133E+003  0.237559049274676E-002 
     21.64000000 -0.865024552293134E+003  0.237559049149000E-002 
     21.66000000 -0.865024552293137E+003  0.237559048858977E-002 
     21.68000000 -0.865024552293138E+003  0.237559048762303E-002 
     21.70000000 -0.865024552293134E+003  0.237559049197337E-002 
     21.72000000 -0.865024552293121E+003  0.237559050492772E-002 
     21.74000000 -0.865024552293097E+003  0.237559052890293E-002 
     21.76000000 -0.865024552293060E+003  0.237559056583250E-002 
     21.78000000 -0.865024552293009E+003  0.237559061648981E-002 
     21.80000000 -0.865024552292945E+003  0.237559068058485E-002 
     21.82000000 -0.865024552292870E+003  0.237559075628079E-002 
     21.84000000 -0.865024552292785E+003  0.237559084058075E-002 
     21.86000000 -0.865024552292695E+003  0.237559093058448E-002 
     21.88000000 -0.865024552292603E+003  0.237559102271505E-002 
     21.90000000 -0.865024552292513E+003  0.237559111262212E-002 
     21.92000000 -0.865024552292428E+003  0.237559119759879E-002 
     21.94000000 -0.865024552292352E+003  0.237559127426148E-002 
     21.96000000 -0.865024552292285E+003  0.237559134096672E-002 
     21.98000000 -0.865024552292229E+003  0.237559139645774E-002 
     22.00000000 -0.865024552292185E+003  0.237559144092790E-002 
     22.02000000 -0.865024552292152E+003  0.237559147408717E-002 
     22.04000000 -0.865024552292128E+003  0.237559149786904E-002 
     22.06000000 -0.865024552292113E+003  0.237559151314357E-002 
     22.08000000 -0.865024552292104E+003  0.237559152194093E-002 
     22.10000000 -0.865024552292100E+003  0.237559152609793E-002 
     22.12000000 -0.865024552292098E+003  0.237559152783806E-002 
     22.14000000 -0.865024552292097E+003  0.237559152851478E-002 
     22.16000000 -0.865024552292096E+003  0.237559152977155E-002 
     22.18000000 -0.865024552292093E+003  0.237559153315515E-002 
     22.20000000 -0.865024552292086E+003  0.237559153934230E-002 
     22.22000000 -0.865024552292077E+003  0.237559154881638E-002 
     22.24000000 -0.865024552292064E+003  0.237559156196408E-002 
     22.26000000 -0.865024552292047E+003  0.237559157839870E-002 
     22.28000000 -0.865024552292028E+003  0.237559159802357E-002 
     22.30000000 -0.865024552292006E+003  0.237559162006531E-002 
     22.32000000 -0.865024552291982E+003  0.237559164336380E-002 
     22.34000000 -0.865024552291959E+003  0.237559166695232E-002 
     22.36000000 -0.865024552291936E+003  0.237559169015414E-002 
     22.38000000 -0.865024552291914E+003  0.237559171171250E-002 
     22.40000000 -0.865024552291895E+003  0.237559173095068E-002 
     22.42000000 -0.865024552291879E+003  0.237559174699861E-002 
     22.44000000 -0.865024552291867E+003  0.237559175917957E-002 
     22.46000000 -0.865024552291858E+003  0.237559176749355E-002 
     22.48000000 -0.865024552291854E+003  0.237559177165054E-002 
     22.50000000 -0.865024552291854E+003  0.237559177194057E-002 
     22.52000000 -0.865024552291857E+003  0.237559176846029E-002 
     22.54000000 -0.865024552291864E+003  0.237559176159642E-002 
     22.56000000 -0.865024552291874E+003  0.237559175202567E-002 
     22.58000000 -0.865024552291885E+003  0.237559174042476E-002 
     22.60000000 -0.865024552291897E+003  0.237559172843715E-002 
     22.62000000 -0.865024552291910E+003  0.237559171606285E-002 
     22.64000000 -0.865024552291921E+003  0.237559170504198E-002 
     22.66000000 -0.865024552291930E+003  0.237559169537455E-002 
     22.68000000 -0.865024552291937E+003  0.237559168851068E-002 
     22.70000000 -0.865024552291942E+003  0.237559168425701E-002 
     22.72000000 -0.865024552291942E+003  0.237559168348362E-002 
     22.74000000 -0.865024552291941E+003  0.237559168493373E-002 
     22.76000000 -0.865024552291938E+003  0.237559168793064E-002 
     22.78000000 -0.865024552291933E+003  0.237559169247433E-002 
     22.80000000 -0.865024552291929E+003  0.237559169643797E-002 
     22.82000000 -0.865024552291927E+003  0.237559169924152E-002 
     22.84000000 -0.865024552291927E+003  0.237559169924152E-002 
     22.86000000 -0.865024552291929E+003  0.237559169634130E-002 
     22.88000000 -0.865024552291936E+003  0.237559168986412E-002 
     22.90000000 -0.865024552291946E+003  0.237559167981000E-002 
     22.92000000 -0.865024552291959E+003  0.237559166675897E-002 
     22.94000000 -0.865024552291975E+003  0.237559165109774E-002 
     22.96000000 -0.865024552291992E+003  0.237559163408307E-002 
     22.98000000 -0.865024552292009E+003  0.237559161677838E-002 
     23.00000000 -0.865024552292026E+003  0.237559159986039E-002 
     23.02000000 -0.865024552292041E+003  0.237559158497255E-002 
     23.04000000 -0.865024552292054E+003  0.237559157201820E-002 
     23.06000000 -0.865024552292065E+003  0.237559156109401E-002 
     23.08000000 -0.865024552292073E+003  0.237559155268335E-002 
     23.10000000 -0.865024552292080E+003  0.237559154610950E-002 
     23.12000000 -0.865024552292085E+003  0.237559154079241E-002 
     23.14000000 -0.865024552292090E+003  0.237559153605537E-002 
     23.16000000 -0.865024552292094E+003  0.237559153180171E-002 
     23.18000000 -0.865024552292098E+003  0.237559152754804E-002 
     23.20000000 -0.865024552292103E+003  0.237559152290767E-002 
     23.22000000 -0.865024552292108E+003  0.237559151826731E-002 
     23.24000000 -0.865024552292112E+003  0.237559151362695E-002 
     23.26000000 -0.865024552292116E+003  0.237559150937328E-002 
     23.28000000 -0.865024552292120E+003  0.237559150569966E-002 
     23.30000000 -0.865024552292123E+003  0.237559150260608E-002 
     23.32000000 -0.865024552292126E+003  0.237559150028590E-002 
     23.34000000 -0.865024552292127E+003  0.237559149864244E-002 
     23.36000000 -0.865024552292129E+003  0.237559149680562E-002 
     23.38000000 -0.865024552292131E+003  0.237559149467879E-002 
     23.40000000 -0.865024552292135E+003  0.237559149100517E-002 
     23.42000000 -0.865024552292140E+003  0.237559148578476E-002 
     23.44000000 -0.865024552292148E+003  0.237559147766412E-002 
     23.46000000 -0.865024552292159E+003  0.237559146722330E-002 
     23.48000000 -0.865024552292171E+003  0.237559145446230E-002 
     23.50000000 -0.865024552292185E+003  0.237559144034786E-002 
     23.52000000 -0.865024552292200E+003  0.237559142565337E-002 
     23.54000000 -0.865024552292214E+003  0.237559141173228E-002 
     23.56000000 -0.865024552292226E+003  0.237559140013136E-002 
     23.58000000 -0.865024552292234E+003  0.237559139201073E-002 
     23.60000000 -0.865024552292237E+003  0.237559138891715E-002 
     23.62000000 -0.865024552292235E+003  0.237559139065729E-002 
     23.64000000 -0.865024552292227E+003  0.237559139858458E-002 
     23.66000000 -0.865024552292214E+003  0.237559141153893E-002 
     23.68000000 -0.865024552292197E+003  0.237559142855360E-002 
     23.70000000 -0.865024552292178E+003  0.237559144808180E-002 
     23.72000000 -0.865024552292157E+003  0.237559146838339E-002 
     23.74000000 -0.865024552292138E+003  0.237559148752490E-002 
     23.76000000 -0.865024552292123E+003  0.237559150279943E-002 
     23.78000000 -0.865024552292113E+003  0.237559151314357E-002 
     23.80000000 -0.865024552292108E+003  0.237559151768726E-002 
     23.82000000 -0.865024552292110E+003  0.237559151585045E-002 
     23.84000000 -0.865024552292118E+003  0.237559150801984E-002 
     23.86000000 -0.865024552292131E+003  0.237559149525884E-002 
     23.88000000 -0.865024552292147E+003  0.237559147921091E-002 
     23.90000000 -0.865024552292164E+003  0.237559146209957E-002 
     23.92000000 -0.865024552292180E+003  0.237559144595496E-002 
     23.94000000 -0.865024552292193E+003  0.237559143261392E-002 
     23.96000000 -0.865024552292202E+003  0.237559142391323E-002 
     23.98000000 -0.865024552292205E+003  0.237559142081966E-002 
     24.00000000 -0.865024552292202E+003  0.237559142352654E-002 
     24.02000000 -0.865024552292195E+003  0.237559143116380E-002 
     24.04000000 -0.865024552292183E+003  0.237559144247469E-002 
     24.06000000 -0.865024552292170E+003  0.237559145620244E-002 
     24.08000000 -0.865024552292156E+003  0.237559146983351E-002 
     24.10000000 -0.865024552292144E+003  0.237559148162777E-002 
     24.12000000 -0.865024552292136E+003  0.237559148965173E-002 
     24.14000000 -0.865024552292133E+003  0.237559149293865E-002 
     24.16000000 -0.865024552292135E+003  0.237559149090849E-002 
     24.18000000 -0.865024552292142E+003  0.237559148385127E-002 
     24.20000000 -0.865024552292154E+003  0.237559147186367E-002 
     24.22000000 -0.865024552292169E+003  0.237559145639578E-002 
     24.24000000 -0.865024552292187E+003  0.237559143880107E-002 
     24.26000000 -0.865024552292205E+003  0.237559142043296E-002 
     24.28000000 -0.865024552292223E+003  0.237559140283824E-002 
     24.30000000 -0.865024552292239E+003  0.237559138650029E-002 
     24.32000000 -0.865024552292253E+003  0.237559137267587E-002 
     24.34000000 -0.865024552292265E+003  0.237559136088161E-002 
     24.36000000 -0.865024552292274E+003  0.237559135160089E-002 
     24.38000000 -0.865024552292282E+003  0.237559134406029E-002 
     24.40000000 -0.865024552292288E+003  0.237559133787314E-002 
     24.42000000 -0.865024552292294E+003  0.237559133207269E-002 
     24.44000000 -0.865024552292300E+003  0.237559132627223E-002 
     24.46000000 -0.865024552292306E+003  0.237559131989173E-002 
     24.48000000 -0.865024552292313E+003  0.237559131283451E-002 
     24.50000000 -0.865024552292321E+003  0.237559130432717E-002 
     24.52000000 -0.865024552292331E+003  0.237559129475642E-002 
     24.54000000 -0.865024552292342E+003  0.237559128334886E-002 
     24.56000000 -0.865024552292355E+003  0.237559127078120E-002 
     24.58000000 -0.865024552292370E+003  0.237559125618339E-002 
     24.60000000 -0.865024552292386E+003  0.237559124023214E-002 
     24.62000000 -0.865024552292402E+003  0.237559122341082E-002 
     24.64000000 -0.865024552292420E+003  0.237559120552608E-002 
     24.66000000 -0.865024552292438E+003  0.237559118744799E-002 
     24.68000000 -0.865024552292456E+003  0.237559116946658E-002 
     24.70000000 -0.865024552292474E+003  0.237559115225856E-002 
     24.72000000 -0.865024552292489E+003  0.237559113640398E-002 
     24.74000000 -0.865024552292504E+003  0.237559112190284E-002 
     24.76000000 -0.865024552292516E+003  0.237559111001191E-002 
     24.78000000 -0.865024552292526E+003  0.237559109986111E-002 
     24.80000000 -0.865024552292534E+003  0.237559109212717E-002 
     24.82000000 -0.865024552292540E+003  0.237559108574667E-002 
     24.84000000 -0.865024552292545E+003  0.237559108081628E-002 
     24.86000000 -0.865024552292549E+003  0.237559107656262E-002 
     24.88000000 -0.865024552292553E+003  0.237559107230895E-002 
     24.90000000 -0.865024552292558E+003  0.237559106747524E-002 
     24.92000000 -0.865024552292564E+003  0.237559106138476E-002 
     24.94000000 -0.865024552292572E+003  0.237559105423086E-002 
     24.96000000 -0.865024552292581E+003  0.237559104514348E-002 
     24.98000000 -0.865024552292591E+003  0.237559103450931E-002 
     25.00000000 -0.865024552292604E+003  0.237559102194166E-002 
     25.02000000 -0.865024552292618E+003  0.237559100782722E-002 
     25.04000000 -0.865024552292633E+003  0.237559099274603E-002 
     25.06000000 -0.865024552292649E+003  0.237559097660143E-002 
     25.08000000 -0.865024552292666E+003  0.237559096026348E-002 
     25.10000000 -0.865024552292682E+003  0.237559094402221E-002 
     25.12000000 -0.865024552292698E+003  0.237559092816763E-002 
     25.14000000 -0.865024552292712E+003  0.237559091347314E-002 
     25.16000000 -0.865024552292726E+003  0.237559090013209E-002 
     25.18000000 -0.865024552292738E+003  0.237559088785446E-002 
     25.20000000 -0.865024552292748E+003  0.237559087751032E-002 
     25.22000000 -0.865024552292757E+003  0.237559086861628E-002 
     25.24000000 -0.865024552292765E+003  0.237559086097902E-002 
     25.26000000 -0.865024552292771E+003  0.237559085450184E-002 
     25.28000000 -0.865024552292777E+003  0.237559084889473E-002 
     25.30000000 -0.865024552292783E+003  0.237559084328763E-002 
     25.32000000 -0.865024552292788E+003  0.237559083768052E-002 
     25.34000000 -0.865024552292795E+003  0.237559083110667E-002 
     25.36000000 -0.865024552292802E+003  0.237559082366275E-002 
     25.38000000 -0.865024552292811E+003  0.237559081467205E-002 
     25.40000000 -0.865024552292822E+003  0.237559080384453E-002 
     25.42000000 -0.865024552292834E+003  0.237559079156690E-002 
     25.44000000 -0.865024552292848E+003  0.237559077783915E-002 
     25.46000000 -0.865024552292864E+003  0.237559076227460E-002 
     25.48000000 -0.865024552292880E+003  0.237559074574330E-002 
     25.50000000 -0.865024552292897E+003  0.237559072863196E-002 
     25.52000000 -0.865024552292915E+003  0.237559071074722E-002 
     25.54000000 -0.865024552292933E+003  0.237559069305583E-002 
     25.56000000 -0.865024552292950E+003  0.237559067575114E-002 
     25.58000000 -0.865024552292967E+003  0.237559065873647E-002 
     25.60000000 -0.865024552292984E+003  0.237559064201182E-002 
     25.62000000 -0.865024552293000E+003  0.237559062557719E-002 
     25.64000000 -0.865024552293016E+003  0.237559061030266E-002 
     25.66000000 -0.865024552293031E+003  0.237559059502813E-002 
     25.68000000 -0.865024552293046E+003  0.237559058033364E-002 
     25.70000000 -0.865024552293060E+003  0.237559056602585E-002 
     25.72000000 -0.865024552293074E+003  0.237559055210476E-002 
     25.74000000 -0.865024552293087E+003  0.237559053857036E-002 
     25.76000000 -0.865024552293100E+003  0.237559052542266E-002 
     25.78000000 -0.865024552293113E+003  0.237559051266166E-002 
     25.80000000 -0.865024552293126E+003  0.237559050028735E-002 
     25.82000000 -0.865024552293138E+003  0.237559048810640E-002 
     25.84000000 -0.865024552293150E+003  0.237559047631214E-002 
     25.86000000 -0.865024552293161E+003  0.237559046490457E-002 
     25.88000000 -0.865024552293172E+003  0.237559045349701E-002 
     25.90000000 -0.865024552293184E+003  0.237559044208945E-002 
     25.92000000 -0.865024552293196E+003  0.237559043019851E-002 
     25.94000000 -0.865024552293208E+003  0.237559041772754E-002 
     25.96000000 -0.865024552293221E+003  0.237559040457984E-002 
     25.98000000 -0.865024552293236E+003  0.237559039017537E-002 
     26.00000000 -0.865024552293251E+003  0.237559037461082E-002 
     26.02000000 -0.865024552293268E+003  0.237559035807952E-002 
     26.04000000 -0.865024552293285E+003  0.237559034058148E-002 
     26.06000000 -0.865024552293303E+003  0.237559032240671E-002 
     26.08000000 -0.865024552293322E+003  0.237559030365191E-002 
     26.10000000 -0.865024552293340E+003  0.237559028557382E-002 
     26.12000000 -0.865024552293358E+003  0.237559026797911E-002 
     26.14000000 -0.865024552293375E+003  0.237559025125446E-002 
     26.16000000 -0.865024552293389E+003  0.237559023636662E-002 
     26.18000000 -0.865024552293403E+003  0.237559022321892E-002 
     26.20000000 -0.865024552293414E+003  0.237559021219806E-002 
     26.22000000 -0.865024552293422E+003  0.237559020340070E-002 
     26.24000000 -0.865024552293429E+003  0.237559019673018E-002 
     26.26000000 -0.865024552293434E+003  0.237559019179979E-002 
     26.28000000 -0.865024552293437E+003  0.237559018841619E-002 
     26.30000000 -0.865024552293440E+003  0.237559018580599E-002 
     26.32000000 -0.865024552293442E+003  0.237559018367915E-002 
     26.34000000 -0.865024552293445E+003  0.237559018106895E-002 
     26.36000000 -0.865024552293448E+003  0.237559017797537E-002 
     26.38000000 -0.865024552293452E+003  0.237559017352835E-002 
     26.40000000 -0.865024552293458E+003  0.237559016753455E-002 
     26.42000000 -0.865024552293467E+003  0.237559015922056E-002 
     26.44000000 -0.865024552293477E+003  0.237559014916644E-002 
     26.46000000 -0.865024552293489E+003  0.237559013698548E-002 
     26.48000000 -0.865024552293503E+003  0.237559012287104E-002 
     26.50000000 -0.865024552293519E+003  0.237559010701646E-002 
     26.52000000 -0.865024552293536E+003  0.237559009000179E-002 
     26.54000000 -0.865024552293553E+003  0.237559007240708E-002 
     26.56000000 -0.865024552293571E+003  0.237559005452234E-002 
     26.58000000 -0.865024552293589E+003  0.237559003683095E-002 
     26.60000000 -0.865024552293605E+003  0.237559002078302E-002 
     26.62000000 -0.865024552293619E+003  0.237559000686193E-002 
     26.64000000 -0.865024552293630E+003  0.237558999584106E-002 
     26.66000000 -0.865024552293637E+003  0.237558998849382E-002 
     26.68000000 -0.865024552293641E+003  0.237558998520690E-002 
     26.70000000 -0.865024552293639E+003  0.237558998675368E-002 
     26.72000000 -0.865024552293634E+003  0.237558999236079E-002 
     26.74000000 -0.865024552293624E+003  0.237559000212489E-002 
     26.76000000 -0.865024552293610E+003  0.237559001536927E-002 
     26.78000000 -0.865024552293595E+003  0.237559003035378E-002 
     26.80000000 -0.865024552293580E+003  0.237559004611168E-002 
     26.82000000 -0.865024552293564E+003  0.237559006138621E-002 
     26.84000000 -0.865024552293552E+003  0.237559007337382E-002 
     26.86000000 -0.865024552293544E+003  0.237559008188116E-002 
     26.88000000 -0.865024552293541E+003  0.237559008487806E-002 
     26.90000000 -0.865024552293543E+003  0.237559008275123E-002 
     26.92000000 -0.865024552293551E+003  0.237559007453391E-002 
     26.94000000 -0.865024552293564E+003  0.237559006196626E-002 
     26.96000000 -0.865024552293580E+003  0.237559004553163E-002 
     26.98000000 -0.865024552293598E+003  0.237559002755022E-002 
     27.00000000 -0.865024552293616E+003  0.237559000937546E-002 
     27.02000000 -0.865024552293632E+003  0.237558999342421E-002 
     27.04000000 -0.865024552293645E+003  0.237558998104990E-002 
     27.06000000 -0.865024552293652E+003  0.237558997408936E-002 
     27.08000000 -0.865024552293653E+003  0.237558997283259E-002 
     27.10000000 -0.865024552293649E+003  0.237558997718293E-002 
     27.12000000 -0.865024552293639E+003  0.237558998656034E-002 
     27.14000000 -0.865024552293626E+003  0.237558999951469E-002 
     27.16000000 -0.865024552293612E+003  0.237559001420917E-002 
     27.18000000 -0.865024552293597E+003  0.237559002880699E-002 
     27.20000000 -0.865024552293585E+003  0.237559004079460E-002 
     27.22000000 -0.865024552293576E+003  0.237559004939861E-002 
     27.24000000 -0.865024552293573E+003  0.237559005268553E-002 
     27.26000000 -0.865024552293575E+003  0.237559005113874E-002 
     27.28000000 -0.865024552293582E+003  0.237559004398485E-002 
     27.30000000 -0.865024552293593E+003  0.237559003277063E-002 
     27.32000000 -0.865024552293607E+003  0.237559001884954E-002 
     27.34000000 -0.865024552293623E+003  0.237559000318831E-002 
     27.36000000 -0.865024552293638E+003  0.237558998791378E-002 
     27.38000000 -0.865024552293652E+003  0.237558997399268E-002 
     27.40000000 -0.865024552293663E+003  0.237558996248845E-002 
     27.42000000 -0.865024552293672E+003  0.237558995388444E-002 
     27.44000000 -0.865024552293678E+003  0.237558994827733E-002 
     27.46000000 -0.865024552293681E+003  0.237558994460371E-002 
     27.48000000 -0.865024552293683E+003  0.237558994267022E-002 
     27.50000000 -0.865024552293685E+003  0.237558994112343E-002 
     27.52000000 -0.865024552293687E+003  0.237558993880325E-002 
     27.54000000 -0.865024552293691E+003  0.237558993464626E-002 
     27.56000000 -0.865024552293697E+003  0.237558992855578E-002 
     27.58000000 -0.865024552293706E+003  0.237558991985510E-002 
     27.60000000 -0.865024552293717E+003  0.237558990883423E-002 
     27.62000000 -0.865024552293729E+003  0.237558989645993E-002 
     27.64000000 -0.865024552293743E+003  0.237558988253883E-002 
     27.66000000 -0.865024552293757E+003  0.237558986881109E-002 
     27.68000000 -0.865024552293770E+003  0.237558985566339E-002 
     27.70000000 -0.865024552293782E+003  0.237558984435250E-002 
     27.72000000 -0.865024552293791E+003  0.237558983449173E-002 
     27.74000000 -0.865024552293799E+003  0.237558982685446E-002 
     27.76000000 -0.865024552293805E+003  0.237558982076398E-002 
     27.78000000 -0.865024552293810E+003  0.237558981573692E-002 
     27.80000000 -0.865024552293814E+003  0.237558981157993E-002 
     27.82000000 -0.865024552293819E+003  0.237558980693956E-002 
     27.84000000 -0.865024552293824E+003  0.237558980162248E-002 
     27.86000000 -0.865024552293831E+003  0.237558979456526E-002 
     27.88000000 -0.865024552293841E+003  0.237558978528453E-002 
     27.90000000 -0.865024552293852E+003  0.237558977426366E-002 
     27.92000000 -0.865024552293865E+003  0.237558976130931E-002 
     27.94000000 -0.865024552293879E+003  0.237558974642147E-002 
     27.96000000 -0.865024552293895E+003  0.237558973076024E-002 
     27.98000000 -0.865024552293911E+003  0.237558971509901E-002 
     28.00000000 -0.865024552293927E+003  0.237558969914776E-002 
     28.02000000 -0.865024552293942E+003  0.237558968406658E-002 
     28.04000000 -0.865024552293956E+003  0.237558966985546E-002 
     28.06000000 -0.865024552293969E+003  0.237558965651441E-002 
     28.08000000 -0.865024552293981E+003  0.237558964452680E-002 
     28.10000000 -0.865024552293992E+003  0.237558963350594E-002 
     28.12000000 -0.865024552294002E+003  0.237558962345182E-002 
     28.14000000 -0.865024552294012E+003  0.237558961436444E-002 
     28.16000000 -0.865024552294020E+003  0.237558960576043E-002 
     28.18000000 -0.865024552294028E+003  0.237558959773646E-002 
     28.20000000 -0.865024552294036E+003  0.237558958980917E-002 
     28.22000000 -0.865024552294044E+003  0.237558958168854E-002 
     28.24000000 -0.865024552294052E+003  0.237558957376125E-002 
     28.26000000 -0.865024552294061E+003  0.237558956535059E-002 
     28.28000000 -0.865024552294070E+003  0.237558955626321E-002 
     28.30000000 -0.865024552294079E+003  0.237558954649911E-002 
     28.32000000 -0.865024552294090E+003  0.237558953596161E-002 
     28.34000000 -0.865024552294101E+003  0.237558952445737E-002 
     28.36000000 -0.865024552294114E+003  0.237558951217974E-002 
     28.38000000 -0.865024552294126E+003  0.237558949980544E-002 
     28.40000000 -0.865024552294139E+003  0.237558948675441E-002 
     28.42000000 -0.865024552294152E+003  0.237558947380006E-002 
     28.44000000 -0.865024552294164E+003  0.237558946142576E-002 
     28.46000000 -0.865024552294176E+003  0.237558944972817E-002 
     28.48000000 -0.865024552294187E+003  0.237558943919068E-002 
     28.50000000 -0.865024552294196E+003  0.237558943010330E-002 
     28.52000000 -0.865024552294203E+003  0.237558942256270E-002 
     28.54000000 -0.865024552294210E+003  0.237558941598885E-002 
     28.56000000 -0.865024552294216E+003  0.237558941028507E-002 
     28.58000000 -0.865024552294221E+003  0.237558940496799E-002 
     28.60000000 -0.865024552294226E+003  0.237558939974758E-002 
     28.62000000 -0.865024552294232E+003  0.237558939414047E-002 
     28.64000000 -0.865024552294238E+003  0.237558938775997E-002 
     28.66000000 -0.865024552294245E+003  0.237558938060608E-002 
     28.68000000 -0.865024552294253E+003  0.237558937267879E-002 
     28.70000000 -0.865024552294262E+003  0.237558936436480E-002 
     28.72000000 -0.865024552294271E+003  0.237558935527742E-002 
     28.74000000 -0.865024552294279E+003  0.237558934648006E-002 
     28.76000000 -0.865024552294288E+003  0.237558933797273E-002 
     28.78000000 -0.865024552294296E+003  0.237558932975541E-002 
     28.80000000 -0.865024552294304E+003  0.237558932192480E-002 
     28.82000000 -0.865024552294311E+003  0.237558931448088E-002 
     28.84000000 -0.865024552294319E+003  0.237558930713364E-002 
     28.86000000 -0.865024552294327E+003  0.237558929920635E-002 
     28.88000000 -0.865024552294336E+003  0.237558929031232E-002 
     28.90000000 -0.865024552294345E+003  0.237558928083824E-002 
     28.92000000 -0.865024552294356E+003  0.237558927020407E-002 
     28.94000000 -0.865024552294368E+003  0.237558925782977E-002 
     28.96000000 -0.865024552294382E+003  0.237558924429537E-002 
     28.98000000 -0.865024552294396E+003  0.237558922960088E-002 
     29.00000000 -0.865024552294412E+003  0.237558921384298E-002 
     29.02000000 -0.865024552294428E+003  0.237558919760170E-002 
     29.04000000 -0.865024552294445E+003  0.237558918058703E-002 
     29.06000000 -0.865024552294462E+003  0.237558916337901E-002 
     29.08000000 -0.865024552294479E+003  0.237558914636434E-002 
     29.10000000 -0.865024552294496E+003  0.237558912944635E-002 
     29.12000000 -0.865024552294513E+003  0.237558911281838E-002 
     29.14000000 -0.865024552294529E+003  0.237558909657710E-002 
     29.16000000 -0.865024552294545E+003  0.237558908091587E-002 
     29.18000000 -0.865024552294560E+003  0.237558906583468E-002 
     29.20000000 -0.865024552294575E+003  0.237558905114020E-002 
     29.22000000 -0.865024552294589E+003  0.237558903721910E-002 
     29.24000000 -0.865024552294603E+003  0.237558902310466E-002 
     29.26000000 -0.865024552294616E+003  0.237558900957027E-002 
     29.28000000 -0.865024552294630E+003  0.237558899603587E-002 
     29.30000000 -0.865024552294644E+003  0.237558898211478E-002 
     29.32000000 -0.865024552294658E+003  0.237558896751696E-002 
     29.34000000 -0.865024552294673E+003  0.237558895253245E-002 
     29.36000000 -0.865024552294690E+003  0.237558893629118E-002 
     29.38000000 -0.865024552294707E+003  0.237558891927651E-002 
     29.40000000 -0.865024552294725E+003  0.237558890129509E-002 
     29.42000000 -0.865024552294743E+003  0.237558888312033E-002 
     29.44000000 -0.865024552294762E+003  0.237558886436553E-002 
     29.46000000 -0.865024552294780E+003  0.237558884599742E-002 
     29.48000000 -0.865024552294797E+003  0.237558882849938E-002 
     29.50000000 -0.865024552294814E+003  0.237558881216143E-002 
     29.52000000 -0.865024552294828E+003  0.237558879785364E-002 
     29.54000000 -0.865024552294840E+003  0.237558878547933E-002 
     29.56000000 -0.865024552294851E+003  0.237558877503851E-002 
     29.58000000 -0.865024552294860E+003  0.237558876614448E-002 
     29.60000000 -0.865024552294868E+003  0.237558875821719E-002 
     29.62000000 -0.865024552294875E+003  0.237558875057992E-002 
     29.64000000 -0.865024552294883E+003  0.237558874255596E-002 
     29.66000000 -0.865024552294892E+003  0.237558873337191E-002 
     29.68000000 -0.865024552294903E+003  0.237558872264106E-002 
     29.70000000 -0.865024552294916E+003  0.237558871007341E-002 
     29.72000000 -0.865024552294930E+003  0.237558869605564E-002 
     29.74000000 -0.865024552294945E+003  0.237558868078111E-002 
     29.76000000 -0.865024552294961E+003  0.237558866482985E-002 
     29.78000000 -0.865024552294977E+003  0.237558864878193E-002 
     29.80000000 -0.865024552294992E+003  0.237558863389409E-002 
     29.82000000 -0.865024552295005E+003  0.237558862074639E-002 
     29.84000000 -0.865024552295016E+003  0.237558860953218E-002 
     29.86000000 -0.865024552295025E+003  0.237558860073482E-002 
     29.88000000 -0.865024552295031E+003  0.237558859464434E-002 
     29.90000000 -0.865024552295034E+003  0.237558859135742E-002 
     29.92000000 -0.865024552295036E+003  0.237558858981063E-002 
     29.94000000 -0.865024552295036E+003  0.237558859000398E-002 
     29.96000000 -0.865024552295034E+003  0.237558859135742E-002 
     29.98000000 -0.865024552295033E+003  0.237558859271086E-002 
     30.00000000 -0.865024552295032E+003  0.237558859348425E-002 
