# Real time calculation: 
# Eall: Total energy
# Eall0: Initial total energy
# 1:Time[fs] 2:Eall[eV] 3:Eall-Eall0[eV] 
      0.00000000 -0.233310106382321E+005  0.000000000000000E+000 
      0.02000000 -0.233310106383071E+005 -0.749975706375096E-007 
      0.04000000 -0.233310106383076E+005 -0.754739813902290E-007 
      0.06000000 -0.233310106383071E+005 -0.750501614348877E-007 
      0.08000000 -0.233310106383038E+005 -0.717647833869137E-007 
      0.10000000 -0.233310106382940E+005 -0.619210235482569E-007 
      0.12000000 -0.233310106382710E+005 -0.389171900598058E-007 
      0.14000000 -0.233310106382247E+005  0.736271163293623E-008 
      0.16000000 -0.233310106381405E+005  0.915512975063507E-007 
      0.18000000 -0.233310106379984E+005  0.233701129243082E-006 
      0.20000000 -0.233310106377720E+005  0.460027172547962E-006 
      0.22000000 -0.233310106374282E+005  0.803881273687665E-006 
      0.24000000 -0.233310106369257E+005  0.130636778117766E-005 
      0.26000000 -0.233310106362151E+005  0.201698082250340E-005 
      0.28000000 -0.233310106352379E+005  0.299413949282301E-005 
      0.30000000 -0.233310106339266E+005  0.430542606034368E-005 
      0.32000000 -0.233310106322041E+005  0.602802525415860E-005 
      0.34000000 -0.233310106299836E+005  0.824852008821005E-005 
      0.36000000 -0.233310106271692E+005  0.110628949548657E-004 
      0.38000000 -0.233310106236557E+005  0.145763995075608E-004 
      0.40000000 -0.233310106193291E+005  0.189029918170610E-004 
      0.42000000 -0.233310106140672E+005  0.241648928964731E-004 
      0.44000000 -0.233310106077401E+005  0.304920082024737E-004 
      0.46000000 -0.233310106002108E+005  0.380212717971301E-004 
      0.48000000 -0.233310105913364E+005  0.468957089942766E-004 
      0.50000000 -0.233310105809685E+005  0.572636103746378E-004 
      0.52000000 -0.233310105689543E+005  0.692777336431394E-004 
      0.54000000 -0.233310105551379E+005  0.830941899414338E-004 
      0.56000000 -0.233310105393605E+005  0.988715714593791E-004 
      0.58000000 -0.233310105214623E+005  0.116769785156768E-003 
      0.60000000 -0.233310105012830E+005  0.136949038070296E-003 
      0.62000000 -0.233310104786632E+005  0.159568831901258E-003 
      0.64000000 -0.233310104534452E+005  0.184786849328075E-003 
      0.66000000 -0.233310104254740E+005  0.212758090898502E-003 
      0.68000000 -0.233310103945980E+005  0.243634061419057E-003 
      0.70000000 -0.233310103606703E+005  0.277561814039938E-003 
      0.72000000 -0.233310103235487E+005  0.314683384130558E-003 
      0.74000000 -0.233310102830968E+005  0.355135285026604E-003 
      0.76000000 -0.233310102391842E+005  0.399047889314778E-003 
      0.78000000 -0.233310101916868E+005  0.446545267966824E-003 
      0.80000000 -0.233310101404873E+005  0.497744766519572E-003 
      0.82000000 -0.233310100854752E+005  0.552756924641961E-003 
      0.84000000 -0.233310100265468E+005  0.611685287426874E-003 
      0.86000000 -0.233310099636054E+005  0.674626649783674E-003 
      0.88000000 -0.233310098965611E+005  0.741670994566676E-003 
      0.90000000 -0.233310098253302E+005  0.812901888552912E-003 
      0.92000000 -0.233310097498352E+005  0.888396838203414E-003 
      0.94000000 -0.233310096700045E+005  0.968227617582296E-003 
      0.96000000 -0.233310095857711E+005  0.105246101081508E-002 
      0.98000000 -0.233310094970728E+005  0.114115923590863E-002 
      1.00000000 -0.233310094038513E+005  0.123438080785898E-002 
      1.02000000 -0.233310093060510E+005  0.133218108002716E-002 
      1.04000000 -0.233310092036191E+005  0.143461297731678E-002 
      1.06000000 -0.233310090965044E+005  0.154172772316449E-002 
      1.08000000 -0.233310089846566E+005  0.165357550775246E-002 
      1.10000000 -0.233310088680260E+005  0.177020608816214E-002 
      1.12000000 -0.233310087465627E+005  0.189166937615384E-002 
      1.14000000 -0.233310086202160E+005  0.201801610019197E-002 
      1.16000000 -0.233310084889339E+005  0.214929815501926E-002 
      1.18000000 -0.233310083526630E+005  0.228556910281605E-002 
      1.20000000 -0.233310082113473E+005  0.242688473932477E-002 
      1.22000000 -0.233310080649289E+005  0.257330319593798E-002 
      1.24000000 -0.233310079133467E+005  0.272488537279906E-002 
      1.26000000 -0.233310077565371E+005  0.288169499139296E-002 
      1.28000000 -0.233310075944334E+005  0.304379866879208E-002 
      1.30000000 -0.233310074269661E+005  0.321126597952777E-002 
      1.32000000 -0.233310072540627E+005  0.338416933494088E-002 
      1.34000000 -0.233310070756482E+005  0.356258389965516E-002 
      1.36000000 -0.233310068916448E+005  0.374658726056462E-002 
      1.38000000 -0.233310067019729E+005  0.393625921028320E-002 
      1.40000000 -0.233310065065507E+005  0.413168137900915E-002 
      1.42000000 -0.233310063052953E+005  0.433293672717855E-002 
      1.44000000 -0.233310060981231E+005  0.454010894221791E-002 
      1.46000000 -0.233310058849500E+005  0.475328211371866E-002 
      1.48000000 -0.233310056656923E+005  0.497253981155141E-002 
      1.50000000 -0.233310054402676E+005  0.519796450118003E-002 
      1.52000000 -0.233310052085953E+005  0.542963680429689E-002 
      1.54000000 -0.233310049705972E+005  0.566763489248194E-002 
      1.56000000 -0.233310047261985E+005  0.591203359625269E-002 
      1.58000000 -0.233310044753282E+005  0.616290386368838E-002 
      1.60000000 -0.233310042179202E+005  0.642031188494787E-002 
      1.62000000 -0.233310039539138E+005  0.668431822916187E-002 
      1.64000000 -0.233310036832548E+005  0.695497728449559E-002 
      1.66000000 -0.233310034058957E+005  0.723233635482448E-002 
      1.68000000 -0.233310031217971E+005  0.751643496367957E-002 
      1.70000000 -0.233310028309279E+005  0.780730416437991E-002 
      1.72000000 -0.233310025332663E+005  0.810496579757430E-002 
      1.74000000 -0.233310022288002E+005  0.840943184159024E-002 
      1.76000000 -0.233310019175282E+005  0.872070388343237E-002 
      1.78000000 -0.233310015994596E+005  0.903877247841221E-002 
      1.80000000 -0.233310012746154E+005  0.936361670467312E-002 
      1.82000000 -0.233310009430282E+005  0.969520383527126E-002 
      1.84000000 -0.233310006047431E+005  0.100334889669464E-001 
      1.86000000 -0.233310002598172E+005  0.103784148747238E-001 
      1.88000000 -0.233309999083202E+005  0.107299118850777E-001 
      1.90000000 -0.233309995503343E+005  0.110878977398139E-001 
      1.92000000 -0.233309991859546E+005  0.114522775187302E-001 
      1.94000000 -0.233309988152882E+005  0.118229438283248E-001 
      1.96000000 -0.233309984384552E+005  0.121997768451062E-001 
      1.98000000 -0.233309980555874E+005  0.125826446682611E-001 
      2.00000000 -0.233309976668285E+005  0.129714035764209E-001 
      2.02000000 -0.233309972723337E+005  0.133658984143591E-001 
      2.04000000 -0.233309968722690E+005  0.137659630786825E-001 
      2.06000000 -0.233309964668110E+005  0.141714211210788E-001 
      2.08000000 -0.233309960561459E+005  0.145820861721363E-001 
      2.10000000 -0.233309956404694E+005  0.149977627240190E-001 
      2.12000000 -0.233309952199854E+005  0.154182466470937E-001 
      2.14000000 -0.233309947949061E+005  0.158433260035406E-001 
      2.16000000 -0.233309943654504E+005  0.162727816629747E-001 
      2.18000000 -0.233309939318439E+005  0.167063881717414E-001 
      2.20000000 -0.233309934943177E+005  0.171439143654440E-001 
      2.22000000 -0.233309930531081E+005  0.175851240185950E-001 
      2.24000000 -0.233309926084553E+005  0.180297767386594E-001 
      2.26000000 -0.233309921606037E+005  0.184776283960625E-001 
      2.28000000 -0.233309917098001E+005  0.189284319811095E-001 
      2.30000000 -0.233309912562941E+005  0.193819380030577E-001 
      2.32000000 -0.233309908003369E+005  0.198378951923581E-001 
      2.34000000 -0.233309903421811E+005  0.202960509368492E-001 
      2.36000000 -0.233309898820803E+005  0.207561518200401E-001 
      2.38000000 -0.233309894202881E+005  0.212179439644967E-001 
      2.40000000 -0.233309889570586E+005  0.216811734309135E-001 
      2.42000000 -0.233309884926455E+005  0.221455866202784E-001 
      2.44000000 -0.233309880273018E+005  0.226109302862470E-001 
      2.46000000 -0.233309875612803E+005  0.230769517857223E-001 
      2.48000000 -0.233309870948328E+005  0.235433992551885E-001 
      2.50000000 -0.233309866282106E+005  0.240100214436579E-001 
      2.52000000 -0.233309861616643E+005  0.244765677312323E-001 
      2.54000000 -0.233309856954440E+005  0.249427881198226E-001 
      2.56000000 -0.233309852297992E+005  0.254084328804805E-001 
      2.58000000 -0.233309847649797E+005  0.258732523894396E-001 
      2.60000000 -0.233309843012350E+005  0.263369970445882E-001 
      2.62000000 -0.233309838388153E+005  0.267994167364685E-001 
      2.64000000 -0.233309833779712E+005  0.272602608420886E-001 
      2.66000000 -0.233309829189543E+005  0.277192777980097E-001 
      2.68000000 -0.233309824620173E+005  0.281762147693331E-001 
      2.70000000 -0.233309820074145E+005  0.286308175940157E-001 
      2.72000000 -0.233309815554016E+005  0.290828304363897E-001 
      2.74000000 -0.233309811062366E+005  0.295319954870858E-001 
      2.76000000 -0.233309806601794E+005  0.299780526629557E-001 
      2.78000000 -0.233309802174925E+005  0.304207395328270E-001 
      2.80000000 -0.233309797784410E+005  0.308597910978590E-001 
      2.82000000 -0.233309793432926E+005  0.312949395254947E-001 
      2.84000000 -0.233309789123178E+005  0.317259142979533E-001 
      2.86000000 -0.233309784857901E+005  0.321524419740242E-001 
      2.88000000 -0.233309780639858E+005  0.325742462725936E-001 
      2.90000000 -0.233309776471839E+005  0.329910481778266E-001 
      2.92000000 -0.233309772356662E+005  0.334025658927627E-001 
      2.94000000 -0.233309768297168E+005  0.338085152693238E-001 
      2.96000000 -0.233309764296223E+005  0.342086097588165E-001 
      2.98000000 -0.233309760356711E+005  0.346025609780565E-001 
      3.00000000 -0.233309756481533E+005  0.349900788083633E-001 
      3.02000000 -0.233309752673602E+005  0.353708718936259E-001 
      3.04000000 -0.233309748935840E+005  0.357446481229005E-001 
      3.06000000 -0.233309745271170E+005  0.361111151161024E-001 
      3.08000000 -0.233309741682513E+005  0.364699807901301E-001 
      3.10000000 -0.233309738172781E+005  0.368209540023293E-001 
      3.12000000 -0.233309734744869E+005  0.371637452063310E-001 
      3.14000000 -0.233309731401648E+005  0.374980672254460E-001 
      3.16000000 -0.233309728145963E+005  0.378236357445427E-001 
      3.18000000 -0.233309724980618E+005  0.381401702350272E-001 
      3.20000000 -0.233309721908377E+005  0.384473943817566E-001 
      3.22000000 -0.233309718931954E+005  0.387450367141284E-001 
      3.24000000 -0.233309716054005E+005  0.390328315805570E-001 
      3.26000000 -0.233309713277119E+005  0.393105201600737E-001 
      3.28000000 -0.233309710603790E+005  0.395778530361814E-001 
      3.30000000 -0.233309708036370E+005  0.398345950413957E-001 
      3.32000000 -0.233309705576968E+005  0.400805353082743E-001 
      3.34000000 -0.233309703227276E+005  0.403155045161045E-001 
      3.36000000 -0.233309700988275E+005  0.405394046232657E-001 
      3.38000000 -0.233309698859776E+005  0.407522544881992E-001 
      3.40000000 -0.233309696839742E+005  0.409542579249934E-001 
      3.42000000 -0.233309694923333E+005  0.411458987473292E-001 
      3.44000000 -0.233309693101633E+005  0.413280687342641E-001 
      3.46000000 -0.233309691359995E+005  0.415022326137510E-001 
      3.48000000 -0.233309689675995E+005  0.416706325480323E-001 
      3.50000000 -0.233309688016995E+005  0.418365325571053E-001 
      3.52000000 -0.233309686337320E+005  0.420045001022249E-001 
      3.54000000 -0.233309684575137E+005  0.421807184040884E-001 
      3.56000000 -0.233309682649140E+005  0.423733181144328E-001 
      3.58000000 -0.233309680455182E+005  0.425927138754830E-001 
      3.60000000 -0.233309677863073E+005  0.428519248175518E-001 
      3.62000000 -0.233309674713761E+005  0.431668559383673E-001 
      3.64000000 -0.233309670817207E+005  0.435565113401950E-001 
      3.66000000 -0.233309665951221E+005  0.440431099914632E-001 
      3.68000000 -0.233309659861610E+005  0.446520711096153E-001 
      3.70000000 -0.233309652263935E+005  0.454118385295011E-001 
      3.72000000 -0.233309642847177E+005  0.463535143435085E-001 
      3.74000000 -0.233309631279548E+005  0.475102772566249E-001 
      3.76000000 -0.233309617216645E+005  0.489165675280724E-001 
      3.78000000 -0.233309600312024E+005  0.506070296766364E-001 
      3.80000000 -0.233309580230171E+005  0.526152150007295E-001 
      3.82000000 -0.233309556661720E+005  0.549720600802195E-001 
      3.84000000 -0.233309529340605E+005  0.577041715739764E-001 
      3.86000000 -0.233309498062671E+005  0.608319649325591E-001 
      3.88000000 -0.233309462705118E+005  0.643677203113314E-001 
      3.90000000 -0.233309423245954E+005  0.683136366459941E-001 
      3.92000000 -0.233309379782518E+005  0.726599802523410E-001 
      3.94000000 -0.233309332547943E+005  0.773834377845731E-001 
      3.96000000 -0.233309281924368E+005  0.824457952287146E-001 
      3.98000000 -0.233309228451605E+005  0.877930715836879E-001 
      4.00000000 -0.233309172829931E+005  0.933552389854648E-001 
      4.02000000 -0.233309115915729E+005  0.990466591364384E-001 
      4.04000000 -0.233309058708744E+005  0.104767357657783E+000 
      4.06000000 -0.233309002329881E+005  0.110405243999604E+000 
      4.08000000 -0.233308947988679E+005  0.115839364144629E+000 
      4.10000000 -0.233308896939864E+005  0.120944245721762E+000 
      4.12000000 -0.233308850428698E+005  0.125595362254895E+000 
      4.14000000 -0.233308809625276E+005  0.129675704485129E+000 
      4.16000000 -0.233308775548294E+005  0.133083402658208E+000 
      4.18000000 -0.233308748979357E+005  0.135740296417688E+000 
      4.20000000 -0.233308730369327E+005  0.137601299385275E+000 
      4.22000000 -0.233308719738774E+005  0.138664354694666E+000 
      4.24000000 -0.233308716575033E+005  0.138980728767751E+000 
      4.26000000 -0.233308719728884E+005  0.138665343670798E+000 
      4.28000000 -0.233308727314240E+005  0.137906808085159E+000 
      4.30000000 -0.233308736614614E+005  0.136976770722886E+000 
      4.32000000 -0.233308744000356E+005  0.136238196503394E+000 
      4.34000000 -0.233308744860827E+005  0.136152149361835E+000 
      4.36000000 -0.233308733555682E+005  0.137282663886248E+000 
      4.38000000 -0.233308703389332E+005  0.140299298851350E+000 
      4.40000000 -0.233308646612408E+005  0.145976991313105E+000 
      4.42000000 -0.233308554453621E+005  0.155192869993093E+000 
      4.44000000 -0.233308417184880E+005  0.168919744064487E+000 
      4.46000000 -0.233308224221789E+005  0.188216053165130E+000 
      4.48000000 -0.233307964260833E+005  0.214212148753932E+000 
      4.50000000 -0.233307625453555E+005  0.248092876583253E+000 
      4.52000000 -0.233307195616969E+005  0.291076535154897E+000 
      4.54000000 -0.233306662478284E+005  0.344390403672212E+000 
      4.56000000 -0.233306013950785E+005  0.409243153613121E+000 
      4.58000000 -0.233305238436503E+005  0.486794581810530E+000 
      4.60000000 -0.233304325150059E+005  0.578123226208677E+000 
      4.62000000 -0.233303264456908E+005  0.684192541250346E+000 
      4.64000000 -0.233302048218137E+005  0.805816418372533E+000 
      4.66000000 -0.233300670133016E+005  0.943624930511072E+000 
      4.68000000 -0.233299126069769E+005  0.109803125519596E+001 
      4.70000000 -0.233297414374456E+005  0.126920078646021E+001 
      4.72000000 -0.233295536147588E+005  0.145702347330857E+001 
      4.74000000 -0.233293495478073E+005  0.166109042481579E+001 
      4.76000000 -0.233291299624422E+005  0.188067578990550E+001 
      4.78000000 -0.233288959133733E+005  0.211472485875653E+001 
      4.80000000 -0.233286487889971E+005  0.236184923500798E+001 
      4.82000000 -0.233283903084324E+005  0.262032979964658E+001 
      4.84000000 -0.233281225102081E+005  0.288812802398329E+001 
      4.86000000 -0.233278477322316E+005  0.316290600049804E+001 
      4.88000000 -0.233275685828890E+005  0.344205534306686E+001 
      4.90000000 -0.233272879033601E+005  0.372273487202374E+001 
      4.92000000 -0.233270087214813E+005  0.400191675078650E+001 
      4.94000000 -0.233267341977484E+005  0.427644048365280E+001 
      4.96000000 -0.233264675643018E+005  0.454307393031621E+001 
      4.98000000 -0.233262120579838E+005  0.479858024831469E+001 
      5.00000000 -0.233259708487810E+005  0.503978945103943E+001 
      5.02000000 -0.233257469651594E+005  0.526367307269334E+001 
      5.04000000 -0.233255432179619E+005  0.546742027017571E+001 
      5.06000000 -0.233253621246558E+005  0.564851357626809E+001 
      5.08000000 -0.233252058357829E+005  0.580480244915138E+001 
      5.10000000 -0.233250760654861E+005  0.593457274595666E+001 
      5.12000000 -0.233249740279454E+005  0.603661028669120E+001 
      5.14000000 -0.233249003814681E+005  0.611025676393901E+001 
      5.16000000 -0.233248551818385E+005  0.615545639354310E+001 
      5.18000000 -0.233248378463458E+005  0.617279188629323E+001 
      5.20000000 -0.233248471296865E+005  0.616350854555522E+001 
      5.22000000 -0.233248811126860E+005  0.612952554605421E+001 
      5.24000000 -0.233249372045071E+005  0.607343372492812E+001 
      5.26000000 -0.233250121587337E+005  0.599847949841313E+001 
      5.28000000 -0.233251021034267E+005  0.590853480533055E+001 
      5.30000000 -0.233252025849743E+005  0.580805325778332E+001 
      5.32000000 -0.233253086252860E+005  0.570201294607143E+001 
      5.34000000 -0.233254147916384E+005  0.559584659363970E+001 
      5.36000000 -0.233255152782458E+005  0.549535998623286E+001 
      5.38000000 -0.233256039984268E+005  0.540663980526717E+001 
      5.40000000 -0.233256746860502E+005  0.533595218189920E+001 
      5.42000000 -0.233257210047758E+005  0.528963345622895E+001 
      5.44000000 -0.233257366634503E+005  0.527397478178955E+001 
      5.46000000 -0.233257155358738E+005  0.529510235825683E+001 
      5.48000000 -0.233256517830187E+005  0.535885521336579E+001 
      5.50000000 -0.233255399756452E+005  0.547066258686023E+001 
      5.52000000 -0.233253752151365E+005  0.563542309556261E+001 
      5.54000000 -0.233251532502551E+005  0.585738797699037E+001 
      5.56000000 -0.233248705874178E+005  0.614005081430834E+001 
      5.58000000 -0.233245245920042E+005  0.648604622786682E+001 
      5.60000000 -0.233241135781631E+005  0.689706006899045E+001 
      5.62000000 -0.233236368845739E+005  0.737375365816122E+001 
      5.64000000 -0.233230949336775E+005  0.791570455456178E+001 
      5.66000000 -0.233224892720130E+005  0.852136621911015E+001 
      5.68000000 -0.233218225895108E+005  0.918804872127204E+001 
      5.70000000 -0.233210987158981E+005  0.991192233394195E+001 
      5.72000000 -0.233203225927792E+005  0.106880454528766E+002 
      5.74000000 -0.233195002204660E+005  0.115104177660808E+002 
      5.76000000 -0.233186385792421E+005  0.123720589899526E+002 
      5.78000000 -0.233177455254409E+005  0.132651127912205E+002 
      5.80000000 -0.233168296634836E+005  0.141809747485014E+002 
      5.82000000 -0.233159001958394E+005  0.151104423927108E+002 
      5.84000000 -0.233149667536911E+005  0.160438845409440E+002 
      5.86000000 -0.233140392119020E+005  0.169714263300883E+002 
      5.88000000 -0.233131274926203E+005  0.178831456117882E+002 
      5.90000000 -0.233122413625096E+005  0.187692757225009E+002 
      5.92000000 -0.233113902290857E+005  0.196204091464149E+002 
      5.94000000 -0.233105829419765E+005  0.204276962556117E+002 
      5.96000000 -0.233098276050204E+005  0.211830332116331E+002 
      5.98000000 -0.233091314050043E+005  0.218792332277997E+002 
      6.00000000 -0.233085004624650E+005  0.225101757670322E+002 
      6.02000000 -0.233079397093629E+005  0.230709288692186E+002 
      6.04000000 -0.233074527975765E+005  0.235578406555917E+002 
      6.06000000 -0.233070420411135E+005  0.239685971185378E+002 
      6.08000000 -0.233067083937051E+005  0.243022445269473E+002 
      6.10000000 -0.233064514621208E+005  0.245591761112638E+002 
      6.12000000 -0.233062695541648E+005  0.247410840672298E+002 
      6.14000000 -0.233061597589654E+005  0.248508792667161E+002 
      6.16000000 -0.233061180559222E+005  0.248925823098372E+002 
      6.18000000 -0.233061394476009E+005  0.248711906311682E+002 
      6.20000000 -0.233062181110222E+005  0.247925272098579E+002 
      6.22000000 -0.233063475612422E+005  0.246630769899138E+002 
      6.24000000 -0.233065208208808E+005  0.244898173512514E+002 
      6.26000000 -0.233067305893594E+005  0.242800488726443E+002 
      6.28000000 -0.233069694060311E+005  0.240412322009703E+002 
      6.30000000 -0.233072298021130E+005  0.237808361190397E+002 
      6.32000000 -0.233075044372994E+005  0.235062009327146E+002 
      6.34000000 -0.233077862180832E+005  0.232244201488535E+002 
      6.36000000 -0.233080683960694E+005  0.229422421627246E+002 
      6.38000000 -0.233083446458210E+005  0.226659924111087E+002 
      6.40000000 -0.233086091229814E+005  0.224015152506428E+002 
      6.42000000 -0.233088565044487E+005  0.221541337834028E+002 
      6.44000000 -0.233090820132051E+005  0.219286250269639E+002 
      6.46000000 -0.233092814309600E+005  0.217292072720452E+002 
      6.48000000 -0.233094511020196E+005  0.215595362125083E+002 
      6.50000000 -0.233095879317616E+005  0.214227064705242E+002 
      6.52000000 -0.233096893827737E+005  0.213212554583527E+002 
      6.54000000 -0.233097534711558E+005  0.212571670762952E+002 
      6.56000000 -0.233097787647485E+005  0.212318734835816E+002 
      6.58000000 -0.233097643842044E+005  0.212462540276744E+002 
      6.60000000 -0.233097100069283E+005  0.213006313038007E+002 
      6.62000000 -0.233096158730720E+005  0.213947651600811E+002 
      6.64000000 -0.233094827920306E+005  0.215278462015177E+002 
      6.66000000 -0.233093121473150E+005  0.216984909170417E+002 
      6.68000000 -0.233091058973129E+005  0.219047409191869E+002 
      6.70000000 -0.233088665693128E+005  0.221440689192333E+002 
      6.72000000 -0.233085972442736E+005  0.224133939584889E+002 
      6.74000000 -0.233083015301430E+005  0.227091080890953E+002 
      6.76000000 -0.233079835220537E+005  0.230271161784122E+002 
      6.78000000 -0.233076477483995E+005  0.233628898325802E+002 
      6.80000000 -0.233072991025754E+005  0.237115356567058E+002 
      6.82000000 -0.233069427609952E+005  0.240678772368549E+002 
      6.84000000 -0.233065840888250E+005  0.244265494070467E+002 
      6.86000000 -0.233062285356350E+005  0.247821025970489E+002 
      6.88000000 -0.233058815238329E+005  0.251291143991850E+002 
      6.90000000 -0.233055483332586E+005  0.254623049734783E+002 
      6.92000000 -0.233052339856637E+005  0.257766525683437E+002 
      6.94000000 -0.233049431329582E+005  0.260675052738723E+002 
      6.96000000 -0.233046799530679E+005  0.263306851642268E+002 
      6.98000000 -0.233044480570271E+005  0.265625812049855E+002 
      7.00000000 -0.233042504105361E+005  0.267602276959707E+002 
      7.02000000 -0.233040892726711E+005  0.269213655609970E+002 
      7.04000000 -0.233039661537843E+005  0.270444844477788E+002 
      7.06000000 -0.233038817938938E+005  0.271288443382382E+002 
      7.08000000 -0.233038361620879E+005  0.271744761442185E+002 
      7.10000000 -0.233038284766868E+005  0.271821615453245E+002 
      7.12000000 -0.233038572451576E+005  0.271533930744861E+002 
      7.14000000 -0.233039203220892E+005  0.270903161428975E+002 
      7.16000000 -0.233040149829418E+005  0.269956552902272E+002 
      7.18000000 -0.233041380108036E+005  0.268726274284945E+002 
      7.20000000 -0.233042857930291E+005  0.267248452029401E+002 
      7.22000000 -0.233044544244208E+005  0.265562138112478E+002 
      7.24000000 -0.233046398135271E+005  0.263708247049712E+002 
      7.26000000 -0.233048377886903E+005  0.261728495417282E+002 
      7.28000000 -0.233050442006474E+005  0.259664375847128E+002 
      7.30000000 -0.233052550187751E+005  0.257556194569794E+002 
      7.32000000 -0.233054664184480E+005  0.255442197841250E+002 
      7.34000000 -0.233056748574192E+005  0.253357808128292E+002 
      7.36000000 -0.233058771396352E+005  0.251334985968894E+002 
      7.38000000 -0.233060704654056E+005  0.249401728264295E+002 
      7.40000000 -0.233062524673805E+005  0.247581708516119E+002 
      7.42000000 -0.233064212322834E+005  0.245894059486430E+002 
      7.44000000 -0.233065753088249E+005  0.244353294071841E+002 
      7.46000000 -0.233067137026312E+005  0.242969356008505E+002 
      7.48000000 -0.233068358593851E+005  0.241747788469912E+002 
      7.50000000 -0.233069416376526E+005  0.240690005794300E+002 
      7.52000000 -0.233070312730825E+005  0.239793651495724E+002 
      7.54000000 -0.233071053357904E+005  0.239053024416698E+002 
      7.56000000 -0.233071646827980E+005  0.238459554340744E+002 
      7.58000000 -0.233072104073785E+005  0.238002308536058E+002 
      7.60000000 -0.233072437870824E+005  0.237668511497122E+002 
      7.62000000 -0.233072662320827E+005  0.237444061493901E+002 
      7.64000000 -0.233072792353027E+005  0.237314029293403E+002 
      7.66000000 -0.233072843255797E+005  0.237263126524132E+002 
      7.68000000 -0.233072830248877E+005  0.237276133443914E+002 
      7.70000000 -0.233072768104064E+005  0.237338278256401E+002 
      7.72000000 -0.233072670819808E+005  0.237435562512368E+002 
      7.74000000 -0.233072551352921E+005  0.237555029399863E+002 
      7.76000000 -0.233072421408483E+005  0.237684973837395E+002 
      7.78000000 -0.233072291287174E+005  0.237815095146813E+002 
      7.80000000 -0.233072169787621E+005  0.237936594699871E+002 
      7.82000000 -0.233072064160090E+005  0.238042222230560E+002 
      7.84000000 -0.233071980106782E+005  0.238126275539229E+002 
      7.86000000 -0.233071921823271E+005  0.238184559049867E+002 
      7.88000000 -0.233071892075167E+005  0.238214307153475E+002 
      7.90000000 -0.233071892303798E+005  0.238214078523182E+002 
      7.92000000 -0.233071922754719E+005  0.238183627601571E+002 
      7.94000000 -0.233071982622973E+005  0.238123759347996E+002 
      7.96000000 -0.233072070209292E+005  0.238036173028539E+002 
      7.98000000 -0.233072183081857E+005  0.237923300463571E+002 
      8.00000000 -0.233072318238665E+005  0.237788143655529E+002 
      8.02000000 -0.233072472266127E+005  0.237634116193813E+002 
      8.04000000 -0.233072641490069E+005  0.237464892251636E+002 
      8.06000000 -0.233072822115938E+005  0.237284266383041E+002 
      8.08000000 -0.233073010355601E+005  0.237096026719992E+002 
      8.10000000 -0.233073202538771E+005  0.236903843549366E+002 
      8.12000000 -0.233073395207680E+005  0.236711174641041E+002 
      8.14000000 -0.233073585194193E+005  0.236521188127325E+002 
      8.16000000 -0.233073769679162E+005  0.236336703159012E+002 
      8.18000000 -0.233073946234247E+005  0.236160148073849E+002 
      8.20000000 -0.233074112846995E+005  0.235993535325458E+002 
      8.22000000 -0.233074267930293E+005  0.235838452027320E+002 
      8.24000000 -0.233074410317697E+005  0.235696064623431E+002 
      8.26000000 -0.233074539246401E+005  0.235567135919610E+002 
      8.28000000 -0.233074654329796E+005  0.235452052524357E+002 
      8.30000000 -0.233074755521705E+005  0.235350860615456E+002 
      8.32000000 -0.233074843074408E+005  0.235263307912933E+002 
      8.34000000 -0.233074917492569E+005  0.235188889752186E+002 
      8.36000000 -0.233074979485077E+005  0.235126897243514E+002 
      8.38000000 -0.233075029916672E+005  0.235076465648376E+002 
      8.40000000 -0.233075069761029E+005  0.235036621291901E+002 
      8.42000000 -0.233075100056752E+005  0.235006325568919E+002 
      8.44000000 -0.233075121867465E+005  0.234984514855395E+002 
      8.46000000 -0.233075136246897E+005  0.234970135423397E+002 
      8.48000000 -0.233075144209579E+005  0.234962172742088E+002 
      8.50000000 -0.233075146707491E+005  0.234959674829529E+002 
      8.52000000 -0.233075144612726E+005  0.234961769595235E+002 
      8.54000000 -0.233075138705967E+005  0.234967676353937E+002 
      8.56000000 -0.233075129670413E+005  0.234976711907744E+002 
      8.58000000 -0.233075118090544E+005  0.234988291776424E+002 
      8.60000000 -0.233075104455047E+005  0.235001927273759E+002 
      8.62000000 -0.233075089163084E+005  0.235017219236989E+002 
      8.64000000 -0.233075072533078E+005  0.235033849242850E+002 
      8.66000000 -0.233075054813168E+005  0.235051569152399E+002 
      8.68000000 -0.233075036192531E+005  0.235070189790072E+002 
      8.70000000 -0.233075016812834E+005  0.235089569486376E+002 
      8.72000000 -0.233074996779208E+005  0.235109603112526E+002 
      8.74000000 -0.233074976170196E+005  0.235130212124504E+002 
      8.76000000 -0.233074955046329E+005  0.235151335991480E+002 
      8.78000000 -0.233074933457061E+005  0.235172925259943E+002 
      8.80000000 -0.233074911445964E+005  0.235194936357120E+002 
      8.82000000 -0.233074889054188E+005  0.235217328132566E+002 
      8.84000000 -0.233074866322311E+005  0.235240060010256E+002 
      8.86000000 -0.233074843290774E+005  0.235263091546349E+002 
      8.88000000 -0.233074819999205E+005  0.235286383116155E+002 
      8.90000000 -0.233074796484914E+005  0.235309897406565E+002 
      8.92000000 -0.233074772781050E+005  0.235333601270341E+002 
      8.94000000 -0.233074748916113E+005  0.235357466207974E+002 
      8.96000000 -0.233074724914786E+005  0.235381467534272E+002 
      8.98000000 -0.233074700798136E+005  0.235405584184671E+002 
      9.00000000 -0.233074676583679E+005  0.235429798641362E+002 
      9.02000000 -0.233074652285465E+005  0.235454096855426E+002 
      9.04000000 -0.233074627914138E+005  0.235478468182732E+002 
      9.06000000 -0.233074603476999E+005  0.235502905322162E+002 
      9.08000000 -0.233074578978065E+005  0.235527404255283E+002 
      9.10000000 -0.233074554418152E+005  0.235551964169167E+002 
      9.12000000 -0.233074529794971E+005  0.235576587349501E+002 
      9.14000000 -0.233074505103299E+005  0.235601279021647E+002 
      9.16000000 -0.233074480335191E+005  0.235626047129782E+002 
      9.18000000 -0.233074455480291E+005  0.235650902030151E+002 
      9.20000000 -0.233074430526225E+005  0.235675856095943E+002 
      9.22000000 -0.233074405459097E+005  0.235700923223783E+002 
      9.24000000 -0.233074380264076E+005  0.235726118244987E+002 
      9.26000000 -0.233074354926071E+005  0.235751456249308E+002 
      9.28000000 -0.233074329430487E+005  0.235776951833291E+002 
      9.30000000 -0.233074303764025E+005  0.235802618295974E+002 
      9.32000000 -0.233074277915518E+005  0.235828466802568E+002 
      9.34000000 -0.233074251876772E+005  0.235854505548823E+002 
      9.36000000 -0.233074225643368E+005  0.235880738952274E+002 
      9.38000000 -0.233074199215417E+005  0.235907166903995E+002 
      9.40000000 -0.233074172598214E+005  0.235933784107196E+002 
      9.42000000 -0.233074145802790E+005  0.235960579531143E+002 
      9.44000000 -0.233074118846316E+005  0.235987536004601E+002 
      9.46000000 -0.233074091752365E+005  0.236014629955724E+002 
      9.48000000 -0.233074064551000E+005  0.236041831321261E+002 
      9.50000000 -0.233074037278704E+005  0.236069103616378E+002 
      9.52000000 -0.233074009978154E+005  0.236096404166705E+002 
      9.54000000 -0.233073982697832E+005  0.236123684488446E+002 
      9.56000000 -0.233073955491518E+005  0.236150890803241E+002 
      9.58000000 -0.233073928417654E+005  0.236177964666752E+002 
      9.60000000 -0.233073901538632E+005  0.236204843689217E+002 
      9.62000000 -0.233073874919997E+005  0.236231462323414E+002 
      9.64000000 -0.233073848629616E+005  0.236257752704538E+002 
      9.66000000 -0.233073822736803E+005  0.236283645517735E+002 
      9.68000000 -0.233073797311443E+005  0.236309070878092E+002 
      9.70000000 -0.233073772423103E+005  0.236333959217391E+002 
      9.72000000 -0.233073748140160E+005  0.236358242161160E+002 
      9.74000000 -0.233073724528926E+005  0.236381853394909E+002 
      9.76000000 -0.233073701652808E+005  0.236404729513069E+002 
      9.78000000 -0.233073679571467E+005  0.236426810853299E+002 
      9.80000000 -0.233073658340017E+005  0.236448042303288E+002 
      9.82000000 -0.233073638008236E+005  0.236468374085044E+002 
      9.84000000 -0.233073618619818E+005  0.236487762502728E+002 
      9.86000000 -0.233073600211669E+005  0.236506170651708E+002 
      9.88000000 -0.233073582813252E+005  0.236523569068515E+002 
      9.90000000 -0.233073566446006E+005  0.236539936315160E+002 
      9.92000000 -0.233073551122847E+005  0.236555259473797E+002 
      9.94000000 -0.233073536847778E+005  0.236569534542823E+002 
      9.96000000 -0.233073523615618E+005  0.236582766702988E+002 
      9.98000000 -0.233073511411869E+005  0.236594970452152E+002 
     10.00000000 -0.233073500212744E+005  0.236606169576762E+002 
     10.02000000 -0.233073489985356E+005  0.236616396965246E+002 
     10.04000000 -0.233073480688076E+005  0.236625694245230E+002 
     10.06000000 -0.233073472271070E+005  0.236634111250549E+002 
     10.08000000 -0.233073464677002E+005  0.236641705319215E+002 
     10.10000000 -0.233073457841879E+005  0.236648540441423E+002 
     10.12000000 -0.233073451696053E+005  0.236654686267712E+002 
     10.14000000 -0.233073446165315E+005  0.236660217006142E+002 
     10.16000000 -0.233073441172088E+005  0.236665210232872E+002 
     10.18000000 -0.233073436636673E+005  0.236669745647367E+002 
     10.20000000 -0.233073432478522E+005  0.236673903799025E+002 
     10.22000000 -0.233073428617499E+005  0.236677764822020E+002 
     10.24000000 -0.233073424975123E+005  0.236681407197847E+002 
     10.26000000 -0.233073421475737E+005  0.236684906583348E+002 
     10.28000000 -0.233073418047602E+005  0.236688334719208E+002 
     10.30000000 -0.233073414623874E+005  0.236691758446475E+002 
     10.32000000 -0.233073411143476E+005  0.236695238845244E+002 
     10.34000000 -0.233073407551804E+005  0.236698830516953E+002 
     10.36000000 -0.233073403801305E+005  0.236702581016180E+002 
     10.38000000 -0.233073399851872E+005  0.236706530449132E+002 
     10.40000000 -0.233073395671083E+005  0.236710711237632E+002 
     10.42000000 -0.233073391234264E+005  0.236715148056324E+002 
     10.44000000 -0.233073386524386E+005  0.236719857934386E+002 
     10.46000000 -0.233073381531798E+005  0.236724850522478E+002 
     10.48000000 -0.233073376253818E+005  0.236730128503163E+002 
     10.50000000 -0.233073370694190E+005  0.236735688130955E+002 
     10.52000000 -0.233073364862441E+005  0.236741519879434E+002 
     10.54000000 -0.233073358773152E+005  0.236747609168605E+002 
     10.56000000 -0.233073352445178E+005  0.236753937142656E+002 
     10.58000000 -0.233073345900851E+005  0.236760481469495E+002 
     10.60000000 -0.233073339165186E+005  0.236767217134894E+002 
     10.62000000 -0.233073332265121E+005  0.236774117199714E+002 
     10.64000000 -0.233073325228816E+005  0.236781153504955E+002 
     10.66000000 -0.233073318085019E+005  0.236788297301361E+002 
     10.68000000 -0.233073310862525E+005  0.236795519795534E+002 
     10.70000000 -0.233073303589718E+005  0.236802792602270E+002 
     10.72000000 -0.233073296294212E+005  0.236810088108680E+002 
     10.74000000 -0.233073289002572E+005  0.236817379748738E+002 
     10.76000000 -0.233073281740120E+005  0.236824642200533E+002 
     10.78000000 -0.233073274530803E+005  0.236831851517679E+002 
     10.80000000 -0.233073267397117E+005  0.236838985203876E+002 
     10.82000000 -0.233073260360070E+005  0.236846022251265E+002 
     10.84000000 -0.233073253439171E+005  0.236852943150239E+002 
     10.86000000 -0.233073246652439E+005  0.236859729881426E+002 
     10.88000000 -0.233073240016414E+005  0.236866365906321E+002 
     10.90000000 -0.233073233546165E+005  0.236872836155588E+002 
     10.92000000 -0.233073227255297E+005  0.236879127023676E+002 
     10.94000000 -0.233073221155950E+005  0.236885226370714E+002 
     10.96000000 -0.233073215258790E+005  0.236891123531193E+002 
     10.98000000 -0.233073209572996E+005  0.236896809325267E+002 
     11.00000000 -0.233073204106249E+005  0.236902276071741E+002 
     11.02000000 -0.233073198864722E+005  0.236907517599145E+002 
     11.04000000 -0.233073193853077E+005  0.236912529244007E+002 
     11.06000000 -0.233073189074479E+005  0.236917307841413E+002 
     11.08000000 -0.233073184530622E+005  0.236921851698310E+002 
     11.10000000 -0.233073180221773E+005  0.236926160547907E+002 
     11.12000000 -0.233073176146833E+005  0.236930235488054E+002 
     11.14000000 -0.233073172303420E+005  0.236934078901051E+002 
     11.16000000 -0.233073168687966E+005  0.236937694354907E+002 
     11.18000000 -0.233073165295829E+005  0.236941086492026E+002 
     11.20000000 -0.233073162121413E+005  0.236944260907451E+002 
     11.22000000 -0.233073159158303E+005  0.236947224017786E+002 
     11.24000000 -0.233073156399392E+005  0.236949982928696E+002 
     11.26000000 -0.233073153837020E+005  0.236952545300898E+002 
     11.28000000 -0.233073151463098E+005  0.236954919223165E+002 
     11.30000000 -0.233073149269232E+005  0.236957113088649E+002 
     11.32000000 -0.233073147246836E+005  0.236959135484746E+002 
     11.34000000 -0.233073145387228E+005  0.236960995092464E+002 
     11.36000000 -0.233073143681719E+005  0.236962700601690E+002 
     11.38000000 -0.233073142121681E+005  0.236964260640162E+002 
     11.40000000 -0.233073140698606E+005  0.236965683714625E+002 
     11.42000000 -0.233073139404151E+005  0.236966978169477E+002 
     11.44000000 -0.233073138230164E+005  0.236968152156446E+002 
     11.46000000 -0.233073137168708E+005  0.236969213612658E+002 
     11.48000000 -0.233073136212068E+005  0.236970170252626E+002 
     11.50000000 -0.233073135352762E+005  0.236971029558723E+002 
     11.52000000 -0.233073134583539E+005  0.236971798781980E+002 
     11.54000000 -0.233073133897383E+005  0.236972484938073E+002 
     11.56000000 -0.233073133287516E+005  0.236973094805028E+002 
     11.58000000 -0.233073132747407E+005  0.236973634914249E+002 
     11.60000000 -0.233073132270782E+005  0.236974111538892E+002 
     11.62000000 -0.233073131851643E+005  0.236974530677586E+002 
     11.64000000 -0.233073131484290E+005  0.236974898030987E+002 
     11.66000000 -0.233073131163345E+005  0.236975218975733E+002 
     11.68000000 -0.233073130883783E+005  0.236975498538265E+002 
     11.70000000 -0.233073130640954E+005  0.236975741367053E+002 
     11.72000000 -0.233073130430610E+005  0.236975951710474E+002 
     11.74000000 -0.233073130248922E+005  0.236976133398532E+002 
     11.76000000 -0.233073130092485E+005  0.236976289835798E+002 
     11.78000000 -0.233073129958315E+005  0.236976424005348E+002 
     11.80000000 -0.233073129843837E+005  0.236976538483913E+002 
     11.82000000 -0.233073129746850E+005  0.236976635470964E+002 
     11.84000000 -0.233073129665489E+005  0.236976716831495E+002 
     11.86000000 -0.233073129598171E+005  0.236976784149696E+002 
     11.88000000 -0.233073129543528E+005  0.236976838793174E+002 
     11.90000000 -0.233073129500336E+005  0.236976881984604E+002 
     11.92000000 -0.233073129467445E+005  0.236976914876188E+002 
     11.94000000 -0.233073129443694E+005  0.236976938626470E+002 
     11.96000000 -0.233073129427847E+005  0.236976954473346E+002 
     11.98000000 -0.233073129418521E+005  0.236976963799829E+002 
     12.00000000 -0.233073129414129E+005  0.236976968191408E+002 
     12.02000000 -0.233073129411753E+005  0.236976970567429E+002 
     12.04000000 -0.233073129409359E+005  0.236976972961981E+002 
     12.06000000 -0.233073129406945E+005  0.236976975375280E+002 
     12.08000000 -0.233073129404522E+005  0.236976977798354E+002 
     12.10000000 -0.233073129402099E+005  0.236976980221398E+002 
     12.12000000 -0.233073129399685E+005  0.236976982635563E+002 
     12.14000000 -0.233073129397288E+005  0.236976985032497E+002 
     12.16000000 -0.233073129394914E+005  0.236976987406415E+002 
     12.18000000 -0.233073129392567E+005  0.236976989753882E+002 
     12.20000000 -0.233073129390247E+005  0.236976992073724E+002 
     12.22000000 -0.233073129387954E+005  0.236976994366745E+002 
     12.24000000 -0.233073129385685E+005  0.236976996635264E+002 
     12.26000000 -0.233073129383439E+005  0.236976998882191E+002 
     12.28000000 -0.233073129381209E+005  0.236977001111917E+002 
     12.30000000 -0.233073129378992E+005  0.236977003328464E+002 
     12.32000000 -0.233073129376785E+005  0.236977005535514E+002 
     12.34000000 -0.233073129374584E+005  0.236977007736872E+002 
     12.36000000 -0.233073129372386E+005  0.236977009935229E+002 
     12.38000000 -0.233073129370187E+005  0.236977012133587E+002 
     12.40000000 -0.233073129367987E+005  0.236977014334233E+002 
     12.42000000 -0.233073129365781E+005  0.236977016539303E+002 
     12.44000000 -0.233073129363571E+005  0.236977018749695E+002 
     12.46000000 -0.233073129361354E+005  0.236977020967015E+002 
     12.48000000 -0.233073129359129E+005  0.236977023191328E+002 
     12.50000000 -0.233073129356898E+005  0.236977025423157E+002 
     12.52000000 -0.233073129354660E+005  0.236977027661050E+002 
     12.54000000 -0.233073129352417E+005  0.236977029903708E+002 
     12.56000000 -0.233073129350172E+005  0.236977032148809E+002 
     12.58000000 -0.233073129347928E+005  0.236977034392425E+002 
     12.60000000 -0.233073129345689E+005  0.236977036631772E+002 
     12.62000000 -0.233073129343460E+005  0.236977038861158E+002 
     12.64000000 -0.233073129341244E+005  0.236977041076839E+002 
     12.66000000 -0.233073129339047E+005  0.236977043273804E+002 
     12.68000000 -0.233073129336873E+005  0.236977045447939E+002 
     12.70000000 -0.233073129334725E+005  0.236977047595314E+002 
     12.72000000 -0.233073129332607E+005  0.236977049713795E+002 
     12.74000000 -0.233073129330519E+005  0.236977051801835E+002 
     12.76000000 -0.233073129328461E+005  0.236977053859373E+002 
     12.78000000 -0.233073129326433E+005  0.236977055887954E+002 
     12.80000000 -0.233073129324431E+005  0.236977057889993E+002 
     12.82000000 -0.233073129322451E+005  0.236977059869325E+002 
     12.84000000 -0.233073129320490E+005  0.236977061830653E+002 
     12.86000000 -0.233073129318542E+005  0.236977063779018E+002 
     12.88000000 -0.233073129316602E+005  0.236977065719216E+002 
     12.90000000 -0.233073129314664E+005  0.236977067656321E+002 
     12.92000000 -0.233073129312727E+005  0.236977069593611E+002 
     12.94000000 -0.233073129310786E+005  0.236977071534304E+002 
     12.96000000 -0.233073129308841E+005  0.236977073479700E+002 
     12.98000000 -0.233073129306890E+005  0.236977075430509E+002 
     13.00000000 -0.233073129304935E+005  0.236977077385495E+002 
     13.02000000 -0.233073129302977E+005  0.236977079343543E+002 
     13.04000000 -0.233073129301018E+005  0.236977081302303E+002 
     13.06000000 -0.233073129299061E+005  0.236977083260165E+002 
     13.08000000 -0.233073129297107E+005  0.236977085213975E+002 
     13.10000000 -0.233073129295158E+005  0.236977087162619E+002 
     13.12000000 -0.233073129293217E+005  0.236977089103683E+002 
     13.14000000 -0.233073129291285E+005  0.236977091036179E+002 
     13.16000000 -0.233073129289362E+005  0.236977092958898E+002 
     13.18000000 -0.233073129287450E+005  0.236977094870543E+002 
     13.20000000 -0.233073129285550E+005  0.236977096770741E+002 
     13.22000000 -0.233073129283662E+005  0.236977098658256E+002 
     13.24000000 -0.233073129281789E+005  0.236977100532220E+002 
     13.26000000 -0.233073129279929E+005  0.236977102391862E+002 
     13.28000000 -0.233073129278084E+005  0.236977104236623E+002 
     13.30000000 -0.233073129276254E+005  0.236977106066443E+002 
     13.32000000 -0.233073129274439E+005  0.236977107882063E+002 
     13.34000000 -0.233073129272637E+005  0.236977109683700E+002 
     13.36000000 -0.233073129270848E+005  0.236977111473148E+002 
     13.38000000 -0.233073129269069E+005  0.236977113252202E+002 
     13.40000000 -0.233073129267299E+005  0.236977115022253E+002 
     13.42000000 -0.233073129265535E+005  0.236977116785901E+002 
     13.44000000 -0.233073129263777E+005  0.236977118543950E+002 
     13.46000000 -0.233073129262023E+005  0.236977120297853E+002 
     13.48000000 -0.233073129260272E+005  0.236977122048353E+002 
     13.50000000 -0.233073129258525E+005  0.236977123795729E+002 
     13.52000000 -0.233073129256781E+005  0.236977125540011E+002 
     13.54000000 -0.233073129255039E+005  0.236977127281632E+002 
     13.56000000 -0.233073129253299E+005  0.236977129021738E+002 
     13.58000000 -0.233073129251560E+005  0.236977130760792E+002 
     13.60000000 -0.233073129249819E+005  0.236977132501795E+002 
     13.62000000 -0.233073129248075E+005  0.236977134246077E+002 
     13.64000000 -0.233073129246325E+005  0.236977135996237E+002 
     13.66000000 -0.233073129244566E+005  0.236977137754285E+002 
     13.68000000 -0.233073129242799E+005  0.236977139521615E+002 
     13.70000000 -0.233073129241022E+005  0.236977141298379E+002 
     13.72000000 -0.233073129239237E+005  0.236977143083435E+002 
     13.74000000 -0.233073129237446E+005  0.236977144874801E+002 
     13.76000000 -0.233073129235652E+005  0.236977146668766E+002 
     13.78000000 -0.233073129233859E+005  0.236977148461865E+002 
     13.80000000 -0.233073129232071E+005  0.236977150249704E+002 
     13.82000000 -0.233073129230292E+005  0.236977152029253E+002 
     13.84000000 -0.233073129228523E+005  0.236977153798191E+002 
     13.86000000 -0.233073129226766E+005  0.236977155555064E+002 
     13.88000000 -0.233073129225020E+005  0.236977157300460E+002 
     13.90000000 -0.233073129223285E+005  0.236977159036203E+002 
     13.92000000 -0.233073129221556E+005  0.236977160764801E+002 
     13.94000000 -0.233073129219830E+005  0.236977162490336E+002 
     13.96000000 -0.233073129218105E+005  0.236977164215995E+002 
     13.98000000 -0.233073129216376E+005  0.236977165944778E+002 
     14.00000000 -0.233073129214642E+005  0.236977167678511E+002 
     14.02000000 -0.233073129212903E+005  0.236977169417441E+002 
     14.04000000 -0.233073129211160E+005  0.236977171160269E+002 
     14.06000000 -0.233073129209416E+005  0.236977172904335E+002 
     14.08000000 -0.233073129207675E+005  0.236977174645461E+002 
     14.10000000 -0.233073129205942E+005  0.236977176378668E+002 
     14.12000000 -0.233073129204221E+005  0.236977178099996E+002 
     14.14000000 -0.233073129202516E+005  0.236977179804928E+002 
     14.16000000 -0.233073129200830E+005  0.236977181490803E+002 
     14.18000000 -0.233073129199164E+005  0.236977183156632E+002 
     14.20000000 -0.233073129197518E+005  0.236977184802910E+002 
     14.22000000 -0.233073129195888E+005  0.236977186432327E+002 
     14.24000000 -0.233073129194272E+005  0.236977188049061E+002 
     14.26000000 -0.233073129192662E+005  0.236977189658278E+002 
     14.28000000 -0.233073129191055E+005  0.236977191265979E+002 
     14.30000000 -0.233073129189443E+005  0.236977192877422E+002 
     14.32000000 -0.233073129187822E+005  0.236977194498518E+002 
     14.34000000 -0.233073129186188E+005  0.236977196132886E+002 
     14.36000000 -0.233073129184538E+005  0.236977197783216E+002 
     14.38000000 -0.233073129182870E+005  0.236977199450561E+002 
     14.40000000 -0.233073129181187E+005  0.236977201133404E+002 
     14.42000000 -0.233073129179492E+005  0.236977202828746E+002 
     14.44000000 -0.233073129177789E+005  0.236977204531760E+002 
     14.46000000 -0.233073129176084E+005  0.236977206237248E+002 
     14.48000000 -0.233073129174382E+005  0.236977207938715E+002 
     14.50000000 -0.233073129172691E+005  0.236977209629355E+002 
     14.52000000 -0.233073129171017E+005  0.236977211303939E+002 
     14.54000000 -0.233073129169363E+005  0.236977212957919E+002 
     14.56000000 -0.233073129167733E+005  0.236977214588079E+002 
     14.58000000 -0.233073129166127E+005  0.236977216193336E+002 
     14.60000000 -0.233073129164547E+005  0.236977217773968E+002 
     14.62000000 -0.233073129162989E+005  0.236977219331553E+002 
     14.64000000 -0.233073129161452E+005  0.236977220869122E+002 
     14.66000000 -0.233073129159930E+005  0.236977222390357E+002 
     14.68000000 -0.233073129158422E+005  0.236977223899218E+002 
     14.70000000 -0.233073129156921E+005  0.236977225399417E+002 
     14.72000000 -0.233073129155427E+005  0.236977226893738E+002 
     14.74000000 -0.233073129153936E+005  0.236977228384656E+002 
     14.76000000 -0.233073129152448E+005  0.236977229873223E+002 
     14.78000000 -0.233073129150960E+005  0.236977231360429E+002 
     14.80000000 -0.233073129149475E+005  0.236977232845531E+002 
     14.82000000 -0.233073129147993E+005  0.236977234328221E+002 
     14.84000000 -0.233073129146513E+005  0.236977235807631E+002 
     14.86000000 -0.233073129145038E+005  0.236977237283019E+002 
     14.88000000 -0.233073129143566E+005  0.236977238754571E+002 
     14.90000000 -0.233073129142099E+005  0.236977240221669E+002 
     14.92000000 -0.233073129140636E+005  0.236977241685271E+002 
     14.94000000 -0.233073129139175E+005  0.236977243145717E+002 
     14.96000000 -0.233073129137716E+005  0.236977244604400E+002 
     14.98000000 -0.233073129136259E+005  0.236977246062217E+002 
     15.00000000 -0.233073129134800E+005  0.236977247520344E+002 
     15.02000000 -0.233073129133341E+005  0.236977248980264E+002 
     15.04000000 -0.233073129131878E+005  0.236977250443216E+002 
     15.06000000 -0.233073129130410E+005  0.236977251910933E+002 
     15.08000000 -0.233073129128936E+005  0.236977253385269E+002 
     15.10000000 -0.233073129127452E+005  0.236977254868515E+002 
     15.12000000 -0.233073129125958E+005  0.236977256362465E+002 
     15.14000000 -0.233073129124451E+005  0.236977257869377E+002 
     15.16000000 -0.233073129122930E+005  0.236977259390427E+002 
     15.18000000 -0.233073129121394E+005  0.236977260927037E+002 
     15.20000000 -0.233073129119842E+005  0.236977262479146E+002 
     15.22000000 -0.233073129118275E+005  0.236977264045733E+002 
     15.24000000 -0.233073129116696E+005  0.236977265624509E+002 
     15.26000000 -0.233073129115108E+005  0.236977267212256E+002 
     15.28000000 -0.233073129113516E+005  0.236977268804427E+002 
     15.30000000 -0.233073129111924E+005  0.236977270396598E+002 
     15.32000000 -0.233073129110337E+005  0.236977271983850E+002 
     15.34000000 -0.233073129108759E+005  0.236977273561698E+002 
     15.36000000 -0.233073129107194E+005  0.236977275126862E+002 
     15.38000000 -0.233073129105643E+005  0.236977276677486E+002 
     15.40000000 -0.233073129104108E+005  0.236977278212828E+002 
     15.42000000 -0.233073129102586E+005  0.236977279734806E+002 
     15.44000000 -0.233073129101075E+005  0.236977281245770E+002 
     15.46000000 -0.233073129099571E+005  0.236977282749434E+002 
     15.48000000 -0.233073129098070E+005  0.236977284250623E+002 
     15.50000000 -0.233073129096568E+005  0.236977285753204E+002 
     15.52000000 -0.233073129095059E+005  0.236977287261353E+002 
     15.54000000 -0.233073129093543E+005  0.236977288777886E+002 
     15.56000000 -0.233073129092016E+005  0.236977290304288E+002 
     15.58000000 -0.233073129090480E+005  0.236977291840589E+002 
     15.60000000 -0.233073129088935E+005  0.236977293386201E+002 
     15.62000000 -0.233073129087383E+005  0.236977294938001E+002 
     15.64000000 -0.233073129085828E+005  0.236977296492956E+002 
     15.66000000 -0.233073129084273E+005  0.236977298047818E+002 
     15.68000000 -0.233073129082722E+005  0.236977299599030E+002 
     15.70000000 -0.233073129081177E+005  0.236977301143282E+002 
     15.72000000 -0.233073129079642E+005  0.236977302678748E+002 
     15.74000000 -0.233073129078117E+005  0.236977304204221E+002 
     15.76000000 -0.233073129076602E+005  0.236977305719114E+002 
     15.78000000 -0.233073129075096E+005  0.236977307224944E+002 
     15.80000000 -0.233073129073597E+005  0.236977308723565E+002 
     15.82000000 -0.233073129072104E+005  0.236977310216803E+002 
     15.84000000 -0.233073129070614E+005  0.236977311707072E+002 
     15.86000000 -0.233073129069123E+005  0.236977313197278E+002 
     15.88000000 -0.233073129067632E+005  0.236977314688413E+002 
     15.90000000 -0.233073129066139E+005  0.236977316181930E+002 
     15.92000000 -0.233073129064643E+005  0.236977317678169E+002 
     15.94000000 -0.233073129063143E+005  0.236977319177347E+002 
     15.96000000 -0.233073129061642E+005  0.236977320678474E+002 
     15.98000000 -0.233073129060140E+005  0.236977322180745E+002 
     16.00000000 -0.233073129058637E+005  0.236977323683265E+002 
     16.02000000 -0.233073129057136E+005  0.236977325184825E+002 
     16.04000000 -0.233073129055635E+005  0.236977326685302E+002 
     16.06000000 -0.233073129054137E+005  0.236977328184078E+002 
     16.08000000 -0.233073129052640E+005  0.236977329680967E+002 
     16.10000000 -0.233073129051145E+005  0.236977331175906E+002 
     16.12000000 -0.233073129049652E+005  0.236977332669114E+002 
     16.14000000 -0.233073129048161E+005  0.236977334159661E+002 
     16.16000000 -0.233073129046673E+005  0.236977335647857E+002 
     16.18000000 -0.233073129045188E+005  0.236977337133144E+002 
     16.20000000 -0.233073129043705E+005  0.236977338615586E+002 
     16.22000000 -0.233073129042226E+005  0.236977340094316E+002 
     16.24000000 -0.233073129040751E+005  0.236977341569704E+002 
     16.26000000 -0.233073129039278E+005  0.236977343042618E+002 
     16.28000000 -0.233073129037807E+005  0.236977344513799E+002 
     16.30000000 -0.233073129036335E+005  0.236977345985444E+002 
     16.32000000 -0.233073129034862E+005  0.236977347458760E+002 
     16.34000000 -0.233073129033385E+005  0.236977348936035E+002 
     16.36000000 -0.233073129031901E+005  0.236977350419281E+002 
     16.38000000 -0.233073129030411E+005  0.236977351909550E+002 
     16.40000000 -0.233073129028913E+005  0.236977353407274E+002 
     16.42000000 -0.233073129027409E+005  0.236977354912237E+002 
     16.44000000 -0.233073129025898E+005  0.236977356422830E+002 
     16.46000000 -0.233073129024383E+005  0.236977357937600E+002 
     16.48000000 -0.233073129022867E+005  0.236977359453854E+002 
     16.50000000 -0.233073129021352E+005  0.236977360969212E+002 
     16.52000000 -0.233073129019838E+005  0.236977362482527E+002 
     16.54000000 -0.233073129018329E+005  0.236977363991790E+002 
     16.56000000 -0.233073129016823E+005  0.236977365497465E+002 
     16.58000000 -0.233073129015321E+005  0.236977366999891E+002 
     16.60000000 -0.233073129013821E+005  0.236977368500214E+002 
     16.62000000 -0.233073129012320E+005  0.236977370000351E+002 
     16.64000000 -0.233073129010819E+005  0.236977371501292E+002 
     16.66000000 -0.233073129009316E+005  0.236977373004461E+002 
     16.68000000 -0.233073129007811E+005  0.236977374509888E+002 
     16.70000000 -0.233073129006304E+005  0.236977376017048E+002 
     16.72000000 -0.233073129004796E+005  0.236977377524547E+002 
     16.74000000 -0.233073129003290E+005  0.236977379030871E+002 
     16.76000000 -0.233073129001786E+005  0.236977380534319E+002 
     16.78000000 -0.233073129000288E+005  0.236977382032940E+002 
     16.80000000 -0.233073128998795E+005  0.236977383526147E+002 
     16.82000000 -0.233073128997307E+005  0.236977385013786E+002 
     16.84000000 -0.233073128995823E+005  0.236977386497465E+002 
     16.86000000 -0.233073128994342E+005  0.236977387978670E+002 
     16.88000000 -0.233073128992861E+005  0.236977389459750E+002 
     16.90000000 -0.233073128991378E+005  0.236977390943244E+002 
     16.92000000 -0.233073128989890E+005  0.236977392431161E+002 
     16.94000000 -0.233073128988395E+005  0.236977393925637E+002 
     16.96000000 -0.233073128986893E+005  0.236977395427321E+002 
     16.98000000 -0.233073128985385E+005  0.236977396935842E+002 
     17.00000000 -0.233073128983869E+005  0.236977398451725E+002 
     17.02000000 -0.233073128982346E+005  0.236977399974569E+002 
     17.04000000 -0.233073128980817E+005  0.236977401504157E+002 
     17.06000000 -0.233073128979280E+005  0.236977403040488E+002 
     17.08000000 -0.233073128977736E+005  0.236977404584492E+002 
     17.10000000 -0.233073128976184E+005  0.236977406137158E+002 
     17.12000000 -0.233073128974621E+005  0.236977407699353E+002 
     17.14000000 -0.233073128973049E+005  0.236977409271694E+002 
     17.16000000 -0.233073128971466E+005  0.236977410854739E+002 
     17.18000000 -0.233073128969874E+005  0.236977412447095E+002 
     17.20000000 -0.233073128968273E+005  0.236977414047650E+002 
     17.22000000 -0.233073128966667E+005  0.236977415653309E+002 
     17.24000000 -0.233073128965060E+005  0.236977417260855E+002 
     17.26000000 -0.233073128963455E+005  0.236977418866111E+002 
     17.28000000 -0.233073128961856E+005  0.236977420464500E+002 
     17.30000000 -0.233073128960269E+005  0.236977422051752E+002 
     17.32000000 -0.233073128958697E+005  0.236977423623599E+002 
     17.34000000 -0.233073128957144E+005  0.236977425177193E+002 
     17.36000000 -0.233073128955610E+005  0.236977426710616E+002 
     17.38000000 -0.233073128954097E+005  0.236977428223870E+002 
     17.40000000 -0.233073128952603E+005  0.236977429717944E+002 
     17.42000000 -0.233073128951124E+005  0.236977431196797E+002 
     17.44000000 -0.233073128949656E+005  0.236977432664885E+002 
     17.46000000 -0.233073128948192E+005  0.236977434128765E+002 
     17.48000000 -0.233073128946726E+005  0.236977435594440E+002 
     17.50000000 -0.233073128945251E+005  0.236977437069271E+002 
     17.52000000 -0.233073128943762E+005  0.236977438558704E+002 
     17.54000000 -0.233073128942253E+005  0.236977440067380E+002 
     17.56000000 -0.233073128940723E+005  0.236977441598174E+002 
     17.58000000 -0.233073128939169E+005  0.236977443151861E+002 
     17.60000000 -0.233073128937594E+005  0.236977444727110E+002 
     17.62000000 -0.233073128936000E+005  0.236977446321106E+002 
     17.64000000 -0.233073128934391E+005  0.236977447929518E+002 
     17.66000000 -0.233073128932773E+005  0.236977449547582E+002 
     17.68000000 -0.233073128931151E+005  0.236977451169730E+002 
     17.70000000 -0.233073128929529E+005  0.236977452791507E+002 
     17.72000000 -0.233073128927913E+005  0.236977454407715E+002 
     17.74000000 -0.233073128926306E+005  0.236977456015106E+002 
     17.76000000 -0.233073128924709E+005  0.236977457611298E+002 
     17.78000000 -0.233073128923126E+005  0.236977459194900E+002 
     17.80000000 -0.233073128921554E+005  0.236977460766375E+002 
     17.82000000 -0.233073128919994E+005  0.236977462326961E+002 
     17.84000000 -0.233073128918442E+005  0.236977463879070E+002 
     17.86000000 -0.233073128916895E+005  0.236977465425610E+002 
     17.88000000 -0.233073128915350E+005  0.236977466970975E+002 
     17.90000000 -0.233073128913803E+005  0.236977468518197E+002 
     17.92000000 -0.233073128912250E+005  0.236977470070863E+002 
     17.94000000 -0.233073128910689E+005  0.236977471631324E+002 
     17.96000000 -0.233073128909119E+005  0.236977473201748E+002 
     17.98000000 -0.233073128907539E+005  0.236977474781513E+002 
     18.00000000 -0.233073128905951E+005  0.236977476369817E+002 
     18.02000000 -0.233073128904357E+005  0.236977477963999E+002 
     18.04000000 -0.233073128902761E+005  0.236977479560161E+002 
     18.06000000 -0.233073128901167E+005  0.236977481154157E+002 
     18.08000000 -0.233073128899580E+005  0.236977482740821E+002 
     18.10000000 -0.233073128898004E+005  0.236977484316318E+002 
     18.12000000 -0.233073128896443E+005  0.236977485877924E+002 
     18.14000000 -0.233073128894897E+005  0.236977487423722E+002 
     18.16000000 -0.233073128893366E+005  0.236977488954702E+002 
     18.18000000 -0.233073128891848E+005  0.236977490473184E+002 
     18.20000000 -0.233073128890336E+005  0.236977491984272E+002 
     18.22000000 -0.233073128888828E+005  0.236977493493071E+002 
     18.24000000 -0.233073128887314E+005  0.236977495006573E+002 
     18.26000000 -0.233073128885789E+005  0.236977496531273E+002 
     18.28000000 -0.233073128884248E+005  0.236977498072554E+002 
     18.30000000 -0.233073128882686E+005  0.236977499635243E+002 
     18.32000000 -0.233073128881100E+005  0.236977501220887E+002 
     18.34000000 -0.233073128879491E+005  0.236977502829856E+002 
     18.36000000 -0.233073128877859E+005  0.236977504461315E+002 
     18.38000000 -0.233073128876209E+005  0.236977506111398E+002 
     18.40000000 -0.233073128874545E+005  0.236977507775773E+002 
     18.42000000 -0.233073128872871E+005  0.236977509449645E+002 
     18.44000000 -0.233073128871193E+005  0.236977511127385E+002 
     18.46000000 -0.233073128869517E+005  0.236977512804103E+002 
     18.48000000 -0.233073128867846E+005  0.236977514474943E+002 
     18.50000000 -0.233073128866185E+005  0.236977516135637E+002 
     18.52000000 -0.233073128864537E+005  0.236977517783771E+002 
     18.54000000 -0.233073128862904E+005  0.236977519416932E+002 
     18.56000000 -0.233073128861286E+005  0.236977521034563E+002 
     18.58000000 -0.233073128859684E+005  0.236977522636386E+002 
     18.60000000 -0.233073128858097E+005  0.236977524224102E+002 
     18.62000000 -0.233073128856521E+005  0.236977525799351E+002 
     18.64000000 -0.233073128854956E+005  0.236977527365134E+002 
     18.66000000 -0.233073128853396E+005  0.236977528925007E+002 
     18.68000000 -0.233073128851839E+005  0.236977530481386E+002 
     18.70000000 -0.233073128850282E+005  0.236977532038723E+002 
     18.72000000 -0.233073128848722E+005  0.236977533598628E+002 
     18.74000000 -0.233073128847157E+005  0.236977535163513E+002 
     18.76000000 -0.233073128845587E+005  0.236977536734153E+002 
     18.78000000 -0.233073128844010E+005  0.236977538310516E+002 
     18.80000000 -0.233073128842429E+005  0.236977539891828E+002 
     18.82000000 -0.233073128840844E+005  0.236977541476729E+002 
     18.84000000 -0.233073128839257E+005  0.236977543063301E+002 
     18.86000000 -0.233073128837671E+005  0.236977544650120E+002 
     18.88000000 -0.233073128836086E+005  0.236977546235207E+002 
     18.90000000 -0.233073128834504E+005  0.236977547817262E+002 
     18.92000000 -0.233073128832925E+005  0.236977549395728E+002 
     18.94000000 -0.233073128831351E+005  0.236977550969461E+002 
     18.96000000 -0.233073128829783E+005  0.236977552537997E+002 
     18.98000000 -0.233073128828220E+005  0.236977554100841E+002 
     19.00000000 -0.233073128826664E+005  0.236977555656724E+002 
     19.02000000 -0.233073128825116E+005  0.236977557205121E+002 
     19.04000000 -0.233073128823577E+005  0.236977558744144E+002 
     19.06000000 -0.233073128822048E+005  0.236977560272773E+002 
     19.08000000 -0.233073128820531E+005  0.236977561789770E+002 
     19.10000000 -0.233073128819026E+005  0.236977563294981E+002 
     19.12000000 -0.233073128817533E+005  0.236977564787879E+002 
     19.14000000 -0.233073128816051E+005  0.236977566270166E+002 
     19.16000000 -0.233073128814577E+005  0.236977567743543E+002 
     19.18000000 -0.233073128813110E+005  0.236977569210827E+002 
     19.20000000 -0.233073128811645E+005  0.236977570675326E+002 
     19.22000000 -0.233073128810180E+005  0.236977572140505E+002 
     19.24000000 -0.233073128808711E+005  0.236977573609707E+002 
     19.26000000 -0.233073128807235E+005  0.236977575085652E+002 
     19.28000000 -0.233073128805750E+005  0.236977576570414E+002 
     19.30000000 -0.233073128804255E+005  0.236977578065694E+002 
     19.32000000 -0.233073128802748E+005  0.236977579572389E+002 
     19.34000000 -0.233073128801230E+005  0.236977581091088E+002 
     19.36000000 -0.233073128799699E+005  0.236977582621294E+002 
     19.38000000 -0.233073128798157E+005  0.236977584163380E+002 
     19.40000000 -0.233073128796603E+005  0.236977585717284E+002 
     19.42000000 -0.233073128795038E+005  0.236977587282355E+002 
     19.44000000 -0.233073128793462E+005  0.236977588858501E+002 
     19.46000000 -0.233073128791875E+005  0.236977590445537E+002 
     19.48000000 -0.233073128790279E+005  0.236977592042100E+002 
     19.50000000 -0.233073128788674E+005  0.236977593646491E+002 
     19.52000000 -0.233073128787064E+005  0.236977595257007E+002 
     19.54000000 -0.233073128785450E+005  0.236977596870492E+002 
     19.56000000 -0.233073128783836E+005  0.236977598484411E+002 
     19.58000000 -0.233073128782225E+005  0.236977600095360E+002 
     19.60000000 -0.233073128780620E+005  0.236977601700555E+002 
     19.62000000 -0.233073128779022E+005  0.236977603298325E+002 
     19.64000000 -0.233073128777434E+005  0.236977604886846E+002 
     19.66000000 -0.233073128775855E+005  0.236977606465529E+002 
     19.68000000 -0.233073128774287E+005  0.236977608034219E+002 
     19.70000000 -0.233073128772727E+005  0.236977609594248E+002 
     19.72000000 -0.233073128771174E+005  0.236977611146264E+002 
     19.74000000 -0.233073128769630E+005  0.236977612691104E+002 
     19.76000000 -0.233073128768091E+005  0.236977614230189E+002 
     19.78000000 -0.233073128766557E+005  0.236977615763582E+002 
     19.80000000 -0.233073128765029E+005  0.236977617291716E+002 
     19.82000000 -0.233073128763506E+005  0.236977618814590E+002 
     19.84000000 -0.233073128761989E+005  0.236977620331804E+002 
     19.86000000 -0.233073128760477E+005  0.236977621843356E+002 
     19.88000000 -0.233073128758971E+005  0.236977623349309E+002 
     19.90000000 -0.233073128757471E+005  0.236977624850220E+002 
     19.92000000 -0.233073128755974E+005  0.236977626347016E+002 
     19.94000000 -0.233073128754480E+005  0.236977627840594E+002 
     19.96000000 -0.233073128752988E+005  0.236977629333152E+002 
     19.98000000 -0.233073128751494E+005  0.236977630826607E+002 
     20.00000000 -0.233073128749999E+005  0.236977632322104E+002 
     20.02000000 -0.233073128748499E+005  0.236977633821777E+002 
     20.04000000 -0.233073128746995E+005  0.236977635325502E+002 
     20.06000000 -0.233073128745487E+005  0.236977636833899E+002 
     20.08000000 -0.233073128743975E+005  0.236977638345699E+002 
     20.10000000 -0.233073128742461E+005  0.236977639859510E+002 
     20.12000000 -0.233073128740947E+005  0.236977641374001E+002 
     20.14000000 -0.233073128739433E+005  0.236977642887440E+002 
     20.16000000 -0.233073128737922E+005  0.236977644398900E+002 
     20.18000000 -0.233073128736413E+005  0.236977645907946E+002 
     20.20000000 -0.233073128734906E+005  0.236977647415106E+002 
     20.22000000 -0.233073128733400E+005  0.236977648920904E+002 
     20.24000000 -0.233073128731894E+005  0.236977650426795E+002 
     20.26000000 -0.233073128730387E+005  0.236977651933398E+002 
     20.28000000 -0.233073128728879E+005  0.236977653441423E+002 
     20.30000000 -0.233073128727370E+005  0.236977654950532E+002 
     20.32000000 -0.233073128725861E+005  0.236977656459764E+002 
     20.34000000 -0.233073128724353E+005  0.236977657967449E+002 
     20.36000000 -0.233073128722850E+005  0.236977659471113E+002 
     20.38000000 -0.233073128721352E+005  0.236977660968466E+002 
     20.40000000 -0.233073128719863E+005  0.236977662457775E+002 
     20.42000000 -0.233073128718383E+005  0.236977663937680E+002 
     20.44000000 -0.233073128716913E+005  0.236977665407562E+002 
     20.46000000 -0.233073128715453E+005  0.236977666867885E+002 
     20.48000000 -0.233073128714001E+005  0.236977668319360E+002 
     20.50000000 -0.233073128712557E+005  0.236977669763658E+002 
     20.52000000 -0.233073128711117E+005  0.236977671203377E+002 
     20.54000000 -0.233073128709681E+005  0.236977672639787E+002 
     20.56000000 -0.233073128708246E+005  0.236977674074866E+002 
     20.58000000 -0.233073128706811E+005  0.236977675509512E+002 
     20.60000000 -0.233073128705375E+005  0.236977676945488E+002 
     20.62000000 -0.233073128703937E+005  0.236977678383754E+002 
     20.64000000 -0.233073128702496E+005  0.236977679825113E+002 
     20.66000000 -0.233073128701050E+005  0.236977681270926E+002 
     20.68000000 -0.233073128699597E+005  0.236977682723484E+002 
     20.70000000 -0.233073128698137E+005  0.236977684183776E+002 
     20.72000000 -0.233073128696666E+005  0.236977685654493E+002 
     20.74000000 -0.233073128695184E+005  0.236977687136873E+002 
     20.76000000 -0.233073128693689E+005  0.236977688632091E+002 
     20.78000000 -0.233073128692180E+005  0.236977690140705E+002 
     20.80000000 -0.233073128690659E+005  0.236977691661785E+002 
     20.82000000 -0.233073128689128E+005  0.236977693193260E+002 
     20.84000000 -0.233073128687588E+005  0.236977694732871E+002 
     20.86000000 -0.233073128686044E+005  0.236977696276566E+002 
     20.88000000 -0.233073128684500E+005  0.236977697820910E+002 
     20.90000000 -0.233073128682959E+005  0.236977699361913E+002 
     20.92000000 -0.233073128681424E+005  0.236977700896327E+002 
     20.94000000 -0.233073128679899E+005  0.236977702421522E+002 
     20.96000000 -0.233073128678384E+005  0.236977703936323E+002 
     20.98000000 -0.233073128676881E+005  0.236977705439925E+002 
     21.00000000 -0.233073128675388E+005  0.236977706933039E+002 
     21.02000000 -0.233073128673904E+005  0.236977708417244E+002 
     21.04000000 -0.233073128672426E+005  0.236977709894520E+002 
     21.06000000 -0.233073128670953E+005  0.236977711367495E+002 
     21.08000000 -0.233073128669483E+005  0.236977712838274E+002 
     21.10000000 -0.233073128668010E+005  0.236977714310445E+002 
     21.12000000 -0.233073128666535E+005  0.236977715785803E+002 
     21.14000000 -0.233073128665054E+005  0.236977717266914E+002 
     21.16000000 -0.233073128663566E+005  0.236977718754801E+002 
     21.18000000 -0.233073128662070E+005  0.236977720250607E+002 
     21.20000000 -0.233073128660566E+005  0.236977721754332E+002 
     21.22000000 -0.233073128659056E+005  0.236977723265235E+002 
     21.24000000 -0.233073128657539E+005  0.236977724781892E+002 
     21.26000000 -0.233073128656019E+005  0.236977726301580E+002 
     21.28000000 -0.233073128654499E+005  0.236977727822011E+002 
     21.30000000 -0.233073128652982E+005  0.236977729339163E+002 
     21.32000000 -0.233073128651471E+005  0.236977730849818E+002 
     21.34000000 -0.233073128649970E+005  0.236977732350388E+002 
     21.36000000 -0.233073128648482E+005  0.236977733838429E+002 
     21.38000000 -0.233073128647009E+005  0.236977735311714E+002 
     21.40000000 -0.233073128645551E+005  0.236977736769562E+002 
     21.42000000 -0.233073128644108E+005  0.236977738212839E+002 
     21.44000000 -0.233073128642677E+005  0.236977739643587E+002 
     21.46000000 -0.233073128641257E+005  0.236977741064250E+002 
     21.48000000 -0.233073128639841E+005  0.236977742479994E+002 
     21.50000000 -0.233073128638426E+005  0.236977743895058E+002 
     21.52000000 -0.233073128637007E+005  0.236977745314020E+002 
     21.54000000 -0.233073128635580E+005  0.236977746740282E+002 
     21.56000000 -0.233073128634143E+005  0.236977748177805E+002 
     21.58000000 -0.233073128632693E+005  0.236977749627548E+002 
     21.60000000 -0.233073128631231E+005  0.236977751090160E+002 
     21.62000000 -0.233073128629756E+005  0.236977752564404E+002 
     21.64000000 -0.233073128628272E+005  0.236977754048547E+002 
     21.66000000 -0.233073128626780E+005  0.236977755540393E+002 
     21.68000000 -0.233073128625284E+005  0.236977757037065E+002 
     21.70000000 -0.233073128623784E+005  0.236977758536831E+002 
     21.72000000 -0.233073128622283E+005  0.236977760038205E+002 
     21.74000000 -0.233073128620780E+005  0.236977761541065E+002 
     21.76000000 -0.233073128619275E+005  0.236977763046152E+002 
     21.78000000 -0.233073128617766E+005  0.236977764554982E+002 
     21.80000000 -0.233073128616252E+005  0.236977766068761E+002 
     21.82000000 -0.233073128614731E+005  0.236977767589687E+002 
     21.84000000 -0.233073128613202E+005  0.236977769118254E+002 
     21.86000000 -0.233073128611666E+005  0.236977770654803E+002 
     21.88000000 -0.233073128610124E+005  0.236977772197105E+002 
     21.90000000 -0.233073128608578E+005  0.236977773742532E+002 
     21.92000000 -0.233073128607034E+005  0.236977775287247E+002 
     21.94000000 -0.233073128605494E+005  0.236977776826735E+002 
     21.96000000 -0.233073128603965E+005  0.236977778356230E+002 
     21.98000000 -0.233073128602448E+005  0.236977779872330E+002 
     22.00000000 -0.233073128600949E+005  0.236977781371570E+002 
     22.02000000 -0.233073128599467E+005  0.236977782854073E+002 
     22.04000000 -0.233073128598000E+005  0.236977784320738E+002 
     22.06000000 -0.233073128596546E+005  0.236977785774842E+002 
     22.08000000 -0.233073128595100E+005  0.236977787220935E+002 
     22.10000000 -0.233073128593656E+005  0.236977788664428E+002 
     22.12000000 -0.233073128592208E+005  0.236977790112500E+002 
     22.14000000 -0.233073128590750E+005  0.236977791570255E+002 
     22.16000000 -0.233073128589278E+005  0.236977793043014E+002 
     22.18000000 -0.233073128587786E+005  0.236977794534304E+002 
     22.20000000 -0.233073128586275E+005  0.236977796045640E+002 
     22.22000000 -0.233073128584744E+005  0.236977797576712E+002 
     22.24000000 -0.233073128583195E+005  0.236977799126037E+002 
     22.26000000 -0.233073128581631E+005  0.236977800689871E+002 
     22.28000000 -0.233073128580056E+005  0.236977802264656E+002 
     22.30000000 -0.233073128578475E+005  0.236977803845721E+002 
     22.32000000 -0.233073128576892E+005  0.236977805429137E+002 
     22.34000000 -0.233073128575310E+005  0.236977807011068E+002 
     22.36000000 -0.233073128573732E+005  0.236977808588854E+002 
     22.38000000 -0.233073128572160E+005  0.236977810160391E+002 
     22.40000000 -0.233073128570596E+005  0.236977811724812E+002 
     22.42000000 -0.233073128569039E+005  0.236977813281809E+002 
     22.44000000 -0.233073128567489E+005  0.236977814831444E+002 
     22.46000000 -0.233073128565946E+005  0.236977816374953E+002 
     22.48000000 -0.233073128564407E+005  0.236977817913264E+002 
     22.50000000 -0.233073128562874E+005  0.236977819446750E+002 
     22.52000000 -0.233073128561344E+005  0.236977820977019E+002 
     22.54000000 -0.233073128559817E+005  0.236977822503822E+002 
     22.56000000 -0.233073128558293E+005  0.236977824028027E+002 
     22.58000000 -0.233073128556772E+005  0.236977825548520E+002 
     22.60000000 -0.233073128555256E+005  0.236977827064558E+002 
     22.62000000 -0.233073128553745E+005  0.236977828575461E+002 
     22.64000000 -0.233073128552241E+005  0.236977830079434E+002 
     22.66000000 -0.233073128550746E+005  0.236977831575178E+002 
     22.68000000 -0.233073128549259E+005  0.236977833062198E+002 
     22.70000000 -0.233073128547781E+005  0.236977834539628E+002 
     22.72000000 -0.233073128546313E+005  0.236977836008118E+002 
     22.74000000 -0.233073128544852E+005  0.236977837468379E+002 
     22.76000000 -0.233073128543398E+005  0.236977838922329E+002 
     22.78000000 -0.233073128541949E+005  0.236977840372164E+002 
     22.80000000 -0.233073128540500E+005  0.236977841820422E+002 
     22.82000000 -0.233073128539052E+005  0.236977843269268E+002 
     22.84000000 -0.233073128537599E+005  0.236977844721640E+002 
     22.86000000 -0.233073128536141E+005  0.236977846179457E+002 
     22.88000000 -0.233073128534677E+005  0.236977847643585E+002 
     22.90000000 -0.233073128533206E+005  0.236977849114828E+002 
     22.92000000 -0.233073128531728E+005  0.236977850593062E+002 
     22.94000000 -0.233073128530243E+005  0.236977852077917E+002 
     22.96000000 -0.233073128528753E+005  0.236977853568031E+002 
     22.98000000 -0.233073128527258E+005  0.236977855062723E+002 
     23.00000000 -0.233073128525760E+005  0.236977856561066E+002 
     23.02000000 -0.233073128524258E+005  0.236977858062626E+002 
     23.04000000 -0.233073128522755E+005  0.236977859566042E+002 
     23.06000000 -0.233073128521249E+005  0.236977861071314E+002 
     23.08000000 -0.233073128519743E+005  0.236977862577515E+002 
     23.10000000 -0.233073128518237E+005  0.236977864083808E+002 
     23.12000000 -0.233073128516732E+005  0.236977865588740E+002 
     23.14000000 -0.233073128515230E+005  0.236977867091105E+002 
     23.16000000 -0.233073128513732E+005  0.236977868588643E+002 
     23.18000000 -0.233073128512240E+005  0.236977870080551E+002 
     23.20000000 -0.233073128510756E+005  0.236977871565004E+002 
     23.22000000 -0.233073128509279E+005  0.236977873041630E+002 
     23.24000000 -0.233073128507811E+005  0.236977874510057E+002 
     23.26000000 -0.233073128506350E+005  0.236977875970504E+002 
     23.28000000 -0.233073128504897E+005  0.236977877423526E+002 
     23.30000000 -0.233073128503451E+005  0.236977878869773E+002 
     23.32000000 -0.233073128502011E+005  0.236977880309709E+002 
     23.34000000 -0.233073128500576E+005  0.236977881744324E+002 
     23.36000000 -0.233073128499148E+005  0.236977883173061E+002 
     23.38000000 -0.233073128497724E+005  0.236977884596446E+002 
     23.40000000 -0.233073128496306E+005  0.236977886014263E+002 
     23.42000000 -0.233073128494893E+005  0.236977887427254E+002 
     23.44000000 -0.233073128493485E+005  0.236977888836162E+002 
     23.46000000 -0.233073128492077E+005  0.236977890243306E+002 
     23.48000000 -0.233073128490670E+005  0.236977891650667E+002 
     23.50000000 -0.233073128489259E+005  0.236977893062111E+002 
     23.52000000 -0.233073128487839E+005  0.236977894481629E+002 
     23.54000000 -0.233073128486407E+005  0.236977895914017E+002 
     23.56000000 -0.233073128484957E+005  0.236977897363481E+002 
     23.58000000 -0.233073128483487E+005  0.236977898833518E+002 
     23.60000000 -0.233073128481993E+005  0.236977900327375E+002 
     23.62000000 -0.233073128480475E+005  0.236977901845640E+002 
     23.64000000 -0.233073128478933E+005  0.236977903387695E+002 
     23.66000000 -0.233073128477370E+005  0.236977904950601E+002 
     23.68000000 -0.233073128475791E+005  0.236977906529872E+002 
     23.70000000 -0.233073128474201E+005  0.236977908119537E+002 
     23.72000000 -0.233073128472609E+005  0.236977909711429E+002 
     23.74000000 -0.233073128471022E+005  0.236977911299053E+002 
     23.76000000 -0.233073128469446E+005  0.236977912874797E+002 
     23.78000000 -0.233073128467888E+005  0.236977914432969E+002 
     23.80000000 -0.233073128466351E+005  0.236977915969920E+002 
     23.82000000 -0.233073128464837E+005  0.236977917483359E+002 
     23.84000000 -0.233073128463346E+005  0.236977918974958E+002 
     23.86000000 -0.233073128461875E+005  0.236977920446263E+002 
     23.88000000 -0.233073128460419E+005  0.236977921901914E+002 
     23.90000000 -0.233073128458974E+005  0.236977923347109E+002 
     23.92000000 -0.233073128457534E+005  0.236977924787231E+002 
     23.94000000 -0.233073128456092E+005  0.236977926228559E+002 
     23.96000000 -0.233073128454645E+005  0.236977927675456E+002 
     23.98000000 -0.233073128453189E+005  0.236977929131819E+002 
     24.00000000 -0.233073128451720E+005  0.236977930600370E+002 
     24.02000000 -0.233073128450239E+005  0.236977932082131E+002 
     24.04000000 -0.233073128448743E+005  0.236977933577319E+002 
     24.06000000 -0.233073128447236E+005  0.236977935084571E+002 
     24.08000000 -0.233073128445718E+005  0.236977936602743E+002 
     24.10000000 -0.233073128444192E+005  0.236977938128650E+002 
     24.12000000 -0.233073128442660E+005  0.236977939660929E+002 
     24.14000000 -0.233073128441125E+005  0.236977941196240E+002 
     24.16000000 -0.233073128439587E+005  0.236977942733284E+002 
     24.18000000 -0.233073128438050E+005  0.236977944270729E+002 
     24.20000000 -0.233073128436513E+005  0.236977945807340E+002 
     24.22000000 -0.233073128434977E+005  0.236977947343486E+002 
     24.24000000 -0.233073128433442E+005  0.236977948878395E+002 
     24.26000000 -0.233073128431908E+005  0.236977950412901E+002 
     24.28000000 -0.233073128430374E+005  0.236977951947160E+002 
     24.30000000 -0.233073128428840E+005  0.236977953480956E+002 
     24.32000000 -0.233073128427307E+005  0.236977955013513E+002 
     24.34000000 -0.233073128425777E+005  0.236977956544215E+002 
     24.36000000 -0.233073128424249E+005  0.236977958071823E+002 
     24.38000000 -0.233073128422726E+005  0.236977959594667E+002 
     24.40000000 -0.233073128421210E+005  0.236977961111262E+002 
     24.42000000 -0.233073128419700E+005  0.236977962620617E+002 
     24.44000000 -0.233073128418199E+005  0.236977964121342E+002 
     24.46000000 -0.233073128416707E+005  0.236977965613776E+002 
     24.48000000 -0.233073128415222E+005  0.236977967099033E+002 
     24.50000000 -0.233073128413742E+005  0.236977968578412E+002 
     24.52000000 -0.233073128412266E+005  0.236977970054760E+002 
     24.54000000 -0.233073128410790E+005  0.236977971531107E+002 
     24.56000000 -0.233073128409310E+005  0.236977973010734E+002 
     24.58000000 -0.233073128407823E+005  0.236977974497352E+002 
     24.60000000 -0.233073128406328E+005  0.236977975993189E+002 
     24.62000000 -0.233073128404820E+005  0.236977977500348E+002 
     24.64000000 -0.233073128403301E+005  0.236977979019356E+002 
     24.66000000 -0.233073128401771E+005  0.236977980549625E+002 
     24.68000000 -0.233073128400232E+005  0.236977982088741E+002 
     24.70000000 -0.233073128398687E+005  0.236977983633549E+002 
     24.72000000 -0.233073128397140E+005  0.236977985180337E+002 
     24.74000000 -0.233073128395596E+005  0.236977986725207E+002 
     24.76000000 -0.233073128394056E+005  0.236977988264602E+002 
     24.78000000 -0.233073128392525E+005  0.236977989795984E+002 
     24.80000000 -0.233073128391003E+005  0.236977991317745E+002 
     24.82000000 -0.233073128389492E+005  0.236977992829266E+002 
     24.84000000 -0.233073128387989E+005  0.236977994332064E+002 
     24.86000000 -0.233073128386494E+005  0.236977995826911E+002 
     24.88000000 -0.233073128385004E+005  0.236977997316344E+002 
     24.90000000 -0.233073128383519E+005  0.236977998802096E+002 
     24.92000000 -0.233073128382034E+005  0.236978000286394E+002 
     24.94000000 -0.233073128380550E+005  0.236978001770414E+002 
     24.96000000 -0.233073128379066E+005  0.236978003254309E+002 
     24.98000000 -0.233073128377583E+005  0.236978004738174E+002 
     25.00000000 -0.233073128376099E+005  0.236978006221420E+002 
     25.02000000 -0.233073128374618E+005  0.236978007703089E+002 
     25.04000000 -0.233073128373139E+005  0.236978009181973E+002 
     25.06000000 -0.233073128371663E+005  0.236978010657330E+002 
     25.08000000 -0.233073128370193E+005  0.236978012128047E+002 
     25.10000000 -0.233073128368726E+005  0.236978013594619E+002 
     25.12000000 -0.233073128367264E+005  0.236978015057231E+002 
     25.14000000 -0.233073128365804E+005  0.236978016516687E+002 
     25.16000000 -0.233073128364346E+005  0.236978017975185E+002 
     25.18000000 -0.233073128362887E+005  0.236978019434146E+002 
     25.20000000 -0.233073128361425E+005  0.236978020895614E+002 
     25.22000000 -0.233073128359959E+005  0.236978022361288E+002 
     25.24000000 -0.233073128358488E+005  0.236978023832717E+002 
     25.26000000 -0.233073128357011E+005  0.236978025309714E+002 
     25.28000000 -0.233073128355528E+005  0.236978026793084E+002 
     25.30000000 -0.233073128354039E+005  0.236978028281589E+002 
     25.32000000 -0.233073128352548E+005  0.236978029772879E+002 
     25.34000000 -0.233073128351056E+005  0.236978031264725E+002 
     25.36000000 -0.233073128349567E+005  0.236978032753911E+002 
     25.38000000 -0.233073128348082E+005  0.236978034238456E+002 
     25.40000000 -0.233073128346605E+005  0.236978035715546E+002 
     25.42000000 -0.233073128345137E+005  0.236978037183819E+002 
     25.44000000 -0.233073128343678E+005  0.236978038642347E+002 
     25.46000000 -0.233073128342229E+005  0.236978040092028E+002 
     25.48000000 -0.233073128340787E+005  0.236978041533418E+002 
     25.50000000 -0.233073128339352E+005  0.236978042969023E+002 
     25.52000000 -0.233073128337920E+005  0.236978044400823E+002 
     25.54000000 -0.233073128336489E+005  0.236978045832066E+002 
     25.56000000 -0.233073128335056E+005  0.236978047264640E+002 
     25.58000000 -0.233073128333620E+005  0.236978048700894E+002 
     25.60000000 -0.233073128332179E+005  0.236978050142068E+002 
     25.62000000 -0.233073128330731E+005  0.236978051589583E+002 
     25.64000000 -0.233073128329277E+005  0.236978053043471E+002 
     25.66000000 -0.233073128327816E+005  0.236978054504320E+002 
     25.68000000 -0.233073128326349E+005  0.236978055971789E+002 
     25.70000000 -0.233073128324875E+005  0.236978057446125E+002 
     25.72000000 -0.233073128323394E+005  0.236978058927237E+002 
     25.74000000 -0.233073128321905E+005  0.236978060415371E+002 
     25.76000000 -0.233073128320409E+005  0.236978061911548E+002 
     25.78000000 -0.233073128318904E+005  0.236978063416263E+002 
     25.80000000 -0.233073128317390E+005  0.236978064930878E+002 
     25.82000000 -0.233073128315864E+005  0.236978066456507E+002 
     25.84000000 -0.233073128314328E+005  0.236978067992931E+002 
     25.86000000 -0.233073128312780E+005  0.236978069540555E+002 
     25.88000000 -0.233073128311222E+005  0.236978071098480E+002 
     25.90000000 -0.233073128309657E+005  0.236978072663922E+002 
     25.92000000 -0.233073128308086E+005  0.236978074234995E+002 
     25.94000000 -0.233073128306514E+005  0.236978075807088E+002 
     25.96000000 -0.233073128304945E+005  0.236978077376150E+002 
     25.98000000 -0.233073128303383E+005  0.236978078938190E+002 
     26.00000000 -0.233073128301833E+005  0.236978080488226E+002 
     26.02000000 -0.233073128300298E+005  0.236978082022764E+002 
     26.04000000 -0.233073128298782E+005  0.236978083539049E+002 
     26.06000000 -0.233073128297286E+005  0.236978085034701E+002 
     26.08000000 -0.233073128295812E+005  0.236978086508604E+002 
     26.10000000 -0.233073128294360E+005  0.236978087961131E+002 
     26.12000000 -0.233073128292927E+005  0.236978089393395E+002 
     26.14000000 -0.233073128291513E+005  0.236978090807283E+002 
     26.16000000 -0.233073128290115E+005  0.236978092205827E+002 
     26.18000000 -0.233073128288728E+005  0.236978093592863E+002 
     26.20000000 -0.233073128287348E+005  0.236978094972289E+002 
     26.22000000 -0.233073128285972E+005  0.236978096349270E+002 
     26.24000000 -0.233073128284593E+005  0.236978097728232E+002 
     26.26000000 -0.233073128283206E+005  0.236978099114309E+002 
     26.28000000 -0.233073128281809E+005  0.236978100511956E+002 
     26.30000000 -0.233073128280395E+005  0.236978101925720E+002 
     26.32000000 -0.233073128278962E+005  0.236978103358417E+002 
     26.34000000 -0.233073128277508E+005  0.236978104812955E+002 
     26.36000000 -0.233073128276031E+005  0.236978106290261E+002 
     26.38000000 -0.233073128274530E+005  0.236978107790429E+002 
     26.40000000 -0.233073128273008E+005  0.236978109312964E+002 
     26.42000000 -0.233073128271466E+005  0.236978110855081E+002 
     26.44000000 -0.233073128269906E+005  0.236978112414676E+002 
     26.46000000 -0.233073128268333E+005  0.236978113988069E+002 
     26.48000000 -0.233073128266750E+005  0.236978115571114E+002 
     26.50000000 -0.233073128265161E+005  0.236978117160191E+002 
     26.52000000 -0.233073128263569E+005  0.236978118751651E+002 
     26.54000000 -0.233073128261979E+005  0.236978120342151E+002 
     26.56000000 -0.233073128260392E+005  0.236978121929156E+002 
     26.58000000 -0.233073128258810E+005  0.236978123510654E+002 
     26.60000000 -0.233073128257235E+005  0.236978125085346E+002 
     26.62000000 -0.233073128255668E+005  0.236978126652490E+002 
     26.64000000 -0.233073128254109E+005  0.236978128212147E+002 
     26.66000000 -0.233073128252556E+005  0.236978129764782E+002 
     26.68000000 -0.233073128251010E+005  0.236978131310612E+002 
     26.70000000 -0.233073128249470E+005  0.236978132850656E+002 
     26.72000000 -0.233073128247935E+005  0.236978134385967E+002 
     26.74000000 -0.233073128246404E+005  0.236978135917070E+002 
     26.76000000 -0.233073128244875E+005  0.236978137445359E+002 
     26.78000000 -0.233073128243349E+005  0.236978138971606E+002 
     26.80000000 -0.233073128241823E+005  0.236978140497481E+002 
     26.82000000 -0.233073128240296E+005  0.236978142024718E+002 
     26.84000000 -0.233073128238766E+005  0.236978143554801E+002 
     26.86000000 -0.233073128237231E+005  0.236978145090081E+002 
     26.88000000 -0.233073128235688E+005  0.236978146632538E+002 
     26.90000000 -0.233073128234138E+005  0.236978148182946E+002 
     26.92000000 -0.233073128232577E+005  0.236978149743717E+002 
     26.94000000 -0.233073128231007E+005  0.236978151314140E+002 
     26.96000000 -0.233073128229426E+005  0.236978152894370E+002 
     26.98000000 -0.233073128227838E+005  0.236978154482550E+002 
     27.00000000 -0.233073128226244E+005  0.236978156077227E+002 
     27.02000000 -0.233073128224646E+005  0.236978157675121E+002 
     27.04000000 -0.233073128223047E+005  0.236978159273324E+002 
     27.06000000 -0.233073128221452E+005  0.236978160868496E+002 
     27.08000000 -0.233073128219862E+005  0.236978162458439E+002 
     27.10000000 -0.233073128218280E+005  0.236978164040309E+002 
     27.12000000 -0.233073128216707E+005  0.236978165613423E+002 
     27.14000000 -0.233073128215144E+005  0.236978167176917E+002 
     27.16000000 -0.233073128213590E+005  0.236978168731160E+002 
     27.18000000 -0.233073128212044E+005  0.236978170277113E+002 
     27.20000000 -0.233073128210505E+005  0.236978171815611E+002 
     27.22000000 -0.233073128208973E+005  0.236978173348045E+002 
     27.24000000 -0.233073128207445E+005  0.236978174875467E+002 
     27.26000000 -0.233073128205923E+005  0.236978176397754E+002 
     27.28000000 -0.233073128204405E+005  0.236978177915586E+002 
     27.30000000 -0.233073128202893E+005  0.236978179427696E+002 
     27.32000000 -0.233073128201387E+005  0.236978180933865E+002 
     27.34000000 -0.233073128199888E+005  0.236978182432734E+002 
     27.36000000 -0.233073128198396E+005  0.236978183924642E+002 
     27.38000000 -0.233073128196911E+005  0.236978185409651E+002 
     27.40000000 -0.233073128195432E+005  0.236978186888876E+002 
     27.42000000 -0.233073128193956E+005  0.236978188364512E+002 
     27.44000000 -0.233073128192481E+005  0.236978189840147E+002 
     27.46000000 -0.233073128191002E+005  0.236978191318939E+002 
     27.48000000 -0.233073128189516E+005  0.236978192804784E+002 
     27.50000000 -0.233073128188019E+005  0.236978194301301E+002 
     27.52000000 -0.233073128186508E+005  0.236978195812420E+002 
     27.54000000 -0.233073128184982E+005  0.236978197338976E+002 
     27.56000000 -0.233073128183439E+005  0.236978198881805E+002 
     27.58000000 -0.233073128181881E+005  0.236978200439730E+002 
     27.60000000 -0.233073128180310E+005  0.236978202010462E+002 
     27.62000000 -0.233073128178730E+005  0.236978203590290E+002 
     27.64000000 -0.233073128177146E+005  0.236978205174789E+002 
     27.66000000 -0.233073128175562E+005  0.236978206758793E+002 
     27.68000000 -0.233073128173983E+005  0.236978208337878E+002 
     27.70000000 -0.233073128172413E+005  0.236978209907651E+002 
     27.72000000 -0.233073128170856E+005  0.236978211464741E+002 
     27.74000000 -0.233073128169314E+005  0.236978213007136E+002 
     27.76000000 -0.233073128167787E+005  0.236978214533507E+002 
     27.78000000 -0.233073128166276E+005  0.236978216044812E+002 
     27.80000000 -0.233073128164778E+005  0.236978217542567E+002 
     27.82000000 -0.233073128163292E+005  0.236978219029061E+002 
     27.84000000 -0.233073128161812E+005  0.236978220508378E+002 
     27.86000000 -0.233073128160337E+005  0.236978221983859E+002 
     27.88000000 -0.233073128158861E+005  0.236978223460207E+002 
     27.90000000 -0.233073128157380E+005  0.236978224940297E+002 
     27.92000000 -0.233073128155892E+005  0.236978226428555E+002 
     27.94000000 -0.233073128154394E+005  0.236978227926774E+002 
     27.96000000 -0.233073128152884E+005  0.236978229436749E+002 
     27.98000000 -0.233073128151362E+005  0.236978230958355E+002 
     28.00000000 -0.233073128149830E+005  0.236978232491068E+002 
     28.02000000 -0.233073128148288E+005  0.236978234032442E+002 
     28.04000000 -0.233073128146741E+005  0.236978235580158E+002 
     28.06000000 -0.233073128145192E+005  0.236978237129143E+002 
     28.08000000 -0.233073128143645E+005  0.236978238676117E+002 
     28.10000000 -0.233073128142104E+005  0.236978240217058E+002 
     28.12000000 -0.233073128140573E+005  0.236978241748254E+002 
     28.14000000 -0.233073128139054E+005  0.236978243266705E+002 
     28.16000000 -0.233073128137550E+005  0.236978244771173E+002 
     28.18000000 -0.233073128136060E+005  0.236978246260792E+002 
     28.20000000 -0.233073128134584E+005  0.236978247737047E+002 
     28.22000000 -0.233073128133119E+005  0.236978249202041E+002 
     28.24000000 -0.233073128131662E+005  0.236978250658930E+002 
     28.26000000 -0.233073128130209E+005  0.236978252112230E+002 
     28.28000000 -0.233073128128754E+005  0.236978253566304E+002 
     28.30000000 -0.233073128127295E+005  0.236978255025822E+002 
     28.32000000 -0.233073128125826E+005  0.236978256494343E+002 
     28.34000000 -0.233073128124346E+005  0.236978257975176E+002 
     28.36000000 -0.233073128122851E+005  0.236978259469961E+002 
     28.38000000 -0.233073128121342E+005  0.236978260978977E+002 
     28.40000000 -0.233073128119820E+005  0.236978262500831E+002 
     28.42000000 -0.233073128118287E+005  0.236978264034162E+002 
     28.44000000 -0.233073128116746E+005  0.236978265575103E+002 
     28.46000000 -0.233073128115200E+005  0.236978267120375E+002 
     28.48000000 -0.233073128113654E+005  0.236978268666576E+002 
     28.50000000 -0.233073128112111E+005  0.236978270210239E+002 
     28.52000000 -0.233073128110572E+005  0.236978271749015E+002 
     28.54000000 -0.233073128109040E+005  0.236978273281232E+002 
     28.56000000 -0.233073128107515E+005  0.236978274805963E+002 
     28.58000000 -0.233073128105998E+005  0.236978276322744E+002 
     28.60000000 -0.233073128104488E+005  0.236978277832873E+002 
     28.62000000 -0.233073128102984E+005  0.236978279336877E+002 
     28.64000000 -0.233073128101484E+005  0.236978280836952E+002 
     28.66000000 -0.233073128099986E+005  0.236978282334553E+002 
     28.68000000 -0.233073128098489E+005  0.236978283832091E+002 
     28.70000000 -0.233073128096989E+005  0.236978285331733E+002 
     28.72000000 -0.233073128095485E+005  0.236978286835521E+002 
     28.74000000 -0.233073128093975E+005  0.236978288345897E+002 
     28.76000000 -0.233073128092456E+005  0.236978289864812E+002 
     28.78000000 -0.233073128090927E+005  0.236978291393565E+002 
     28.80000000 -0.233073128089389E+005  0.236978292932217E+002 
     28.82000000 -0.233073128087839E+005  0.236978294481666E+002 
     28.84000000 -0.233073128086281E+005  0.236978296040055E+002 
     28.86000000 -0.233073128084714E+005  0.236978297606394E+002 
     28.88000000 -0.233073128083142E+005  0.236978299178395E+002 
     28.90000000 -0.233073128081567E+005  0.236978300753520E+002 
     28.92000000 -0.233073128079991E+005  0.236978302329698E+002 
     28.94000000 -0.233073128078416E+005  0.236978303904544E+002 
     28.96000000 -0.233073128076844E+005  0.236978305476669E+002 
     28.98000000 -0.233073128075276E+005  0.236978307044741E+002 
     29.00000000 -0.233073128073713E+005  0.236978308607678E+002 
     29.02000000 -0.233073128072155E+005  0.236978310165479E+002 
     29.04000000 -0.233073128070603E+005  0.236978311718083E+002 
     29.06000000 -0.233073128069055E+005  0.236978313265614E+002 
     29.08000000 -0.233073128067513E+005  0.236978314807638E+002 
     29.10000000 -0.233073128065976E+005  0.236978316344774E+002 
     29.12000000 -0.233073128064443E+005  0.236978317877393E+002 
     29.14000000 -0.233073128062915E+005  0.236978319405311E+002 
     29.16000000 -0.233073128061392E+005  0.236978320928990E+002 
     29.18000000 -0.233073128059872E+005  0.236978322448709E+002 
     29.20000000 -0.233073128058357E+005  0.236978323964005E+002 
     29.22000000 -0.233073128056846E+005  0.236978325475031E+002 
     29.24000000 -0.233073128055339E+005  0.236978326981417E+002 
     29.26000000 -0.233073128053837E+005  0.236978328483349E+002 
     29.28000000 -0.233073128052341E+005  0.236978329980083E+002 
     29.30000000 -0.233073128050850E+005  0.236978331471248E+002 
     29.32000000 -0.233073128049364E+005  0.236978332957155E+002 
     29.34000000 -0.233073128047882E+005  0.236978334438359E+002 
     29.36000000 -0.233073128046405E+005  0.236978335915418E+002 
     29.38000000 -0.233073128044931E+005  0.236978337389693E+002 
     29.40000000 -0.233073128043457E+005  0.236978338863535E+002 
     29.42000000 -0.233073128041982E+005  0.236978340338428E+002 
     29.44000000 -0.233073128040504E+005  0.236978341816941E+002 
     29.46000000 -0.233073128039019E+005  0.236978343301579E+002 
     29.48000000 -0.233073128037527E+005  0.236978344793611E+002 
     29.50000000 -0.233073128036026E+005  0.236978346294893E+002 
     29.52000000 -0.233073128034515E+005  0.236978347805331E+002 
     29.54000000 -0.233073128032996E+005  0.236978349324865E+002 
     29.56000000 -0.233073128031469E+005  0.236978350852256E+002 
     29.58000000 -0.233073128029936E+005  0.236978352385062E+002 
     29.60000000 -0.233073128028400E+005  0.236978353921022E+002 
     29.62000000 -0.233073128026864E+005  0.236978355457230E+002 
     29.64000000 -0.233073128025331E+005  0.236978356990190E+002 
     29.66000000 -0.233073128023803E+005  0.236978358517396E+002 
     29.68000000 -0.233073128022284E+005  0.236978360036497E+002 
     29.70000000 -0.233073128020775E+005  0.236978361545636E+002 
     29.72000000 -0.233073128019277E+005  0.236978363043669E+002 
     29.74000000 -0.233073128017790E+005  0.236978364530628E+002 
     29.76000000 -0.233073128016314E+005  0.236978366007223E+002 
     29.78000000 -0.233073128014846E+005  0.236978367474413E+002 
     29.80000000 -0.233073128013386E+005  0.236978368934272E+002 
     29.82000000 -0.233073128011932E+005  0.236978370388964E+002 
     29.84000000 -0.233073128010480E+005  0.236978371841244E+002 
     29.86000000 -0.233073128009027E+005  0.236978373293585E+002 
     29.88000000 -0.233073128007571E+005  0.236978374749577E+002 
     29.90000000 -0.233073128006110E+005  0.236978376211168E+002 
     29.92000000 -0.233073128004639E+005  0.236978377681545E+002 
     29.94000000 -0.233073128003159E+005  0.236978379161945E+002 
     29.96000000 -0.233073128001667E+005  0.236978380653636E+002 
     29.98000000 -0.233073128000163E+005  0.236978382157454E+002 
     30.00000000 -0.233073127998647E+005  0.236978383673647E+002 
