# Real time calculation: 
# Eall: Total energy
# Eall0: Initial total energy
# 1:Time[fs] 2:Eall[eV] 3:Eall-Eall0[eV] 
      0.00000000 -0.233310106382321E+005  0.000000000000000E+000 
      0.02000000 -0.233310106383071E+005 -0.750068513664587E-007 
      0.04000000 -0.233310106383077E+005 -0.756317537823634E-007 
      0.06000000 -0.233310106383084E+005 -0.762844983851153E-007 
      0.08000000 -0.233310106383090E+005 -0.769001200720709E-007 
      0.10000000 -0.233310106383096E+005 -0.775002738774447E-007 
      0.12000000 -0.233310106383102E+005 -0.781035212591348E-007 
      0.14000000 -0.233310106383108E+005 -0.787005814881923E-007 
      0.16000000 -0.233310106383114E+005 -0.792821738356679E-007 
      0.18000000 -0.233310106383119E+005 -0.798452047252454E-007 
      0.20000000 -0.233310106383125E+005 -0.804391713779864E-007 
      0.22000000 -0.233310106383131E+005 -0.810083894201966E-007 
      0.24000000 -0.233310106383137E+005 -0.815899817676723E-007 
      0.26000000 -0.233310106383142E+005 -0.821530126572497E-007 
      0.28000000 -0.233310106383148E+005 -0.827098563941945E-007 
      0.30000000 -0.233310106383153E+005 -0.832605129785065E-007 
      0.32000000 -0.233310106383159E+005 -0.838173567154513E-007 
      0.34000000 -0.233310106383164E+005 -0.843680132997633E-007 
      0.36000000 -0.233310106383170E+005 -0.849124827314427E-007 
      0.38000000 -0.233310106383176E+005 -0.854817007736528E-007 
      0.40000000 -0.233310106383181E+005 -0.860261702053322E-007 
      0.42000000 -0.233310106383187E+005 -0.865768267896442E-007 
      0.44000000 -0.233310106383192E+005 -0.871151090686908E-007 
      0.46000000 -0.233310106383197E+005 -0.876533913477374E-007 
      0.48000000 -0.233310106383203E+005 -0.881978607794167E-007 
      0.50000000 -0.233310106383208E+005 -0.887268623295142E-007 
      0.52000000 -0.233310106383213E+005 -0.892527703032954E-007 
      0.54000000 -0.233310106383219E+005 -0.897941461586584E-007 
      0.56000000 -0.233310106383224E+005 -0.903448027429704E-007 
      0.58000000 -0.233310106383230E+005 -0.908892721746497E-007 
      0.60000000 -0.233310106383235E+005 -0.914151801484309E-007 
      0.62000000 -0.233310106383240E+005 -0.919534624274775E-007 
      0.64000000 -0.233310106383246E+005 -0.925010254354731E-007 
      0.66000000 -0.233310106383251E+005 -0.930238398329379E-007 
      0.68000000 -0.233310106383256E+005 -0.935559349593518E-007 
      0.70000000 -0.233310106383262E+005 -0.941004043910311E-007 
      0.72000000 -0.233310106383267E+005 -0.946046573305978E-007 
      0.74000000 -0.233310106383272E+005 -0.951274717280626E-007 
      0.76000000 -0.233310106383278E+005 -0.956812218886910E-007 
      0.78000000 -0.233310106383283E+005 -0.962164105914212E-007 
      0.80000000 -0.233310106383288E+005 -0.967361314125696E-007 
      0.82000000 -0.233310106383293E+005 -0.972558522337181E-007 
      0.84000000 -0.233310106383299E+005 -0.977879473601320E-007 
      0.86000000 -0.233310106383304E+005 -0.983014810286477E-007 
      0.88000000 -0.233310106383309E+005 -0.988212018497961E-007 
      0.90000000 -0.233310106383315E+005 -0.993904198920063E-007 
      0.92000000 -0.233310106383320E+005 -0.998884856789402E-007 
      0.94000000 -0.233310106383325E+005 -0.100432955110620E-006 
      0.96000000 -0.233310106383330E+005 -0.100955769508084E-006 
      0.98000000 -0.233310106383336E+005 -0.101481677481866E-006 
      1.00000000 -0.233310106383341E+005 -0.101989023997749E-006 
      1.02000000 -0.233310106383346E+005 -0.102530399853111E-006 
      1.04000000 -0.233310106383351E+005 -0.103050120674260E-006 
      1.06000000 -0.233310106383356E+005 -0.103566747919092E-006 
      1.08000000 -0.233310106383361E+005 -0.104074094434975E-006 
      1.10000000 -0.233310106383367E+005 -0.104621657442971E-006 
      1.12000000 -0.233310106383372E+005 -0.105147565416752E-006 
      1.14000000 -0.233310106383377E+005 -0.105658005508951E-006 
      1.16000000 -0.233310106383383E+005 -0.106199381364314E-006 
      1.18000000 -0.233310106383388E+005 -0.106734570067044E-006 
      1.20000000 -0.233310106383393E+005 -0.107229542277662E-006 
      1.22000000 -0.233310106383398E+005 -0.107761637404076E-006 
      1.24000000 -0.233310106383404E+005 -0.108281358225224E-006 
      1.26000000 -0.233310106383409E+005 -0.108835108385853E-006 
      1.28000000 -0.233310106383414E+005 -0.109320799867521E-006 
      1.30000000 -0.233310106383420E+005 -0.109883830757099E-006 
      1.32000000 -0.233310106383425E+005 -0.110388083696665E-006 
      1.34000000 -0.233310106383430E+005 -0.110901617365181E-006 
      1.36000000 -0.233310106383435E+005 -0.111421338186329E-006 
      1.38000000 -0.233310106383440E+005 -0.111941059007478E-006 
      1.40000000 -0.233310106383445E+005 -0.112470060557575E-006 
      1.42000000 -0.233310106383451E+005 -0.112983594226091E-006 
      1.44000000 -0.233310106383456E+005 -0.113509502199872E-006 
      1.46000000 -0.233310106383461E+005 -0.114019942292072E-006 
      1.48000000 -0.233310106383466E+005 -0.114536569536904E-006 
      1.50000000 -0.233310106383471E+005 -0.115068664663318E-006 
      1.52000000 -0.233310106383477E+005 -0.115585291908150E-006 
      1.54000000 -0.233310106383482E+005 -0.116117387034564E-006 
      1.56000000 -0.233310106383487E+005 -0.116627827126763E-006 
      1.58000000 -0.233310106383492E+005 -0.117163015829493E-006 
      1.60000000 -0.233310106383498E+005 -0.117673455921692E-006 
      1.62000000 -0.233310106383503E+005 -0.118193176742841E-006 
      1.64000000 -0.233310106383508E+005 -0.118715991140306E-006 
      1.66000000 -0.233310106383513E+005 -0.119238805537771E-006 
      1.68000000 -0.233310106383518E+005 -0.119743058477337E-006 
      1.70000000 -0.233310106383524E+005 -0.120284434332700E-006 
      1.72000000 -0.233310106383529E+005 -0.120797968001216E-006 
      1.74000000 -0.233310106383534E+005 -0.121305314517099E-006 
      1.76000000 -0.233310106383539E+005 -0.121831222490880E-006 
      1.78000000 -0.233310106383544E+005 -0.122357130464661E-006 
      1.80000000 -0.233310106383549E+005 -0.122864476980544E-006 
      1.82000000 -0.233310106383555E+005 -0.123387291378009E-006 
      1.84000000 -0.233310106383560E+005 -0.123919386504423E-006 
      1.86000000 -0.233310106383565E+005 -0.124429826596622E-006 
      1.88000000 -0.233310106383570E+005 -0.124949547417771E-006 
      1.90000000 -0.233310106383575E+005 -0.125463081086286E-006 
      1.92000000 -0.233310106383581E+005 -0.125998269789017E-006 
      1.94000000 -0.233310106383586E+005 -0.126508709881216E-006 
      1.96000000 -0.233310106383591E+005 -0.127025337126048E-006 
      1.98000000 -0.233310106383596E+005 -0.127563619405095E-006 
      2.00000000 -0.233310106383601E+005 -0.128055498039396E-006 
      2.02000000 -0.233310106383607E+005 -0.128581406013177E-006 
      2.04000000 -0.233310106383612E+005 -0.129101126834325E-006 
      2.06000000 -0.233310106383617E+005 -0.129633221960739E-006 
      2.08000000 -0.233310106383622E+005 -0.130149849205571E-006 
      2.10000000 -0.233310106383627E+005 -0.130647914992505E-006 
      2.12000000 -0.233310106383632E+005 -0.131170729389970E-006 
      2.14000000 -0.233310106383638E+005 -0.131699730940068E-006 
      2.16000000 -0.233310106383643E+005 -0.132219451761216E-006 
      2.18000000 -0.233310106383648E+005 -0.132726798277099E-006 
      2.20000000 -0.233310106383653E+005 -0.133265080556146E-006 
      2.22000000 -0.233310106383658E+005 -0.133766239919396E-006 
      2.24000000 -0.233310106383664E+005 -0.134298335045810E-006 
      2.26000000 -0.233310106383669E+005 -0.134808775138009E-006 
      2.28000000 -0.233310106383674E+005 -0.135343963840739E-006 
      2.30000000 -0.233310106383679E+005 -0.135851310356622E-006 
      2.32000000 -0.233310106383684E+005 -0.136358656872505E-006 
      2.34000000 -0.233310106383689E+005 -0.136869096964705E-006 
      2.36000000 -0.233310106383695E+005 -0.137373349904271E-006 
      2.38000000 -0.233310106383700E+005 -0.137905445030685E-006 
      2.40000000 -0.233310106383705E+005 -0.138437540157099E-006 
      2.42000000 -0.233310106383710E+005 -0.138954167401931E-006 
      2.44000000 -0.233310106383716E+005 -0.139473888223080E-006 
      2.46000000 -0.233310106383721E+005 -0.139978141162646E-006 
      2.48000000 -0.233310106383726E+005 -0.140488581254846E-006 
      2.50000000 -0.233310106383731E+005 -0.141026863533892E-006 
      2.52000000 -0.233310106383736E+005 -0.141534210049775E-006 
      2.54000000 -0.233310106383741E+005 -0.142044650141975E-006 
      2.56000000 -0.233310106383747E+005 -0.142582932421021E-006 
      2.58000000 -0.233310106383752E+005 -0.143102653242170E-006 
      2.60000000 -0.233310106383757E+005 -0.143628561215951E-006 
      2.62000000 -0.233310106383762E+005 -0.144123533426568E-006 
      2.64000000 -0.233310106383767E+005 -0.144649441400350E-006 
      2.66000000 -0.233310106383772E+005 -0.145162975068865E-006 
      2.68000000 -0.233310106383777E+005 -0.145673415161065E-006 
      2.70000000 -0.233310106383783E+005 -0.146205510287479E-006 
      2.72000000 -0.233310106383788E+005 -0.146694295345463E-006 
      2.74000000 -0.233310106383793E+005 -0.147235671200826E-006 
      2.76000000 -0.233310106383798E+005 -0.147736830564077E-006 
      2.78000000 -0.233310106383803E+005 -0.148268925690491E-006 
      2.80000000 -0.233310106383809E+005 -0.148776272206374E-006 
      2.82000000 -0.233310106383814E+005 -0.149302180180155E-006 
      2.84000000 -0.233310106383819E+005 -0.149815713848670E-006 
      2.86000000 -0.233310106383824E+005 -0.150344715398768E-006 
      2.88000000 -0.233310106383829E+005 -0.150830406880436E-006 
      2.90000000 -0.233310106383834E+005 -0.151362502006850E-006 
      2.92000000 -0.233310106383840E+005 -0.151882222827999E-006 
      2.94000000 -0.233310106383845E+005 -0.152408130801780E-006 
      2.96000000 -0.233310106383850E+005 -0.152915477317663E-006 
      2.98000000 -0.233310106383855E+005 -0.153425917409862E-006 
      3.00000000 -0.233310106383860E+005 -0.153945638231011E-006 
      3.02000000 -0.233310106383866E+005 -0.154490107662690E-006 
      3.04000000 -0.233310106383871E+005 -0.154978892720675E-006 
      3.06000000 -0.233310106383876E+005 -0.155501707118140E-006 
      3.08000000 -0.233310106383881E+005 -0.156027615091921E-006 
      3.10000000 -0.233310106383886E+005 -0.156547335913069E-006 
      3.12000000 -0.233310106383891E+005 -0.157054682428952E-006 
      3.14000000 -0.233310106383897E+005 -0.157592964707999E-006 
      3.16000000 -0.233310106383902E+005 -0.158094124071249E-006 
      3.18000000 -0.233310106383907E+005 -0.158589096281867E-006 
      3.20000000 -0.233310106383912E+005 -0.159090255645117E-006 
      3.22000000 -0.233310106383917E+005 -0.159591415008367E-006 
      3.24000000 -0.233310106383922E+005 -0.160135884440047E-006 
      3.26000000 -0.233310106383924E+005 -0.160321499019028E-006 
      3.28000000 -0.233310106383899E+005 -0.157840450813308E-006 
      3.30000000 -0.233310106383764E+005 -0.144287492971335E-006 
      3.32000000 -0.233310106383285E+005 -0.964113058993519E-007 
      3.34000000 -0.233310106381917E+005  0.403649837758621E-007 
      3.36000000 -0.233310106378516E+005  0.380451108962239E-006 
      3.38000000 -0.233310106370891E+005  0.114295889299491E-005 
      3.40000000 -0.233310106355132E+005  0.271892256941438E-005 
      3.42000000 -0.233310106324664E+005  0.576568998253130E-005 
      3.44000000 -0.233310106268976E+005  0.113344305224579E-004 
      3.46000000 -0.233310106171971E+005  0.210350072748882E-004 
      3.48000000 -0.233310106009917E+005  0.372404221991177E-004 
      3.50000000 -0.233310105749004E+005  0.633316757870591E-004 
      3.52000000 -0.233310105342521E+005  0.103980018779194E-003 
      3.54000000 -0.233310104727720E+005  0.165460059210707E-003 
      3.56000000 -0.233310103822492E+005  0.255982894177108E-003 
      3.58000000 -0.233310102521981E+005  0.386033940742287E-003 
      3.60000000 -0.233310100695366E+005  0.568695450550226E-003 
      3.62000000 -0.233310098183025E+005  0.819929538028600E-003 
      3.64000000 -0.233310094794380E+005  0.115879406251844E-002 
      3.66000000 -0.233310090306720E+005  0.160756003568251E-002 
      3.68000000 -0.233310084465321E+005  0.219169996181612E-002 
      3.70000000 -0.233310076985179E+005  0.293971416137922E-002 
      3.72000000 -0.233310067554653E+005  0.388276673440331E-002 
      3.74000000 -0.233310055841260E+005  0.505410610889881E-002 
      3.76000000 -0.233310041499802E+005  0.648825186957168E-002 
      3.78000000 -0.233310024182931E+005  0.821993893878812E-002 
      3.80000000 -0.233310003554106E+005  0.102828214361567E-001 
      3.82000000 -0.233309979302801E+005  0.127079520032477E-001 
      3.84000000 -0.233309951161651E+005  0.155220670094928E-001 
      3.86000000 -0.233309918925072E+005  0.187457249214839E-001 
      3.88000000 -0.233309882468706E+005  0.223913614272276E-001 
      3.90000000 -0.233309841768897E+005  0.264613424196450E-001 
      3.92000000 -0.233309796921217E+005  0.309461103813267E-001 
      3.94000000 -0.233309748156971E+005  0.358225350133845E-001 
      3.96000000 -0.233309695856429E+005  0.410525892095363E-001 
      3.98000000 -0.233309640557531E+005  0.465824790217967E-001 
      4.00000000 -0.233309582958722E+005  0.523423598712532E-001 
      4.02000000 -0.233309523914636E+005  0.582467684298821E-001 
      4.04000000 -0.233309464423399E+005  0.641958921747707E-001 
      4.06000000 -0.233309405604479E+005  0.700777841474617E-001 
      4.08000000 -0.233309348666216E+005  0.757716105006556E-001 
      4.10000000 -0.233309294862423E+005  0.811519897803709E-001 
      4.12000000 -0.233309245437802E+005  0.860944518692730E-001 
      4.14000000 -0.233309201562288E+005  0.904820032857016E-001 
      4.16000000 -0.233309164254879E+005  0.942127441563414E-001 
      4.18000000 -0.233309134297998E+005  0.972084322780005E-001 
      4.20000000 -0.233309112143898E+005  0.994238422965616E-001 
      4.22000000 -0.233309097815162E+005  0.100856715926062E+000 
      4.24000000 -0.233309090801815E+005  0.101558050598838E+000 
      4.26000000 -0.233309089958051E+005  0.101642426970981E+000 
      4.28000000 -0.233309093401969E+005  0.101298035172248E+000 
      4.30000000 -0.233309098422084E+005  0.100796023705056E+000 
      4.32000000 -0.233309101394606E+005  0.100498771500500E+000 
      4.34000000 -0.233309097715655E+005  0.100866666575150E+000 
      4.36000000 -0.233309081752581E+005  0.102462974014684E+000 
      4.38000000 -0.233309046818462E+005  0.105956385838702E+000 
      4.40000000 -0.233308985173606E+005  0.112120871444867E+000 
      4.42000000 -0.233308888057436E+005  0.121832488493677E+000 
      4.44000000 -0.233308745753635E+005  0.136062868560637E+000 
      4.46000000 -0.233308547690673E+005  0.155869164795127E+000 
      4.48000000 -0.233308282579001E+005  0.182380331934197E+000 
      4.50000000 -0.233307938585248E+005  0.216779707262177E+000 
      4.52000000 -0.233307503542627E+005  0.260283969329632E+000 
      4.54000000 -0.233306965195656E+005  0.314118666527272E+000 
      4.56000000 -0.233306311476009E+005  0.379490631140027E+000 
      4.58000000 -0.233305530805158E+005  0.457557716300617E+000 
      4.60000000 -0.233304612418147E+005  0.549396417382397E+000 
      4.62000000 -0.233303546701767E+005  0.655968055349427E+000 
      4.64000000 -0.233302325539246E+005  0.778084307504265E+000 
      4.66000000 -0.233300942652675E+005  0.916372964617465E+000 
      4.68000000 -0.233299393933620E+005  0.107124487003526E+001 
      4.70000000 -0.233297677751822E+005  0.124286304992714E+001 
      4.72000000 -0.233295795231585E+005  0.143111507359830E+001 
      4.74000000 -0.233293750485492E+005  0.163558968284773E+001 
      4.76000000 -0.233291550795329E+005  0.185555869918713E+001 
      4.78000000 -0.233289206730768E+005  0.208996515531064E+001 
      4.80000000 -0.233286732197321E+005  0.233741849996796E+001 
      4.82000000 -0.233284144406365E+005  0.259619759559966E+001 
      4.84000000 -0.233281463761643E+005  0.286426206775914E+001 
      4.86000000 -0.233278713658600E+005  0.313927237202849E+001 
      4.88000000 -0.233275920195010E+005  0.341861873107771E+001 
      4.90000000 -0.233273111793758E+005  0.369945885631744E+001 
      4.92000000 -0.233270318741133E+005  0.397876411882015E+001 
      4.94000000 -0.233267572646524E+005  0.425337357968849E+001 
      4.96000000 -0.233264905831985E+005  0.452005503356739E+001 
      4.98000000 -0.233262350662555E+005  0.477557197653108E+001 
      5.00000000 -0.233259938830476E+005  0.501675518452181E+001 
      5.02000000 -0.233257700608395E+005  0.524057739257293E+001 
      5.04000000 -0.233255664088269E+005  0.544422940519154E+001 
      5.06000000 -0.233253854423813E+005  0.562519585075089E+001 
      5.08000000 -0.233252293095079E+005  0.578132872414588E+001 
      5.10000000 -0.233250997213854E+005  0.591091684668890E+001 
      5.12000000 -0.233249978888242E+005  0.601274940786106E+001 
      5.14000000 -0.233249244663869E+005  0.608617184513803E+001 
      5.16000000 -0.233248795057752E+005  0.613113245685340E+001 
      5.18000000 -0.233248624199018E+005  0.614821833026390E+001 
      5.20000000 -0.233248719588443E+005  0.613867938779434E+001 
      5.22000000 -0.233249061986212E+005  0.610443961086357E+001 
      5.24000000 -0.233249625434620E+005  0.604809477006560E+001 
      5.26000000 -0.233250377419531E+005  0.597289627893790E+001 
      5.28000000 -0.233251279171596E+005  0.588272107245230E+001 
      5.30000000 -0.233252286105402E+005  0.578202769187702E+001 
      5.32000000 -0.233253348392076E+005  0.567579902450120E+001 
      5.34000000 -0.233254411658375E+005  0.556947239459823E+001 
      5.36000000 -0.233255417803013E+005  0.546885793073714E+001 
      5.38000000 -0.233256305918919E+005  0.538004634020924E+001 
      5.40000000 -0.233257013308249E+005  0.530930740719902E+001 
      5.42000000 -0.233257476575323E+005  0.526298069976777E+001 
      5.44000000 -0.233257632781070E+005  0.524736012506873E+001 
      5.46000000 -0.233257420641158E+005  0.526857411626249E+001 
      5.48000000 -0.233256781748603E+005  0.533246337179161E+001 
      5.50000000 -0.233255661800328E+005  0.544445819925910E+001 
      5.52000000 -0.233254011805889E+005  0.560945764322077E+001 
      5.54000000 -0.233251789255375E+005  0.583171269455868E+001 
      5.56000000 -0.233248959222481E+005  0.611471598397192E+001 
      5.58000000 -0.233245495377862E+005  0.646110044585190E+001 
      5.60000000 -0.233241380887427E+005  0.687254948933966E+001 
      5.62000000 -0.233236609170129E+005  0.734972121916010E+001 
      5.64000000 -0.233231184490356E+005  0.789218919643515E+001 
      5.66000000 -0.233225122361301E+005  0.849840210200007E+001 
      5.68000000 -0.233218449737764E+005  0.916566445567052E+001 
      5.70000000 -0.233211204979943E+005  0.989014023778402E+001 
      5.72000000 -0.233203437573805E+005  0.106668808515413E+002 
      5.74000000 -0.233195207598778E+005  0.114898783542453E+002 
      5.76000000 -0.233186584939568E+005  0.123521442752464E+002 
      5.78000000 -0.233177648245917E+005  0.132458136404163E+002 
      5.80000000 -0.233168483651743E+005  0.141622730577804E+002 
      5.82000000 -0.233159183273290E+005  0.150923109030714E+002 
      5.84000000 -0.233149843514142E+005  0.160262868178749E+002 
      5.86000000 -0.233140563213082E+005  0.169543169238954E+002 
      5.88000000 -0.233131441678215E+005  0.178664704106213E+002 
      5.90000000 -0.233122576657246E+005  0.187529725074870E+002 
      5.92000000 -0.233114062298840E+005  0.196044083480869E+002 
      5.94000000 -0.233105987163216E+005  0.204119219104358E+002 
      5.96000000 -0.233098432341281E+005  0.211674041039287E+002 
      5.98000000 -0.233091469740332E+005  0.218636641989034E+002 
      6.00000000 -0.233085160590670E+005  0.224945791650624E+002 
      6.02000000 -0.233079554221263E+005  0.230552161057288E+002 
      6.04000000 -0.233074687144022E+005  0.235419238298777E+002 
      6.06000000 -0.233070582475678E+005  0.239523906642771E+002 
      6.08000000 -0.233067249713987E+005  0.242856668333755E+002 
      6.10000000 -0.233064684871634E+005  0.245421510686666E+002 
      6.12000000 -0.233062870957446E+005  0.247235424874572E+002 
      6.14000000 -0.233061778781001E+005  0.248327601319853E+002 
      6.16000000 -0.233061368044231E+005  0.248738338090033E+002 
      6.18000000 -0.233061588672858E+005  0.248517709462410E+002 
      6.20000000 -0.233062382332036E+005  0.247724050284622E+002 
      6.22000000 -0.233063684065051E+005  0.246422317269536E+002 
      6.24000000 -0.233065423991549E+005  0.244682390771541E+002 
      6.26000000 -0.233067529002768E+005  0.242577379552453E+002 
      6.28000000 -0.233069924395494E+005  0.240181986826743E+002 
      6.30000000 -0.233072535393723E+005  0.237570988598069E+002 
      6.32000000 -0.233075288516703E+005  0.234817865617931E+002 
      6.34000000 -0.233078112763576E+005  0.231993618744517E+002 
      6.36000000 -0.233080940597366E+005  0.229165784954686E+002 
      6.38000000 -0.233083708723740E+005  0.226397658580271E+002 
      6.40000000 -0.233086358671941E+005  0.223747710379961E+002 
      6.42000000 -0.233088837195710E+005  0.221269186610720E+002 
      6.44000000 -0.233091096520309E+005  0.219009862012158E+002 
      6.46000000 -0.233093094467266E+005  0.217011915054878E+002 
      6.48000000 -0.233094794491141E+005  0.215311891180156E+002 
      6.50000000 -0.233096165662179E+005  0.213940720141791E+002 
      6.52000000 -0.233097182625578E+005  0.212923756742317E+002 
      6.54000000 -0.233097825562487E+005  0.212280819833841E+002 
      6.56000000 -0.233098080170482E+005  0.212026211838513E+002 
      6.58000000 -0.233097937672761E+005  0.212168709559674E+002 
      6.60000000 -0.233097394856408E+005  0.212711525913234E+002 
      6.62000000 -0.233096454131621E+005  0.213652250699825E+002 
      6.64000000 -0.233095123596402E+005  0.214982785919139E+002 
      6.66000000 -0.233093417085440E+005  0.216689296881153E+002 
      6.68000000 -0.233091354178285E+005  0.218752204036181E+002 
      6.70000000 -0.233088960140519E+005  0.221146241801730E+002 
      6.72000000 -0.233086265772667E+005  0.223840609653293E+002 
      6.74000000 -0.233083307144818E+005  0.226799237502931E+002 
      6.76000000 -0.233080125200157E+005  0.229981182164184E+002 
      6.78000000 -0.233076765217355E+005  0.233341164965796E+002 
      6.80000000 -0.233073276129584E+005  0.236830252736650E+002 
      6.82000000 -0.233069709706218E+005  0.240396676102703E+002 
      6.84000000 -0.233066119611555E+005  0.243986770766022E+002 
      6.86000000 -0.233062560362539E+005  0.247546019782149E+002 
      6.88000000 -0.233059086214081E+005  0.251020168240210E+002 
      6.90000000 -0.233055750005750E+005  0.254356376570538E+002 
      6.92000000 -0.233052602007062E+005  0.257504375259243E+002 
      6.94000000 -0.233049688800166E+005  0.260417582154276E+002 
      6.96000000 -0.233047052238406E+005  0.263054143915079E+002 
      6.98000000 -0.233044728516937E+005  0.265377865383793E+002 
      7.00000000 -0.233042747387757E+005  0.267358994563855E+002 
      7.02000000 -0.233041131546012E+005  0.268974836308347E+002 
      7.04000000 -0.233039896207971E+005  0.270210174349585E+002 
      7.06000000 -0.233039048893674E+005  0.271057488647068E+002 
      7.08000000 -0.233038589419531E+005  0.271516962790042E+002 
      7.10000000 -0.233038510098336E+005  0.271596283984702E+002 
      7.12000000 -0.233038796136655E+005  0.271310245665817E+002 
      7.14000000 -0.233039426212730E+005  0.270680169590499E+002 
      7.16000000 -0.233040373212073E+005  0.269733170248185E+002 
      7.18000000 -0.233041605093109E+005  0.268501289211444E+002 
      7.20000000 -0.233043085851697E+005  0.267020530623654E+002 
      7.22000000 -0.233044776551136E+005  0.265329831184855E+002 
      7.24000000 -0.233046636383497E+005  0.263469998823577E+002 
      7.26000000 -0.233048623728604E+005  0.261482653716818E+002 
      7.28000000 -0.233050697178740E+005  0.259409203580789E+002 
      7.30000000 -0.233052816500032E+005  0.257289882288828E+002 
      7.32000000 -0.233054943505170E+005  0.255162877150421E+002 
      7.34000000 -0.233057042816604E+005  0.253063565717065E+002 
      7.36000000 -0.233059082504270E+005  0.251023878051144E+002 
      7.38000000 -0.233061034587088E+005  0.249071795232758E+002 
      7.40000000 -0.233062875392677E+005  0.247230989643968E+002 
      7.42000000 -0.233064585774778E+005  0.245520607542623E+002 
      7.44000000 -0.233066151192570E+005  0.243955189750341E+002 
      7.46000000 -0.233067561660219E+005  0.242544722101525E+002 
      7.48000000 -0.233068811578575E+005  0.241294803745427E+002 
      7.50000000 -0.233069899463773E+005  0.240206918548191E+002 
      7.52000000 -0.233070827589553E+005  0.239278792767884E+002 
      7.54000000 -0.233071601561460E+005  0.238504820861267E+002 
      7.56000000 -0.233072229841597E+005  0.237876540723907E+002 
      7.58000000 -0.233072723242490E+005  0.237383139830383E+002 
      7.60000000 -0.233073094407814E+005  0.237011974507006E+002 
      7.62000000 -0.233073357296395E+005  0.236749085925496E+002 
      7.64000000 -0.233073526684169E+005  0.236579698151817E+002 
      7.66000000 -0.233073617696628E+005  0.236488685692413E+002 
      7.68000000 -0.233073645382051E+005  0.236461000269699E+002 
      7.70000000 -0.233073624333358E+005  0.236482048962368E+002 
      7.72000000 -0.233073568364101E+005  0.236538018220134E+002 
      7.74000000 -0.233073490241751E+005  0.236616140569641E+002 
      7.76000000 -0.233073401479404E+005  0.236704902917208E+002 
      7.78000000 -0.233073312185070E+005  0.236794197250576E+002 
      7.80000000 -0.233073230966171E+005  0.236875416149635E+002 
      7.82000000 -0.233073164885486E+005  0.236941496834816E+002 
      7.84000000 -0.233073119463809E+005  0.236986918511679E+002 
      7.86000000 -0.233073098723803E+005  0.237007658518208E+002 
      7.88000000 -0.233073105269059E+005  0.237001113261317E+002 
      7.90000000 -0.233073140392156E+005  0.236965990164790E+002 
      7.92000000 -0.233073204205419E+005  0.236902176902079E+002 
      7.94000000 -0.233073295788284E+005  0.236810594036296E+002 
      7.96000000 -0.233073413345398E+005  0.236693036923036E+002 
      7.98000000 -0.233073554369993E+005  0.236552012327774E+002 
      8.00000000 -0.233073715807579E+005  0.236390574742120E+002 
      8.02000000 -0.233073894215484E+005  0.236212166836793E+002 
      8.04000000 -0.233074085914416E+005  0.236020467904286E+002 
      8.06000000 -0.233074287128787E+005  0.235819253533938E+002 
      8.08000000 -0.233074494113180E+005  0.235612269140806E+002 
      8.10000000 -0.233074703262994E+005  0.235403119327161E+002 
      8.12000000 -0.233074911207862E+005  0.235195174459263E+002 
      8.14000000 -0.233075114887099E+005  0.234991495221722E+002 
      8.16000000 -0.233075311606965E+005  0.234794775355798E+002 
      8.18000000 -0.233075499080069E+005  0.234607302252221E+002 
      8.20000000 -0.233075675447727E+005  0.234430934593700E+002 
      8.22000000 -0.233075839286496E+005  0.234267095824998E+002 
      8.24000000 -0.233075989600449E+005  0.234116781872215E+002 
      8.26000000 -0.233076125801050E+005  0.233980581271168E+002 
      8.28000000 -0.233076247676662E+005  0.233858705658517E+002 
      8.30000000 -0.233076355353851E+005  0.233751028470240E+002 
      8.32000000 -0.233076449252674E+005  0.233657129647180E+002 
      8.34000000 -0.233076530038127E+005  0.233576344193367E+002 
      8.36000000 -0.233076598569803E+005  0.233507812517540E+002 
      8.38000000 -0.233076655851660E+005  0.233450530661004E+002 
      8.40000000 -0.233076702983607E+005  0.233403398714210E+002 
      8.42000000 -0.233076741116353E+005  0.233365265967618E+002 
      8.44000000 -0.233076771410698E+005  0.233334971622732E+002 
      8.46000000 -0.233076795002157E+005  0.233311380163494E+002 
      8.48000000 -0.233076812971525E+005  0.233293410796211E+002 
      8.50000000 -0.233076826321677E+005  0.233280060644137E+002 
      8.52000000 -0.233076835960661E+005  0.233270421659468E+002 
      8.54000000 -0.233076842690854E+005  0.233263691466760E+002 
      8.56000000 -0.233076847203764E+005  0.233259178556547E+002 
      8.58000000 -0.233076850079871E+005  0.233256302449334E+002 
      8.60000000 -0.233076851792767E+005  0.233254589553266E+002 
      8.62000000 -0.233076852716761E+005  0.233253665559251E+002 
      8.64000000 -0.233076853137076E+005  0.233253245245246E+002 
      8.66000000 -0.233076853261754E+005  0.233253120566294E+002 
      8.68000000 -0.233076853234447E+005  0.233253147873509E+002 
      8.70000000 -0.233076853147293E+005  0.233253235028154E+002 
      8.72000000 -0.233076853053245E+005  0.233253329075287E+002 
      8.74000000 -0.233076852977301E+005  0.233253405019739E+002 
      8.76000000 -0.233076852926208E+005  0.233253456113184E+002 
      8.78000000 -0.233076852896406E+005  0.233253485914532E+002 
      8.80000000 -0.233076852880074E+005  0.233253502246512E+002 
      8.82000000 -0.233076852869275E+005  0.233253513046063E+002 
      8.84000000 -0.233076852858339E+005  0.233253523981917E+002 
      8.86000000 -0.233076852844701E+005  0.233253537619268E+002 
      8.88000000 -0.233076852828479E+005  0.233253553841641E+002 
      8.90000000 -0.233076852811138E+005  0.233253571183086E+002 
      8.92000000 -0.233076852793715E+005  0.233253588605551E+002 
      8.94000000 -0.233076852776345E+005  0.233253605975549E+002 
      8.96000000 -0.233076852759051E+005  0.233253623269506E+002 
      8.98000000 -0.233076852741863E+005  0.233253640457354E+002 
      9.00000000 -0.233076852724819E+005  0.233253657501723E+002 
      9.02000000 -0.233076852707961E+005  0.233253674360167E+002 
      9.04000000 -0.233076852691334E+005  0.233253690986345E+002 
      9.06000000 -0.233076852674988E+005  0.233253707332741E+002 
      9.08000000 -0.233076852658968E+005  0.233253723352516E+002 
      9.10000000 -0.233076852643319E+005  0.233253739001310E+002 
      9.12000000 -0.233076852628083E+005  0.233253754237947E+002 
      9.14000000 -0.233076852613294E+005  0.233253769027160E+002 
      9.16000000 -0.233076852598981E+005  0.233253783339374E+002 
      9.18000000 -0.233076852585170E+005  0.233253797150398E+002 
      9.20000000 -0.233076852571877E+005  0.233253810443495E+002 
      9.22000000 -0.233076852559115E+005  0.233253823205828E+002 
      9.24000000 -0.233076852546890E+005  0.233253835430435E+002 
      9.26000000 -0.233076852535206E+005  0.233253847115120E+002 
      9.28000000 -0.233076852524058E+005  0.233253858263101E+002 
      9.30000000 -0.233076852513439E+005  0.233253868881832E+002 
      9.32000000 -0.233076852503336E+005  0.233253878984370E+002 
      9.34000000 -0.233076852493733E+005  0.233253888588130E+002 
      9.36000000 -0.233076852484603E+005  0.233253897717800E+002 
      9.38000000 -0.233076852475919E+005  0.233253906401654E+002 
      9.40000000 -0.233076852467646E+005  0.233253914674929E+002 
      9.42000000 -0.233076852459743E+005  0.233253922577284E+002 
      9.44000000 -0.233076852452168E+005  0.233253930152586E+002 
      9.46000000 -0.233076852444873E+005  0.233253937447734E+002 
      9.48000000 -0.233076852437809E+005  0.233253944512101E+002 
      9.50000000 -0.233076852430927E+005  0.233253951394009E+002 
      9.52000000 -0.233076852424180E+005  0.233253958141037E+002 
      9.54000000 -0.233076852417524E+005  0.233253964796960E+002 
      9.56000000 -0.233076852410921E+005  0.233253971400075E+002 
      9.58000000 -0.233076852404338E+005  0.233253977982741E+002 
      9.60000000 -0.233076852397752E+005  0.233253984568717E+002 
      9.62000000 -0.233076852391146E+005  0.233253991174307E+002 
      9.64000000 -0.233076852384514E+005  0.233253997807182E+002 
      9.66000000 -0.233076852377854E+005  0.233254004466941E+002 
      9.68000000 -0.233076852371174E+005  0.233254011146498E+002 
      9.70000000 -0.233076852364487E+005  0.233254017833665E+002 
      9.72000000 -0.233076852357809E+005  0.233254024511861E+002 
      9.74000000 -0.233076852351158E+005  0.233254031162772E+002 
      9.76000000 -0.233076852344554E+005  0.233254037766939E+002 
      9.78000000 -0.233076852338015E+005  0.233254044305985E+002 
      9.80000000 -0.233076852331556E+005  0.233254050764321E+002 
      9.82000000 -0.233076852325192E+005  0.233254057128364E+002 
      9.84000000 -0.233076852318933E+005  0.233254063387504E+002 
      9.86000000 -0.233076852312785E+005  0.233254069535276E+002 
      9.88000000 -0.233076852306753E+005  0.233254075567502E+002 
      9.90000000 -0.233076852300839E+005  0.233254081481492E+002 
      9.92000000 -0.233076852295044E+005  0.233254087276379E+002 
      9.94000000 -0.233076852289368E+005  0.233254092952721E+002 
      9.96000000 -0.233076852283811E+005  0.233254098509835E+002 
      9.98000000 -0.233076852278374E+005  0.233254103947043E+002 
     10.00000000 -0.233076852273057E+005  0.233254109263787E+002 
     10.02000000 -0.233076852267862E+005  0.233254114459201E+002 
     10.04000000 -0.233076852262787E+005  0.233254119533594E+002 
     10.06000000 -0.233076852257833E+005  0.233254124488266E+002 
     10.08000000 -0.233076852252993E+005  0.233254129327424E+002 
     10.10000000 -0.233076852248264E+005  0.233254134057007E+002 
     10.12000000 -0.233076852243634E+005  0.233254138687132E+002 
     10.14000000 -0.233076852239091E+005  0.233254143229647E+002 
     10.16000000 -0.233076852234621E+005  0.233254147699369E+002 
     10.18000000 -0.233076852230210E+005  0.233254152110345E+002 
     10.20000000 -0.233076852225844E+005  0.233254156476464E+002 
     10.22000000 -0.233076852221511E+005  0.233254160809667E+002 
     10.24000000 -0.233076852217203E+005  0.233254165117689E+002 
     10.26000000 -0.233076852212916E+005  0.233254169404736E+002 
     10.28000000 -0.233076852208652E+005  0.233254173668643E+002 
     10.30000000 -0.233076852204416E+005  0.233254177904677E+002 
     10.32000000 -0.233076852200218E+005  0.233254182102537E+002 
     10.34000000 -0.233076852196071E+005  0.233254186250033E+002 
     10.36000000 -0.233076852191986E+005  0.233254190334729E+002 
     10.38000000 -0.233076852187977E+005  0.233254194343880E+002 
     10.40000000 -0.233076852184053E+005  0.233254198267710E+002 
     10.42000000 -0.233076852180221E+005  0.233254202099847E+002 
     10.44000000 -0.233076852176483E+005  0.233254205837692E+002 
     10.46000000 -0.233076852172838E+005  0.233254209482976E+002 
     10.48000000 -0.233076852169279E+005  0.233254213041703E+002 
     10.50000000 -0.233076852165798E+005  0.233254216522935E+002 
     10.52000000 -0.233076852162385E+005  0.233254219936202E+002 
     10.54000000 -0.233076852159028E+005  0.233254223292887E+002 
     10.56000000 -0.233076852155718E+005  0.233254226602735E+002 
     10.58000000 -0.233076852152447E+005  0.233254229874068E+002 
     10.60000000 -0.233076852149207E+005  0.233254233113383E+002 
     10.62000000 -0.233076852145995E+005  0.233254236325319E+002 
     10.64000000 -0.233076852142807E+005  0.233254239513404E+002 
     10.66000000 -0.233076852139641E+005  0.233254242679834E+002 
     10.68000000 -0.233076852136492E+005  0.233254245828600E+002 
     10.70000000 -0.233076852133357E+005  0.233254248963661E+002 
     10.72000000 -0.233076852130230E+005  0.233254252091236E+002 
     10.74000000 -0.233076852127102E+005  0.233254255218842E+002 
     10.76000000 -0.233076852123966E+005  0.233254258354583E+002 
     10.78000000 -0.233076852120814E+005  0.233254261506597E+002 
     10.80000000 -0.233076852117640E+005  0.233254264681225E+002 
     10.82000000 -0.233076852114439E+005  0.233254267882087E+002 
     10.84000000 -0.233076852111212E+005  0.233254271108873E+002 
     10.86000000 -0.233076852107964E+005  0.233254274357190E+002 
     10.88000000 -0.233076852104703E+005  0.233254277617386E+002 
     10.90000000 -0.233076852101445E+005  0.233254280876097E+002 
     10.92000000 -0.233076852098203E+005  0.233254284117949E+002 
     10.94000000 -0.233076852094995E+005  0.233254287325523E+002 
     10.96000000 -0.233076852091838E+005  0.233254290482982E+002 
     10.98000000 -0.233076852088745E+005  0.233254293575692E+002 
     11.00000000 -0.233076852085726E+005  0.233254296594868E+002 
     11.02000000 -0.233076852082785E+005  0.233254299535745E+002 
     11.04000000 -0.233076852079921E+005  0.233254302399345E+002 
     11.06000000 -0.233076852077129E+005  0.233254305192040E+002 
     11.08000000 -0.233076852074397E+005  0.233254307924256E+002 
     11.10000000 -0.233076852071710E+005  0.233254310610563E+002 
     11.12000000 -0.233076852069055E+005  0.233254313265718E+002 
     11.14000000 -0.233076852066416E+005  0.233254315905219E+002 
     11.16000000 -0.233076852063778E+005  0.233254318542493E+002 
     11.18000000 -0.233076852061134E+005  0.233254321186882E+002 
     11.20000000 -0.233076852058476E+005  0.233254323844697E+002 
     11.22000000 -0.233076852055803E+005  0.233254326517454E+002 
     11.24000000 -0.233076852053119E+005  0.233254329201874E+002 
     11.26000000 -0.233076852050429E+005  0.233254331892017E+002 
     11.28000000 -0.233076852047742E+005  0.233254334578974E+002 
     11.30000000 -0.233076852045067E+005  0.233254337253432E+002 
     11.32000000 -0.233076852042414E+005  0.233254339906607E+002 
     11.34000000 -0.233076852039790E+005  0.233254342531259E+002 
     11.36000000 -0.233076852037197E+005  0.233254345123923E+002 
     11.38000000 -0.233076852034636E+005  0.233254347684848E+002 
     11.40000000 -0.233076852032103E+005  0.233254350218270E+002 
     11.42000000 -0.233076852029589E+005  0.233254352731863E+002 
     11.44000000 -0.233076852027084E+005  0.233254355237072E+002 
     11.46000000 -0.233076852024574E+005  0.233254357746334E+002 
     11.48000000 -0.233076852022049E+005  0.233254360272239E+002 
     11.50000000 -0.233076852019495E+005  0.233254362825553E+002 
     11.52000000 -0.233076852016906E+005  0.233254365414381E+002 
     11.54000000 -0.233076852014279E+005  0.233254368042250E+002 
     11.56000000 -0.233076852011613E+005  0.233254370707521E+002 
     11.58000000 -0.233076852008917E+005  0.233254373403294E+002 
     11.60000000 -0.233076852006204E+005  0.233254376116980E+002 
     11.62000000 -0.233076852003487E+005  0.233254378833325E+002 
     11.64000000 -0.233076852000788E+005  0.233254381533089E+002 
     11.66000000 -0.233076851998124E+005  0.233254384196906E+002 
     11.68000000 -0.233076851995513E+005  0.233254386807513E+002 
     11.70000000 -0.233076851992971E+005  0.233254389349814E+002 
     11.72000000 -0.233076851990507E+005  0.233254391814095E+002 
     11.74000000 -0.233076851988124E+005  0.233254394196427E+002 
     11.76000000 -0.233076851985821E+005  0.233254396499997E+002 
     11.78000000 -0.233076851983588E+005  0.233254398733126E+002 
     11.80000000 -0.233076851981411E+005  0.233254400909643E+002 
     11.82000000 -0.233076851979272E+005  0.233254403048634E+002 
     11.84000000 -0.233076851977152E+005  0.233254405169064E+002 
     11.86000000 -0.233076851975029E+005  0.233254407291319E+002 
     11.88000000 -0.233076851972887E+005  0.233254409433312E+002 
     11.90000000 -0.233076851970712E+005  0.233254411608900E+002 
     11.92000000 -0.233076851968493E+005  0.233254413827737E+002 
     11.94000000 -0.233076851966228E+005  0.233254416093039E+002 
     11.96000000 -0.233076851963918E+005  0.233254418402332E+002 
     11.98000000 -0.233076851961573E+005  0.233254420747820E+002 
     12.00000000 -0.233076851959203E+005  0.233254423118180E+002 
     12.02000000 -0.233076851956823E+005  0.233254425497944E+002 
     12.04000000 -0.233076851954449E+005  0.233254427871398E+002 
     12.06000000 -0.233076851952097E+005  0.233254430223506E+002 
     12.08000000 -0.233076851949780E+005  0.233254432540966E+002 
     12.10000000 -0.233076851947507E+005  0.233254434813816E+002 
     12.12000000 -0.233076851945285E+005  0.233254437036210E+002 
     12.14000000 -0.233076851943114E+005  0.233254439207251E+002 
     12.16000000 -0.233076851940992E+005  0.233254441329259E+002 
     12.18000000 -0.233076851938911E+005  0.233254443409318E+002 
     12.20000000 -0.233076851936863E+005  0.233254445457358E+002 
     12.22000000 -0.233076851934836E+005  0.233254447484733E+002 
     12.24000000 -0.233076851932817E+005  0.233254449503478E+002 
     12.26000000 -0.233076851930795E+005  0.233254451526243E+002 
     12.28000000 -0.233076851928757E+005  0.233254453563487E+002 
     12.30000000 -0.233076851926696E+005  0.233254455624490E+002 
     12.32000000 -0.233076851924606E+005  0.233254457714788E+002 
     12.34000000 -0.233076851922482E+005  0.233254459838869E+002 
     12.36000000 -0.233076851920323E+005  0.233254461997690E+002 
     12.38000000 -0.233076851918131E+005  0.233254464189551E+002 
     12.40000000 -0.233076851915910E+005  0.233254466411110E+002 
     12.42000000 -0.233076851913663E+005  0.233254468657727E+002 
     12.44000000 -0.233076851911398E+005  0.233254470922843E+002 
     12.46000000 -0.233076851909121E+005  0.233254473199963E+002 
     12.48000000 -0.233076851906838E+005  0.233254475482280E+002 
     12.50000000 -0.233076851904558E+005  0.233254477762802E+002 
     12.52000000 -0.233076851902286E+005  0.233254480035096E+002 
     12.54000000 -0.233076851900029E+005  0.233254482292107E+002 
     12.56000000 -0.233076851897793E+005  0.233254484528206E+002 
     12.58000000 -0.233076851895584E+005  0.233254486737112E+002 
     12.60000000 -0.233076851893408E+005  0.233254488912979E+002 
     12.62000000 -0.233076851891270E+005  0.233254491050517E+002 
     12.64000000 -0.233076851889175E+005  0.233254493145951E+002 
     12.66000000 -0.233076851887125E+005  0.233254495195971E+002 
     12.68000000 -0.233076851885122E+005  0.233254497199247E+002 
     12.70000000 -0.233076851883164E+005  0.233254499156491E+002 
     12.72000000 -0.233076851881249E+005  0.233254501071601E+002 
     12.74000000 -0.233076851879371E+005  0.233254502949556E+002 
     12.76000000 -0.233076851877522E+005  0.233254504798865E+002 
     12.78000000 -0.233076851875693E+005  0.233254506628066E+002 
     12.80000000 -0.233076851873873E+005  0.233254508447553E+002 
     12.82000000 -0.233076851872054E+005  0.233254510266761E+002 
     12.84000000 -0.233076851870226E+005  0.233254512094786E+002 
     12.86000000 -0.233076851868382E+005  0.233254513938341E+002 
     12.88000000 -0.233076851866518E+005  0.233254515802283E+002 
     12.90000000 -0.233076851864632E+005  0.233254517689086E+002 
     12.92000000 -0.233076851862723E+005  0.233254519598101E+002 
     12.94000000 -0.233076851860793E+005  0.233254521527719E+002 
     12.96000000 -0.233076851858848E+005  0.233254523472991E+002 
     12.98000000 -0.233076851856892E+005  0.233254525429121E+002 
     13.00000000 -0.233076851854931E+005  0.233254527390015E+002 
     13.02000000 -0.233076851852971E+005  0.233254529349548E+002 
     13.04000000 -0.233076851851019E+005  0.233254531302152E+002 
     13.06000000 -0.233076851849078E+005  0.233254533242505E+002 
     13.08000000 -0.233076851847153E+005  0.233254535167266E+002 
     13.10000000 -0.233076851845247E+005  0.233254537073775E+002 
     13.12000000 -0.233076851843360E+005  0.233254538960671E+002 
     13.14000000 -0.233076851841492E+005  0.233254540828573E+002 
     13.16000000 -0.233076851839642E+005  0.233254542678655E+002 
     13.18000000 -0.233076851837807E+005  0.233254544513981E+002 
     13.20000000 -0.233076851835983E+005  0.233254546337613E+002 
     13.22000000 -0.233076851834166E+005  0.233254548154285E+002 
     13.24000000 -0.233076851832353E+005  0.233254549967554E+002 
     13.26000000 -0.233076851830539E+005  0.233254551781442E+002 
     13.28000000 -0.233076851828721E+005  0.233254553599536E+002 
     13.30000000 -0.233076851826897E+005  0.233254555423664E+002 
     13.32000000 -0.233076851825066E+005  0.233254557255092E+002 
     13.34000000 -0.233076851823227E+005  0.233254559094037E+002 
     13.36000000 -0.233076851821382E+005  0.233254560938922E+002 
     13.38000000 -0.233076851819533E+005  0.233254562787706E+002 
     13.40000000 -0.233076851817683E+005  0.233254564637571E+002 
     13.42000000 -0.233076851815836E+005  0.233254566484962E+002 
     13.44000000 -0.233076851813994E+005  0.233254568326847E+002 
     13.46000000 -0.233076851812160E+005  0.233254570160873E+002 
     13.48000000 -0.233076851810337E+005  0.233254571984104E+002 
     13.50000000 -0.233076851808525E+005  0.233254573796011E+002 
     13.52000000 -0.233076851806724E+005  0.233254575596535E+002 
     13.54000000 -0.233076851804934E+005  0.233254577386602E+002 
     13.56000000 -0.233076851803152E+005  0.233254579168378E+002 
     13.58000000 -0.233076851801377E+005  0.233254580944060E+002 
     13.60000000 -0.233076851799604E+005  0.233254582716524E+002 
     13.62000000 -0.233076851797832E+005  0.233254584488463E+002 
     13.64000000 -0.233076851796060E+005  0.233254586261206E+002 
     13.66000000 -0.233076851794284E+005  0.233254588036393E+002 
     13.68000000 -0.233076851792508E+005  0.233254589813250E+002 
     13.70000000 -0.233076851790729E+005  0.233254591591376E+002 
     13.72000000 -0.233076851788952E+005  0.233254593369100E+002 
     13.74000000 -0.233076851787177E+005  0.233254595144039E+002 
     13.76000000 -0.233076851785407E+005  0.233254596913874E+002 
     13.78000000 -0.233076851783643E+005  0.233254598677398E+002 
     13.80000000 -0.233076851781888E+005  0.233254600432817E+002 
     13.82000000 -0.233076851780141E+005  0.233254602180131E+002 
     13.84000000 -0.233076851778401E+005  0.233254603919618E+002 
     13.86000000 -0.233076851776668E+005  0.233254605653041E+002 
     13.88000000 -0.233076851774939E+005  0.233254607381948E+002 
     13.90000000 -0.233076851773212E+005  0.233254609108814E+002 
     13.92000000 -0.233076851771486E+005  0.233254610834844E+002 
     13.94000000 -0.233076851769758E+005  0.233254612562482E+002 
     13.96000000 -0.233076851768029E+005  0.233254614291730E+002 
     13.98000000 -0.233076851766298E+005  0.233254616022431E+002 
     14.00000000 -0.233076851764567E+005  0.233254617753875E+002 
     14.02000000 -0.233076851762836E+005  0.233254619484545E+002 
     14.04000000 -0.233076851761109E+005  0.233254621211750E+002 
     14.06000000 -0.233076851759387E+005  0.233254622933604E+002 
     14.08000000 -0.233076851757674E+005  0.233254624647260E+002 
     14.10000000 -0.233076851755970E+005  0.233254626351109E+002 
     14.12000000 -0.233076851754278E+005  0.233254628042986E+002 
     14.14000000 -0.233076851752599E+005  0.233254629721870E+002 
     14.16000000 -0.233076851750934E+005  0.233254631386585E+002 
     14.18000000 -0.233076851749284E+005  0.233254633037101E+002 
     14.20000000 -0.233076851747647E+005  0.233254634673355E+002 
     14.22000000 -0.233076851746025E+005  0.233254636295967E+002 
     14.24000000 -0.233076851744415E+005  0.233254637905431E+002 
     14.26000000 -0.233076851742817E+005  0.233254639503634E+002 
     14.28000000 -0.233076851741228E+005  0.233254641092309E+002 
     14.30000000 -0.233076851739648E+005  0.233254642672756E+002 
     14.32000000 -0.233076851738073E+005  0.233254644248005E+002 
     14.34000000 -0.233076851736501E+005  0.233254645819851E+002 
     14.36000000 -0.233076851734930E+005  0.233254647390274E+002 
     14.38000000 -0.233076851733359E+005  0.233254648961316E+002 
     14.40000000 -0.233076851731787E+005  0.233254650533842E+002 
     14.42000000 -0.233076851730212E+005  0.233254652109122E+002 
     14.44000000 -0.233076851728634E+005  0.233254653686877E+002 
     14.46000000 -0.233076851727053E+005  0.233254655267602E+002 
     14.48000000 -0.233076851725470E+005  0.233254656850678E+002 
     14.50000000 -0.233076851723885E+005  0.233254658435919E+002 
     14.52000000 -0.233076851722298E+005  0.233254660022893E+002 
     14.54000000 -0.233076851720709E+005  0.233254661611351E+002 
     14.56000000 -0.233076851719120E+005  0.233254663201171E+002 
     14.58000000 -0.233076851717529E+005  0.233254664792197E+002 
     14.60000000 -0.233076851715935E+005  0.233254666385420E+002 
     14.62000000 -0.233076851714341E+005  0.233254667980190E+002 
     14.64000000 -0.233076851712743E+005  0.233254669577403E+002 
     14.66000000 -0.233076851711143E+005  0.233254671177370E+002 
     14.68000000 -0.233076851709540E+005  0.233254672780616E+002 
     14.70000000 -0.233076851707933E+005  0.233254674387543E+002 
     14.72000000 -0.233076851706322E+005  0.233254675998894E+002 
     14.74000000 -0.233076851704706E+005  0.233254677614700E+002 
     14.76000000 -0.233076851703086E+005  0.233254679235146E+002 
     14.78000000 -0.233076851701461E+005  0.233254680860171E+002 
     14.80000000 -0.233076851699832E+005  0.233254682488382E+002 
     14.82000000 -0.233076851698203E+005  0.233254684118016E+002 
     14.84000000 -0.233076851696574E+005  0.233254685746351E+002 
     14.86000000 -0.233076851694951E+005  0.233254687370200E+002 
     14.88000000 -0.233076851693335E+005  0.233254688985820E+002 
     14.90000000 -0.233076851691731E+005  0.233254690589468E+002 
     14.92000000 -0.233076851690143E+005  0.233254692178082E+002 
     14.94000000 -0.233076851688571E+005  0.233254693749433E+002 
     14.96000000 -0.233076851687018E+005  0.233254695302532E+002 
     14.98000000 -0.233076851685483E+005  0.233254696837565E+002 
     15.00000000 -0.233076851683965E+005  0.233254698356201E+002 
     15.02000000 -0.233076851682459E+005  0.233254699861474E+002 
     15.04000000 -0.233076851680964E+005  0.233254701356661E+002 
     15.06000000 -0.233076851679474E+005  0.233254702846465E+002 
     15.08000000 -0.233076851677986E+005  0.233254704334537E+002 
     15.10000000 -0.233076851676497E+005  0.233254705823909E+002 
     15.12000000 -0.233076851675003E+005  0.233254707317797E+002 
     15.14000000 -0.233076851673503E+005  0.233254708817501E+002 
     15.16000000 -0.233076851671997E+005  0.233254710323732E+002 
     15.18000000 -0.233076851670485E+005  0.233254711836027E+002 
     15.20000000 -0.233076851668968E+005  0.233254713352467E+002 
     15.22000000 -0.233076851667450E+005  0.233254714870856E+002 
     15.24000000 -0.233076851665931E+005  0.233254716389338E+002 
     15.26000000 -0.233076851664416E+005  0.233254717905221E+002 
     15.28000000 -0.233076851662905E+005  0.233254719415908E+002 
     15.30000000 -0.233076851661400E+005  0.233254720920623E+002 
     15.32000000 -0.233076851659902E+005  0.233254722419059E+002 
     15.34000000 -0.233076851658410E+005  0.233254723910472E+002 
     15.36000000 -0.233076851656924E+005  0.233254725396626E+002 
     15.38000000 -0.233076851655442E+005  0.233254726878418E+002 
     15.40000000 -0.233076851653963E+005  0.233254728357333E+002 
     15.42000000 -0.233076851652486E+005  0.233254729835073E+002 
     15.44000000 -0.233076851651008E+005  0.233254731313214E+002 
     15.46000000 -0.233076851649528E+005  0.233254732792624E+002 
     15.48000000 -0.233076851648046E+005  0.233254734274973E+002 
     15.50000000 -0.233076851646560E+005  0.233254735760694E+002 
     15.52000000 -0.233076851645070E+005  0.233254737251241E+002 
     15.54000000 -0.233076851643573E+005  0.233254738747542E+002 
     15.56000000 -0.233076851642069E+005  0.233254740251948E+002 
     15.58000000 -0.233076851640556E+005  0.233254741764707E+002 
     15.60000000 -0.233076851639033E+005  0.233254743287613E+002 
     15.62000000 -0.233076851637499E+005  0.233254744821656E+002 
     15.64000000 -0.233076851635954E+005  0.233254746366588E+002 
     15.66000000 -0.233076851634399E+005  0.233254747921605E+002 
     15.68000000 -0.233076851632836E+005  0.233254749484418E+002 
     15.70000000 -0.233076851631268E+005  0.233254751052304E+002 
     15.72000000 -0.233076851629700E+005  0.233254752621242E+002 
     15.74000000 -0.233076851628135E+005  0.233254754186097E+002 
     15.76000000 -0.233076851626578E+005  0.233254755742722E+002 
     15.78000000 -0.233076851625035E+005  0.233254757286231E+002 
     15.80000000 -0.233076851623508E+005  0.233254758813066E+002 
     15.82000000 -0.233076851622000E+005  0.233254760320906E+002 
     15.84000000 -0.233076851620512E+005  0.233254761809102E+002 
     15.86000000 -0.233076851619042E+005  0.233254763278891E+002 
     15.88000000 -0.233076851617587E+005  0.233254764733398E+002 
     15.90000000 -0.233076851616143E+005  0.233254766177479E+002 
     15.92000000 -0.233076851614704E+005  0.233254767616858E+002 
     15.94000000 -0.233076851613263E+005  0.233254769058094E+002 
     15.96000000 -0.233076851611813E+005  0.233254770507805E+002 
     15.98000000 -0.233076851610349E+005  0.233254771971686E+002 
     16.00000000 -0.233076851608866E+005  0.233254773454561E+002 
     16.02000000 -0.233076851607362E+005  0.233254774958781E+002 
     16.04000000 -0.233076851605835E+005  0.233254776485399E+002 
     16.06000000 -0.233076851604287E+005  0.233254778033487E+002 
     16.08000000 -0.233076851602722E+005  0.233254779599022E+002 
     16.10000000 -0.233076851601143E+005  0.233254781177488E+002 
     16.12000000 -0.233076851599558E+005  0.233254782762637E+002 
     16.14000000 -0.233076851597972E+005  0.233254784348342E+002 
     16.16000000 -0.233076851596393E+005  0.233254785927984E+002 
     16.18000000 -0.233076851594824E+005  0.233254787496922E+002 
     16.20000000 -0.233076851593270E+005  0.233254789050856E+002 
     16.22000000 -0.233076851591733E+005  0.233254790588147E+002 
     16.24000000 -0.233076851590212E+005  0.233254792108671E+002 
     16.26000000 -0.233076851588706E+005  0.233254793614284E+002 
     16.28000000 -0.233076851587212E+005  0.233254795108574E+002 
     16.30000000 -0.233076851585725E+005  0.233254796596058E+002 
     16.32000000 -0.233076851584239E+005  0.233254798082027E+002 
     16.34000000 -0.233076851582749E+005  0.233254799571676E+002 
     16.36000000 -0.233076851581251E+005  0.233254801069431E+002 
     16.38000000 -0.233076851579742E+005  0.233254802578911E+002 
     16.40000000 -0.233076851578219E+005  0.233254804102188E+002 
     16.42000000 -0.233076851576682E+005  0.233254805638520E+002 
     16.44000000 -0.233076851575134E+005  0.233254807187071E+002 
     16.46000000 -0.233076851573576E+005  0.233254808744440E+002 
     16.48000000 -0.233076851572013E+005  0.233254810307655E+002 
     16.50000000 -0.233076851570450E+005  0.233254811870870E+002 
     16.52000000 -0.233076851568890E+005  0.233254813431022E+002 
     16.54000000 -0.233076851567337E+005  0.233254814983905E+002 
     16.56000000 -0.233076851565794E+005  0.233254816527166E+002 
     16.58000000 -0.233076851564261E+005  0.233254818059291E+002 
     16.60000000 -0.233076851562740E+005  0.233254819580773E+002 
     16.62000000 -0.233076851561228E+005  0.233254821092790E+002 
     16.64000000 -0.233076851559723E+005  0.233254822597815E+002 
     16.66000000 -0.233076851558222E+005  0.233254824098447E+002 
     16.68000000 -0.233076851556724E+005  0.233254825597161E+002 
     16.70000000 -0.233076851555224E+005  0.233254827096277E+002 
     16.72000000 -0.233076851553724E+005  0.233254828597187E+002 
     16.74000000 -0.233076851552220E+005  0.233254830100294E+002 
     16.76000000 -0.233076851550716E+005  0.233254831604453E+002 
     16.78000000 -0.233076851549213E+005  0.233254833108178E+002 
     16.80000000 -0.233076851547712E+005  0.233254834609243E+002 
     16.82000000 -0.233076851546216E+005  0.233254836104740E+002 
     16.84000000 -0.233076851544729E+005  0.233254837592070E+002 
     16.86000000 -0.233076851543252E+005  0.233254839068881E+002 
     16.88000000 -0.233076851541786E+005  0.233254840534648E+002 
     16.90000000 -0.233076851540332E+005  0.233254841988660E+002 
     16.92000000 -0.233076851538888E+005  0.233254843433051E+002 
     16.94000000 -0.233076851537450E+005  0.233254844870605E+002 
     16.96000000 -0.233076851536015E+005  0.233254846305375E+002 
     16.98000000 -0.233076851534579E+005  0.233254847741722E+002 
     17.00000000 -0.233076851533135E+005  0.233254849186113E+002 
     17.02000000 -0.233076851531679E+005  0.233254850642136E+002 
     17.04000000 -0.233076851530206E+005  0.233254852114616E+002 
     17.06000000 -0.233076851528715E+005  0.233254853606091E+002 
     17.08000000 -0.233076851527203E+005  0.233254855117674E+002 
     17.10000000 -0.233076851525672E+005  0.233254856648314E+002 
     17.12000000 -0.233076851524125E+005  0.233254858195690E+002 
     17.14000000 -0.233076851522566E+005  0.233254859755255E+002 
     17.16000000 -0.233076851520999E+005  0.233254861322027E+002 
     17.18000000 -0.233076851519431E+005  0.233254862889945E+002 
     17.20000000 -0.233076851517867E+005  0.233254864453562E+002 
     17.22000000 -0.233076851516313E+005  0.233254866007682E+002 
     17.24000000 -0.233076851514773E+005  0.233254867547540E+002 
     17.26000000 -0.233076851513250E+005  0.233254869070941E+002 
     17.28000000 -0.233076851511745E+005  0.233254870576121E+002 
     17.30000000 -0.233076851510257E+005  0.233254872063419E+002 
     17.32000000 -0.233076851508787E+005  0.233254873533672E+002 
     17.34000000 -0.233076851507331E+005  0.233254874989262E+002 
     17.36000000 -0.233076851505888E+005  0.233254876432725E+002 
     17.38000000 -0.233076851504454E+005  0.233254877866628E+002 
     17.40000000 -0.233076851503027E+005  0.233254879293788E+002 
     17.42000000 -0.233076851501605E+005  0.233254880715874E+002 
     17.44000000 -0.233076851500186E+005  0.233254882134897E+002 
     17.46000000 -0.233076851498769E+005  0.233254883551601E+002 
     17.48000000 -0.233076851497355E+005  0.233254884966231E+002 
     17.50000000 -0.233076851495941E+005  0.233254886379686E+002 
     17.52000000 -0.233076851494530E+005  0.233254887790976E+002 
     17.54000000 -0.233076851493120E+005  0.233254889200687E+002 
     17.56000000 -0.233076851491712E+005  0.233254890608481E+002 
     17.58000000 -0.233076851490307E+005  0.233254892014048E+002 
     17.60000000 -0.233076851488903E+005  0.233254893418253E+002 
     17.62000000 -0.233076851487500E+005  0.233254894820571E+002 
     17.64000000 -0.233076851486098E+005  0.233254896222332E+002 
     17.66000000 -0.233076851484697E+005  0.233254897624094E+002 
     17.68000000 -0.233076851483294E+005  0.233254899026381E+002 
     17.70000000 -0.233076851481891E+005  0.233254900430029E+002 
     17.72000000 -0.233076851480485E+005  0.233254901835936E+002 
     17.74000000 -0.233076851479076E+005  0.233254903245184E+002 
     17.76000000 -0.233076851477663E+005  0.233254904657649E+002 
     17.78000000 -0.233076851476247E+005  0.233254906073950E+002 
     17.80000000 -0.233076851474827E+005  0.233254907494149E+002 
     17.82000000 -0.233076851473402E+005  0.233254908918617E+002 
     17.84000000 -0.233076851471973E+005  0.233254910347540E+002 
     17.86000000 -0.233076851470540E+005  0.233254911781041E+002 
     17.88000000 -0.233076851469102E+005  0.233254913218874E+002 
     17.90000000 -0.233076851467659E+005  0.233254914661656E+002 
     17.92000000 -0.233076851466212E+005  0.233254916108924E+002 
     17.94000000 -0.233076851464761E+005  0.233254917560058E+002 
     17.96000000 -0.233076851463306E+005  0.233254919014596E+002 
     17.98000000 -0.233076851461850E+005  0.233254920470959E+002 
     18.00000000 -0.233076851460393E+005  0.233254921928003E+002 
     18.02000000 -0.233076851458936E+005  0.233254923384737E+002 
     18.04000000 -0.233076851457481E+005  0.233254924839708E+002 
     18.06000000 -0.233076851456028E+005  0.233254926292389E+002 
     18.08000000 -0.233076851454578E+005  0.233254927742658E+002 
     18.10000000 -0.233076851453130E+005  0.233254929191070E+002 
     18.12000000 -0.233076851451683E+005  0.233254930638245E+002 
     18.14000000 -0.233076851450235E+005  0.233254932086163E+002 
     18.16000000 -0.233076851448785E+005  0.233254933536184E+002 
     18.18000000 -0.233076851447331E+005  0.233254934989793E+002 
     18.20000000 -0.233076851445872E+005  0.233254936448291E+002 
     18.22000000 -0.233076851444408E+005  0.233254937912295E+002 
     18.24000000 -0.233076851442939E+005  0.233254939381960E+002 
     18.26000000 -0.233076851441463E+005  0.233254940857503E+002 
     18.28000000 -0.233076851439983E+005  0.233254942337934E+002 
     18.30000000 -0.233076851438499E+005  0.233254943822016E+002 
     18.32000000 -0.233076851437011E+005  0.233254945309933E+002 
     18.34000000 -0.233076851435520E+005  0.233254946800758E+002 
     18.36000000 -0.233076851434026E+005  0.233254948294894E+002 
     18.38000000 -0.233076851432529E+005  0.233254949792216E+002 
     18.40000000 -0.233076851431028E+005  0.233254951293188E+002 
     18.42000000 -0.233076851429521E+005  0.233254952799450E+002 
     18.44000000 -0.233076851428010E+005  0.233254954310724E+002 
     18.46000000 -0.233076851426494E+005  0.233254955826917E+002 
     18.48000000 -0.233076851424973E+005  0.233254957348090E+002 
     18.50000000 -0.233076851423447E+005  0.233254958873440E+002 
     18.52000000 -0.233076851421921E+005  0.233254960400120E+002 
     18.54000000 -0.233076851420394E+005  0.233254961926614E+002 
     18.56000000 -0.233076851418872E+005  0.233254963449087E+002 
     18.58000000 -0.233076851417356E+005  0.233254964964382E+002 
     18.60000000 -0.233076851415851E+005  0.233254966469871E+002 
     18.62000000 -0.233076851414358E+005  0.233254967962553E+002 
     18.64000000 -0.233076851412881E+005  0.233254969439859E+002 
     18.66000000 -0.233076851411419E+005  0.233254970901883E+002 
     18.68000000 -0.233076851409973E+005  0.233254972348068E+002 
     18.70000000 -0.233076851408541E+005  0.233254973780054E+002 
     18.72000000 -0.233076851407121E+005  0.233254975200222E+002 
     18.74000000 -0.233076851405708E+005  0.233254976612532E+002 
     18.76000000 -0.233076851404300E+005  0.233254978021038E+002 
     18.78000000 -0.233076851402890E+005  0.233254979430255E+002 
     18.80000000 -0.233076851401476E+005  0.233254980844266E+002 
     18.82000000 -0.233076851400053E+005  0.233254982267311E+002 
     18.84000000 -0.233076851398619E+005  0.233254983702205E+002 
     18.86000000 -0.233076851397171E+005  0.233254985150153E+002 
     18.88000000 -0.233076851395709E+005  0.233254986611497E+002 
     18.90000000 -0.233076851394236E+005  0.233254988084905E+002 
     18.92000000 -0.233076851392753E+005  0.233254989567935E+002 
     18.94000000 -0.233076851391264E+005  0.233254991057152E+002 
     18.96000000 -0.233076851389772E+005  0.233254992548441E+002 
     18.98000000 -0.233076851388283E+005  0.233254994037751E+002 
     19.00000000 -0.233076851386800E+005  0.233254995520935E+002 
     19.02000000 -0.233076851385326E+005  0.233254996995055E+002 
     19.04000000 -0.233076851383864E+005  0.233254998456893E+002 
     19.06000000 -0.233076851382415E+005  0.233254999905770E+002 
     19.08000000 -0.233076851380980E+005  0.233255001340818E+002 
     19.10000000 -0.233076851379558E+005  0.233255002763090E+002 
     19.12000000 -0.233076851378147E+005  0.233255004173946E+002 
     19.14000000 -0.233076851376745E+005  0.233255005575708E+002 
     19.16000000 -0.233076851375349E+005  0.233255006971313E+002 
     19.18000000 -0.233076851373957E+005  0.233255008363886E+002 
     19.20000000 -0.233076851372564E+005  0.233255009757264E+002 
     19.22000000 -0.233076851371166E+005  0.233255011154477E+002 
     19.24000000 -0.233076851369761E+005  0.233255012559363E+002 
     19.26000000 -0.233076851368346E+005  0.233255013974829E+002 
     19.28000000 -0.233076851366918E+005  0.233255015402793E+002 
     19.30000000 -0.233076851365475E+005  0.233255016845915E+002 
     19.32000000 -0.233076851364016E+005  0.233255018304382E+002 
     19.34000000 -0.233076851362542E+005  0.233255019778533E+002 
     19.36000000 -0.233076851361054E+005  0.233255021266914E+002 
     19.38000000 -0.233076851359553E+005  0.233255022767670E+002 
     19.40000000 -0.233076851358043E+005  0.233255024277892E+002 
     19.42000000 -0.233076851356527E+005  0.233255025793652E+002 
     19.44000000 -0.233076851355009E+005  0.233255027311453E+002 
     19.46000000 -0.233076851353494E+005  0.233255028827213E+002 
     19.48000000 -0.233076851351984E+005  0.233255030336909E+002 
     19.50000000 -0.233076851350483E+005  0.233255031838191E+002 
     19.52000000 -0.233076851348993E+005  0.233255033328119E+002 
     19.54000000 -0.233076851347515E+005  0.233255034805332E+002 
     19.56000000 -0.233076851346052E+005  0.233255036269151E+002 
     19.58000000 -0.233076851344600E+005  0.233255037720688E+002 
     19.60000000 -0.233076851343161E+005  0.233255039160098E+002 
     19.62000000 -0.233076851341731E+005  0.233255040590258E+002 
     19.64000000 -0.233076851340307E+005  0.233255042013303E+002 
     19.66000000 -0.233076851338889E+005  0.233255043432203E+002 
     19.68000000 -0.233076851337470E+005  0.233255044850484E+002 
     19.70000000 -0.233076851336051E+005  0.233255046270250E+002 
     19.72000000 -0.233076851334626E+005  0.233255047694533E+002 
     19.74000000 -0.233076851333195E+005  0.233255049125590E+002 
     19.76000000 -0.233076851331757E+005  0.233255050564227E+002 
     19.78000000 -0.233076851330310E+005  0.233255052011030E+002 
     19.80000000 -0.233076851328856E+005  0.233255053464919E+002 
     19.82000000 -0.233076851327396E+005  0.233255054924468E+002 
     19.84000000 -0.233076851325934E+005  0.233255056387234E+002 
     19.86000000 -0.233076851324470E+005  0.233255057850310E+002 
     19.88000000 -0.233076851323011E+005  0.233255059310200E+002 
     19.90000000 -0.233076851321556E+005  0.233255060764397E+002 
     19.92000000 -0.233076851320111E+005  0.233255062209531E+002 
     19.94000000 -0.233076851318677E+005  0.233255063643898E+002 
     19.96000000 -0.233076851317255E+005  0.233255065066077E+002 
     19.98000000 -0.233076851315844E+005  0.233255066476686E+002 
     20.00000000 -0.233076851314444E+005  0.233255067876529E+002 
     20.02000000 -0.233076851313053E+005  0.233255069268051E+002 
     20.04000000 -0.233076851311666E+005  0.233255070654375E+002 
     20.06000000 -0.233076851310281E+005  0.233255072039988E+002 
     20.08000000 -0.233076851308892E+005  0.233255073428602E+002 
     20.10000000 -0.233076851307496E+005  0.233255074825073E+002 
     20.12000000 -0.233076851306088E+005  0.233255076232743E+002 
     20.14000000 -0.233076851304666E+005  0.233255077654365E+002 
     20.16000000 -0.233076851303230E+005  0.233255079091053E+002 
     20.18000000 -0.233076851301778E+005  0.233255080542652E+002 
     20.20000000 -0.233076851300313E+005  0.233255082007305E+002 
     20.22000000 -0.233076851298839E+005  0.233255083481766E+002 
     20.24000000 -0.233076851297359E+005  0.233255084962104E+002 
     20.26000000 -0.233076851295877E+005  0.233255086443649E+002 
     20.28000000 -0.233076851294399E+005  0.233255087921790E+002 
     20.30000000 -0.233076851292928E+005  0.233255089392600E+002 
     20.32000000 -0.233076851291468E+005  0.233255090853047E+002 
     20.34000000 -0.233076851290020E+005  0.233255092300809E+002 
     20.36000000 -0.233076851288585E+005  0.233255093735610E+002 
     20.38000000 -0.233076851287163E+005  0.233255095157418E+002 
     20.40000000 -0.233076851285752E+005  0.233255096568707E+002 
     20.42000000 -0.233076851284349E+005  0.233255097972015E+002 
     20.44000000 -0.233076851282952E+005  0.233255099369260E+002 
     20.46000000 -0.233076851281556E+005  0.233255100765082E+002 
     20.48000000 -0.233076851280159E+005  0.233255102162079E+002 
     20.50000000 -0.233076851278757E+005  0.233255103563655E+002 
     20.52000000 -0.233076851277348E+005  0.233255104972345E+002 
     20.54000000 -0.233076851275931E+005  0.233255106389822E+002 
     20.56000000 -0.233076851274503E+005  0.233255107817631E+002 
     20.58000000 -0.233076851273065E+005  0.233255109256021E+002 
     20.60000000 -0.233076851271616E+005  0.233255110704309E+002 
     20.62000000 -0.233076851270160E+005  0.233255112161105E+002 
     20.64000000 -0.233076851268696E+005  0.233255113625017E+002 
     20.66000000 -0.233076851267228E+005  0.233255115092455E+002 
     20.68000000 -0.233076851265758E+005  0.233255116562367E+002 
     20.70000000 -0.233076851264289E+005  0.233255118031940E+002 
     20.72000000 -0.233076851262821E+005  0.233255119499718E+002 
     20.74000000 -0.233076851261356E+005  0.233255120964898E+002 
     20.76000000 -0.233076851259893E+005  0.233255122427479E+002 
     20.78000000 -0.233076851258433E+005  0.233255123887956E+002 
     20.80000000 -0.233076851256973E+005  0.233255125347877E+002 
     20.82000000 -0.233076851255512E+005  0.233255126808973E+002 
     20.84000000 -0.233076851254048E+005  0.233255128272946E+002 
     20.86000000 -0.233076851252580E+005  0.233255129741126E+002 
     20.88000000 -0.233076851251106E+005  0.233255131214720E+002 
     20.90000000 -0.233076851249627E+005  0.233255132694069E+002 
     20.92000000 -0.233076851248142E+005  0.233255134178490E+002 
     20.94000000 -0.233076851246654E+005  0.233255135667057E+002 
     20.96000000 -0.233076851245163E+005  0.233255137157728E+002 
     20.98000000 -0.233076851243673E+005  0.233255138647935E+002 
     21.00000000 -0.233076851242185E+005  0.233255140135852E+002 
     21.02000000 -0.233076851240702E+005  0.233255141618417E+002 
     21.04000000 -0.233076851239227E+005  0.233255143093991E+002 
     21.06000000 -0.233076851237760E+005  0.233255144560965E+002 
     21.08000000 -0.233076851236302E+005  0.233255146018689E+002 
     21.10000000 -0.233076851234853E+005  0.233255147467349E+002 
     21.12000000 -0.233076851233413E+005  0.233255148907811E+002 
     21.14000000 -0.233076851231979E+005  0.233255150341746E+002 
     21.16000000 -0.233076851230549E+005  0.233255151771411E+002 
     21.18000000 -0.233076851229122E+005  0.233255153198911E+002 
     21.20000000 -0.233076851227694E+005  0.233255154627061E+002 
     21.22000000 -0.233076851226263E+005  0.233255156058087E+002 
     21.24000000 -0.233076851224827E+005  0.233255157493723E+002 
     21.26000000 -0.233076851223385E+005  0.233255158935515E+002 
     21.28000000 -0.233076851221938E+005  0.233255160382814E+002 
     21.30000000 -0.233076851220485E+005  0.233255161835496E+002 
     21.32000000 -0.233076851219029E+005  0.233255163291735E+002 
     21.34000000 -0.233076851217572E+005  0.233255164749180E+002 
     21.36000000 -0.233076851216116E+005  0.233255166205110E+002 
     21.38000000 -0.233076851214665E+005  0.233255167656183E+002 
     21.40000000 -0.233076851213221E+005  0.233255169099800E+002 
     21.42000000 -0.233076851211787E+005  0.233255170533488E+002 
     21.44000000 -0.233076851210365E+005  0.233255171955605E+002 
     21.46000000 -0.233076851208955E+005  0.233255173365533E+002 
     21.48000000 -0.233076851207557E+005  0.233255174763860E+002 
     21.50000000 -0.233076851206169E+005  0.233255176151639E+002 
     21.52000000 -0.233076851204789E+005  0.233255177531807E+002 
     21.54000000 -0.233076851203413E+005  0.233255178907489E+002 
     21.56000000 -0.233076851202038E+005  0.233255180282305E+002 
     21.58000000 -0.233076851200661E+005  0.233255181660246E+002 
     21.60000000 -0.233076851199276E+005  0.233255183044467E+002 
     21.62000000 -0.233076851197883E+005  0.233255184438154E+002 
     21.64000000 -0.233076851196478E+005  0.233255185843133E+002 
     21.66000000 -0.233076851195061E+005  0.233255187260238E+002 
     21.68000000 -0.233076851193631E+005  0.233255188689501E+002 
     21.70000000 -0.233076851192191E+005  0.233255190129716E+002 
     21.72000000 -0.233076851190742E+005  0.233255191579273E+002 
     21.74000000 -0.233076851189285E+005  0.233255193036162E+002 
     21.76000000 -0.233076851187823E+005  0.233255194497784E+002 
     21.78000000 -0.233076851186359E+005  0.233255195962097E+002 
     21.80000000 -0.233076851184893E+005  0.233255197427833E+002 
     21.82000000 -0.233076851183427E+005  0.233255198893756E+002 
     21.84000000 -0.233076851181961E+005  0.233255200359678E+002 
     21.86000000 -0.233076851180495E+005  0.233255201825971E+002 
     21.88000000 -0.233076851179028E+005  0.233255203293192E+002 
     21.90000000 -0.233076851177559E+005  0.233255204761961E+002 
     21.92000000 -0.233076851176088E+005  0.233255206232368E+002 
     21.94000000 -0.233076851174616E+005  0.233255207705127E+002 
     21.96000000 -0.233076851173142E+005  0.233255209178907E+002 
     21.98000000 -0.233076851171667E+005  0.233255210653800E+002 
     22.00000000 -0.233076851170193E+005  0.233255212127828E+002 
     22.02000000 -0.233076851168720E+005  0.233255213600679E+002 
     22.04000000 -0.233076851167250E+005  0.233255215071118E+002 
     22.06000000 -0.233076851165782E+005  0.233255216538958E+002 
     22.08000000 -0.233076851164316E+005  0.233255218004447E+002 
     22.10000000 -0.233076851162853E+005  0.233255219468204E+002 
     22.12000000 -0.233076851161389E+005  0.233255220931403E+002 
     22.14000000 -0.233076851159926E+005  0.233255222395098E+002 
     22.16000000 -0.233076851158460E+005  0.233255223860401E+002 
     22.18000000 -0.233076851156993E+005  0.233255225327901E+002 
     22.20000000 -0.233076851155524E+005  0.233255226797257E+002 
     22.22000000 -0.233076851154053E+005  0.233255228267603E+002 
     22.24000000 -0.233076851152583E+005  0.233255229737701E+002 
     22.26000000 -0.233076851151115E+005  0.233255231205541E+002 
     22.28000000 -0.233076851149651E+005  0.233255232669546E+002 
     22.30000000 -0.233076851148193E+005  0.233255234127610E+002 
     22.32000000 -0.233076851146741E+005  0.233255235579766E+002 
     22.34000000 -0.233076851145296E+005  0.233255237025239E+002 
     22.36000000 -0.233076851143854E+005  0.233255238466351E+002 
     22.38000000 -0.233076851142415E+005  0.233255239905359E+002 
     22.40000000 -0.233076851140975E+005  0.233255241345295E+002 
     22.42000000 -0.233076851139530E+005  0.233255242790737E+002 
     22.44000000 -0.233076851138076E+005  0.233255244244594E+002 
     22.46000000 -0.233076851136611E+005  0.233255245709836E+002 
     22.48000000 -0.233076851135132E+005  0.233255247188380E+002 
     22.50000000 -0.233076851133641E+005  0.233255248679917E+002 
     22.52000000 -0.233076851132138E+005  0.233255250182498E+002 
     22.54000000 -0.233076851130628E+005  0.233255251692689E+002 
     22.56000000 -0.233076851129115E+005  0.233255253205726E+002 
     22.58000000 -0.233076851127605E+005  0.233255254716227E+002 
     22.60000000 -0.233076851126102E+005  0.233255256218777E+002 
     22.62000000 -0.233076851124612E+005  0.233255257708272E+002 
     22.64000000 -0.233076851123139E+005  0.233255259181897E+002 
     22.66000000 -0.233076851121683E+005  0.233255260637393E+002 
     22.68000000 -0.233076851120246E+005  0.233255262074886E+002 
     22.70000000 -0.233076851118824E+005  0.233255263496848E+002 
     22.72000000 -0.233076851117415E+005  0.233255264906158E+002 
     22.74000000 -0.233076851116013E+005  0.233255266307950E+002 
     22.76000000 -0.233076851114614E+005  0.233255267706989E+002 
     22.78000000 -0.233076851113212E+005  0.233255269108936E+002 
     22.80000000 -0.233076851111803E+005  0.233255270517534E+002 
     22.82000000 -0.233076851110384E+005  0.233255271936898E+002 
     22.84000000 -0.233076851108951E+005  0.233255273369378E+002 
     22.86000000 -0.233076851107505E+005  0.233255274815563E+002 
     22.88000000 -0.233076851106046E+005  0.233255276275267E+002 
     22.90000000 -0.233076851104574E+005  0.233255277746541E+002 
     22.92000000 -0.233076851103094E+005  0.233255279226632E+002 
     22.94000000 -0.233076851101609E+005  0.233255280711920E+002 
     22.96000000 -0.233076851100123E+005  0.233255282198105E+002 
     22.98000000 -0.233076851098640E+005  0.233255283680392E+002 
     23.00000000 -0.233076851097166E+005  0.233255285155161E+002 
     23.02000000 -0.233076851095702E+005  0.233255286618454E+002 
     23.04000000 -0.233076851094253E+005  0.233255288068104E+002 
     23.06000000 -0.233076851092818E+005  0.233255289502935E+002 
     23.08000000 -0.233076851091396E+005  0.233255290924372E+002 
     23.10000000 -0.233076851089987E+005  0.233255292333805E+002 
     23.12000000 -0.233076851088586E+005  0.233255293734886E+002 
     23.14000000 -0.233076851087189E+005  0.233255295131512E+002 
     23.16000000 -0.233076851085793E+005  0.233255296528014E+002 
     23.18000000 -0.233076851084393E+005  0.233255297928229E+002 
     23.20000000 -0.233076851082986E+005  0.233255299335001E+002 
     23.22000000 -0.233076851081571E+005  0.233255300749477E+002 
     23.24000000 -0.233076851080148E+005  0.233255302172306E+002 
     23.26000000 -0.233076851078719E+005  0.233255303601291E+002 
     23.28000000 -0.233076851077286E+005  0.233255305034730E+002 
     23.30000000 -0.233076851075852E+005  0.233255306469036E+002 
     23.32000000 -0.233076851074419E+005  0.233255307901424E+002 
     23.34000000 -0.233076851072993E+005  0.233255309328212E+002 
     23.36000000 -0.233076851071574E+005  0.233255310746771E+002 
     23.38000000 -0.233076851070165E+005  0.233255312155772E+002 
     23.40000000 -0.233076851068767E+005  0.233255313553790E+002 
     23.42000000 -0.233076851067380E+005  0.233255314940949E+002 
     23.44000000 -0.233076851066003E+005  0.233255316317838E+002 
     23.46000000 -0.233076851064635E+005  0.233255317685632E+002 
     23.48000000 -0.233076851063275E+005  0.233255319046156E+002 
     23.50000000 -0.233076851061919E+005  0.233255320401390E+002 
     23.52000000 -0.233076851060568E+005  0.233255321752850E+002 
     23.54000000 -0.233076851059218E+005  0.233255323102330E+002 
     23.56000000 -0.233076851057869E+005  0.233255324451500E+002 
     23.58000000 -0.233076851056519E+005  0.233255325801568E+002 
     23.60000000 -0.233076851055167E+005  0.233255327153584E+002 
     23.62000000 -0.233076851053813E+005  0.233255328508169E+002 
     23.64000000 -0.233076851052455E+005  0.233255329865692E+002 
     23.66000000 -0.233076851051094E+005  0.233255331226556E+002 
     23.68000000 -0.233076851049730E+005  0.233255332590823E+002 
     23.70000000 -0.233076851048363E+005  0.233255333957905E+002 
     23.72000000 -0.233076851046993E+005  0.233255335327834E+002 
     23.74000000 -0.233076851045621E+005  0.233255336700237E+002 
     23.76000000 -0.233076851044246E+005  0.233255338074930E+002 
     23.78000000 -0.233076851042869E+005  0.233255339452190E+002 
     23.80000000 -0.233076851041489E+005  0.233255340832172E+002 
     23.82000000 -0.233076851040105E+005  0.233255342215991E+002 
     23.84000000 -0.233076851038716E+005  0.233255343604697E+002 
     23.86000000 -0.233076851037321E+005  0.233255345000055E+002 
     23.88000000 -0.233076851035917E+005  0.233255346403827E+002 
     23.90000000 -0.233076851034504E+005  0.233255347817035E+002 
     23.92000000 -0.233076851033080E+005  0.233255349240884E+002 
     23.94000000 -0.233076851031646E+005  0.233255350675221E+002 
     23.96000000 -0.233076851030201E+005  0.233255352119488E+002 
     23.98000000 -0.233076851028750E+005  0.233255353571148E+002 
     24.00000000 -0.233076851027293E+005  0.233255355028099E+002 
     24.02000000 -0.233076851025834E+005  0.233255356486473E+002 
     24.04000000 -0.233076851024378E+005  0.233255357942929E+002 
     24.06000000 -0.233076851022927E+005  0.233255359394156E+002 
     24.08000000 -0.233076851021483E+005  0.233255360838083E+002 
     24.10000000 -0.233076851020048E+005  0.233255362273007E+002 
     24.12000000 -0.233076851018621E+005  0.233255363699703E+002 
     24.14000000 -0.233076851017201E+005  0.233255365119747E+002 
     24.16000000 -0.233076851015784E+005  0.233255366536729E+002 
     24.18000000 -0.233076851014366E+005  0.233255367954422E+002 
     24.20000000 -0.233076851012943E+005  0.233255369377653E+002 
     24.22000000 -0.233076851011510E+005  0.233255370810814E+002 
     24.24000000 -0.233076851010064E+005  0.233255372257216E+002 
     24.26000000 -0.233076851008602E+005  0.233255373718992E+002 
     24.28000000 -0.233076851007124E+005  0.233255375197103E+002 
     24.30000000 -0.233076851005631E+005  0.233255376689877E+002 
     24.32000000 -0.233076851004126E+005  0.233255378194531E+002 
     24.34000000 -0.233076851002613E+005  0.233255379707599E+002 
     24.36000000 -0.233076851001097E+005  0.233255381224101E+002 
     24.38000000 -0.233076850999581E+005  0.233255382740170E+002 
     24.40000000 -0.233076850998069E+005  0.233255384251815E+002 
     24.42000000 -0.233076850996564E+005  0.233255385757026E+002 
     24.44000000 -0.233076850995066E+005  0.233255387254564E+002 
     24.46000000 -0.233076850993576E+005  0.233255388744740E+002 
     24.48000000 -0.233076850992091E+005  0.233255390229533E+002 
     24.50000000 -0.233076850990609E+005  0.233255391711418E+002 
     24.52000000 -0.233076850989128E+005  0.233255393192622E+002 
     24.54000000 -0.233076850987645E+005  0.233255394675868E+002 
     24.56000000 -0.233076850986157E+005  0.233255396163445E+002 
     24.58000000 -0.233076850984665E+005  0.233255397655694E+002 
     24.60000000 -0.233076850983167E+005  0.233255399153325E+002 
     24.62000000 -0.233076850981666E+005  0.233255400654947E+002 
     24.64000000 -0.233076850980162E+005  0.233255402159167E+002 
     24.66000000 -0.233076850978657E+005  0.233255403663543E+002 
     24.68000000 -0.233076850977155E+005  0.233255405166000E+002 
     24.70000000 -0.233076850975656E+005  0.233255406664312E+002 
     24.72000000 -0.233076850974164E+005  0.233255408156312E+002 
     24.74000000 -0.233076850972680E+005  0.233255409641074E+002 
     24.76000000 -0.233076850971202E+005  0.233255411118567E+002 
     24.78000000 -0.233076850969731E+005  0.233255412589469E+002 
     24.80000000 -0.233076850968265E+005  0.233255414055577E+002 
     24.82000000 -0.233076850966802E+005  0.233255415519210E+002 
     24.84000000 -0.233076850965336E+005  0.233255416984389E+002 
     24.86000000 -0.233076850963867E+005  0.233255418453776E+002 
     24.88000000 -0.233076850962389E+005  0.233255419931578E+002 
     24.90000000 -0.233076850960900E+005  0.233255421420578E+002 
     24.92000000 -0.233076850959398E+005  0.233255422922757E+002 
     24.94000000 -0.233076850957881E+005  0.233255424439568E+002 
     24.96000000 -0.233076850956350E+005  0.233255425970981E+002 
     24.98000000 -0.233076850954805E+005  0.233255427515511E+002 
     25.00000000 -0.233076850953250E+005  0.233255429070868E+002 
     25.02000000 -0.233076850951687E+005  0.233255430633496E+002 
     25.04000000 -0.233076850950121E+005  0.233255432199340E+002 
     25.06000000 -0.233076850948557E+005  0.233255433764071E+002 
     25.08000000 -0.233076850946997E+005  0.233255435323357E+002 
     25.10000000 -0.233076850945448E+005  0.233255436873239E+002 
     25.12000000 -0.233076850943911E+005  0.233255438410159E+002 
     25.14000000 -0.233076850942388E+005  0.233255439932538E+002 
     25.16000000 -0.233076850940881E+005  0.233255441439265E+002 
     25.18000000 -0.233076850939391E+005  0.233255442930152E+002 
     25.20000000 -0.233076850937914E+005  0.233255444406654E+002 
     25.22000000 -0.233076850936450E+005  0.233255445870968E+002 
     25.24000000 -0.233076850934995E+005  0.233255447326217E+002 
     25.26000000 -0.233076850933546E+005  0.233255448775217E+002 
     25.28000000 -0.233076850932098E+005  0.233255450222268E+002 
     25.30000000 -0.233076850930651E+005  0.233255451669629E+002 
     25.32000000 -0.233076850929200E+005  0.233255453120578E+002 
     25.34000000 -0.233076850927744E+005  0.233255454577034E+002 
     25.36000000 -0.233076850926280E+005  0.233255456040481E+002 
     25.38000000 -0.233076850924809E+005  0.233255457512033E+002 
     25.40000000 -0.233076850923329E+005  0.233255458992124E+002 
     25.42000000 -0.233076850921840E+005  0.233255460480413E+002 
     25.44000000 -0.233076850920345E+005  0.233255461976188E+002 
     25.46000000 -0.233076850918841E+005  0.233255463479851E+002 
     25.48000000 -0.233076850917331E+005  0.233255464989455E+002 
     25.50000000 -0.233076850915816E+005  0.233255466504936E+002 
     25.52000000 -0.233076850914296E+005  0.233255468025058E+002 
     25.54000000 -0.233076850912772E+005  0.233255469548489E+002 
     25.56000000 -0.233076850911247E+005  0.233255471074241E+002 
     25.58000000 -0.233076850909721E+005  0.233255472599776E+002 
     25.60000000 -0.233076850908197E+005  0.233255474123425E+002 
     25.62000000 -0.233076850906678E+005  0.233255475643237E+002 
     25.64000000 -0.233076850905164E+005  0.233255477156305E+002 
     25.66000000 -0.233076850903660E+005  0.233255478660835E+002 
     25.68000000 -0.233076850902166E+005  0.233255480154537E+002 
     25.70000000 -0.233076850900684E+005  0.233255481637226E+002 
     25.72000000 -0.233076850899213E+005  0.233255483107944E+002 
     25.74000000 -0.233076850897754E+005  0.233255484567276E+002 
     25.76000000 -0.233076850896304E+005  0.233255486017050E+002 
     25.78000000 -0.233076850894862E+005  0.233255487458718E+002 
     25.80000000 -0.233076850893425E+005  0.233255488895932E+002 
     25.82000000 -0.233076850891990E+005  0.233255490330856E+002 
     25.84000000 -0.233076850890554E+005  0.233255491766833E+002 
     25.86000000 -0.233076850889115E+005  0.233255493206212E+002 
     25.88000000 -0.233076850887669E+005  0.233255494651562E+002 
     25.90000000 -0.233076850886216E+005  0.233255496104336E+002 
     25.92000000 -0.233076850884756E+005  0.233255497564380E+002 
     25.94000000 -0.233076850883289E+005  0.233255499032220E+002 
     25.96000000 -0.233076850881815E+005  0.233255500506186E+002 
     25.98000000 -0.233076850880336E+005  0.233255501985132E+002 
     26.00000000 -0.233076850878854E+005  0.233255503467233E+002 
     26.02000000 -0.233076850877370E+005  0.233255504951098E+002 
     26.04000000 -0.233076850875885E+005  0.233255506435829E+002 
     26.06000000 -0.233076850874400E+005  0.233255507920900E+002 
     26.08000000 -0.233076850872913E+005  0.233255509407519E+002 
     26.10000000 -0.233076850871423E+005  0.233255510897725E+002 
     26.12000000 -0.233076850869927E+005  0.233255512393284E+002 
     26.14000000 -0.233076850868423E+005  0.233255513897473E+002 
     26.16000000 -0.233076850866908E+005  0.233255515412460E+002 
     26.18000000 -0.233076850865380E+005  0.233255516940315E+002 
     26.20000000 -0.233076850863840E+005  0.233255518481225E+002 
     26.22000000 -0.233076850862286E+005  0.233255520034881E+002 
     26.24000000 -0.233076850860722E+005  0.233255521599055E+002 
     26.26000000 -0.233076850859151E+005  0.233255523169942E+002 
     26.28000000 -0.233076850857578E+005  0.233255524742686E+002 
     26.30000000 -0.233076850856009E+005  0.233255526311933E+002 
     26.32000000 -0.233076850854447E+005  0.233255527873601E+002 
     26.34000000 -0.233076850852898E+005  0.233255529422679E+002 
     26.36000000 -0.233076850851365E+005  0.233255530955824E+002 
     26.38000000 -0.233076850849849E+005  0.233255532471306E+002 
     26.40000000 -0.233076850848352E+005  0.233255533968349E+002 
     26.42000000 -0.233076850846873E+005  0.233255535447264E+002 
     26.44000000 -0.233076850845411E+005  0.233255536909660E+002 
     26.46000000 -0.233076850843964E+005  0.233255538357113E+002 
     26.48000000 -0.233076850842529E+005  0.233255539791697E+002 
     26.50000000 -0.233076850841105E+005  0.233255541215268E+002 
     26.52000000 -0.233076850839691E+005  0.233255542629744E+002 
     26.54000000 -0.233076850838284E+005  0.233255544036888E+002 
     26.56000000 -0.233076850836883E+005  0.233255545438093E+002 
     26.58000000 -0.233076850835486E+005  0.233255546835214E+002 
     26.60000000 -0.233076850834091E+005  0.233255548230200E+002 
     26.62000000 -0.233076850832695E+005  0.233255549625434E+002 
     26.64000000 -0.233076850831297E+005  0.233255551023823E+002 
     26.66000000 -0.233076850829893E+005  0.233255552428028E+002 
     26.68000000 -0.233076850828480E+005  0.233255553840865E+002 
     26.70000000 -0.233076850827056E+005  0.233255555264900E+002 
     26.72000000 -0.233076850825619E+005  0.233255556701309E+002 
     26.74000000 -0.233076850824169E+005  0.233255558151299E+002 
     26.76000000 -0.233076850822707E+005  0.233255559613818E+002 
     26.78000000 -0.233076850821233E+005  0.233255561088000E+002 
     26.80000000 -0.233076850819751E+005  0.233255562570194E+002 
     26.82000000 -0.233076850818264E+005  0.233255564056967E+002 
     26.84000000 -0.233076850816777E+005  0.233255565543987E+002 
     26.86000000 -0.233076850815295E+005  0.233255567026058E+002 
     26.88000000 -0.233076850813822E+005  0.233255568498415E+002 
     26.90000000 -0.233076850812364E+005  0.233255569957067E+002 
     26.92000000 -0.233076850810922E+005  0.233255571398581E+002 
     26.94000000 -0.233076850809500E+005  0.233255572820821E+002 
     26.96000000 -0.233076850808098E+005  0.233255574222954E+002 
     26.98000000 -0.233076850806715E+005  0.233255575605721E+002 
     27.00000000 -0.233076850805350E+005  0.233255576971040E+002 
     27.02000000 -0.233076850803998E+005  0.233255578322994E+002 
     27.04000000 -0.233076850802656E+005  0.233255579664740E+002 
     27.06000000 -0.233076850801320E+005  0.233255581000918E+002 
     27.08000000 -0.233076850799984E+005  0.233255582336972E+002 
     27.10000000 -0.233076850798644E+005  0.233255583676428E+002 
     27.12000000 -0.233076850797298E+005  0.233255585023124E+002 
     27.14000000 -0.233076850795941E+005  0.233255586379843E+002 
     27.16000000 -0.233076850794572E+005  0.233255587748348E+002 
     27.18000000 -0.233076850793191E+005  0.233255589129290E+002 
     27.20000000 -0.233076850791798E+005  0.233255590522327E+002 
     27.22000000 -0.233076850790395E+005  0.233255591926068E+002 
     27.24000000 -0.233076850788982E+005  0.233255593338533E+002 
     27.26000000 -0.233076850787564E+005  0.233255594756907E+002 
     27.28000000 -0.233076850786142E+005  0.233255596178962E+002 
     27.30000000 -0.233076850784719E+005  0.233255597601574E+002 
     27.32000000 -0.233076850783298E+005  0.233255599022299E+002 
     27.34000000 -0.233076850781881E+005  0.233255600440147E+002 
     27.36000000 -0.233076850780466E+005  0.233255601854345E+002 
     27.38000000 -0.233076850779056E+005  0.233255603265046E+002 
     27.40000000 -0.233076850777646E+005  0.233255604674387E+002 
     27.42000000 -0.233076850776236E+005  0.233255606085181E+002 
     27.44000000 -0.233076850774820E+005  0.233255607501049E+002 
     27.46000000 -0.233076850773395E+005  0.233255608926136E+002 
     27.48000000 -0.233076850771956E+005  0.233255610364587E+002 
     27.50000000 -0.233076850770501E+005  0.233255611819806E+002 
     27.52000000 -0.233076850769027E+005  0.233255613293524E+002 
     27.54000000 -0.233076850767535E+005  0.233255614785865E+002 
     27.56000000 -0.233076850766026E+005  0.233255616295252E+002 
     27.58000000 -0.233076850764503E+005  0.233255617818157E+002 
     27.60000000 -0.233076850762972E+005  0.233255619348952E+002 
     27.62000000 -0.233076850761439E+005  0.233255620881262E+002 
     27.64000000 -0.233076850759912E+005  0.233255622408468E+002 
     27.66000000 -0.233076850758396E+005  0.233255623924568E+002 
     27.68000000 -0.233076850756896E+005  0.233255625424488E+002 
     27.70000000 -0.233076850755416E+005  0.233255626904826E+002 
     27.72000000 -0.233076850753956E+005  0.233255628364901E+002 
     27.74000000 -0.233076850752515E+005  0.233255629805611E+002 
     27.76000000 -0.233076850751090E+005  0.233255631230388E+002 
     27.78000000 -0.233076850749678E+005  0.233255632643225E+002 
     27.80000000 -0.233076850748271E+005  0.233255634050183E+002 
     27.82000000 -0.233076850746864E+005  0.233255635456801E+002 
     27.84000000 -0.233076850745453E+005  0.233255636867379E+002 
     27.86000000 -0.233076850744035E+005  0.233255638285908E+002 
     27.88000000 -0.233076850742606E+005  0.233255639714490E+002 
     27.90000000 -0.233076850741168E+005  0.233255641153034E+002 
     27.92000000 -0.233076850739720E+005  0.233255642600488E+002 
     27.94000000 -0.233076850738266E+005  0.233255644054562E+002 
     27.96000000 -0.233076850736809E+005  0.233255645511636E+002 
     27.98000000 -0.233076850735352E+005  0.233255646968772E+002 
     28.00000000 -0.233076850733898E+005  0.233255648423001E+002 
     28.02000000 -0.233076850732449E+005  0.233255649871753E+002 
     28.04000000 -0.233076850731007E+005  0.233255651313886E+002 
     28.06000000 -0.233076850729571E+005  0.233255652749676E+002 
     28.08000000 -0.233076850728142E+005  0.233255654178661E+002 
     28.10000000 -0.233076850726718E+005  0.233255655602387E+002 
     28.12000000 -0.233076850725299E+005  0.233255657021967E+002 
     28.14000000 -0.233076850723881E+005  0.233255658439444E+002 
     28.16000000 -0.233076850722465E+005  0.233255659855683E+002 
     28.18000000 -0.233076850721049E+005  0.233255661272046E+002 
     28.20000000 -0.233076850719631E+005  0.233255662689770E+002 
     28.22000000 -0.233076850718211E+005  0.233255664109969E+002 
     28.24000000 -0.233076850716788E+005  0.233255665532581E+002 
     28.26000000 -0.233076850715362E+005  0.233255666958906E+002 
     28.28000000 -0.233076850713932E+005  0.233255668388447E+002 
     28.30000000 -0.233076850712500E+005  0.233255669820804E+002 
     28.32000000 -0.233076850711066E+005  0.233255671254305E+002 
     28.34000000 -0.233076850709634E+005  0.233255672687250E+002 
     28.36000000 -0.233076850708203E+005  0.233255674117317E+002 
     28.38000000 -0.233076850706780E+005  0.233255675540919E+002 
     28.40000000 -0.233076850705366E+005  0.233255676954931E+002 
     28.42000000 -0.233076850703964E+005  0.233255678356507E+002 
     28.44000000 -0.233076850702578E+005  0.233255679742769E+002 
     28.46000000 -0.233076850701208E+005  0.233255681112605E+002 
     28.48000000 -0.233076850699855E+005  0.233255682465395E+002 
     28.50000000 -0.233076850698518E+005  0.233255683802624E+002 
     28.52000000 -0.233076850697195E+005  0.233255685126056E+002 
     28.54000000 -0.233076850695882E+005  0.233255686438661E+002 
     28.56000000 -0.233076850694576E+005  0.233255687744830E+002 
     28.58000000 -0.233076850693271E+005  0.233255689049268E+002 
     28.60000000 -0.233076850691964E+005  0.233255690356768E+002 
     28.62000000 -0.233076850690649E+005  0.233255691672126E+002 
     28.64000000 -0.233076850689321E+005  0.233255693000043E+002 
     28.66000000 -0.233076850687976E+005  0.233255694344852E+002 
     28.68000000 -0.233076850686611E+005  0.233255695709861E+002 
     28.70000000 -0.233076850685223E+005  0.233255697098011E+002 
     28.72000000 -0.233076850683811E+005  0.233255698510043E+002 
     28.74000000 -0.233076850682374E+005  0.233255699946267E+002 
     28.76000000 -0.233076850680916E+005  0.233255701404857E+002 
     28.78000000 -0.233076850679437E+005  0.233255702883617E+002 
     28.80000000 -0.233076850677944E+005  0.233255704377258E+002 
     28.82000000 -0.233076850676440E+005  0.233255705880736E+002 
     28.84000000 -0.233076850674933E+005  0.233255707388174E+002 
     28.86000000 -0.233076850673428E+005  0.233255708892580E+002 
     28.88000000 -0.233076850671934E+005  0.233255710387025E+002 
     28.90000000 -0.233076850670454E+005  0.233255711866497E+002 
     28.92000000 -0.233076850668996E+005  0.233255713325242E+002 
     28.94000000 -0.233076850667561E+005  0.233255714760197E+002 
     28.96000000 -0.233076850666151E+005  0.233255716169445E+002 
     28.98000000 -0.233076850664768E+005  0.233255717553233E+002 
     29.00000000 -0.233076850663407E+005  0.233255718913509E+002 
     29.02000000 -0.233076850662067E+005  0.233255720253863E+002 
     29.04000000 -0.233076850660742E+005  0.233255721579058E+002 
     29.06000000 -0.233076850659425E+005  0.233255722896086E+002 
     29.08000000 -0.233076850658110E+005  0.233255724210980E+002 
     29.10000000 -0.233076850656790E+005  0.233255725531009E+002 
     29.12000000 -0.233076850655458E+005  0.233255726862484E+002 
     29.14000000 -0.233076850654109E+005  0.233255728211469E+002 
     29.16000000 -0.233076850652738E+005  0.233255729582790E+002 
     29.18000000 -0.233076850651341E+005  0.233255730980034E+002 
     29.20000000 -0.233076850649916E+005  0.233255732404533E+002 
     29.22000000 -0.233076850648465E+005  0.233255733856194E+002 
     29.24000000 -0.233076850646988E+005  0.233255735333253E+002 
     29.26000000 -0.233076850645488E+005  0.233255736832400E+002 
     29.28000000 -0.233076850643972E+005  0.233255738349057E+002 
     29.30000000 -0.233076850642444E+005  0.233255739876665E+002 
     29.32000000 -0.233076850640911E+005  0.233255741409718E+002 
     29.34000000 -0.233076850639380E+005  0.233255742941100E+002 
     29.36000000 -0.233076850637856E+005  0.233255744464470E+002 
     29.38000000 -0.233076850636347E+005  0.233255745973702E+002 
     29.40000000 -0.233076850634857E+005  0.233255747463444E+002 
     29.42000000 -0.233076850633392E+005  0.233255748929026E+002 
     29.44000000 -0.233076850631953E+005  0.233255750367910E+002 
     29.46000000 -0.233076850630542E+005  0.233255751778643E+002 
     29.48000000 -0.233076850629160E+005  0.233255753161131E+002 
     29.50000000 -0.233076850627803E+005  0.233255754517572E+002 
     29.52000000 -0.233076850626469E+005  0.233255755851274E+002 
     29.54000000 -0.233076850625153E+005  0.233255757167343E+002 
     29.56000000 -0.233076850623849E+005  0.233255758472214E+002 
     29.58000000 -0.233076850622548E+005  0.233255759772753E+002 
     29.60000000 -0.233076850621245E+005  0.233255761075892E+002 
     29.62000000 -0.233076850619932E+005  0.233255762388743E+002 
     29.64000000 -0.233076850618603E+005  0.233255763717435E+002 
     29.66000000 -0.233076850617254E+005  0.233255765067038E+002 
     29.68000000 -0.233076850615880E+005  0.233255766441143E+002 
     29.70000000 -0.233076850614480E+005  0.233255767840986E+002 
     29.72000000 -0.233076850613054E+005  0.233255769267125E+002 
     29.74000000 -0.233076850611603E+005  0.233255770717950E+002 
     29.76000000 -0.233076850610131E+005  0.233255772190214E+002 
     29.78000000 -0.233076850608641E+005  0.233255773679493E+002 
     29.80000000 -0.233076850607140E+005  0.233255775180929E+002 
     29.82000000 -0.233076850605632E+005  0.233255776688460E+002 
     29.84000000 -0.233076850604124E+005  0.233255778197104E+002 
     29.86000000 -0.233076850602619E+005  0.233255779701696E+002 
     29.88000000 -0.233076850601123E+005  0.233255781198182E+002 
     29.90000000 -0.233076850599637E+005  0.233255782683408E+002 
     29.92000000 -0.233076850598165E+005  0.233255784156198E+002 
     29.94000000 -0.233076850596704E+005  0.233255785617078E+002 
     29.96000000 -0.233076850595254E+005  0.233255787066449E+002 
     29.98000000 -0.233076850593813E+005  0.233255788508025E+002 
     30.00000000 -0.233076850592376E+005  0.233255789944341E+002 
