# Real time calculation: 
# Eall: Total energy
# Eall0: Initial total energy
# 1:Time[fs] 2:Eall[eV] 3:Eall-Eall0[eV] 
      0.00000000 -0.233310476379499E+005  0.000000000000000E+000 
      0.02000000 -0.233310476379901E+005 -0.401669948916151E-007 
      0.04000000 -0.233310476379906E+005 -0.406403120680181E-007 
      0.06000000 -0.233310476379903E+005 -0.403495158942803E-007 
      0.08000000 -0.233310476379878E+005 -0.378932162990907E-007 
      0.10000000 -0.233310476379803E+005 -0.303356093582238E-007 
      0.12000000 -0.233310476379626E+005 -0.126434464049623E-007 
      0.14000000 -0.233310476379268E+005  0.230811728963602E-007 
      0.16000000 -0.233310476378618E+005  0.881081470662423E-007 
      0.18000000 -0.233310476377520E+005  0.197905357686483E-006 
      0.20000000 -0.233310476375771E+005  0.372819256189780E-006 
      0.22000000 -0.233310476373113E+005  0.638622426867727E-006 
      0.24000000 -0.233310476369228E+005  0.102709208564197E-005 
      0.26000000 -0.233310476363733E+005  0.157659476598801E-005 
      0.28000000 -0.233310476356177E+005  0.233225027847994E-005 
      0.30000000 -0.233310476346034E+005  0.334647308664585E-005 
      0.32000000 -0.233310476332710E+005  0.467888878040727E-005 
      0.34000000 -0.233310476315533E+005  0.639662177867655E-005 
      0.36000000 -0.233310476293759E+005  0.857401072033584E-005 
      0.38000000 -0.233310476266574E+005  0.112925280312528E-004 
      0.40000000 -0.233310476233094E+005  0.146405386253279E-004 
      0.42000000 -0.233310476192372E+005  0.187127090314180E-004 
      0.44000000 -0.233310476143402E+005  0.236097382521971E-004 
      0.46000000 -0.233310476085121E+005  0.294378473240636E-004 
      0.48000000 -0.233310476016420E+005  0.363079347708063E-004 
      0.50000000 -0.233310475936148E+005  0.443350723506650E-004 
      0.52000000 -0.233310475843121E+005  0.536378120952352E-004 
      0.54000000 -0.233310475736125E+005  0.643373757924734E-004 
      0.56000000 -0.233310475613930E+005  0.765569372769918E-004 
      0.58000000 -0.233310475475292E+005  0.904207593222660E-004 
      0.60000000 -0.233310475318965E+005  0.106053395497945E-003 
      0.62000000 -0.233310475143710E+005  0.123578910588621E-003 
      0.64000000 -0.233310474948299E+005  0.143120036047491E-003 
      0.66000000 -0.233310474731524E+005  0.164797542000372E-003 
      0.68000000 -0.233310474492205E+005  0.188729414354391E-003 
      0.70000000 -0.233310474229195E+005  0.215030366012937E-003 
      0.72000000 -0.233310473941387E+005  0.243811261470459E-003 
      0.74000000 -0.233310473627713E+005  0.275178646588867E-003 
      0.76000000 -0.233310473287154E+005  0.309234516579314E-003 
      0.78000000 -0.233310472918740E+005  0.346075895275808E-003 
      0.80000000 -0.233310472521553E+005  0.385794627865606E-003 
      0.82000000 -0.233310472094725E+005  0.428477368514906E-003 
      0.84000000 -0.233310471637445E+005  0.474205373099233E-003 
      0.86000000 -0.233310471148954E+005  0.523054557981391E-003 
      0.88000000 -0.233310470628542E+005  0.575095759871871E-003 
      0.90000000 -0.233310470075553E+005  0.630394615179378E-003 
      0.92000000 -0.233310469489378E+005  0.689012160164634E-003 
      0.94000000 -0.233310468869450E+005  0.751004933028397E-003 
      0.96000000 -0.233310468215244E+005  0.816425490538704E-003 
      0.98000000 -0.233310467526270E+005  0.885322893722357E-003 
      1.00000000 -0.233310466802068E+005  0.957743140965605E-003 
      1.02000000 -0.233310466042202E+005  0.103372974651291E-002 
      1.04000000 -0.233310465246257E+005  0.111332424781348E-002 
      1.06000000 -0.233310464413832E+005  0.119656674999067E-002 
      1.08000000 -0.233310463544535E+005  0.128349645175000E-002 
      1.10000000 -0.233310462637978E+005  0.137415210632196E-002 
      1.12000000 -0.233310461693775E+005  0.146857246074994E-002 
      1.14000000 -0.233310460711532E+005  0.156679675395592E-002 
      1.16000000 -0.233310459690849E+005  0.166886502609816E-002 
      1.18000000 -0.233310458631314E+005  0.177481848980036E-002 
      1.20000000 -0.233310457532500E+005  0.188469992612939E-002 
      1.22000000 -0.233310456393961E+005  0.199855378977692E-002 
      1.24000000 -0.233310455215233E+005  0.211642660813074E-002 
      1.26000000 -0.233310453995830E+005  0.223836695961976E-002 
      1.28000000 -0.233310452735244E+005  0.236442554486621E-002 
      1.30000000 -0.233310451432947E+005  0.249465522999578E-002 
      1.32000000 -0.233310450088388E+005  0.262911107138616E-002 
      1.34000000 -0.233310448700999E+005  0.276785006199383E-002 
      1.36000000 -0.233310447270188E+005  0.291093106948252E-002 
      1.38000000 -0.233310445795354E+005  0.305841452995913E-002 
      1.40000000 -0.233310444275876E+005  0.321036228401424E-002 
      1.42000000 -0.233310442711128E+005  0.336683713743421E-002 
      1.44000000 -0.233310441100474E+005  0.352790248069136E-002 
      1.46000000 -0.233310439443280E+005  0.369362194246335E-002 
      1.48000000 -0.233310437738911E+005  0.386405878329227E-002 
      1.50000000 -0.233310435986745E+005  0.403927545939037E-002 
      1.52000000 -0.233310434186169E+005  0.421933301629912E-002 
      1.54000000 -0.233310432336593E+005  0.440429060629125E-002 
      1.56000000 -0.233310430437450E+005  0.459420490368487E-002 
      1.58000000 -0.233310428488203E+005  0.478912958202909E-002 
      1.60000000 -0.233310426488352E+005  0.498911468920153E-002 
      1.62000000 -0.233310424437440E+005  0.519420596063447E-002 
      1.64000000 -0.233310422335055E+005  0.540444440477555E-002 
      1.66000000 -0.233310420180844E+005  0.561986553588089E-002 
      1.68000000 -0.233310417974510E+005  0.584049896566298E-002 
      1.70000000 -0.233310415715822E+005  0.606636775363970E-002 
      1.72000000 -0.233310413404621E+005  0.629748783791621E-002 
      1.74000000 -0.233310411040822E+005  0.653386771964024E-002 
      1.76000000 -0.233310408624422E+005  0.677550770816941E-002 
      1.78000000 -0.233310406155502E+005  0.702239972308240E-002 
      1.80000000 -0.233310403634231E+005  0.727452679301952E-002 
      1.82000000 -0.233310401060871E+005  0.753186281438383E-002 
      1.84000000 -0.233310398435775E+005  0.779437239047511E-002 
      1.86000000 -0.233310395759393E+005  0.806201058400378E-002 
      1.88000000 -0.233310393032271E+005  0.833472281190933E-002 
      1.90000000 -0.233310390255051E+005  0.861244481442450E-002 
      1.92000000 -0.233310387428472E+005  0.889510268601111E-002 
      1.94000000 -0.233310384553371E+005  0.918261281348847E-002 
      1.96000000 -0.233310381630678E+005  0.947488207711588E-002 
      1.98000000 -0.233310378661418E+005  0.977180810735946E-002 
      2.00000000 -0.233310375646706E+005  0.100732793034536E-001 
      2.02000000 -0.233310372587744E+005  0.103791754706777E-001 
      2.04000000 -0.233310369485821E+005  0.106893678172625E-001 
      2.06000000 -0.233310366342303E+005  0.110037196411642E-001 
      2.08000000 -0.233310363158632E+005  0.113220867291356E-001 
      2.10000000 -0.233310359936322E+005  0.116443177372363E-001 
      2.12000000 -0.233310356676951E+005  0.119702548064539E-001 
      2.14000000 -0.233310353382159E+005  0.122997340545830E-001 
      2.16000000 -0.233310350053638E+005  0.126325861299755E-001 
      2.18000000 -0.233310346693131E+005  0.129686368024130E-001 
      2.20000000 -0.233310343302424E+005  0.133077074766415E-001 
      2.22000000 -0.233310339883341E+005  0.136496157832433E-001 
      2.24000000 -0.233310336437740E+005  0.139941759405864E-001 
      2.26000000 -0.233310332967504E+005  0.143411994880016E-001 
      2.28000000 -0.233310329474543E+005  0.146904956198889E-001 
      2.30000000 -0.233310325960783E+005  0.150418716311924E-001 
      2.32000000 -0.233310322428164E+005  0.153951335453962E-001 
      2.34000000 -0.233310318878636E+005  0.157500862753908E-001 
      2.36000000 -0.233310315314158E+005  0.161065341029769E-001 
      2.38000000 -0.233310311736690E+005  0.164642808768546E-001 
      2.40000000 -0.233310308148194E+005  0.168231305447185E-001 
      2.42000000 -0.233310304550628E+005  0.171828871161345E-001 
      2.44000000 -0.233310300945950E+005  0.175433549131199E-001 
      2.46000000 -0.233310297336112E+005  0.179043387619450E-001 
      2.48000000 -0.233310293723060E+005  0.182656438662962E-001 
      2.50000000 -0.233310290108739E+005  0.186270760454818E-001 
      2.52000000 -0.233310286495085E+005  0.189884413941382E-001 
      2.54000000 -0.233310282884034E+005  0.193495465513713E-001 
      2.56000000 -0.233310279277517E+005  0.197101982181587E-001 
      2.58000000 -0.233310275677467E+005  0.200702032254080E-001 
      2.60000000 -0.233310272085816E+005  0.204293683266873E-001 
      2.62000000 -0.233310268504501E+005  0.207874998146221E-001 
      2.64000000 -0.233310264935465E+005  0.211444033754969E-001 
      2.66000000 -0.233310261380660E+005  0.214998839655119E-001 
      2.68000000 -0.233310257842043E+005  0.218537456344498E-001 
      2.70000000 -0.233310254321588E+005  0.222057910832938E-001 
      2.72000000 -0.233310250821283E+005  0.225558216023564E-001 
      2.74000000 -0.233310247343130E+005  0.229036369660977E-001 
      2.76000000 -0.233310243889150E+005  0.232490349412467E-001 
      2.78000000 -0.233310240461385E+005  0.235918113857958E-001 
      2.80000000 -0.233310237061899E+005  0.239317599674856E-001 
      2.82000000 -0.233310233692778E+005  0.242686720957457E-001 
      2.84000000 -0.233310230356131E+005  0.246023367793906E-001 
      2.86000000 -0.233310227054093E+005  0.249325405987774E-001 
      2.88000000 -0.233310223788821E+005  0.252590677862388E-001 
      2.90000000 -0.233310220562498E+005  0.255817001580243E-001 
      2.92000000 -0.233310217377326E+005  0.259002173061022E-001 
      2.94000000 -0.233310214235533E+005  0.262143966074399E-001 
      2.96000000 -0.233310211139364E+005  0.265240135550170E-001 
      2.98000000 -0.233310208091081E+005  0.268288418011352E-001 
      3.00000000 -0.233310205092962E+005  0.271286536771391E-001 
      3.02000000 -0.233310202147297E+005  0.274232202676619E-001 
      3.04000000 -0.233310199256380E+005  0.277123119179723E-001 
      3.06000000 -0.233310196422513E+005  0.279956986268583E-001 
      3.08000000 -0.233310193647993E+005  0.282731505725354E-001 
      3.10000000 -0.233310190935115E+005  0.285444384374719E-001 
      3.12000000 -0.233310188286158E+005  0.288093340982567E-001 
      3.14000000 -0.233310185703386E+005  0.290676112938117E-001 
      3.16000000 -0.233310183189040E+005  0.293190459100004E-001 
      3.18000000 -0.233310180745332E+005  0.295634167282743E-001 
      3.20000000 -0.233310178374441E+005  0.298005058649596E-001 
      3.22000000 -0.233310176078505E+005  0.300300994456578E-001 
      3.24000000 -0.233310173859617E+005  0.302519881930247E-001 
      3.26000000 -0.233310171719813E+005  0.304659686208909E-001 
      3.28000000 -0.233310169661049E+005  0.306718450358058E-001 
      3.30000000 -0.233310167685153E+005  0.308694346012219E-001 
      3.32000000 -0.233310165793732E+005  0.310585767450606E-001 
      3.34000000 -0.233310163987994E+005  0.312391505239557E-001 
      3.36000000 -0.233310162268463E+005  0.314111036471867E-001 
      3.38000000 -0.233310160634516E+005  0.315744983358542E-001 
      3.40000000 -0.233310159083712E+005  0.317295787380945E-001 
      3.42000000 -0.233310157610839E+005  0.318768660070547E-001 
      3.44000000 -0.233310156206635E+005  0.320172864244490E-001 
      3.46000000 -0.233310154856138E+005  0.321523361025619E-001 
      3.48000000 -0.233310153536639E+005  0.322842859862701E-001 
      3.50000000 -0.233310152215232E+005  0.324164267188883E-001 
      3.52000000 -0.233310150845990E+005  0.325533509557573E-001 
      3.54000000 -0.233310149366835E+005  0.327012664125115E-001 
      3.56000000 -0.233310147696212E+005  0.328683287555459E-001 
      3.58000000 -0.233310145729704E+005  0.330649794793279E-001 
      3.60000000 -0.233310143336819E+005  0.333042680466862E-001 
      3.62000000 -0.233310140358151E+005  0.336021348180197E-001 
      3.64000000 -0.233310136603234E+005  0.339776265560112E-001 
      3.66000000 -0.233310131849364E+005  0.344530135143974E-001 
      3.68000000 -0.233310125841727E+005  0.350537772307162E-001 
      3.70000000 -0.233310118295134E+005  0.358084364940784E-001 
      3.72000000 -0.233310108897674E+005  0.367481824794953E-001 
      3.74000000 -0.233310097316514E+005  0.379062984795824E-001 
      3.76000000 -0.233310083206044E+005  0.393173455577170E-001 
      3.78000000 -0.233310066218447E+005  0.410161052193373E-001 
      3.80000000 -0.233310046016685E+005  0.430362814463151E-001 
      3.82000000 -0.233310022289724E+005  0.454089774911293E-001 
      3.84000000 -0.233309994769715E+005  0.481609784655997E-001 
      3.86000000 -0.233309963250636E+005  0.513128863505629E-001 
      3.88000000 -0.233309927607786E+005  0.548771713274014E-001 
      3.90000000 -0.233309887817295E+005  0.588562204552854E-001 
      3.92000000 -0.233309843974702E+005  0.632404796785175E-001 
      3.94000000 -0.233309796311506E+005  0.680067993262345E-001 
      3.96000000 -0.233309745208446E+005  0.731171052697943E-001 
      3.98000000 -0.233309691204253E+005  0.785175246378925E-001 
      4.00000000 -0.233309634998524E+005  0.841380974674074E-001 
      4.02000000 -0.233309577447443E+005  0.898932056308496E-001 
      4.04000000 -0.233309519551097E+005  0.956828401786785E-001 
      4.06000000 -0.233309462431338E+005  0.101394816111020E+000 
      4.08000000 -0.233309407299283E+005  0.106908021628929E+000 
      4.10000000 -0.233309355411878E+005  0.112096762094040E+000 
      4.12000000 -0.233309308017237E+005  0.116836226183017E+000 
      4.14000000 -0.233309266288870E+005  0.121009062926709E+000 
      4.16000000 -0.233309231249370E+005  0.124513012947296E+000 
      4.18000000 -0.233309203684582E+005  0.127269491715712E+000 
      4.20000000 -0.233309184049782E+005  0.129232971703492E+000 
      4.22000000 -0.233309172369898E+005  0.130400960069718E+000 
      4.24000000 -0.233309168136312E+005  0.130824318751175E+000 
      4.26000000 -0.233309170203229E+005  0.130617627045877E+000 
      4.28000000 -0.233309176687041E+005  0.129969245845900E+000 
      4.30000000 -0.233309184872421E+005  0.129150707857276E+000 
      4.32000000 -0.233309191129179E+005  0.128525032022544E+000 
      4.34000000 -0.233309190844045E+005  0.128553545373147E+000 
      4.36000000 -0.233309178371563E+005  0.129800793586868E+000 
      4.38000000 -0.233309147008180E+005  0.132937131926051E+000 
      4.40000000 -0.233309088993366E+005  0.138738613318197E+000 
      4.42000000 -0.233308995541183E+005  0.148083831593350E+000 
      4.44000000 -0.233308856905158E+005  0.161947434124636E+000 
      4.46000000 -0.233308662478621E+005  0.181390087828944E+000 
      4.48000000 -0.233308400931816E+005  0.207544768362448E+000 
      4.50000000 -0.233308060386104E+005  0.241599339471568E+000 
      4.52000000 -0.233307628624520E+005  0.284775497957879E+000 
      4.54000000 -0.233307093336739E+005  0.338304275972086E+000 
      4.56000000 -0.233306442395365E+005  0.403398413379077E+000 
      4.58000000 -0.233305664159110E+005  0.481222038909549E+000 
      4.60000000 -0.233304747797293E+005  0.572858220573846E+000 
      4.62000000 -0.233303683628873E+005  0.679275062623915E+000 
      4.64000000 -0.233302463468160E+005  0.801291133950111E+000 
      4.66000000 -0.233301080968411E+005  0.939541108783969E+000 
      4.68000000 -0.233299531953739E+005  0.109444257600869E+001 
      4.70000000 -0.233297814729232E+005  0.126616502675574E+001 
      4.72000000 -0.233295930358890E+005  0.145460206092014E+001 
      4.74000000 -0.233293882900947E+005  0.165934785520093E+001 
      4.76000000 -0.233291679590469E+005  0.187967890305663E+001 
      4.78000000 -0.233289330959741E+005  0.211454197582091E+001 
      4.80000000 -0.233286850887915E+005  0.236254915846549E+001 
      4.82000000 -0.233284256572664E+005  0.262198068349236E+001 
      4.84000000 -0.233281568418238E+005  0.289079612615646E+001 
      4.86000000 -0.233278809836169E+005  0.316665433300587E+001 
      4.88000000 -0.233276006957096E+005  0.344694224033951E+001 
      4.90000000 -0.233273188254467E+005  0.372881250320414E+001 
      4.92000000 -0.233270384083431E+005  0.400922960686633E+001 
      4.94000000 -0.233267626140743E+005  0.428502387560001E+001 
      4.96000000 -0.233264946854112E+005  0.455295253872904E+001 
      4.98000000 -0.233262378711805E+005  0.480976676943762E+001 
      5.00000000 -0.233259953545608E+005  0.505228338911447E+001 
      5.02000000 -0.233257701782209E+005  0.527745972899789E+001 
      5.04000000 -0.233255651679684E+005  0.548246998147994E+001 
      5.06000000 -0.233253828566939E+005  0.566478125603903E+001 
      5.08000000 -0.233252254104661E+005  0.582222748384695E+001 
      5.10000000 -0.233250945586556E+005  0.595307929427659E+001 
      5.12000000 -0.233249915299277E+005  0.605610802217147E+001 
      5.14000000 -0.233249169958547E+005  0.613064209520684E+001 
      5.16000000 -0.233248710237637E+005  0.617661418622316E+001 
      5.18000000 -0.233248530402531E+005  0.619459769680488E+001 
      5.20000000 -0.233248618065845E+005  0.618583136544881E+001 
      5.22000000 -0.233248954069119E+005  0.615223103804657E+001 
      5.24000000 -0.233249512500354E+005  0.609638791453524E+001 
      5.26000000 -0.233250260850807E+005  0.602155286923268E+001 
      5.28000000 -0.233251160312222E+005  0.593160672767580E+001 
      5.30000000 -0.233252166212855E+005  0.583101666445668E+001 
      5.32000000 -0.233253228587962E+005  0.572477915374958E+001 
      5.34000000 -0.233254292877952E+005  0.561835015469014E+001 
      5.36000000 -0.233255300745055E+005  0.551756344439457E+001 
      5.38000000 -0.233256190997286E+005  0.542853822136095E+001 
      5.40000000 -0.233256900606589E+005  0.535757729102813E+001 
      5.42000000 -0.233257365806318E+005  0.531105731813034E+001 
      5.44000000 -0.233257523251623E+005  0.529531278763031E+001 
      5.46000000 -0.233257311224847E+005  0.531651546525663E+001 
      5.48000000 -0.233256670866601E+005  0.538055128977269E+001 
      5.50000000 -0.233255547411860E+005  0.549289676388828E+001 
      5.52000000 -0.233253891409087E+005  0.565849704125836E+001 
      5.54000000 -0.233251659899208E+005  0.588164802906773E+001 
      5.56000000 -0.233248817530173E+005  0.616588493257068E+001 
      5.58000000 -0.233245337581964E+005  0.651387975356657E+001 
      5.60000000 -0.233241202876415E+005  0.692735030844720E+001 
      5.62000000 -0.233236406546130E+005  0.740698333687179E+001 
      5.64000000 -0.233230952637278E+005  0.795237422213005E+001 
      5.66000000 -0.233224856522323E+005  0.856198571762146E+001 
      5.68000000 -0.233218145100884E+005  0.923312786152639E+001 
      5.70000000 -0.233210856769907E+005  0.996196095921169E+001 
      5.72000000 -0.233203041148506E+005  0.107435230993144E+002 
      5.74000000 -0.233194758547914E+005  0.115717831585462E+002 
      5.76000000 -0.233186079183119E+005  0.124397196380148E+002 
      5.78000000 -0.233177082129794E+005  0.133394249705526E+002 
      5.80000000 -0.233167854037839E+005  0.142622341660450E+002 
      5.82000000 -0.233158487621099E+005  0.151988758400150E+002 
      5.84000000 -0.233149079951130E+005  0.161396428368705E+002 
      5.86000000 -0.233139730591123E+005  0.170745788376422E+002 
      5.88000000 -0.233130539613632E+005  0.179936765867354E+002 
      5.90000000 -0.233121605552378E+005  0.188870827120937E+002 
      5.92000000 -0.233113023343502E+005  0.197453035997629E+002 
      5.94000000 -0.233104882315031E+005  0.205594064468490E+002 
      5.96000000 -0.233097264284586E+005  0.213212094912889E+002 
      5.98000000 -0.233090241824078E+005  0.220234555421065E+002 
      6.00000000 -0.233083876746581E+005  0.226599632918144E+002 
      6.02000000 -0.233078218864384E+005  0.232257515115589E+002 
      6.04000000 -0.233073305058583E+005  0.237171320916524E+002 
      6.06000000 -0.233069158689932E+005  0.241317689567424E+002 
      6.08000000 -0.233065789368286E+005  0.244687011213322E+002 
      6.10000000 -0.233063193084505E+005  0.247283294994491E+002 
      6.12000000 -0.233061352694656E+005  0.249123684842944E+002 
      6.14000000 -0.233060238732651E+005  0.250237646848096E+002 
      6.16000000 -0.233059810514742E+005  0.250665864757530E+002 
      6.18000000 -0.233060017488279E+005  0.250458891220284E+002 
      6.20000000 -0.233060800768472E+005  0.249675611027264E+002 
      6.22000000 -0.233062094801092E+005  0.248381578407526E+002 
      6.24000000 -0.233063829086605E+005  0.246647292893770E+002 
      6.26000000 -0.233065929902092E+005  0.244546477407168E+002 
      6.28000000 -0.233068321961392E+005  0.242154418106767E+002 
      6.30000000 -0.233070929961247E+005  0.239546418251733E+002 
      6.32000000 -0.233073679970940E+005  0.236796408558787E+002 
      6.34000000 -0.233076500634579E+005  0.233975744919972E+002 
      6.36000000 -0.233079324167846E+005  0.231152211653129E+002 
      6.38000000 -0.233082087143973E+005  0.228389235525974E+002 
      6.40000000 -0.233084731075934E+005  0.225745303565351E+002 
      6.42000000 -0.233087202812598E+005  0.223273566901621E+002 
      6.44000000 -0.233089454775165E+005  0.221021604333765E+002 
      6.46000000 -0.233091445066103E+005  0.219031313396306E+002 
      6.48000000 -0.233093137485706E+005  0.217338893792710E+002 
      6.50000000 -0.233094501491319E+005  0.215974888179738E+002 
      6.52000000 -0.233095512131226E+005  0.214964248272992E+002 
      6.54000000 -0.233096149979789E+005  0.214326399709932E+002 
      6.56000000 -0.233096401093026E+005  0.214075286473632E+002 
      6.58000000 -0.233096256995239E+005  0.214219384259717E+002 
      6.60000000 -0.233095714698308E+005  0.214761681190862E+002 
      6.62000000 -0.233094776746499E+005  0.215699632999804E+002 
      6.64000000 -0.233093451272011E+005  0.217025107488418E+002 
      6.66000000 -0.233091752040360E+005  0.218724339139019E+002 
      6.68000000 -0.233089698460735E+005  0.220777918763712E+002 
      6.70000000 -0.233087315534728E+005  0.223160844771577E+002 
      6.72000000 -0.233084633717584E+005  0.225842661915657E+002 
      6.74000000 -0.233081688669120E+005  0.228787710378876E+002 
      6.76000000 -0.233078520876465E+005  0.231955503033971E+002 
      6.78000000 -0.233075175137441E+005  0.235301242057710E+002 
      6.80000000 -0.233071699901164E+005  0.238776478334823E+002 
      6.82000000 -0.233068146470797E+005  0.242329908702188E+002 
      6.84000000 -0.233064568081729E+005  0.245908297770328E+002 
      6.86000000 -0.233061018876273E+005  0.249457503225854E+002 
      6.88000000 -0.233057552802752E+005  0.252923576747334E+002 
      6.90000000 -0.233054222472278E+005  0.256253907221624E+002 
      6.92000000 -0.233051078010188E+005  0.259398369311023E+002 
      6.94000000 -0.233048165940889E+005  0.262310438609691E+002 
      6.96000000 -0.233045528144713E+005  0.264948234785681E+002 
      6.98000000 -0.233043200923375E+005  0.267275456124444E+002 
      7.00000000 -0.233041214206797E+005  0.269262172702002E+002 
      7.02000000 -0.233039590928789E+005  0.270885450710225E+002 
      7.04000000 -0.233038346592574E+005  0.272129786924937E+002 
      7.06000000 -0.233037489039858E+005  0.272987339640709E+002 
      7.08000000 -0.233037018429344E+005  0.273457950155438E+002 
      7.10000000 -0.233036927422736E+005  0.273548956763188E+002 
      7.12000000 -0.233037201568736E+005  0.273274810763201E+002 
      7.14000000 -0.233037819868579E+005  0.272656510920330E+002 
      7.16000000 -0.233038755500626E+005  0.271720878872745E+002 
      7.18000000 -0.233039976676609E+005  0.270499702889715E+002 
      7.20000000 -0.233041447598475E+005  0.269028781023816E+002 
      7.22000000 -0.233043129482536E+005  0.267346896963121E+002 
      7.24000000 -0.233044981616740E+005  0.265494762759236E+002 
      7.26000000 -0.233046962417380E+005  0.263513962118712E+002 
      7.28000000 -0.233049030453266E+005  0.261445926233176E+002 
      7.30000000 -0.233051145408225E+005  0.259330971273793E+002 
      7.32000000 -0.233053268956562E+005  0.257207422937251E+002 
      7.34000000 -0.233055365530532E+005  0.255110848967537E+002 
      7.36000000 -0.233057402963826E+005  0.253073415673275E+002 
      7.38000000 -0.233059353000204E+005  0.251123379294912E+002 
      7.40000000 -0.233061191661602E+005  0.249284717896689E+002 
      7.42000000 -0.233062899475007E+005  0.247576904492146E+002 
      7.44000000 -0.233064461562041E+005  0.246014817458295E+002 
      7.46000000 -0.233065867599299E+005  0.244608780199936E+002 
      7.48000000 -0.233067111660991E+005  0.243364718508413E+002 
      7.50000000 -0.233068191958224E+005  0.242284421275413E+002 
      7.52000000 -0.233069110491366E+005  0.241365888132990E+002 
      7.54000000 -0.233069872633228E+005  0.240603746270714E+002 
      7.56000000 -0.233070486661412E+005  0.239989718086775E+002 
      7.58000000 -0.233070963258096E+005  0.239513121403252E+002 
      7.60000000 -0.233071314994823E+005  0.239161384676619E+002 
      7.62000000 -0.233071555818632E+005  0.238920560867412E+002 
      7.64000000 -0.233071700554194E+005  0.238775825304992E+002 
      7.66000000 -0.233071764434609E+005  0.238711944890329E+002 
      7.68000000 -0.233071762671294E+005  0.238713708205380E+002 
      7.70000000 -0.233071710071056E+005  0.238766308443579E+002 
      7.72000000 -0.233071620706064E+005  0.238855673434972E+002 
      7.74000000 -0.233071507640191E+005  0.238968739308676E+002 
      7.76000000 -0.233071382713048E+005  0.239093666450682E+002 
      7.78000000 -0.233071256381190E+005  0.239219998308756E+002 
      7.80000000 -0.233071137614288E+005  0.239338765210943E+002 
      7.82000000 -0.233071033842774E+005  0.239442536725246E+002 
      7.84000000 -0.233070950952393E+005  0.239525427105802E+002 
      7.86000000 -0.233070893320340E+005  0.239583059159600E+002 
      7.88000000 -0.233070863887149E+005  0.239612492349730E+002 
      7.90000000 -0.233070864258288E+005  0.239612121210843E+002 
      7.92000000 -0.233070894829263E+005  0.239581550235702E+002 
      7.94000000 -0.233070954928248E+005  0.239521451251388E+002 
      7.96000000 -0.233071042970428E+005  0.239433409071434E+002 
      7.98000000 -0.233071156618655E+005  0.239319760843961E+002 
      8.00000000 -0.233071292945430E+005  0.239183434068898E+002 
      8.02000000 -0.233071448591753E+005  0.239027787746337E+002 
      8.04000000 -0.233071619918946E+005  0.238856460552991E+002 
      8.06000000 -0.233071803150140E+005  0.238673229359094E+002 
      8.08000000 -0.233071994498714E+005  0.238481880785582E+002 
      8.10000000 -0.233072190281621E+005  0.238286097878418E+002 
      8.12000000 -0.233072387016126E+005  0.238089363373350E+002 
      8.14000000 -0.233072581499075E+005  0.237894880424170E+002 
      8.16000000 -0.233072770868396E+005  0.237705511102935E+002 
      8.18000000 -0.233072952647050E+005  0.237523732448764E+002 
      8.20000000 -0.233073124770127E+005  0.237351609372401E+002 
      8.22000000 -0.233073285596195E+005  0.237190783304557E+002 
      8.24000000 -0.233073433904378E+005  0.237042475121136E+002 
      8.26000000 -0.233073568878883E+005  0.236907500615814E+002 
      8.28000000 -0.233073690082920E+005  0.236786296579076E+002 
      8.30000000 -0.233073797424071E+005  0.236678955427990E+002 
      8.32000000 -0.233073891113224E+005  0.236585266274879E+002 
      8.34000000 -0.233073971619152E+005  0.236504760347373E+002 
      8.36000000 -0.233074039620751E+005  0.236436758748020E+002 
      8.38000000 -0.233074095958815E+005  0.236380420684388E+002 
      8.40000000 -0.233074141589019E+005  0.236334790480651E+002 
      8.42000000 -0.233074177537598E+005  0.236298841901367E+002 
      8.44000000 -0.233074204860925E+005  0.236271518574522E+002 
      8.46000000 -0.233074224609929E+005  0.236251769570325E+002 
      8.48000000 -0.233074237800032E+005  0.236238579467144E+002 
      8.50000000 -0.233074245386974E+005  0.236230992525582E+002 
      8.52000000 -0.233074248248647E+005  0.236228130852007E+002 
      8.54000000 -0.233074247172819E+005  0.236229206680541E+002 
      8.56000000 -0.233074242850362E+005  0.236233529136739E+002 
      8.58000000 -0.233074235873485E+005  0.236240506014502E+002 
      8.60000000 -0.233074226738247E+005  0.236249641252000E+002 
      8.62000000 -0.233074215850603E+005  0.236260528896599E+002 
      8.64000000 -0.233074203535103E+005  0.236272844396103E+002 
      8.66000000 -0.233074190045426E+005  0.236286334073078E+002 
      8.68000000 -0.233074175575891E+005  0.236300803607776E+002 
      8.70000000 -0.233074160273208E+005  0.236316106290960E+002 
      8.72000000 -0.233074144247782E+005  0.236332131717499E+002 
      8.74000000 -0.233074127584035E+005  0.236348795463821E+002 
      8.76000000 -0.233074110349327E+005  0.236366030171694E+002 
      8.78000000 -0.233074092601186E+005  0.236383778312973E+002 
      8.80000000 -0.233074074392723E+005  0.236401986776180E+002 
      8.82000000 -0.233074055776220E+005  0.236420603279597E+002 
      8.84000000 -0.233074036804993E+005  0.236439574506211E+002 
      8.86000000 -0.233074017533743E+005  0.236458845755991E+002 
      8.88000000 -0.233073998017669E+005  0.236478361830257E+002 
      8.90000000 -0.233073978310680E+005  0.236498068819264E+002 
      8.92000000 -0.233073958463173E+005  0.236517916326025E+002 
      8.94000000 -0.233073938521137E+005  0.236537858362640E+002 
      8.96000000 -0.233073918526591E+005  0.236557852908444E+002 
      8.98000000 -0.233073898517399E+005  0.236577862100414E+002 
      9.00000000 -0.233073878527005E+005  0.236597852494175E+002 
      9.02000000 -0.233073858584213E+005  0.236617795285716E+002 
      9.04000000 -0.233073838713022E+005  0.236637666476835E+002 
      9.06000000 -0.233073818932517E+005  0.236657446982549E+002 
      9.08000000 -0.233073799256831E+005  0.236677122668430E+002 
      9.10000000 -0.233073779695192E+005  0.236696684306682E+002 
      9.12000000 -0.233073760252055E+005  0.236716127443885E+002 
      9.14000000 -0.233073740927331E+005  0.236735452167988E+002 
      9.16000000 -0.233073721716719E+005  0.236754662780486E+002 
      9.18000000 -0.233073702612132E+005  0.236773767367648E+002 
      9.20000000 -0.233073683602218E+005  0.236792777280887E+002 
      9.22000000 -0.233073664672959E+005  0.236811706539766E+002 
      9.24000000 -0.233073645808330E+005  0.236830571169257E+002 
      9.26000000 -0.233073626991007E+005  0.236849388492459E+002 
      9.28000000 -0.233073608203098E+005  0.236868176400793E+002 
      9.30000000 -0.233073589426879E+005  0.236886952620235E+002 
      9.32000000 -0.233073570645508E+005  0.236905733991069E+002 
      9.34000000 -0.233073551843712E+005  0.236924535786746E+002 
      9.36000000 -0.233073533008421E+005  0.236943371077749E+002 
      9.38000000 -0.233073514129340E+005  0.236962250159314E+002 
      9.40000000 -0.233073495199447E+005  0.236981180051757E+002 
      9.42000000 -0.233073476215423E+005  0.237000164076187E+002 
      9.44000000 -0.233073457177984E+005  0.237019201514738E+002 
      9.46000000 -0.233073438092146E+005  0.237038287353558E+002 
      9.48000000 -0.233073418967387E+005  0.237057412112446E+002 
      9.50000000 -0.233073399817740E+005  0.237076561759032E+002 
      9.52000000 -0.233073380661792E+005  0.237095717706954E+002 
      9.54000000 -0.233073361522601E+005  0.237114856898644E+002 
      9.56000000 -0.233073342427534E+005  0.237133951964736E+002 
      9.58000000 -0.233073323408034E+005  0.237152971465185E+002 
      9.60000000 -0.233073304499301E+005  0.237171880198525E+002 
      9.62000000 -0.233073285739913E+005  0.237190639586127E+002 
      9.64000000 -0.233073267171379E+005  0.237209208120612E+002 
      9.66000000 -0.233073248837627E+005  0.237227541871804E+002 
      9.68000000 -0.233073230784448E+005  0.237245595051030E+002 
      9.70000000 -0.233073213058876E+005  0.237263320622782E+002 
      9.72000000 -0.233073195708542E+005  0.237280670957648E+002 
      9.74000000 -0.233073178780978E+005  0.237297598520818E+002 
      9.76000000 -0.233073162322913E+005  0.237314056586263E+002 
      9.78000000 -0.233073146379534E+005  0.237329999965684E+002 
      9.80000000 -0.233073130993750E+005  0.237345385749071E+002 
      9.82000000 -0.233073116205466E+005  0.237360174033560E+002 
      9.84000000 -0.233073102050857E+005  0.237374328642003E+002 
      9.86000000 -0.233073088561692E+005  0.237387817806992E+002 
      9.88000000 -0.233073075764687E+005  0.237400614812678E+002 
      9.90000000 -0.233073063680922E+005  0.237412698577052E+002 
      9.92000000 -0.233073052325343E+005  0.237424054156190E+002 
      9.94000000 -0.233073041706337E+005  0.237434673161799E+002 
      9.96000000 -0.233073031825429E+005  0.237444554069920E+002 
      9.98000000 -0.233073022677090E+005  0.237453702409271E+002 
     10.00000000 -0.233073014248680E+005  0.237462130819213E+002 
     10.02000000 -0.233073006520532E+005  0.237469858967190E+002 
     10.04000000 -0.233072999466179E+005  0.237476913319674E+002 
     10.06000000 -0.233072993052731E+005  0.237483326768064E+002 
     10.08000000 -0.233072987241385E+005  0.237489138114376E+002 
     10.10000000 -0.233072981988074E+005  0.237494391425429E+002 
     10.12000000 -0.233072977244225E+005  0.237499135273898E+002 
     10.14000000 -0.233072972957618E+005  0.237503421880837E+002 
     10.16000000 -0.233072969073310E+005  0.237507306188779E+002 
     10.18000000 -0.233072965534614E+005  0.237510844885530E+002 
     10.20000000 -0.233072962284087E+005  0.237514095411718E+002 
     10.22000000 -0.233072959264527E+005  0.237517114972643E+002 
     10.24000000 -0.233072956419908E+005  0.237519959591302E+002 
     10.26000000 -0.233072953696285E+005  0.237522683214282E+002 
     10.28000000 -0.233072951042593E+005  0.237525336905887E+002 
     10.30000000 -0.233072948411355E+005  0.237527968144129E+002 
     10.32000000 -0.233072945759268E+005  0.237530620231096E+002 
     10.34000000 -0.233072943047664E+005  0.237533331835625E+002 
     10.36000000 -0.233072940242826E+005  0.237536136672749E+002 
     10.38000000 -0.233072937316179E+005  0.237539063320553E+002 
     10.40000000 -0.233072934244326E+005  0.237542135172694E+002 
     10.42000000 -0.233072931008980E+005  0.237545370518796E+002 
     10.44000000 -0.233072927596758E+005  0.237548782741578E+002 
     10.46000000 -0.233072923998889E+005  0.237552380610184E+002 
     10.48000000 -0.233072920210849E+005  0.237556168650579E+002 
     10.50000000 -0.233072916231928E+005  0.237560147571314E+002 
     10.52000000 -0.233072912064777E+005  0.237564314722278E+002 
     10.54000000 -0.233072907714946E+005  0.237568664553069E+002 
     10.56000000 -0.233072903190433E+005  0.237573189065987E+002 
     10.58000000 -0.233072898501272E+005  0.237577878227111E+002 
     10.60000000 -0.233072893659161E+005  0.237582720337835E+002 
     10.62000000 -0.233072888677157E+005  0.237587702342493E+002 
     10.64000000 -0.233072883569417E+005  0.237592810082559E+002 
     10.66000000 -0.233072878351008E+005  0.237598028490895E+002 
     10.68000000 -0.233072873037766E+005  0.237603341732812E+002 
     10.70000000 -0.233072867646190E+005  0.237608733309000E+002 
     10.72000000 -0.233072862193371E+005  0.237614186128224E+002 
     10.74000000 -0.233072856696931E+005  0.237619682567709E+002 
     10.76000000 -0.233072851174967E+005  0.237625204531828E+002 
     10.78000000 -0.233072845645976E+005  0.237630733522852E+002 
     10.80000000 -0.233072840128767E+005  0.237636250731958E+002 
     10.82000000 -0.233072834642339E+005  0.237641737160321E+002 
     10.84000000 -0.233072829205731E+005  0.237647173767782E+002 
     10.86000000 -0.233072823837845E+005  0.237652541654044E+002 
     10.88000000 -0.233072818557236E+005  0.237657822263464E+002 
     10.90000000 -0.233072813381889E+005  0.237662997610361E+002 
     10.92000000 -0.233072808328986E+005  0.237668050512983E+002 
     10.94000000 -0.233072803414668E+005  0.237672964830747E+002 
     10.96000000 -0.233072798653809E+005  0.237677725689896E+002 
     10.98000000 -0.233072794059806E+005  0.237682319693015E+002 
     11.00000000 -0.233072789644402E+005  0.237686735097415E+002 
     11.02000000 -0.233072785417535E+005  0.237690961963899E+002 
     11.04000000 -0.233072781387236E+005  0.237694992263059E+002 
     11.06000000 -0.233072777559561E+005  0.237698819938167E+002 
     11.08000000 -0.233072773938572E+005  0.237702440926863E+002 
     11.10000000 -0.233072770526364E+005  0.237705853135322E+002 
     11.12000000 -0.233072767323125E+005  0.237709056374433E+002 
     11.14000000 -0.233072764327245E+005  0.237712052253846E+002 
     11.16000000 -0.233072761535453E+005  0.237714844045699E+002 
     11.18000000 -0.233072758942981E+005  0.237717436518027E+002 
     11.20000000 -0.233072756543749E+005  0.237719835749832E+002 
     11.22000000 -0.233072754330572E+005  0.237722048926780E+002 
     11.24000000 -0.233072752295365E+005  0.237724084134088E+002 
     11.26000000 -0.233072750429355E+005  0.237725950144427E+002 
     11.28000000 -0.233072748723286E+005  0.237727656213281E+002 
     11.30000000 -0.233072747167612E+005  0.237729211887242E+002 
     11.32000000 -0.233072745752674E+005  0.237730626825167E+002 
     11.34000000 -0.233072744468857E+005  0.237731910642262E+002 
     11.36000000 -0.233072743306719E+005  0.237733072779750E+002 
     11.38000000 -0.233072742257103E+005  0.237734122395732E+002 
     11.40000000 -0.233072741311214E+005  0.237735068284811E+002 
     11.42000000 -0.233072740460679E+005  0.237735918819969E+002 
     11.44000000 -0.233072739697580E+005  0.237736681919554E+002 
     11.46000000 -0.233072739014467E+005  0.237737365031816E+002 
     11.48000000 -0.233072738404362E+005  0.237737975136666E+002 
     11.50000000 -0.233072737860741E+005  0.237738518758210E+002 
     11.52000000 -0.233072737377512E+005  0.237739001986834E+002 
     11.54000000 -0.233072736948995E+005  0.237739430503797E+002 
     11.56000000 -0.233072736569892E+005  0.237739809607437E+002 
     11.58000000 -0.233072736235264E+005  0.237740144235566E+002 
     11.60000000 -0.233072735940514E+005  0.237740438985268E+002 
     11.62000000 -0.233072735681374E+005  0.237740698125154E+002 
     11.64000000 -0.233072735453895E+005  0.237740925604359E+002 
     11.66000000 -0.233072735254447E+005  0.237741125052421E+002 
     11.68000000 -0.233072735079720E+005  0.237741299779313E+002 
     11.70000000 -0.233072734926729E+005  0.237741452769902E+002 
     11.72000000 -0.233072734792817E+005  0.237741586681788E+002 
     11.74000000 -0.233072734675657E+005  0.237741703842298E+002 
     11.76000000 -0.233072734573244E+005  0.237741806254863E+002 
     11.78000000 -0.233072734483892E+005  0.237741895607401E+002 
     11.80000000 -0.233072734406205E+005  0.237741973294187E+002 
     11.82000000 -0.233072734339055E+005  0.237742040444190E+002 
     11.84000000 -0.233072734281540E+005  0.237742097959218E+002 
     11.86000000 -0.233072734232936E+005  0.237742146563509E+002 
     11.88000000 -0.233072734192642E+005  0.237742186857650E+002 
     11.90000000 -0.233072734160119E+005  0.237742219379892E+002 
     11.92000000 -0.233072734134829E+005  0.237742244670404E+002 
     11.94000000 -0.233072734116166E+005  0.237742263333548E+002 
     11.96000000 -0.233072734103401E+005  0.237742276098077E+002 
     11.98000000 -0.233072734095628E+005  0.237742283870688E+002 
     12.00000000 -0.233072734091720E+005  0.237742287778741E+002 
     12.02000000 -0.233072734089434E+005  0.237742290065574E+002 
     12.04000000 -0.233072734087169E+005  0.237742292329825E+002 
     12.06000000 -0.233072734084925E+005  0.237742294574524E+002 
     12.08000000 -0.233072734082701E+005  0.237742296797753E+002 
     12.10000000 -0.233072734080501E+005  0.237742298997905E+002 
     12.12000000 -0.233072734078325E+005  0.237742301174452E+002 
     12.14000000 -0.233072734076172E+005  0.237742303327303E+002 
     12.16000000 -0.233072734074042E+005  0.237742305457478E+002 
     12.18000000 -0.233072734071933E+005  0.237742307566523E+002 
     12.20000000 -0.233072734069842E+005  0.237742309657564E+002 
     12.22000000 -0.233072734067766E+005  0.237742311733168E+002 
     12.24000000 -0.233072734065701E+005  0.237742313797759E+002 
     12.26000000 -0.233072734063643E+005  0.237742315855699E+002 
     12.28000000 -0.233072734061588E+005  0.237742317911133E+002 
     12.30000000 -0.233072734059530E+005  0.237742319969630E+002 
     12.32000000 -0.233072734057464E+005  0.237742322035087E+002 
     12.34000000 -0.233072734055389E+005  0.237742324110567E+002 
     12.36000000 -0.233072734053300E+005  0.237742326199474E+002 
     12.38000000 -0.233072734051197E+005  0.237742328301868E+002 
     12.40000000 -0.233072734049081E+005  0.237742330417720E+002 
     12.42000000 -0.233072734046954E+005  0.237742332545512E+002 
     12.44000000 -0.233072734044817E+005  0.237742334682276E+002 
     12.46000000 -0.233072734042675E+005  0.237742336824609E+002 
     12.48000000 -0.233072734040531E+005  0.237742338968519E+002 
     12.50000000 -0.233072734038389E+005  0.237742341110666E+002 
     12.52000000 -0.233072734036253E+005  0.237742343246348E+002 
     12.54000000 -0.233072734034126E+005  0.237742345372717E+002 
     12.56000000 -0.233072734032012E+005  0.237742347486682E+002 
     12.58000000 -0.233072734029913E+005  0.237742349586106E+002 
     12.60000000 -0.233072734027830E+005  0.237742351669259E+002 
     12.62000000 -0.233072734025765E+005  0.237742353734623E+002 
     12.64000000 -0.233072734023718E+005  0.237742355781364E+002 
     12.66000000 -0.233072734021690E+005  0.237742357809142E+002 
     12.68000000 -0.233072734019682E+005  0.237742359817584E+002 
     12.70000000 -0.233072734017692E+005  0.237742361807218E+002 
     12.72000000 -0.233072734015721E+005  0.237742363778568E+002 
     12.74000000 -0.233072734013766E+005  0.237742365732904E+002 
     12.76000000 -0.233072734011827E+005  0.237742367671772E+002 
     12.78000000 -0.233072734009901E+005  0.237742369598049E+002 
     12.80000000 -0.233072734007985E+005  0.237742371514613E+002 
     12.82000000 -0.233072734006073E+005  0.237742373425948E+002 
     12.84000000 -0.233072734004163E+005  0.237742375336046E+002 
     12.86000000 -0.233072734002249E+005  0.237742377250382E+002 
     12.88000000 -0.233072734000325E+005  0.237742379174370E+002 
     12.90000000 -0.233072733998386E+005  0.237742381113052E+002 
     12.92000000 -0.233072733996429E+005  0.237742383070296E+002 
     12.94000000 -0.233072733994450E+005  0.237742385048762E+002 
     12.96000000 -0.233072733992450E+005  0.237742387049439E+002 
     12.98000000 -0.233072733990429E+005  0.237742389070473E+002 
     13.00000000 -0.233072733988391E+005  0.237742391108397E+002 
     13.02000000 -0.233072733986342E+005  0.237742393157180E+002 
     13.04000000 -0.233072733984290E+005  0.237742395209304E+002 
     13.06000000 -0.233072733982243E+005  0.237742397255859E+002 
     13.08000000 -0.233072733980212E+005  0.237742399287132E+002 
     13.10000000 -0.233072733978205E+005  0.237742401294647E+002 
     13.12000000 -0.233072733976228E+005  0.237742403270730E+002 
     13.14000000 -0.233072733974290E+005  0.237742405209413E+002 
     13.16000000 -0.233072733972392E+005  0.237742407107198E+002 
     13.18000000 -0.233072733970536E+005  0.237742408962849E+002 
     13.20000000 -0.233072733968721E+005  0.237742410777788E+002 
     13.22000000 -0.233072733966944E+005  0.237742412555481E+002 
     13.24000000 -0.233072733965198E+005  0.237742414300691E+002 
     13.26000000 -0.233072733963478E+005  0.237742416021029E+002 
     13.28000000 -0.233072733961775E+005  0.237742417724228E+002 
     13.30000000 -0.233072733960081E+005  0.237742419418611E+002 
     13.32000000 -0.233072733958387E+005  0.237742421112313E+002 
     13.34000000 -0.233072733956686E+005  0.237742422813099E+002 
     13.36000000 -0.233072733954972E+005  0.237742424526755E+002 
     13.38000000 -0.233072733953240E+005  0.237742426258725E+002 
     13.40000000 -0.233072733951488E+005  0.237742428010803E+002 
     13.42000000 -0.233072733949715E+005  0.237742429784195E+002 
     13.44000000 -0.233072733947922E+005  0.237742431577046E+002 
     13.46000000 -0.233072733946113E+005  0.237742433386170E+002 
     13.48000000 -0.233072733944292E+005  0.237742435206678E+002 
     13.50000000 -0.233072733942466E+005  0.237742437033527E+002 
     13.52000000 -0.233072733940638E+005  0.237742438860872E+002 
     13.54000000 -0.233072733938816E+005  0.237742440683267E+002 
     13.56000000 -0.233072733937003E+005  0.237742442496659E+002 
     13.58000000 -0.233072733935202E+005  0.237742444297554E+002 
     13.60000000 -0.233072733933415E+005  0.237742446083909E+002 
     13.62000000 -0.233072733931645E+005  0.237742447854115E+002 
     13.64000000 -0.233072733929891E+005  0.237742449608451E+002 
     13.66000000 -0.233072733928153E+005  0.237742451346639E+002 
     13.68000000 -0.233072733926430E+005  0.237742453069420E+002 
     13.70000000 -0.233072733924722E+005  0.237742454776672E+002 
     13.72000000 -0.233072733923031E+005  0.237742456468611E+002 
     13.74000000 -0.233072733921355E+005  0.237742458144618E+002 
     13.76000000 -0.233072733919694E+005  0.237742459804848E+002 
     13.78000000 -0.233072733918051E+005  0.237742461447722E+002 
     13.80000000 -0.233072733916425E+005  0.237742463074139E+002 
     13.82000000 -0.233072733914815E+005  0.237742464683789E+002 
     13.84000000 -0.233072733913221E+005  0.237742466278156E+002 
     13.86000000 -0.233072733911640E+005  0.237742467859345E+002 
     13.88000000 -0.233072733910069E+005  0.237742469430603E+002 
     13.90000000 -0.233072733908503E+005  0.237742470996324E+002 
     13.92000000 -0.233072733906937E+005  0.237742472561890E+002 
     13.94000000 -0.233072733905368E+005  0.237742474131509E+002 
     13.96000000 -0.233072733903789E+005  0.237742475710656E+002 
     13.98000000 -0.233072733902196E+005  0.237742477302981E+002 
     14.00000000 -0.233072733900588E+005  0.237742478911177E+002 
     14.02000000 -0.233072733898963E+005  0.237742480536264E+002 
     14.04000000 -0.233072733897322E+005  0.237742482176973E+002 
     14.06000000 -0.233072733895668E+005  0.237742483831417E+002 
     14.08000000 -0.233072733894004E+005  0.237742485494895E+002 
     14.10000000 -0.233072733892337E+005  0.237742487162550E+002 
     14.12000000 -0.233072733890671E+005  0.237742488828193E+002 
     14.14000000 -0.233072733889013E+005  0.237742490486628E+002 
     14.16000000 -0.233072733887367E+005  0.237742492132256E+002 
     14.18000000 -0.233072733885738E+005  0.237742493761179E+002 
     14.20000000 -0.233072733884128E+005  0.237742495371076E+002 
     14.22000000 -0.233072733882538E+005  0.237742496961422E+002 
     14.24000000 -0.233072733880966E+005  0.237742498533577E+002 
     14.26000000 -0.233072733879408E+005  0.237742500090821E+002 
     14.28000000 -0.233072733877862E+005  0.237742501637362E+002 
     14.30000000 -0.233072733876320E+005  0.237742503179324E+002 
     14.32000000 -0.233072733874777E+005  0.237742504722276E+002 
     14.34000000 -0.233072733873227E+005  0.237742506271973E+002 
     14.36000000 -0.233072733871665E+005  0.237742507833734E+002 
     14.38000000 -0.233072733870088E+005  0.237742509411179E+002 
     14.40000000 -0.233072733868493E+005  0.237742511006629E+002 
     14.42000000 -0.233072733866879E+005  0.237742512620486E+002 
     14.44000000 -0.233072733865247E+005  0.237742514252162E+002 
     14.46000000 -0.233072733863600E+005  0.237742515899275E+002 
     14.48000000 -0.233072733861940E+005  0.237742517558824E+002 
     14.50000000 -0.233072733860272E+005  0.237742519227004E+002 
     14.52000000 -0.233072733858599E+005  0.237742520900072E+002 
     14.54000000 -0.233072733856924E+005  0.237742522575367E+002 
     14.56000000 -0.233072733855250E+005  0.237742524249332E+002 
     14.58000000 -0.233072733853579E+005  0.237742525920637E+002 
     14.60000000 -0.233072733851912E+005  0.237742527587641E+002 
     14.62000000 -0.233072733850249E+005  0.237742529250191E+002 
     14.64000000 -0.233072733848592E+005  0.237742530907451E+002 
     14.66000000 -0.233072733846940E+005  0.237742532559204E+002 
     14.68000000 -0.233072733845294E+005  0.237742534205513E+002 
     14.70000000 -0.233072733843654E+005  0.237742535845479E+002 
     14.72000000 -0.233072733842020E+005  0.237742537479042E+002 
     14.74000000 -0.233072733840393E+005  0.237742539106264E+002 
     14.76000000 -0.233072733838773E+005  0.237742540725720E+002 
     14.78000000 -0.233072733837160E+005  0.237742542338834E+002 
     14.80000000 -0.233072733835553E+005  0.237742543945947E+002 
     14.82000000 -0.233072733833951E+005  0.237742545547708E+002 
     14.84000000 -0.233072733832353E+005  0.237742547146468E+002 
     14.86000000 -0.233072733830755E+005  0.237742548743682E+002 
     14.88000000 -0.233072733829158E+005  0.237742550341267E+002 
     14.90000000 -0.233072733827557E+005  0.237742551942130E+002 
     14.92000000 -0.233072733825951E+005  0.237742553548501E+002 
     14.94000000 -0.233072733824336E+005  0.237742555162729E+002 
     14.96000000 -0.233072733822713E+005  0.237742556786114E+002 
     14.98000000 -0.233072733821078E+005  0.237742558421657E+002 
     15.00000000 -0.233072733819429E+005  0.237742560070626E+002 
     15.02000000 -0.233072733817764E+005  0.237742561735063E+002 
     15.04000000 -0.233072733816083E+005  0.237742563415710E+002 
     15.06000000 -0.233072733814386E+005  0.237742565113310E+002 
     15.08000000 -0.233072733812671E+005  0.237742566828389E+002 
     15.10000000 -0.233072733810940E+005  0.237742568559090E+002 
     15.12000000 -0.233072733809195E+005  0.237742570303743E+002 
     15.14000000 -0.233072733807440E+005  0.237742572058853E+002 
     15.16000000 -0.233072733805679E+005  0.237742573820088E+002 
     15.18000000 -0.233072733803917E+005  0.237742575582065E+002 
     15.20000000 -0.233072733802160E+005  0.237742577338938E+002 
     15.22000000 -0.233072733800414E+005  0.237742579084921E+002 
     15.24000000 -0.233072733798686E+005  0.237742580813612E+002 
     15.26000000 -0.233072733796978E+005  0.237742582520895E+002 
     15.28000000 -0.233072733795297E+005  0.237742584201790E+002 
     15.30000000 -0.233072733793644E+005  0.237742585854997E+002 
     15.32000000 -0.233072733792020E+005  0.237742587479650E+002 
     15.34000000 -0.233072733790422E+005  0.237742589076864E+002 
     15.36000000 -0.233072733788849E+005  0.237742590650318E+002 
     15.38000000 -0.233072733787296E+005  0.237742592203356E+002 
     15.40000000 -0.233072733785757E+005  0.237742593741791E+002 
     15.42000000 -0.233072733784228E+005  0.237742595270884E+002 
     15.44000000 -0.233072733782704E+005  0.237742596795491E+002 
     15.46000000 -0.233072733781179E+005  0.237742598319975E+002 
     15.48000000 -0.233072733779651E+005  0.237742599848140E+002 
     15.50000000 -0.233072733778119E+005  0.237742601380604E+002 
     15.52000000 -0.233072733776581E+005  0.237742602918514E+002 
     15.54000000 -0.233072733775039E+005  0.237742604460476E+002 
     15.56000000 -0.233072733773494E+005  0.237742606004697E+002 
     15.58000000 -0.233072733771951E+005  0.237742607548298E+002 
     15.60000000 -0.233072733770410E+005  0.237742609088838E+002 
     15.62000000 -0.233072733768876E+005  0.237742610623066E+002 
     15.64000000 -0.233072733767350E+005  0.237742612148849E+002 
     15.66000000 -0.233072733765836E+005  0.237742613663680E+002 
     15.68000000 -0.233072733764332E+005  0.237742615167096E+002 
     15.70000000 -0.233072733762841E+005  0.237742616657891E+002 
     15.72000000 -0.233072733761362E+005  0.237742618136991E+002 
     15.74000000 -0.233072733759894E+005  0.237742619605512E+002 
     15.76000000 -0.233072733758434E+005  0.237742621064938E+002 
     15.78000000 -0.233072733756982E+005  0.237742622517681E+002 
     15.80000000 -0.233072733755531E+005  0.237742623967826E+002 
     15.82000000 -0.233072733754081E+005  0.237742625418280E+002 
     15.84000000 -0.233072733752626E+005  0.237742626873096E+002 
     15.86000000 -0.233072733751164E+005  0.237742628335646E+002 
     15.88000000 -0.233072733749690E+005  0.237742629809117E+002 
     15.90000000 -0.233072733748203E+005  0.237742631296261E+002 
     15.92000000 -0.233072733746701E+005  0.237742632798656E+002 
     15.94000000 -0.233072733745182E+005  0.237742634317200E+002 
     15.96000000 -0.233072733743648E+005  0.237742635850995E+002 
     15.98000000 -0.233072733742100E+005  0.237742637399175E+002 
     16.00000000 -0.233072733740541E+005  0.237742638958369E+002 
     16.02000000 -0.233072733738973E+005  0.237742640526008E+002 
     16.04000000 -0.233072733737401E+005  0.237742642097730E+002 
     16.06000000 -0.233072733735830E+005  0.237742643669452E+002 
     16.08000000 -0.233072733734262E+005  0.237742645236689E+002 
     16.10000000 -0.233072733732704E+005  0.237742646795511E+002 
     16.12000000 -0.233072733731157E+005  0.237742648342299E+002 
     16.14000000 -0.233072733729625E+005  0.237742649874300E+002 
     16.16000000 -0.233072733728109E+005  0.237742651390524E+002 
     16.18000000 -0.233072733726608E+005  0.237742652891094E+002 
     16.20000000 -0.233072733725122E+005  0.237742654377403E+002 
     16.22000000 -0.233072733723647E+005  0.237742655852389E+002 
     16.24000000 -0.233072733722178E+005  0.237742657320848E+002 
     16.26000000 -0.233072733720711E+005  0.237742658787760E+002 
     16.28000000 -0.233072733719240E+005  0.237742660258663E+002 
     16.30000000 -0.233072733717761E+005  0.237742661738444E+002 
     16.32000000 -0.233072733716268E+005  0.237742663231002E+002 
     16.34000000 -0.233072733714761E+005  0.237742664738378E+002 
     16.36000000 -0.233072733713238E+005  0.237742666261221E+002 
     16.38000000 -0.233072733711701E+005  0.237742667797925E+002 
     16.40000000 -0.233072733710154E+005  0.237742669345641E+002 
     16.42000000 -0.233072733708599E+005  0.237742670899699E+002 
     16.44000000 -0.233072733707044E+005  0.237742672455551E+002 
     16.46000000 -0.233072733705490E+005  0.237742674009207E+002 
     16.48000000 -0.233072733703943E+005  0.237742675556367E+002 
     16.50000000 -0.233072733702403E+005  0.237742677095854E+002 
     16.52000000 -0.233072733700873E+005  0.237742678626184E+002 
     16.54000000 -0.233072733699351E+005  0.237742680148657E+002 
     16.56000000 -0.233072733697835E+005  0.237742681664633E+002 
     16.58000000 -0.233072733696322E+005  0.237742683176773E+002 
     16.60000000 -0.233072733694812E+005  0.237742684687459E+002 
     16.62000000 -0.233072733693300E+005  0.237742686198764E+002 
     16.64000000 -0.233072733691787E+005  0.237742687711894E+002 
     16.66000000 -0.233072733690272E+005  0.237742689227437E+002 
     16.68000000 -0.233072733688754E+005  0.237742690744867E+002 
     16.70000000 -0.233072733687236E+005  0.237742692263349E+002 
     16.72000000 -0.233072733685718E+005  0.237742693781089E+002 
     16.74000000 -0.233072733684202E+005  0.237742695296941E+002 
     16.76000000 -0.233072733682690E+005  0.237742696809545E+002 
     16.78000000 -0.233072733681182E+005  0.237742698317664E+002 
     16.80000000 -0.233072733679677E+005  0.237742699821822E+002 
     16.82000000 -0.233072733678177E+005  0.237742701322083E+002 
     16.84000000 -0.233072733676680E+005  0.237742702818879E+002 
     16.86000000 -0.233072733675185E+005  0.237742704314190E+002 
     16.88000000 -0.233072733673691E+005  0.237742705808635E+002 
     16.90000000 -0.233072733672195E+005  0.237742707303977E+002 
     16.92000000 -0.233072733670698E+005  0.237742708801237E+002 
     16.94000000 -0.233072733669198E+005  0.237742710300941E+002 
     16.96000000 -0.233072733667696E+005  0.237742711803491E+002 
     16.98000000 -0.233072733666190E+005  0.237742713308918E+002 
     17.00000000 -0.233072733664682E+005  0.237742714816882E+002 
     17.02000000 -0.233072733663172E+005  0.237742716327351E+002 
     17.04000000 -0.233072733661659E+005  0.237742717840265E+002 
     17.06000000 -0.233072733660143E+005  0.237742719355962E+002 
     17.08000000 -0.233072733658624E+005  0.237742720874847E+002 
     17.10000000 -0.233072733657100E+005  0.237742722399052E+002 
     17.12000000 -0.233072733655569E+005  0.237742723930001E+002 
     17.14000000 -0.233072733654029E+005  0.237742725469983E+002 
     17.16000000 -0.233072733652479E+005  0.237742727019803E+002 
     17.18000000 -0.233072733650918E+005  0.237742728580729E+002 
     17.20000000 -0.233072733649347E+005  0.237742730152575E+002 
     17.22000000 -0.233072733647765E+005  0.237742731734475E+002 
     17.24000000 -0.233072733646175E+005  0.237742733323831E+002 
     17.26000000 -0.233072733644581E+005  0.237742734917827E+002 
     17.28000000 -0.233072733642986E+005  0.237742736512875E+002 
     17.30000000 -0.233072733641394E+005  0.237742738105355E+002 
     17.32000000 -0.233072733639808E+005  0.237742739691648E+002 
     17.34000000 -0.233072733638230E+005  0.237742741269001E+002 
     17.36000000 -0.233072733636664E+005  0.237742742835402E+002 
     17.38000000 -0.233072733635109E+005  0.237742744390110E+002 
     17.40000000 -0.233072733633566E+005  0.237742745932938E+002 
     17.42000000 -0.233072733632034E+005  0.237742747464970E+002 
     17.44000000 -0.233072733630511E+005  0.237742748988247E+002 
     17.46000000 -0.233072733628994E+005  0.237742750505306E+002 
     17.48000000 -0.233072733627481E+005  0.237742752018622E+002 
     17.50000000 -0.233072733625967E+005  0.237742753531876E+002 
     17.52000000 -0.233072733624452E+005  0.237742755047233E+002 
     17.54000000 -0.233072733622931E+005  0.237742756568066E+002 
     17.56000000 -0.233072733621403E+005  0.237742758096262E+002 
     17.58000000 -0.233072733619866E+005  0.237742759633181E+002 
     17.60000000 -0.233072733618320E+005  0.237742761178949E+002 
     17.62000000 -0.233072733616765E+005  0.237742762733842E+002 
     17.64000000 -0.233072733615203E+005  0.237742764296315E+002 
     17.66000000 -0.233072733613635E+005  0.237742765864387E+002 
     17.68000000 -0.233072733612064E+005  0.237742767435026E+002 
     17.70000000 -0.233072733610493E+005  0.237742769005759E+002 
     17.72000000 -0.233072733608928E+005  0.237742770571541E+002 
     17.74000000 -0.233072733607369E+005  0.237742772130085E+002 
     17.76000000 -0.233072733605822E+005  0.237742773677554E+002 
     17.78000000 -0.233072733604287E+005  0.237742775211751E+002 
     17.80000000 -0.233072733602768E+005  0.237742776731037E+002 
     17.82000000 -0.233072733601263E+005  0.237742778235660E+002 
     17.84000000 -0.233072733599773E+005  0.237742779725960E+002 
     17.86000000 -0.233072733598295E+005  0.237742781203947E+002 
     17.88000000 -0.233072733596827E+005  0.237742782672251E+002 
     17.90000000 -0.233072733595365E+005  0.237742784133749E+002 
     17.92000000 -0.233072733593907E+005  0.237742785591783E+002 
     17.94000000 -0.233072733592450E+005  0.237742787048888E+002 
     17.96000000 -0.233072733590992E+005  0.237742788507602E+002 
     17.98000000 -0.233072733589531E+005  0.237742789968234E+002 
     18.00000000 -0.233072733588067E+005  0.237742791431774E+002 
     18.02000000 -0.233072733586602E+005  0.237742792897572E+002 
     18.04000000 -0.233072733585135E+005  0.237742794364484E+002 
     18.06000000 -0.233072733583668E+005  0.237742795830840E+002 
     18.08000000 -0.233072733582203E+005  0.237742797295710E+002 
     18.10000000 -0.233072733580741E+005  0.237742798757920E+002 
     18.12000000 -0.233072733579283E+005  0.237742800216417E+002 
     18.14000000 -0.233072733577829E+005  0.237742801670212E+002 
     18.16000000 -0.233072733576379E+005  0.237742803120141E+002 
     18.18000000 -0.233072733574933E+005  0.237742804565800E+002 
     18.20000000 -0.233072733573491E+005  0.237742806008211E+002 
     18.22000000 -0.233072733572051E+005  0.237742807448147E+002 
     18.24000000 -0.233072733570613E+005  0.237742808886660E+002 
     18.26000000 -0.233072733569174E+005  0.237742810324740E+002 
     18.28000000 -0.233072733567735E+005  0.237742811764150E+002 
     18.30000000 -0.233072733566293E+005  0.237742813206406E+002 
     18.32000000 -0.233072733564846E+005  0.237742814652838E+002 
     18.34000000 -0.233072733563395E+005  0.237742816104592E+002 
     18.36000000 -0.233072733561937E+005  0.237742817561821E+002 
     18.38000000 -0.233072733560474E+005  0.237742819024928E+002 
     18.40000000 -0.233072733559006E+005  0.237742820493139E+002 
     18.42000000 -0.233072733557534E+005  0.237742821965310E+002 
     18.44000000 -0.233072733556060E+005  0.237742823438905E+002 
     18.46000000 -0.233072733554587E+005  0.237742824911818E+002 
     18.48000000 -0.233072733553117E+005  0.237742826381731E+002 
     18.50000000 -0.233072733551652E+005  0.237742827846756E+002 
     18.52000000 -0.233072733550194E+005  0.237742829305655E+002 
     18.54000000 -0.233072733548741E+005  0.237742830758120E+002 
     18.56000000 -0.233072733547294E+005  0.237742832204801E+002 
     18.58000000 -0.233072733545851E+005  0.237742833648201E+002 
     18.60000000 -0.233072733544409E+005  0.237742835090458E+002 
     18.62000000 -0.233072733542965E+005  0.237742836534601E+002 
     18.64000000 -0.233072733541515E+005  0.237742837984653E+002 
     18.66000000 -0.233072733540056E+005  0.237742839442996E+002 
     18.68000000 -0.233072733538587E+005  0.237742840911826E+002 
     18.70000000 -0.233072733537107E+005  0.237742842392195E+002 
     18.72000000 -0.233072733535614E+005  0.237742843884722E+002 
     18.74000000 -0.233072733534111E+005  0.237742845388138E+002 
     18.76000000 -0.233072733532597E+005  0.237742846901825E+002 
     18.78000000 -0.233072733531076E+005  0.237742848423307E+002 
     18.80000000 -0.233072733529548E+005  0.237742849950915E+002 
     18.82000000 -0.233072733528016E+005  0.237742851483071E+002 
     18.84000000 -0.233072733526481E+005  0.237742853018042E+002 
     18.86000000 -0.233072733524944E+005  0.237742854555394E+002 
     18.88000000 -0.233072733523405E+005  0.237742856093985E+002 
     18.90000000 -0.233072733521865E+005  0.237742857634153E+002 
     18.92000000 -0.233072733520324E+005  0.237742859175032E+002 
     18.94000000 -0.233072733518782E+005  0.237742860717211E+002 
     18.96000000 -0.233072733517239E+005  0.237742862260256E+002 
     18.98000000 -0.233072733515696E+005  0.237742863803486E+002 
     19.00000000 -0.233072733514152E+005  0.237742865346933E+002 
     19.02000000 -0.233072733512610E+005  0.237742866889638E+002 
     19.04000000 -0.233072733511068E+005  0.237742868431074E+002 
     19.06000000 -0.233072733509529E+005  0.237742869969881E+002 
     19.08000000 -0.233072733507993E+005  0.237742871506275E+002 
     19.10000000 -0.233072733506460E+005  0.237742873039637E+002 
     19.12000000 -0.233072733504930E+005  0.237742874569255E+002 
     19.14000000 -0.233072733503403E+005  0.237742876096276E+002 
     19.16000000 -0.233072733501879E+005  0.237742877620048E+002 
     19.18000000 -0.233072733500357E+005  0.237742879141902E+002 
     19.20000000 -0.233072733498838E+005  0.237742880661652E+002 
     19.22000000 -0.233072733497319E+005  0.237742882180412E+002 
     19.24000000 -0.233072733495800E+005  0.237742883699358E+002 
     19.26000000 -0.233072733494282E+005  0.237742885217376E+002 
     19.28000000 -0.233072733492764E+005  0.237742886735456E+002 
     19.30000000 -0.233072733491246E+005  0.237742888253350E+002 
     19.32000000 -0.233072733489729E+005  0.237742889770316E+002 
     19.34000000 -0.233072733488214E+005  0.237742891285550E+002 
     19.36000000 -0.233072733486701E+005  0.237742892797937E+002 
     19.38000000 -0.233072733485191E+005  0.237742894307695E+002 
     19.40000000 -0.233072733483686E+005  0.237742895813184E+002 
     19.42000000 -0.233072733482184E+005  0.237742897315363E+002 
     19.44000000 -0.233072733480685E+005  0.237742898814108E+002 
     19.46000000 -0.233072733479189E+005  0.237742900310564E+002 
     19.48000000 -0.233072733477693E+005  0.237742901805813E+002 
     19.50000000 -0.233072733476198E+005  0.237742903301371E+002 
     19.52000000 -0.233072733474701E+005  0.237742904798600E+002 
     19.54000000 -0.233072733473201E+005  0.237742906298428E+002 
     19.56000000 -0.233072733471698E+005  0.237742907801473E+002 
     19.58000000 -0.233072733470191E+005  0.237742909307797E+002 
     19.60000000 -0.233072733468682E+005  0.237742910817215E+002 
     19.62000000 -0.233072733467171E+005  0.237742912328056E+002 
     19.64000000 -0.233072733465660E+005  0.237742913839515E+002 
     19.66000000 -0.233072733464149E+005  0.237742915350140E+002 
     19.68000000 -0.233072733462640E+005  0.237742916859403E+002 
     19.70000000 -0.233072733461132E+005  0.237742918367088E+002 
     19.72000000 -0.233072733459626E+005  0.237742919873412E+002 
     19.74000000 -0.233072733458120E+005  0.237742921379644E+002 
     19.76000000 -0.233072733456611E+005  0.237742922888164E+002 
     19.78000000 -0.233072733455098E+005  0.237742924401542E+002 
     19.80000000 -0.233072733453576E+005  0.237742925923334E+002 
     19.82000000 -0.233072733452043E+005  0.237742927456108E+002 
     19.84000000 -0.233072733450496E+005  0.237742929002680E+002 
     19.86000000 -0.233072733448934E+005  0.237742930565647E+002 
     19.88000000 -0.233072733447354E+005  0.237742932144949E+002 
     19.90000000 -0.233072733445758E+005  0.237742933740770E+002 
     19.92000000 -0.233072733444149E+005  0.237742935350080E+002 
     19.94000000 -0.233072733442529E+005  0.237742936970000E+002 
     19.96000000 -0.233072733440904E+005  0.237742938595179E+002 
     19.98000000 -0.233072733439280E+005  0.237742940219400E+002 
     20.00000000 -0.233072733437662E+005  0.237742941836814E+002 
     20.02000000 -0.233072733436058E+005  0.237742943441390E+002 
     20.04000000 -0.233072733434471E+005  0.237742945027962E+002 
     20.06000000 -0.233072733432906E+005  0.237742946592940E+002 
     20.08000000 -0.233072733431366E+005  0.237742948133448E+002 
     20.10000000 -0.233072733429849E+005  0.237742949650012E+002 
     20.12000000 -0.233072733428356E+005  0.237742951142972E+002 
     20.14000000 -0.233072733426884E+005  0.237742952615453E+002 
     20.16000000 -0.233072733425428E+005  0.237742954070826E+002 
     20.18000000 -0.233072733423986E+005  0.237742955512958E+002 
     20.20000000 -0.233072733422554E+005  0.237742956945655E+002 
     20.22000000 -0.233072733421127E+005  0.237742958372351E+002 
     20.24000000 -0.233072733419703E+005  0.237742959796262E+002 
     20.26000000 -0.233072733418281E+005  0.237742961218317E+002 
     20.28000000 -0.233072733416859E+005  0.237742962640249E+002 
     20.30000000 -0.233072733415437E+005  0.237742964061964E+002 
     20.32000000 -0.233072733414016E+005  0.237742965482688E+002 
     20.34000000 -0.233072733412597E+005  0.237742966902083E+002 
     20.36000000 -0.233072733411181E+005  0.237742968318508E+002 
     20.38000000 -0.233072733409768E+005  0.237742969731282E+002 
     20.40000000 -0.233072733408360E+005  0.237742971138767E+002 
     20.42000000 -0.233072733406959E+005  0.237742972540064E+002 
     20.44000000 -0.233072733405565E+005  0.237742973934030E+002 
     20.46000000 -0.233072733404179E+005  0.237742975320076E+002 
     20.48000000 -0.233072733402802E+005  0.237742976697459E+002 
     20.50000000 -0.233072733401433E+005  0.237742978065934E+002 
     20.52000000 -0.233072733400074E+005  0.237742979424973E+002 
     20.54000000 -0.233072733398723E+005  0.237742980775721E+002 
     20.56000000 -0.233072733397380E+005  0.237742982119323E+002 
     20.58000000 -0.233072733396042E+005  0.237742983456800E+002 
     20.60000000 -0.233072733394708E+005  0.237742984790812E+002 
     20.62000000 -0.233072733393376E+005  0.237742986123648E+002 
     20.64000000 -0.233072733392041E+005  0.237742987458619E+002 
     20.66000000 -0.233072733390701E+005  0.237742988798169E+002 
     20.68000000 -0.233072733389354E+005  0.237742990145298E+002 
     20.70000000 -0.233072733387998E+005  0.237742991501583E+002 
     20.72000000 -0.233072733386630E+005  0.237742992868727E+002 
     20.74000000 -0.233072733385253E+005  0.237742994246297E+002 
     20.76000000 -0.233072733383865E+005  0.237742995634230E+002 
     20.78000000 -0.233072733382469E+005  0.237742997030485E+002 
     20.80000000 -0.233072733381067E+005  0.237742998432308E+002 
     20.82000000 -0.233072733379662E+005  0.237742999836792E+002 
     20.84000000 -0.233072733378259E+005  0.237743001240378E+002 
     20.86000000 -0.233072733376860E+005  0.237743002639324E+002 
     20.88000000 -0.233072733375468E+005  0.237743004030691E+002 
     20.90000000 -0.233072733374087E+005  0.237743005411725E+002 
     20.92000000 -0.233072733372719E+005  0.237743006780571E+002 
     20.94000000 -0.233072733371363E+005  0.237743008136300E+002 
     20.96000000 -0.233072733370020E+005  0.237743009478819E+002 
     20.98000000 -0.233072733368689E+005  0.237743010809800E+002 
     21.00000000 -0.233072733367368E+005  0.237743012131128E+002 
     21.02000000 -0.233072733366053E+005  0.237743013446053E+002 
     21.04000000 -0.233072733364741E+005  0.237743014758100E+002 
     21.06000000 -0.233072733363427E+005  0.237743016071756E+002 
     21.08000000 -0.233072733362109E+005  0.237743017390486E+002 
     21.10000000 -0.233072733360781E+005  0.237743018718311E+002 
     21.12000000 -0.233072733359441E+005  0.237743020058510E+002 
     21.14000000 -0.233072733358086E+005  0.237743021413187E+002 
     21.16000000 -0.233072733356714E+005  0.237743022784693E+002 
     21.18000000 -0.233072733355325E+005  0.237743024173709E+002 
     21.20000000 -0.233072733353919E+005  0.237743025580667E+002 
     21.22000000 -0.233072733352494E+005  0.237743027005321E+002 
     21.24000000 -0.233072733351052E+005  0.237743028447113E+002 
     21.26000000 -0.233072733349594E+005  0.237743029905425E+002 
     21.28000000 -0.233072733348120E+005  0.237743031379143E+002 
     21.30000000 -0.233072733346632E+005  0.237743032867092E+002 
     21.32000000 -0.233072733345131E+005  0.237743034367847E+002 
     21.34000000 -0.233072733343620E+005  0.237743035878936E+002 
     21.36000000 -0.233072733342102E+005  0.237743037397572E+002 
     21.38000000 -0.233072733340579E+005  0.237743038920076E+002 
     21.40000000 -0.233072733339056E+005  0.237743040443415E+002 
     21.42000000 -0.233072733337537E+005  0.237743041962144E+002 
     21.44000000 -0.233072733336027E+005  0.237743043472366E+002 
     21.46000000 -0.233072733334530E+005  0.237743044969193E+002 
     21.48000000 -0.233072733333049E+005  0.237743046450088E+002 
     21.50000000 -0.233072733331588E+005  0.237743047911648E+002 
     21.52000000 -0.233072733330146E+005  0.237743049353348E+002 
     21.54000000 -0.233072733328723E+005  0.237743050776176E+002 
     21.56000000 -0.233072733327317E+005  0.237743052181959E+002 
     21.58000000 -0.233072733325925E+005  0.237743053574532E+002 
     21.60000000 -0.233072733324540E+005  0.237743054959279E+002 
     21.62000000 -0.233072733323158E+005  0.237743056340777E+002 
     21.64000000 -0.233072733321774E+005  0.237743057725215E+002 
     21.66000000 -0.233072733320381E+005  0.237743059118314E+002 
     21.68000000 -0.233072733318973E+005  0.237743060525767E+002 
     21.70000000 -0.233072733317547E+005  0.237743061951906E+002 
     21.72000000 -0.233072733316099E+005  0.237743063400628E+002 
     21.74000000 -0.233072733314625E+005  0.237743064874098E+002 
     21.76000000 -0.233072733313125E+005  0.237743066373678E+002 
     21.78000000 -0.233072733311600E+005  0.237743067899245E+002 
     21.80000000 -0.233072733310050E+005  0.237743069448693E+002 
     21.82000000 -0.233072733308481E+005  0.237743071018560E+002 
     21.84000000 -0.233072733306894E+005  0.237743072604946E+002 
     21.86000000 -0.233072733305298E+005  0.237743074201045E+002 
     21.88000000 -0.233072733303698E+005  0.237743075801198E+002 
     21.90000000 -0.233072733302101E+005  0.237743077398133E+002 
     21.92000000 -0.233072733300514E+005  0.237743078984797E+002 
     21.94000000 -0.233072733298943E+005  0.237743080555932E+002 
     21.96000000 -0.233072733297393E+005  0.237743082106216E+002 
     21.98000000 -0.233072733295866E+005  0.237743083633267E+002 
     22.00000000 -0.233072733294363E+005  0.237743085136033E+002 
     22.02000000 -0.233072733292884E+005  0.237743086615258E+002 
     22.04000000 -0.233072733291426E+005  0.237743088073539E+002 
     22.06000000 -0.233072733289984E+005  0.237743089515547E+002 
     22.08000000 -0.233072733288553E+005  0.237743090945955E+002 
     22.10000000 -0.233072733287129E+005  0.237743092369897E+002 
     22.12000000 -0.233072733285706E+005  0.237743093793159E+002 
     22.14000000 -0.233072733284279E+005  0.237743095219669E+002 
     22.16000000 -0.233072733282846E+005  0.237743096653232E+002 
     22.18000000 -0.233072733281403E+005  0.237743098096138E+002 
     22.20000000 -0.233072733279950E+005  0.237743099549469E+002 
     22.22000000 -0.233072733278486E+005  0.237743101012762E+002 
     22.24000000 -0.233072733277013E+005  0.237743102485737E+002 
     22.26000000 -0.233072733275533E+005  0.237743103966385E+002 
     22.28000000 -0.233072733274047E+005  0.237743105452106E+002 
     22.30000000 -0.233072733272558E+005  0.237743106941415E+002 
     22.32000000 -0.233072733271067E+005  0.237743108431777E+002 
     22.34000000 -0.233072733269578E+005  0.237743109921643E+002 
     22.36000000 -0.233072733268089E+005  0.237743111409746E+002 
     22.38000000 -0.233072733266604E+005  0.237743112895498E+002 
     22.40000000 -0.233072733265120E+005  0.237743114378991E+002 
     22.42000000 -0.233072733263639E+005  0.237743115860629E+002 
     22.44000000 -0.233072733262157E+005  0.237743117341771E+002 
     22.46000000 -0.233072733260675E+005  0.237743118824089E+002 
     22.48000000 -0.233072733259191E+005  0.237743120308140E+002 
     22.50000000 -0.233072733257704E+005  0.237743121795346E+002 
     22.52000000 -0.233072733256214E+005  0.237743123285398E+002 
     22.54000000 -0.233072733254721E+005  0.237743124778358E+002 
     22.56000000 -0.233072733253227E+005  0.237743126272060E+002 
     22.58000000 -0.233072733251734E+005  0.237743127765391E+002 
     22.60000000 -0.233072733250245E+005  0.237743129254577E+002 
     22.62000000 -0.233072733248762E+005  0.237743130736957E+002 
     22.64000000 -0.233072733247289E+005  0.237743132210273E+002 
     22.66000000 -0.233072733245827E+005  0.237743133671956E+002 
     22.68000000 -0.233072733244379E+005  0.237743135120554E+002 
     22.70000000 -0.233072733242943E+005  0.237743136556067E+002 
     22.72000000 -0.233072733241520E+005  0.237743137979112E+002 
     22.74000000 -0.233072733240109E+005  0.237743139390494E+002 
     22.76000000 -0.233072733238706E+005  0.237743140793617E+002 
     22.78000000 -0.233072733237309E+005  0.237743142190366E+002 
     22.80000000 -0.233072733235916E+005  0.237743143583404E+002 
     22.82000000 -0.233072733234524E+005  0.237743144975389E+002 
     22.84000000 -0.233072733233130E+005  0.237743146369076E+002 
     22.86000000 -0.233072733231734E+005  0.237743147764991E+002 
     22.88000000 -0.233072733230334E+005  0.237743149165112E+002 
     22.90000000 -0.233072733228929E+005  0.237743150569998E+002 
     22.92000000 -0.233072733227519E+005  0.237743151980483E+002 
     22.94000000 -0.233072733226103E+005  0.237743153396290E+002 
     22.96000000 -0.233072733224681E+005  0.237743154818469E+002 
     22.98000000 -0.233072733223252E+005  0.237743156247391E+002 
     23.00000000 -0.233072733221816E+005  0.237743157683677E+002 
     23.02000000 -0.233072733220371E+005  0.237743159128130E+002 
     23.04000000 -0.233072733218918E+005  0.237743160581337E+002 
     23.06000000 -0.233072733217455E+005  0.237743162043918E+002 
     23.08000000 -0.233072733215983E+005  0.237743163516491E+002 
     23.10000000 -0.233072733214500E+005  0.237743164999057E+002 
     23.12000000 -0.233072733213008E+005  0.237743166490965E+002 
     23.14000000 -0.233072733211507E+005  0.237743167991783E+002 
     23.16000000 -0.233072733209999E+005  0.237743169500272E+002 
     23.18000000 -0.233072733208484E+005  0.237743171015382E+002 
     23.20000000 -0.233072733206964E+005  0.237743172535597E+002 
     23.22000000 -0.233072733205439E+005  0.237743174059833E+002 
     23.24000000 -0.233072733203913E+005  0.237743175586141E+002 
     23.26000000 -0.233072733202385E+005  0.237743177113935E+002 
     23.28000000 -0.233072733200858E+005  0.237743178641605E+002 
     23.30000000 -0.233072733199331E+005  0.237743180167975E+002 
     23.32000000 -0.233072733197807E+005  0.237743181691871E+002 
     23.34000000 -0.233072733196287E+005  0.237743183211931E+002 
     23.36000000 -0.233072733194772E+005  0.237743184727257E+002 
     23.38000000 -0.233072733193263E+005  0.237743186236582E+002 
     23.40000000 -0.233072733191759E+005  0.237743187739689E+002 
     23.42000000 -0.233072733190263E+005  0.237743189235804E+002 
     23.44000000 -0.233072733188774E+005  0.237743190725114E+002 
     23.46000000 -0.233072733187291E+005  0.237743192208051E+002 
     23.48000000 -0.233072733185814E+005  0.237743193685605E+002 
     23.50000000 -0.233072733184339E+005  0.237743195159879E+002 
     23.52000000 -0.233072733182867E+005  0.237743196632267E+002 
     23.54000000 -0.233072733181394E+005  0.237743198105459E+002 
     23.56000000 -0.233072733179918E+005  0.237743199581342E+002 
     23.58000000 -0.233072733178437E+005  0.237743201062021E+002 
     23.60000000 -0.233072733176950E+005  0.237743202549288E+002 
     23.62000000 -0.233072733175455E+005  0.237743204044321E+002 
     23.64000000 -0.233072733173951E+005  0.237743205547675E+002 
     23.66000000 -0.233072733172440E+005  0.237743207059197E+002 
     23.68000000 -0.233072733170921E+005  0.237743208578452E+002 
     23.70000000 -0.233072733169395E+005  0.237743210104390E+002 
     23.72000000 -0.233072733167864E+005  0.237743211635617E+002 
     23.74000000 -0.233072733166329E+005  0.237743213170247E+002 
     23.76000000 -0.233072733164793E+005  0.237743214706672E+002 
     23.78000000 -0.233072733163256E+005  0.237743216243128E+002 
     23.80000000 -0.233072733161722E+005  0.237743217777387E+002 
     23.82000000 -0.233072733160191E+005  0.237743219308119E+002 
     23.84000000 -0.233072733158665E+005  0.237743220834119E+002 
     23.86000000 -0.233072733157145E+005  0.237743222354457E+002 
     23.88000000 -0.233072733155630E+005  0.237743223868948E+002 
     23.90000000 -0.233072733154121E+005  0.237743225377809E+002 
     23.92000000 -0.233072733152618E+005  0.237743226881473E+002 
     23.94000000 -0.233072733151117E+005  0.237743228381733E+002 
     23.96000000 -0.233072733149618E+005  0.237743229880881E+002 
     23.98000000 -0.233072733148118E+005  0.237743231380956E+002 
     24.00000000 -0.233072733146614E+005  0.237743232884805E+002 
     24.02000000 -0.233072733145105E+005  0.237743234394285E+002 
     24.04000000 -0.233072733143587E+005  0.237743235912179E+002 
     24.06000000 -0.233072733142060E+005  0.237743237439075E+002 
     24.08000000 -0.233072733140524E+005  0.237743238975252E+002 
     24.10000000 -0.233072733138979E+005  0.237743240519968E+002 
     24.12000000 -0.233072733137427E+005  0.237743242071737E+002 
     24.14000000 -0.233072733135871E+005  0.237743243628610E+002 
     24.16000000 -0.233072733134312E+005  0.237743245187154E+002 
     24.18000000 -0.233072733132754E+005  0.237743246745202E+002 
     24.20000000 -0.233072733131199E+005  0.237743248300436E+002 
     24.22000000 -0.233072733129648E+005  0.237743249850782E+002 
     24.24000000 -0.233072733128104E+005  0.237743251395157E+002 
     24.26000000 -0.233072733126567E+005  0.237743252932479E+002 
     24.28000000 -0.233072733125035E+005  0.237743254463768E+002 
     24.30000000 -0.233072733123509E+005  0.237743255989798E+002 
     24.32000000 -0.233072733121988E+005  0.237743257511591E+002 
     24.34000000 -0.233072733120468E+005  0.237743259031124E+002 
     24.36000000 -0.233072733118949E+005  0.237743260549946E+002 
     24.38000000 -0.233072733117430E+005  0.237743262069233E+002 
     24.40000000 -0.233072733115908E+005  0.237743263590932E+002 
     24.42000000 -0.233072733114384E+005  0.237743265115570E+002 
     24.44000000 -0.233072733112855E+005  0.237743266644447E+002 
     24.46000000 -0.233072733111322E+005  0.237743268177685E+002 
     24.48000000 -0.233072733109783E+005  0.237743269715749E+002 
     24.50000000 -0.233072733108240E+005  0.237743271258701E+002 
     24.52000000 -0.233072733106693E+005  0.237743272805737E+002 
     24.54000000 -0.233072733105143E+005  0.237743274356547E+002 
     24.56000000 -0.233072733103589E+005  0.237743275910172E+002 
     24.58000000 -0.233072733102034E+005  0.237743277465065E+002 
     24.60000000 -0.233072733100479E+005  0.237743279020051E+002 
     24.62000000 -0.233072733098926E+005  0.237743280573026E+002 
     24.64000000 -0.233072733097376E+005  0.237743282122784E+002 
     24.66000000 -0.233072733095832E+005  0.237743283667376E+002 
     24.68000000 -0.233072733094293E+005  0.237743285205966E+002 
     24.70000000 -0.233072733092762E+005  0.237743286736699E+002 
     24.72000000 -0.233072733091239E+005  0.237743288259697E+002 
     24.74000000 -0.233072733089725E+005  0.237743289774467E+002 
     24.76000000 -0.233072733088217E+005  0.237743291281998E+002 
     24.78000000 -0.233072733086716E+005  0.237743292783248E+002 
     24.80000000 -0.233072733085219E+005  0.237743294279859E+002 
     24.82000000 -0.233072733083725E+005  0.237743295773870E+002 
     24.84000000 -0.233072733082232E+005  0.237743297267263E+002 
     24.86000000 -0.233072733080737E+005  0.237743298761956E+002 
     24.88000000 -0.233072733079239E+005  0.237743300259742E+002 
     24.90000000 -0.233072733077737E+005  0.237743301762168E+002 
     24.92000000 -0.233072733076230E+005  0.237743303269142E+002 
     24.94000000 -0.233072733074718E+005  0.237743304781220E+002 
     24.96000000 -0.233072733073202E+005  0.237743306296918E+002 
     24.98000000 -0.233072733071684E+005  0.237743307815523E+002 
     25.00000000 -0.233072733070165E+005  0.237743309334005E+002 
     25.02000000 -0.233072733068649E+005  0.237743310850415E+002 
     25.04000000 -0.233072733067137E+005  0.237743312361812E+002 
     25.06000000 -0.233072733065634E+005  0.237743313865600E+002 
     25.08000000 -0.233072733064140E+005  0.237743315359116E+002 
     25.10000000 -0.233072733062659E+005  0.237743316840259E+002 
     25.12000000 -0.233072733061192E+005  0.237743318307542E+002 
     25.14000000 -0.233072733059739E+005  0.237743319759914E+002 
     25.16000000 -0.233072733058302E+005  0.237743321197221E+002 
     25.18000000 -0.233072733056879E+005  0.237743322620421E+002 
     25.20000000 -0.233072733055469E+005  0.237743324030349E+002 
     25.22000000 -0.233072733054070E+005  0.237743325429481E+002 
     25.24000000 -0.233072733052678E+005  0.237743326821435E+002 
     25.26000000 -0.233072733051290E+005  0.237743328209121E+002 
     25.28000000 -0.233072733049902E+005  0.237743329597240E+002 
     25.30000000 -0.233072733048509E+005  0.237743330989751E+002 
     25.32000000 -0.233072733047109E+005  0.237743332390430E+002 
     25.34000000 -0.233072733045696E+005  0.237743333803390E+002 
     25.36000000 -0.233072733044268E+005  0.237743335231261E+002 
     25.38000000 -0.233072733042824E+005  0.237743336675311E+002 
     25.40000000 -0.233072733041363E+005  0.237743338135696E+002 
     25.42000000 -0.233072733039888E+005  0.237743339610775E+002 
     25.44000000 -0.233072733038401E+005  0.237743341098290E+002 
     25.46000000 -0.233072733036906E+005  0.237743342593539E+002 
     25.48000000 -0.233072733035408E+005  0.237743344091604E+002 
     25.50000000 -0.233072733033912E+005  0.237743345587564E+002 
     25.52000000 -0.233072733032424E+005  0.237743347075141E+002 
     25.54000000 -0.233072733030950E+005  0.237743348549354E+002 
     25.56000000 -0.233072733029493E+005  0.237743350005810E+002 
     25.58000000 -0.233072733028058E+005  0.237743351441199E+002 
     25.60000000 -0.233072733026645E+005  0.237743352854499E+002 
     25.62000000 -0.233072733025254E+005  0.237743354245247E+002 
     25.64000000 -0.233072733023884E+005  0.237743355615330E+002 
     25.66000000 -0.233072733022532E+005  0.237743356967470E+002 
     25.68000000 -0.233072733021194E+005  0.237743358305566E+002 
     25.70000000 -0.233072733019865E+005  0.237743359634566E+002 
     25.72000000 -0.233072733018540E+005  0.237743360959483E+002 
     25.74000000 -0.233072733017214E+005  0.237743362285328E+002 
     25.76000000 -0.233072733015883E+005  0.237743363616432E+002 
     25.78000000 -0.233072733014542E+005  0.237743364956879E+002 
     25.80000000 -0.233072733013189E+005  0.237743366309700E+002 
     25.82000000 -0.233072733011823E+005  0.237743367676318E+002 
     25.84000000 -0.233072733010441E+005  0.237743369058126E+002 
     25.86000000 -0.233072733009044E+005  0.237743370454906E+002 
     25.88000000 -0.233072733007634E+005  0.237743371864835E+002 
     25.90000000 -0.233072733006213E+005  0.237743373286333E+002 
     25.92000000 -0.233072733004783E+005  0.237743374716431E+002 
     25.94000000 -0.233072733003346E+005  0.237743376153212E+002 
     25.96000000 -0.233072733001906E+005  0.237743377593643E+002 
     25.98000000 -0.233072733000463E+005  0.237743379036023E+002 
     26.00000000 -0.233072732999022E+005  0.237743380477661E+002 
     26.02000000 -0.233072732997581E+005  0.237743381918030E+002 
     26.04000000 -0.233072732996143E+005  0.237743383356635E+002 
     26.06000000 -0.233072732994707E+005  0.237743384792643E+002 
     26.08000000 -0.233072732993272E+005  0.237743386226701E+002 
     26.10000000 -0.233072732991840E+005  0.237743387659089E+002 
     26.12000000 -0.233072732990408E+005  0.237743389091291E+002 
     26.14000000 -0.233072732988975E+005  0.237743390524235E+002 
     26.16000000 -0.233072732987540E+005  0.237743391959067E+002 
     26.18000000 -0.233072732986102E+005  0.237743393397549E+002 
     26.20000000 -0.233072732984658E+005  0.237743394841135E+002 
     26.22000000 -0.233072732983208E+005  0.237743396291435E+002 
     26.24000000 -0.233072732981750E+005  0.237743397749592E+002 
     26.26000000 -0.233072732980283E+005  0.237743399215854E+002 
     26.28000000 -0.233072732978809E+005  0.237743400689913E+002 
     26.30000000 -0.233072732977327E+005  0.237743402171983E+002 
     26.32000000 -0.233072732975839E+005  0.237743403660426E+002 
     26.34000000 -0.233072732974346E+005  0.237743405153201E+002 
     26.36000000 -0.233072732972851E+005  0.237743406647831E+002 
     26.38000000 -0.233072732971358E+005  0.237743408141565E+002 
     26.40000000 -0.233072732969867E+005  0.237743409631957E+002 
     26.42000000 -0.233072732968383E+005  0.237743411116378E+002 
     26.44000000 -0.233072732966907E+005  0.237743412592138E+002 
     26.46000000 -0.233072732965441E+005  0.237743414058153E+002 
     26.48000000 -0.233072732963985E+005  0.237743415513959E+002 
     26.50000000 -0.233072732962539E+005  0.237743416960144E+002 
     26.52000000 -0.233072732961101E+005  0.237743418397729E+002 
     26.54000000 -0.233072732959669E+005  0.237743419830055E+002 
     26.56000000 -0.233072732958239E+005  0.237743421259720E+002 
     26.58000000 -0.233072732956808E+005  0.237743422690994E+002 
     26.60000000 -0.233072732955372E+005  0.237743424127527E+002 
     26.62000000 -0.233072732953926E+005  0.237743425572753E+002 
     26.64000000 -0.233072732952469E+005  0.237743427030292E+002 
     26.66000000 -0.233072732950997E+005  0.237743428502556E+002 
     26.68000000 -0.233072732949508E+005  0.237743429991463E+002 
     26.70000000 -0.233072732948002E+005  0.237743431497292E+002 
     26.72000000 -0.233072732946480E+005  0.237743433019518E+002 
     26.74000000 -0.233072732944943E+005  0.237743434556654E+002 
     26.76000000 -0.233072732943393E+005  0.237743436106288E+002 
     26.78000000 -0.233072732941835E+005  0.237743437664522E+002 
     26.80000000 -0.233072732940271E+005  0.237743439228542E+002 
     26.82000000 -0.233072732938706E+005  0.237743440792994E+002 
     26.84000000 -0.233072732937144E+005  0.237743442354817E+002 
     26.86000000 -0.233072732935588E+005  0.237743443911010E+002 
     26.88000000 -0.233072732934040E+005  0.237743445458726E+002 
     26.90000000 -0.233072732932502E+005  0.237743446997347E+002 
     26.92000000 -0.233072732930972E+005  0.237743448526997E+002 
     26.94000000 -0.233072732929450E+005  0.237743450049470E+002 
     26.96000000 -0.233072732927932E+005  0.237743451567642E+002 
     26.98000000 -0.233072732926415E+005  0.237743453083835E+002 
     27.00000000 -0.233072732924897E+005  0.237743454602224E+002 
     27.02000000 -0.233072732923374E+005  0.237743456125037E+002 
     27.04000000 -0.233072732921845E+005  0.237743457654408E+002 
     27.06000000 -0.233072732920307E+005  0.237743459191668E+002 
     27.08000000 -0.233072732918764E+005  0.237743460734682E+002 
     27.10000000 -0.233072732917216E+005  0.237743462283141E+002 
     27.12000000 -0.233072732915666E+005  0.237743463833177E+002 
     27.14000000 -0.233072732914117E+005  0.237743465381852E+002 
     27.16000000 -0.233072732912574E+005  0.237743466925454E+002 
     27.18000000 -0.233072732911037E+005  0.237743468462003E+002 
     27.20000000 -0.233072732909511E+005  0.237743469988497E+002 
     27.22000000 -0.233072732907995E+005  0.237743471504535E+002 
     27.24000000 -0.233072732906490E+005  0.237743473009560E+002 
     27.26000000 -0.233072732904993E+005  0.237743474506046E+002 
     27.28000000 -0.233072732903504E+005  0.237743475995294E+002 
     27.30000000 -0.233072732902019E+005  0.237743477479716E+002 
     27.32000000 -0.233072732900537E+005  0.237743478962591E+002 
     27.34000000 -0.233072732899054E+005  0.237743480445620E+002 
     27.36000000 -0.233072732897568E+005  0.237743481930877E+002 
     27.38000000 -0.233072732896080E+005  0.237743483419135E+002 
     27.40000000 -0.233072732894588E+005  0.237743484911043E+002 
     27.42000000 -0.233072732893094E+005  0.237743486405488E+002 
     27.44000000 -0.233072732891597E+005  0.237743487901727E+002 
     27.46000000 -0.233072732890102E+005  0.237743489397100E+002 
     27.48000000 -0.233072732888608E+005  0.237743490890864E+002 
     27.50000000 -0.233072732887119E+005  0.237743492380143E+002 
     27.52000000 -0.233072732885635E+005  0.237743493864100E+002 
     27.54000000 -0.233072732884157E+005  0.237743495342025E+002 
     27.56000000 -0.233072732882686E+005  0.237743496812897E+002 
     27.58000000 -0.233072732881222E+005  0.237743498277458E+002 
     27.60000000 -0.233072732879763E+005  0.237743499736327E+002 
     27.62000000 -0.233072732878308E+005  0.237743501191174E+002 
     27.64000000 -0.233072732876856E+005  0.237743502643330E+002 
     27.66000000 -0.233072732875404E+005  0.237743504095361E+002 
     27.68000000 -0.233072732873951E+005  0.237743505548105E+002 
     27.70000000 -0.233072732872495E+005  0.237743507004004E+002 
     27.72000000 -0.233072732871035E+005  0.237743508464110E+002 
     27.74000000 -0.233072732869570E+005  0.237743509929413E+002 
     27.76000000 -0.233072732868099E+005  0.237743511400316E+002 
     27.78000000 -0.233072732866622E+005  0.237743512877344E+002 
     27.80000000 -0.233072732865139E+005  0.237743514360188E+002 
     27.82000000 -0.233072732863650E+005  0.237743515848972E+002 
     27.84000000 -0.233072732862157E+005  0.237743517342241E+002 
     27.86000000 -0.233072732860659E+005  0.237743518840274E+002 
     27.88000000 -0.233072732859158E+005  0.237743520341525E+002 
     27.90000000 -0.233072732857654E+005  0.237743521844817E+002 
     27.92000000 -0.233072732856149E+005  0.237743523350090E+002 
     27.94000000 -0.233072732854643E+005  0.237743524855733E+002 
     27.96000000 -0.233072732853138E+005  0.237743526361501E+002 
     27.98000000 -0.233072732851633E+005  0.237743527866587E+002 
     28.00000000 -0.233072732850129E+005  0.237743529370375E+002 
     28.02000000 -0.233072732848627E+005  0.237743530872244E+002 
     28.04000000 -0.233072732847127E+005  0.237743532372320E+002 
     28.06000000 -0.233072732845630E+005  0.237743533869641E+002 
     28.08000000 -0.233072732844135E+005  0.237743535363808E+002 
     28.10000000 -0.233072732842644E+005  0.237743536855499E+002 
     28.12000000 -0.233072732841155E+005  0.237743538344530E+002 
     28.14000000 -0.233072732839668E+005  0.237743539831489E+002 
     28.16000000 -0.233072732838182E+005  0.237743541316900E+002 
     28.18000000 -0.233072732836697E+005  0.237743542801879E+002 
     28.20000000 -0.233072732835212E+005  0.237743544286981E+002 
     28.22000000 -0.233072732833726E+005  0.237743545773321E+002 
     28.24000000 -0.233072732832237E+005  0.237743547262476E+002 
     28.26000000 -0.233072732830745E+005  0.237743548754600E+002 
     28.28000000 -0.233072732829248E+005  0.237743550250994E+002 
     28.30000000 -0.233072732827748E+005  0.237743551750946E+002 
     28.32000000 -0.233072732826243E+005  0.237743553255723E+002 
     28.34000000 -0.233072732824735E+005  0.237743554763934E+002 
     28.36000000 -0.233072732823224E+005  0.237743556275332E+002 
     28.38000000 -0.233072732821710E+005  0.237743557789204E+002 
     28.40000000 -0.233072732820196E+005  0.237743559303634E+002 
     28.42000000 -0.233072732818682E+005  0.237743560817506E+002 
     28.44000000 -0.233072732817170E+005  0.237743562328904E+002 
     28.46000000 -0.233072732815663E+005  0.237743563836187E+002 
     28.48000000 -0.233072732814161E+005  0.237743565337716E+002 
     28.50000000 -0.233072732812667E+005  0.237743566831975E+002 
     28.52000000 -0.233072732811181E+005  0.237743568317696E+002 
     28.54000000 -0.233072732809705E+005  0.237743569793735E+002 
     28.56000000 -0.233072732808239E+005  0.237743571260121E+002 
     28.58000000 -0.233072732806782E+005  0.237743572717535E+002 
     28.60000000 -0.233072732805332E+005  0.237743574167216E+002 
     28.62000000 -0.233072732803888E+005  0.237743575611545E+002 
     28.64000000 -0.233072732802446E+005  0.237743577053492E+002 
     28.66000000 -0.233072732801003E+005  0.237743578496614E+002 
     28.68000000 -0.233072732799555E+005  0.237743579944656E+002 
     28.70000000 -0.233072732798098E+005  0.237743581401421E+002 
     28.72000000 -0.233072732796629E+005  0.237743582869818E+002 
     28.74000000 -0.233072732795147E+005  0.237743584351826E+002 
     28.76000000 -0.233072732793651E+005  0.237743585848684E+002 
     28.78000000 -0.233072732792139E+005  0.237743587359927E+002 
     28.80000000 -0.233072732790615E+005  0.237743588883761E+002 
     28.82000000 -0.233072732789081E+005  0.237743590417773E+002 
     28.84000000 -0.233072732787542E+005  0.237743591957445E+002 
     28.86000000 -0.233072732786001E+005  0.237743593498046E+002 
     28.88000000 -0.233072732784465E+005  0.237743595034502E+002 
     28.90000000 -0.233072732782937E+005  0.237743596561677E+002 
     28.92000000 -0.233072732781424E+005  0.237743598074900E+002 
     28.94000000 -0.233072732779929E+005  0.237743599569932E+002 
     28.96000000 -0.233072732778454E+005  0.237743601044795E+002 
     28.98000000 -0.233072732777002E+005  0.237743602497446E+002 
     29.00000000 -0.233072732775571E+005  0.237743603928101E+002 
     29.02000000 -0.233072732774161E+005  0.237743605338400E+002 
     29.04000000 -0.233072732772768E+005  0.237743606731562E+002 
     29.06000000 -0.233072732771388E+005  0.237743608110864E+002 
     29.08000000 -0.233072732770018E+005  0.237743609481101E+002 
     29.10000000 -0.233072732768652E+005  0.237743610846699E+002 
     29.12000000 -0.233072732767286E+005  0.237743612212822E+002 
     29.14000000 -0.233072732765916E+005  0.237743613582967E+002 
     29.16000000 -0.233072732764538E+005  0.237743614960970E+002 
     29.18000000 -0.233072732763150E+005  0.237743616349336E+002 
     29.20000000 -0.233072732761750E+005  0.237743617749334E+002 
     29.22000000 -0.233072732760337E+005  0.237743619161984E+002 
     29.24000000 -0.233072732758912E+005  0.237743620586700E+002 
     29.26000000 -0.233072732757477E+005  0.237743622022429E+002 
     29.28000000 -0.233072732756032E+005  0.237743623467191E+002 
     29.30000000 -0.233072732754580E+005  0.237743624919254E+002 
     29.32000000 -0.233072732753123E+005  0.237743626375957E+002 
     29.34000000 -0.233072732751663E+005  0.237743627835661E+002 
     29.36000000 -0.233072732750203E+005  0.237743629295860E+002 
     29.38000000 -0.233072732748745E+005  0.237743630754605E+002 
     29.40000000 -0.233072732747288E+005  0.237743632211308E+002 
     29.42000000 -0.233072732745834E+005  0.237743633664918E+002 
     29.44000000 -0.233072732744384E+005  0.237743635115403E+002 
     29.46000000 -0.233072732742936E+005  0.237743636563599E+002 
     29.48000000 -0.233072732741489E+005  0.237743638010062E+002 
     29.50000000 -0.233072732740043E+005  0.237743639456123E+002 
     29.52000000 -0.233072732738595E+005  0.237743640903701E+002 
     29.54000000 -0.233072732737146E+005  0.237743642353505E+002 
     29.56000000 -0.233072732735692E+005  0.237743643807146E+002 
     29.58000000 -0.233072732734234E+005  0.237743645265550E+002 
     29.60000000 -0.233072732732769E+005  0.237743646730049E+002 
     29.62000000 -0.233072732731299E+005  0.237743648200519E+002 
     29.64000000 -0.233072732729823E+005  0.237743649676464E+002 
     29.66000000 -0.233072732728341E+005  0.237743651157823E+002 
     29.68000000 -0.233072732726856E+005  0.237743652643421E+002 
     29.70000000 -0.233072732725368E+005  0.237743654131276E+002 
     29.72000000 -0.233072732723879E+005  0.237743655620400E+002 
     29.74000000 -0.233072732722390E+005  0.237743657109060E+002 
     29.76000000 -0.233072732720904E+005  0.237743658595678E+002 
     29.78000000 -0.233072732719420E+005  0.237743660079172E+002 
     29.80000000 -0.233072732717941E+005  0.237743661558582E+002 
     29.82000000 -0.233072732716466E+005  0.237743663033351E+002 
     29.84000000 -0.233072732714995E+005  0.237743664504223E+002 
     29.86000000 -0.233072732713527E+005  0.237743665971816E+002 
     29.88000000 -0.233072732712062E+005  0.237743667437367E+002 
     29.90000000 -0.233072732710597E+005  0.237743668902268E+002 
     29.92000000 -0.233072732709130E+005  0.237743670368716E+002 
     29.94000000 -0.233072732707661E+005  0.237743671838195E+002 
     29.96000000 -0.233072732706186E+005  0.237743673313120E+002 
     29.98000000 -0.233072732704705E+005  0.237743674794572E+002 
     30.00000000 -0.233072732703216E+005  0.237743676283170E+002 
