# Real time calculation: 
# Eall: Total energy
# Eall0: Initial total energy
# 1:Time[fs] 2:Eall[eV] 3:Eall-Eall0[eV] 
      0.00000000 -0.233536195403634E+005  0.000000000000000E+000 
      0.02000000 -0.233536195477273E+005 -0.736389028551276E-005 
      0.04000000 -0.233536195477309E+005 -0.736745717900552E-005 
      0.06000000 -0.233536195477334E+005 -0.737001247304283E-005 
      0.08000000 -0.233536195477354E+005 -0.737197689400372E-005 
      0.10000000 -0.233536195477374E+005 -0.737400937364357E-005 
      0.12000000 -0.233536195477404E+005 -0.737698848763623E-005 
      0.14000000 -0.233536195477442E+005 -0.738081524153956E-005 
      0.16000000 -0.233536195477467E+005 -0.738324679252422E-005 
      0.18000000 -0.233536195477420E+005 -0.737860642804968E-005 
      0.20000000 -0.233536195477192E+005 -0.735577583483495E-005 
      0.22000000 -0.233536195476602E+005 -0.729677514732933E-005 
      0.24000000 -0.233536195475381E+005 -0.717471190661473E-005 
      0.26000000 -0.233536195473155E+005 -0.695207340627895E-005 
      0.28000000 -0.233536195469424E+005 -0.657903141259439E-005 
      0.30000000 -0.233536195463551E+005 -0.599173451039139E-005 
      0.32000000 -0.233536195454744E+005 -0.511095311663165E-005 
      0.34000000 -0.233536195442042E+005 -0.384081730127119E-005 
      0.36000000 -0.233536195424313E+005 -0.206790108867068E-005 
      0.38000000 -0.233536195400240E+005  0.339380789786247E-006 
      0.40000000 -0.233536195368321E+005  0.353126168075097E-005 
      0.42000000 -0.233536195326870E+005  0.767645286221248E-005 
      0.44000000 -0.233536195274015E+005  0.129619424610368E-004 
      0.46000000 -0.233536195207710E+005  0.195924045798907E-004 
      0.48000000 -0.233536195125741E+005  0.277893330958728E-004 
      0.50000000 -0.233536195025734E+005  0.377900114996006E-004 
      0.52000000 -0.233536194905173E+005  0.498461455344784E-004 
      0.54000000 -0.233536194761410E+005  0.642223999350996E-004 
      0.56000000 -0.233536194591686E+005  0.811948392647836E-004 
      0.58000000 -0.233536194393143E+005  0.101049090331244E-003 
      0.60000000 -0.233536194162848E+005  0.124078640719613E-003 
      0.62000000 -0.233536193897808E+005  0.150582648540412E-003 
      0.64000000 -0.233536193594996E+005  0.180863832610502E-003 
      0.66000000 -0.233536193251370E+005  0.215226452347750E-003 
      0.68000000 -0.233536192863894E+005  0.253974015430977E-003 
      0.70000000 -0.233536192429560E+005  0.297407430934899E-003 
      0.72000000 -0.233536191945405E+005  0.345822890230351E-003 
      0.74000000 -0.233536191408531E+005  0.399510348038311E-003 
      0.76000000 -0.233536190816117E+005  0.458751746717100E-003 
      0.78000000 -0.233536190165435E+005  0.523819939697821E-003 
      0.80000000 -0.233536189453857E+005  0.594977717007821E-003 
      0.82000000 -0.233536188678862E+005  0.672477195836152E-003 
      0.84000000 -0.233536187838041E+005  0.756559300812757E-003 
      0.86000000 -0.233536186929102E+005  0.847453256661950E-003 
      0.88000000 -0.233536185949867E+005  0.945376727413349E-003 
      0.90000000 -0.233536184898273E+005  0.105053611957236E-002 
      0.92000000 -0.233536183772365E+005  0.116312691003926E-002 
      0.94000000 -0.233536182570289E+005  0.128333449684268E-002 
      0.96000000 -0.233536181290281E+005  0.141133530663996E-002 
      0.98000000 -0.233536179930654E+005  0.154729800430543E-002 
      1.00000000 -0.233536178489783E+005  0.169138512324517E-002 
      1.02000000 -0.233536176966083E+005  0.184375510097024E-002 
      1.04000000 -0.233536175357993E+005  0.200456412596170E-002 
      1.06000000 -0.233536173663950E+005  0.217396836813913E-002 
      1.08000000 -0.233536171882371E+005  0.235212632069797E-002 
      1.10000000 -0.233536170011624E+005  0.253920097489359E-002 
      1.12000000 -0.233536168050014E+005  0.273536200101263E-002 
      1.14000000 -0.233536165995753E+005  0.294078815517540E-002 
      1.16000000 -0.233536163846942E+005  0.315566925613107E-002 
      1.18000000 -0.233536161601555E+005  0.338020789909903E-002 
      1.20000000 -0.233536159257421E+005  0.361462134903757E-002 
      1.22000000 -0.233536156812200E+005  0.385914340297678E-002 
      1.24000000 -0.233536154263375E+005  0.411402591824531E-002 
      1.26000000 -0.233536151608231E+005  0.437954026026406E-002 
      1.28000000 -0.233536148843850E+005  0.465597843788867E-002 
      1.30000000 -0.233536145967094E+005  0.494365396342378E-002 
      1.32000000 -0.233536142974610E+005  0.524290242493462E-002 
      1.34000000 -0.233536139862814E+005  0.555408198121920E-002 
      1.36000000 -0.233536136627901E+005  0.587757332777902E-002 
      1.38000000 -0.233536133265836E+005  0.621377979271989E-002 
      1.40000000 -0.233536129772366E+005  0.656312685415408E-002 
      1.42000000 -0.233536126143020E+005  0.692606143486484E-002 
      1.44000000 -0.233536122373121E+005  0.730305130833983E-002 
      1.46000000 -0.233536118457794E+005  0.769458403767438E-002 
      1.48000000 -0.233536114391978E+005  0.810116562986582E-002 
      1.50000000 -0.233536110170444E+005  0.852331901377396E-002 
      1.52000000 -0.233536105787813E+005  0.896158208498080E-002 
      1.54000000 -0.233536101238577E+005  0.941650570424667E-002 
      1.56000000 -0.233536096517122E+005  0.988865118552632E-002 
      1.58000000 -0.233536091617749E+005  0.103785885357239E-001 
      1.60000000 -0.233536086534693E+005  0.108868941530723E-001 
      1.62000000 -0.233536081262147E+005  0.114141486863781E-001 
      1.64000000 -0.233536075794289E+005  0.119609345137573E-001 
      1.66000000 -0.233536070125305E+005  0.125278329491354E-001 
      1.68000000 -0.233536064249416E+005  0.131154218230711E-001 
      1.70000000 -0.233536058160902E+005  0.137242732522877E-001 
      1.72000000 -0.233536051854124E+005  0.143549510348816E-001 
      1.74000000 -0.233536045323552E+005  0.150080082404267E-001 
      1.76000000 -0.233536038563787E+005  0.156839846887095E-001 
      1.78000000 -0.233536031569584E+005  0.163834050378989E-001 
      1.80000000 -0.233536024335870E+005  0.171067764272411E-001 
      1.82000000 -0.233536016857773E+005  0.178545861568776E-001 
      1.84000000 -0.233536009130633E+005  0.186273001596180E-001 
      1.86000000 -0.233536001150018E+005  0.194253615686147E-001 
      1.88000000 -0.233535992911739E+005  0.202491895356163E-001 
      1.90000000 -0.233535984411851E+005  0.210991783276436E-001 
      1.92000000 -0.233535975646662E+005  0.219756971877786E-001 
      1.94000000 -0.233535966612738E+005  0.228790895710511E-001 
      1.96000000 -0.233535957306905E+005  0.238096728783912E-001 
      1.98000000 -0.233535947726247E+005  0.247677386886473E-001 
      2.00000000 -0.233535937868101E+005  0.257535532783074E-001 
      2.02000000 -0.233535927730053E+005  0.267673581381258E-001 
      2.04000000 -0.233535917309926E+005  0.278093708362313E-001 
      2.06000000 -0.233535906605768E+005  0.288797865927574E-001 
      2.08000000 -0.233535895615836E+005  0.299787797956945E-001 
      2.10000000 -0.233535884338574E+005  0.311065060117150E-001 
      2.12000000 -0.233535872772592E+005  0.322631041857054E-001 
      2.14000000 -0.233535860916649E+005  0.334486985556907E-001 
      2.16000000 -0.233535848769625E+005  0.346634009111445E-001 
      2.18000000 -0.233535836330502E+005  0.359073131854066E-001 
      2.20000000 -0.233535823598334E+005  0.371805300171636E-001 
      2.22000000 -0.233535810572220E+005  0.384831413645211E-001 
      2.24000000 -0.233535797251285E+005  0.398152349458358E-001 
      2.26000000 -0.233535783634649E+005  0.411768985227740E-001 
      2.28000000 -0.233535769721410E+005  0.425682223937348E-001 
      2.30000000 -0.233535755510620E+005  0.439893013644581E-001 
      2.32000000 -0.233535741001266E+005  0.454402368114398E-001 
      2.34000000 -0.233535726192247E+005  0.469211386680078E-001 
      2.36000000 -0.233535711082367E+005  0.484321267545600E-001 
      2.38000000 -0.233535695670312E+005  0.499733322263579E-001 
      2.40000000 -0.233535679954646E+005  0.515448988233315E-001 
      2.42000000 -0.233535663933795E+005  0.531469839404566E-001 
      2.44000000 -0.233535647606041E+005  0.547797592774059E-001 
      2.46000000 -0.233535630969521E+005  0.564434113149598E-001 
      2.48000000 -0.233535614022225E+005  0.581381409344964E-001 
      2.50000000 -0.233535596762006E+005  0.598641628394927E-001 
      2.52000000 -0.233535579186583E+005  0.616217050667398E-001 
      2.54000000 -0.233535561293554E+005  0.634110080242403E-001 
      2.56000000 -0.233535543080404E+005  0.652323230496021E-001 
      2.58000000 -0.233535524544533E+005  0.670859100712944E-001 
      2.60000000 -0.233535505683273E+005  0.689720361144506E-001 
      2.62000000 -0.233535486493907E+005  0.708909727084511E-001 
      2.64000000 -0.233535466973701E+005  0.728429933316294E-001 
      2.66000000 -0.233535447119926E+005  0.748283708466974E-001 
      2.68000000 -0.233535426929894E+005  0.768473739709745E-001 
      2.70000000 -0.233535406400988E+005  0.789002646592226E-001 
      2.72000000 -0.233535385530686E+005  0.809872948368291E-001 
      2.74000000 -0.233535364316592E+005  0.831087042466775E-001 
      2.76000000 -0.233535342756457E+005  0.852647177268011E-001 
      2.78000000 -0.233535320848212E+005  0.874555422312683E-001 
      2.80000000 -0.233535298589994E+005  0.896813639748119E-001 
      2.82000000 -0.233535275980174E+005  0.919423459703423E-001 
      2.84000000 -0.233535253017380E+005  0.942386254612791E-001 
      2.86000000 -0.233535229700514E+005  0.965703119973469E-001 
      2.88000000 -0.233535206028775E+005  0.989374859496584E-001 
      2.90000000 -0.233535182001667E+005  0.101340196697879E+000 
      2.92000000 -0.233535157619020E+005  0.103778461380421E+000 
      2.94000000 -0.233535132880996E+005  0.106252263830255E+000 
      2.96000000 -0.233535107788096E+005  0.108761553844824E+000 
      2.98000000 -0.233535082341161E+005  0.111306247340724E+000 
      3.00000000 -0.233535056541374E+005  0.113886226056720E+000 
      3.02000000 -0.233535030390251E+005  0.116501338314765E+000 
      3.04000000 -0.233535003889640E+005  0.119151399378855E+000 
      3.06000000 -0.233534977041710E+005  0.121836192414040E+000 
      3.08000000 -0.233534949848932E+005  0.124555470218822E+000 
      3.10000000 -0.233534922314060E+005  0.127308957403040E+000 
      3.12000000 -0.233534894440110E+005  0.130096352454369E+000 
      3.14000000 -0.233534866230330E+005  0.132917330380245E+000 
      3.16000000 -0.233534837688179E+005  0.135771545513729E+000 
      3.18000000 -0.233534808817282E+005  0.138658635204152E+000 
      3.20000000 -0.233534779621405E+005  0.141578222898310E+000 
      3.22000000 -0.233534750104418E+005  0.144529921599088E+000 
      3.24000000 -0.233534720270261E+005  0.147513337320979E+000 
      3.26000000 -0.233534690122909E+005  0.150528072548708E+000 
      3.28000000 -0.233534659666335E+005  0.153573729872180E+000 
      3.30000000 -0.233534628904480E+005  0.156649915370856E+000 
      3.32000000 -0.233534597841213E+005  0.159756242158987E+000 
      3.34000000 -0.233534566480304E+005  0.162892332968754E+000 
      3.36000000 -0.233534534825396E+005  0.166057823806875E+000 
      3.38000000 -0.233534502879962E+005  0.169252367190484E+000 
      3.40000000 -0.233534470647284E+005  0.172475634974659E+000 
      3.42000000 -0.233534438130423E+005  0.175727321139739E+000 
      3.44000000 -0.233534405332194E+005  0.179007143966101E+000 
      3.46000000 -0.233534372255161E+005  0.182314847274692E+000 
      3.48000000 -0.233534338901621E+005  0.185650201352002E+000 
      3.50000000 -0.233534305273599E+005  0.189013003466695E+000 
      3.52000000 -0.233534271372859E+005  0.192403077554061E+000 
      3.54000000 -0.233534237200899E+005  0.195820273550900E+000 
      3.56000000 -0.233534202758982E+005  0.199264465217645E+000 
      3.58000000 -0.233534168048147E+005  0.202735548687469E+000 
      3.60000000 -0.233534133069236E+005  0.206233439796536E+000 
      3.62000000 -0.233534097822918E+005  0.209758071655538E+000 
      3.64000000 -0.233534062309721E+005  0.213309391283888E+000 
      3.66000000 -0.233534026530078E+005  0.216887355563319E+000 
      3.68000000 -0.233533990484360E+005  0.220491927374008E+000 
      3.70000000 -0.233533954172930E+005  0.224123070449961E+000 
      3.72000000 -0.233533917596184E+005  0.227780744964476E+000 
      3.74000000 -0.233533880754611E+005  0.231464902286534E+000 
      3.76000000 -0.233533843648838E+005  0.235175479604160E+000 
      3.78000000 -0.233533806279695E+005  0.238912393873392E+000 
      3.80000000 -0.233533768648272E+005  0.242675536206531E+000 
      3.82000000 -0.233533730755971E+005  0.246464766316078E+000 
      3.84000000 -0.233533692604562E+005  0.250279907169036E+000 
      3.86000000 -0.233533654196228E+005  0.254120740569278E+000 
      3.88000000 -0.233533615533609E+005  0.257987002548126E+000 
      3.90000000 -0.233533576619833E+005  0.261878380091340E+000 
      3.92000000 -0.233533537458555E+005  0.265794507946551E+000 
      3.94000000 -0.233533498053972E+005  0.269734966170057E+000 
      3.96000000 -0.233533458410849E+005  0.273699278521250E+000 
      3.98000000 -0.233533418534531E+005  0.277686910328055E+000 
      4.00000000 -0.233533378430959E+005  0.281697267484608E+000 
      4.02000000 -0.233533338106682E+005  0.285729695226203E+000 
      4.04000000 -0.233533297568851E+005  0.289783478352022E+000 
      4.06000000 -0.233533256825221E+005  0.293857841327233E+000 
      4.08000000 -0.233533215884138E+005  0.297951949560629E+000 
      4.10000000 -0.233533174754524E+005  0.302064911053510E+000 
      4.12000000 -0.233533133445842E+005  0.306195779208645E+000 
      4.14000000 -0.233533091968065E+005  0.310343556910703E+000 
      4.16000000 -0.233533050331623E+005  0.314507201135681E+000 
      4.18000000 -0.233533008547350E+005  0.318685628370847E+000 
      4.20000000 -0.233532966626425E+005  0.322877720922548E+000 
      4.22000000 -0.233532924580300E+005  0.327082333391057E+000 
      4.24000000 -0.233532882420641E+005  0.331298299355800E+000 
      4.26000000 -0.233532840159254E+005  0.335524438014164E+000 
      4.28000000 -0.233532797808025E+005  0.339759560897655E+000 
      4.30000000 -0.233532755378850E+005  0.344002478396249E+000 
      4.32000000 -0.233532712883576E+005  0.348252005772306E+000 
      4.34000000 -0.233532670333941E+005  0.352506969344625E+000 
      4.36000000 -0.233532627741504E+005  0.356766213009708E+000 
      4.38000000 -0.233532585117590E+005  0.361028604391786E+000 
      4.40000000 -0.233532542473228E+005  0.365293040584499E+000 
      4.42000000 -0.233532499819103E+005  0.369558453069682E+000 
      4.44000000 -0.233532457165507E+005  0.373823812710393E+000 
      4.46000000 -0.233532414522302E+005  0.378088133215727E+000 
      4.48000000 -0.233532371898889E+005  0.382350474494243E+000 
      4.50000000 -0.233532329304179E+005  0.386609945534092E+000 
      4.52000000 -0.233532286746580E+005  0.390865705457919E+000 
      4.54000000 -0.233532244233995E+005  0.395116963955972E+000 
      4.56000000 -0.233532201773820E+005  0.399362981440773E+000 
      4.58000000 -0.233532159372954E+005  0.403603067979838E+000 
      4.60000000 -0.233532117037813E+005  0.407836582101557E+000 
      4.62000000 -0.233532074774351E+005  0.412062928304862E+000 
      4.64000000 -0.233532032588098E+005  0.416281553616082E+000 
      4.66000000 -0.233531990484185E+005  0.420491944919180E+000 
      4.68000000 -0.233531948467381E+005  0.424693625283682E+000 
      4.70000000 -0.233531906542133E+005  0.428886150144111E+000 
      4.72000000 -0.233531864712590E+005  0.433069104364181E+000 
      4.74000000 -0.233531822982643E+005  0.437242099112283E+000 
      4.76000000 -0.233531781355945E+005  0.441404768925686E+000 
      4.78000000 -0.233531739835944E+005  0.445556769034590E+000 
      4.80000000 -0.233531698425908E+005  0.449697772624313E+000 
      4.82000000 -0.233531657128947E+005  0.453827468719283E+000 
      4.84000000 -0.233531615948046E+005  0.457945558798665E+000 
      4.86000000 -0.233531574886102E+005  0.462051753161412E+000 
      4.88000000 -0.233531533945969E+005  0.466145766486981E+000 
      4.90000000 -0.233531493130501E+005  0.470227313321804E+000 
      4.92000000 -0.233531452442617E+005  0.474296101678680E+000 
      4.94000000 -0.233531411885366E+005  0.478351826852716E+000 
      4.96000000 -0.233531371461996E+005  0.482394163854440E+000 
      4.98000000 -0.233531331176050E+005  0.486422758413679E+000 
      5.00000000 -0.233531291031456E+005  0.490437217813294E+000 
      5.02000000 -0.233531251032630E+005  0.494437100377207E+000 
      5.04000000 -0.233531211184577E+005  0.498421905676139E+000 
      5.06000000 -0.233531171492982E+005  0.502391065222132E+000 
      5.08000000 -0.233531131964294E+005  0.506343933992150E+000 
      5.10000000 -0.233531092605800E+005  0.510279783427314E+000 
      5.12000000 -0.233531053425669E+005  0.514197796520307E+000 
      5.14000000 -0.233531014432976E+005  0.518097065782891E+000 
      5.16000000 -0.233530975637696E+005  0.521976593839875E+000 
      5.18000000 -0.233530937050668E+005  0.525835296630964E+000 
      5.20000000 -0.233530898683533E+005  0.529672010145479E+000 
      5.22000000 -0.233530860548644E+005  0.533485499053432E+000 
      5.24000000 -0.233530822658947E+005  0.537274468699321E+000 
      5.26000000 -0.233530785027860E+005  0.541037577405286E+000 
      5.28000000 -0.233530747669121E+005  0.544773451286242E+000 
      5.30000000 -0.233530710596640E+005  0.548480699383656E+000 
      5.32000000 -0.233530673824344E+005  0.552157929009689E+000 
      5.34000000 -0.233530637366024E+005  0.555803761007800E+000 
      5.36000000 -0.233530601235190E+005  0.559416844363717E+000 
      5.38000000 -0.233530565444940E+005  0.562995869377876E+000 
      5.40000000 -0.233530530007846E+005  0.566539578805394E+000 
      5.42000000 -0.233530494935860E+005  0.570046777387378E+000 
      5.44000000 -0.233530460240252E+005  0.573516338226781E+000 
      5.46000000 -0.233530425931565E+005  0.576947206881211E+000 
      5.48000000 -0.233530392019616E+005  0.580338401839335E+000 
      5.50000000 -0.233530358513502E+005  0.583689013187551E+000 
      5.52000000 -0.233530325421651E+005  0.586998198347040E+000 
      5.54000000 -0.233530292751867E+005  0.590265176694035E+000 
      5.56000000 -0.233530260511403E+005  0.593489223106620E+000 
      5.58000000 -0.233530228707027E+005  0.596669660722673E+000 
      5.60000000 -0.233530197345096E+005  0.599805853793700E+000 
      5.62000000 -0.233530166431628E+005  0.602897200656228E+000 
      5.64000000 -0.233530135972362E+005  0.605943127253864E+000 
      5.66000000 -0.233530105972818E+005  0.608943081655469E+000 
      5.68000000 -0.233530076438335E+005  0.611896529872647E+000 
      5.70000000 -0.233530047374112E+005  0.614802952255731E+000 
      5.72000000 -0.233530018785219E+005  0.617661841482953E+000 
      5.74000000 -0.233529990676621E+005  0.620472701326110E+000 
      5.76000000 -0.233529963053165E+005  0.623235046928986E+000 
      5.78000000 -0.233529935919570E+005  0.625948406381982E+000 
      5.80000000 -0.233529909280411E+005  0.628612322318402E+000 
      5.82000000 -0.233529883140088E+005  0.631226354658451E+000 
      5.84000000 -0.233529857502795E+005  0.633790083863686E+000 
      5.86000000 -0.233529832372492E+005  0.636303114185262E+000 
      5.88000000 -0.233529807752864E+005  0.638765077042123E+000 
      5.90000000 -0.233529783647298E+005  0.641175633644351E+000 
      5.92000000 -0.233529760058862E+005  0.643534477229825E+000 
      5.94000000 -0.233529736990280E+005  0.645841335378216E+000 
      5.96000000 -0.233529714443937E+005  0.648095969735655E+000 
      5.98000000 -0.233529692421890E+005  0.650298174384422E+000 
      6.00000000 -0.233529670925900E+005  0.652447773389738E+000 
      6.02000000 -0.233529649957470E+005  0.654544616453292E+000 
      6.04000000 -0.233529629517898E+005  0.656588573617035E+000 
      6.06000000 -0.233529609608348E+005  0.658579528571779E+000 
      6.08000000 -0.233529590229920E+005  0.660517371408946E+000 
      6.10000000 -0.233529571383731E+005  0.662401990345247E+000 
      6.12000000 -0.233529553071001E+005  0.664233263351472E+000 
      6.14000000 -0.233529535293149E+005  0.666011048506714E+000 
      6.16000000 -0.233529518051879E+005  0.667735175491035E+000 
      6.18000000 -0.233529501349267E+005  0.669405436694529E+000 
      6.20000000 -0.233529485187839E+005  0.671021579505033E+000 
      6.22000000 -0.233529469570640E+005  0.672583299390896E+000 
      6.24000000 -0.233529454501287E+005  0.674090234719234E+000 
      6.26000000 -0.233529439984000E+005  0.675541963421054E+000 
      6.28000000 -0.233529426023615E+005  0.676938001865199E+000 
      6.30000000 -0.233529412625568E+005  0.678277806603115E+000 
      6.32000000 -0.233529399795857E+005  0.679560777740857E+000 
      6.34000000 -0.233529387540975E+005  0.680786265905823E+000 
      6.36000000 -0.233529375867827E+005  0.681953580747894E+000 
      6.38000000 -0.233529364783617E+005  0.683062001671059E+000 
      6.40000000 -0.233529354295730E+005  0.684110790402610E+000 
      6.42000000 -0.233529344411589E+005  0.685099204462577E+000 
      6.44000000 -0.233529335138515E+005  0.686026511947927E+000 
      6.46000000 -0.233529326483575E+005  0.686892005920785E+000 
      6.48000000 -0.233529318453440E+005  0.687695019372070E+000 
      6.50000000 -0.233529311054244E+005  0.688434939028119E+000 
      6.52000000 -0.233529304291451E+005  0.689111218284933E+000 
      6.54000000 -0.233529298169739E+005  0.689723389464924E+000 
      6.56000000 -0.233529292692900E+005  0.690271073419379E+000 
      6.58000000 -0.233529287863760E+005  0.690753987454201E+000 
      6.60000000 -0.233529283684123E+005  0.691171951142739E+000 
      6.62000000 -0.233529280154747E+005  0.691524888689279E+000 
      6.64000000 -0.233529277275341E+005  0.691812829263152E+000 
      6.66000000 -0.233529275044592E+005  0.692035904229983E+000 
      6.68000000 -0.233529273460220E+005  0.692194341434762E+000 
      6.70000000 -0.233529272519058E+005  0.692288457573082E+000 
      6.72000000 -0.233529272217161E+005  0.692318647286287E+000 
      6.74000000 -0.233529272549929E+005  0.692285370545866E+000 
      6.76000000 -0.233529273512239E+005  0.692189139533595E+000 
      6.78000000 -0.233529275098596E+005  0.692030503764527E+000 
      6.80000000 -0.233529277303279E+005  0.691810035491504E+000 
      6.82000000 -0.233529280120491E+005  0.691528314308422E+000 
      6.84000000 -0.233529283544504E+005  0.691185913015686E+000 
      6.86000000 -0.233529287569789E+005  0.690783384537470E+000 
      6.88000000 -0.233529292191126E+005  0.690321250800317E+000 
      6.90000000 -0.233529297403700E+005  0.689799993436935E+000 
      6.92000000 -0.233529303203169E+005  0.689220046482269E+000 
      6.94000000 -0.233529309585711E+005  0.688581792354943E+000 
      6.96000000 -0.233529316548034E+005  0.687885559998019E+000 
      6.98000000 -0.233529324087370E+005  0.687131626419602E+000 
      7.00000000 -0.233529332201426E+005  0.686320220825854E+000 
      7.02000000 -0.233529340888331E+005  0.685451530341021E+000 
      7.04000000 -0.233529350146550E+005  0.684525708431235E+000 
      7.06000000 -0.233529359974791E+005  0.683542884296618E+000 
      7.08000000 -0.233529370371899E+005  0.682503173550305E+000 
      7.10000000 -0.233529381336739E+005  0.681406689553305E+000 
      7.12000000 -0.233529392868088E+005  0.680253554579223E+000 
      7.14000000 -0.233529404964528E+005  0.679043910629398E+000 
      7.16000000 -0.233529417624343E+005  0.677777929063211E+000 
      7.18000000 -0.233529430845442E+005  0.676455819179660E+000 
      7.20000000 -0.233529444625283E+005  0.675077835109852E+000 
      7.22000000 -0.233529458960830E+005  0.673644280389308E+000 
      7.24000000 -0.233529473848528E+005  0.672155510637002E+000 
      7.26000000 -0.233529489284302E+005  0.670611933190312E+000 
      7.28000000 -0.233529505263580E+005  0.669014005381906E+000 
      7.30000000 -0.233529521781335E+005  0.667362229893189E+000 
      7.32000000 -0.233529538832148E+005  0.665657148635202E+000 
      7.34000000 -0.233529556410283E+005  0.663899335104406E+000 
      7.36000000 -0.233529574509779E+005  0.662089385528856E+000 
      7.38000000 -0.233529593124533E+005  0.660227910088640E+000 
      7.40000000 -0.233529612248396E+005  0.658315523823851E+000 
      7.42000000 -0.233529631875249E+005  0.656352838492300E+000 
      7.44000000 -0.233529651999076E+005  0.654340455794580E+000 
      7.46000000 -0.233529672614020E+005  0.652278961425121E+000 
      7.48000000 -0.233529693714416E+005  0.650168921786811E+000 
      7.50000000 -0.233529715294808E+005  0.648010882620541E+000 
      7.52000000 -0.233529737349931E+005  0.645805370344725E+000 
      7.54000000 -0.233529759874680E+005  0.643552895414924E+000 
      7.56000000 -0.233529782864053E+005  0.641253958093362E+000 
      7.58000000 -0.233529806313075E+005  0.638909055926108E+000 
      7.60000000 -0.233529830216706E+005  0.636518692807244E+000 
      7.62000000 -0.233529854569738E+005  0.634083389642433E+000 
      7.64000000 -0.233529879366683E+005  0.631603695126930E+000 
      7.66000000 -0.233529904601666E+005  0.629080196786564E+000 
      7.68000000 -0.233529930268319E+005  0.626513531526825E+000 
      7.70000000 -0.233529956359689E+005  0.623904394548558E+000 
      7.72000000 -0.233529982868168E+005  0.621253546571460E+000 
      7.74000000 -0.233530009785442E+005  0.618561819198342E+000 
      7.76000000 -0.233530037102461E+005  0.615830117352868E+000 
      7.78000000 -0.233530064809450E+005  0.613059418373134E+000 
      7.80000000 -0.233530092895946E+005  0.610250768834571E+000 
      7.82000000 -0.233530121350848E+005  0.607405278604085E+000 
      7.84000000 -0.233530150162510E+005  0.604524112372943E+000 
      7.86000000 -0.233530179318853E+005  0.601608478074422E+000 
      7.88000000 -0.233530208807486E+005  0.598659614781736E+000 
      7.90000000 -0.233530238615852E+005  0.595678778242479E+000 
      7.92000000 -0.233530268731378E+005  0.592667225587070E+000 
      7.94000000 -0.233530299141637E+005  0.589626199737134E+000 
      7.96000000 -0.233530329834493E+005  0.586556914083016E+000 
      7.98000000 -0.233530360798253E+005  0.583460538154335E+000 
      8.00000000 -0.233530392021784E+005  0.580338185004384E+000 
      8.02000000 -0.233530423494625E+005  0.577190900874484E+000 
      8.04000000 -0.233530455207053E+005  0.574019658122076E+000 
      8.06000000 -0.233530487150115E+005  0.570825351929150E+000 
      8.08000000 -0.233530519315636E+005  0.567608799832028E+000 
      8.10000000 -0.233530551696182E+005  0.564370745223284E+000 
      8.12000000 -0.233530584284999E+005  0.561111863507968E+000 
      8.14000000 -0.233530617075924E+005  0.557832771013102E+000 
      8.16000000 -0.233530650063265E+005  0.554534036901044E+000 
      8.18000000 -0.233530683241677E+005  0.551216195747969E+000 
      8.20000000 -0.233530716606013E+005  0.547879762077489E+000 
      8.22000000 -0.233530750151175E+005  0.544525245939907E+000 
      8.24000000 -0.233530783871950E+005  0.541153168367720E+000 
      8.26000000 -0.233530817762871E+005  0.537764076333062E+000 
      8.28000000 -0.233530851818068E+005  0.534358556603834E+000 
      8.30000000 -0.233530886031160E+005  0.530937247425047E+000 
      8.32000000 -0.233530920395152E+005  0.527500848183154E+000 
      8.34000000 -0.233530954902377E+005  0.524050125676729E+000 
      8.36000000 -0.233530989544458E+005  0.520585917590554E+000 
      8.38000000 -0.233531024312306E+005  0.517109132774041E+000 
      8.40000000 -0.233531059196152E+005  0.513620748194059E+000 
      8.42000000 -0.233531094185601E+005  0.510121803332466E+000 
      8.44000000 -0.233531129269707E+005  0.506613392699656E+000 
      8.46000000 -0.233531164437054E+005  0.503096658035654E+000 
      8.48000000 -0.233531199675786E+005  0.499572784857682E+000 
      8.50000000 -0.233531234973516E+005  0.496043011821322E+000 
      8.52000000 -0.233531270316960E+005  0.492508667419614E+000 
      8.54000000 -0.233531305691097E+005  0.488971253716883E+000 
      8.56000000 -0.233531341077603E+005  0.485432603134282E+000 
      8.58000000 -0.233531376452257E+005  0.481895137691487E+000 
      8.60000000 -0.233531411781041E+005  0.478362259323221E+000 
      8.62000000 -0.233531447014682E+005  0.474838895258197E+000 
      8.64000000 -0.233531482081527E+005  0.471332210726509E+000 
      8.66000000 -0.233531516878783E+005  0.467852485147069E+000 
      8.68000000 -0.233531551262417E+005  0.464414121688391E+000 
      8.70000000 -0.233531585036302E+005  0.461036733163378E+000 
      8.72000000 -0.233531617941485E+005  0.457746214900149E+000 
      8.74000000 -0.233531649646804E+005  0.454575683029924E+000 
      8.76000000 -0.233531679742351E+005  0.451566128314375E+000 
      8.78000000 -0.233531707737462E+005  0.448766617221905E+000 
      8.80000000 -0.233531733065009E+005  0.446233862548532E+000 
      8.82000000 -0.233531755093664E+005  0.444030997059273E+000 
      8.84000000 -0.233531773149525E+005  0.442225410898872E+000 
      8.86000000 -0.233531786547979E+005  0.440885565529925E+000 
      8.88000000 -0.233531794635938E+005  0.440076769578163E+000 
      8.90000000 -0.233531796843676E+005  0.439855995842321E+000 
      8.92000000 -0.233531792744318E+005  0.440265931647727E+000 
      8.94000000 -0.233531782117880E+005  0.441328575397006E+000 
      8.96000000 -0.233531765015437E+005  0.443038819731776E+000 
      8.98000000 -0.233531741817818E+005  0.445358581564399E+000 
      9.00000000 -0.233531713282218E+005  0.448212141589788E+000 
      9.02000000 -0.233531680569296E+005  0.451483433851616E+000 
      9.04000000 -0.233531645243055E+005  0.455016057937190E+000 
      9.06000000 -0.233531609235870E+005  0.458616776444904E+000 
      9.08000000 -0.233531574771791E+005  0.462063184352815E+000 
      9.10000000 -0.233531544242613E+005  0.465116102148317E+000 
      9.12000000 -0.233531520033224E+005  0.467537041040148E+000 
      9.14000000 -0.233531504295398E+005  0.469110823615335E+000 
      9.16000000 -0.233531498672444E+005  0.469673119047359E+000 
      9.18000000 -0.233531503980778E+005  0.469142285571081E+000 
      9.20000000 -0.233531519858463E+005  0.467554517135357E+000 
      9.22000000 -0.233531544394727E+005  0.465100890699463E+000 
      9.24000000 -0.233531573758355E+005  0.462164527948518E+000 
      9.26000000 -0.233531601846185E+005  0.459355744928324E+000 
      9.28000000 -0.233531619975643E+005  0.457542799081807E+000 
      9.30000000 -0.233531616646890E+005  0.457875674389958E+000 
      9.32000000 -0.233531577400607E+005  0.461800302758704E+000 
      9.34000000 -0.233531484796455E+005  0.471060717865738E+000 
      9.36000000 -0.233531318534682E+005  0.487686895202970E+000 
      9.38000000 -0.233531055739111E+005  0.513966452281678E+000 
      9.40000000 -0.233530671413971E+005  0.552398966286025E+000 
      9.42000000 -0.233530139079637E+005  0.605632399761886E+000 
      9.44000000 -0.233529431583753E+005  0.676381988128592E+000 
      9.46000000 -0.233528522074579E+005  0.767332905497339E+000 
      9.48000000 -0.233527385113209E+005  0.881029042516007E+000 
      9.50000000 -0.233525997891015E+005  0.101975126187199E+001 
      9.52000000 -0.233524341508791E+005  0.118538948430671E+001 
      9.54000000 -0.233522402265225E+005  0.137931384095168E+001 
      9.56000000 -0.233520172895110E+005  0.160225085239505E+001 
      9.58000000 -0.233517653692605E+005  0.185417110293952E+001 
      9.60000000 -0.233514853452446E+005  0.213419511882437E+001 
      9.62000000 -0.233511790162762E+005  0.244052408724051E+001 
      9.64000000 -0.233508491387175E+005  0.277040164594219E+001 
      9.66000000 -0.233504994281609E+005  0.312011220248837E+001 
      9.68000000 -0.233501345202393E+005  0.348502012410682E+001 
      9.70000000 -0.233497598876756E+005  0.385965268779146E+001 
      9.72000000 -0.233493817124314E+005  0.423782793204511E+001 
      9.74000000 -0.233490067137767E+005  0.461282658672042E+001 
      9.76000000 -0.233486419352276E+005  0.497760513577546E+001 
      9.78000000 -0.233482944954710E+005  0.532504489243475E+001 
      9.80000000 -0.233479713105110E+005  0.564822985245219E+001 
      9.82000000 -0.233476787962245E+005  0.594074413892786E+001 
      9.84000000 -0.233474225621827E+005  0.619697818071152E+001 
      9.86000000 -0.233472071088847E+005  0.641243147871203E+001 
      9.88000000 -0.233470355413639E+005  0.658399899954695E+001 
      9.90000000 -0.233469093123965E+005  0.671022796686247E+001 
      9.92000000 -0.233468280082300E+005  0.679153213336794E+001 
      9.94000000 -0.233467891888300E+005  0.683035153337676E+001 
      9.96000000 -0.233467882931456E+005  0.683124721779600E+001 
      9.98000000 -0.233468186178537E+005  0.680092250975524E+001 
     10.00000000 -0.233468713755537E+005  0.674816480973068E+001 
     10.02000000 -0.233469358355244E+005  0.668370483905713E+001 
     10.04000000 -0.233469995470540E+005  0.661999330941932E+001 
     10.06000000 -0.233470486421325E+005  0.657089823095545E+001 
     10.08000000 -0.233470682110709E+005  0.655132929248834E+001 
     10.10000000 -0.233470427415236E+005  0.657679883977019E+001 
     10.12000000 -0.233469566085297E+005  0.666293183373339E+001 
     10.14000000 -0.233467946006790E+005  0.682493968441973E+001 
     10.16000000 -0.233465424654185E+005  0.707707494488167E+001 
     10.18000000 -0.233461874549269E+005  0.743208543650912E+001 
     10.20000000 -0.233457188529655E+005  0.790068739788301E+001 
     10.22000000 -0.233451284627045E+005  0.849107765891777E+001 
     10.24000000 -0.233444110357816E+005  0.920850458185405E+001 
     10.26000000 -0.233435646238015E+005  0.100549165619282E+002 
     10.28000000 -0.233425908351617E+005  0.110287052017477E+002 
     10.30000000 -0.233414949825023E+005  0.121245578611576E+002 
     10.32000000 -0.233402861092114E+005  0.133334311519896E+002 
     10.34000000 -0.233389768872498E+005  0.146426531136217E+002 
     10.36000000 -0.233375833829979E+005  0.160361573654982E+002 
     10.38000000 -0.233361246927886E+005  0.174948475748491E+002 
     10.40000000 -0.233346224550878E+005  0.189970852756369E+002 
     10.42000000 -0.233331002517330E+005  0.205192886304597E+002 
     10.44000000 -0.233315829159883E+005  0.220366243751526E+002 
     10.46000000 -0.233300957701361E+005  0.235237702272868E+002 
     10.48000000 -0.233286638196045E+005  0.249557207589079E+002 
     10.50000000 -0.233273109339308E+005  0.263086064325718E+002 
     10.52000000 -0.233260590468962E+005  0.275604934672031E+002 
     10.54000000 -0.233249274087368E+005  0.286921316266084E+002 
     10.56000000 -0.233239319222710E+005  0.296876180923852E+002 
     10.58000000 -0.233230845920292E+005  0.305349483342502E+002 
     10.60000000 -0.233223931111133E+005  0.312264292500723E+002 
     10.62000000 -0.233218606046981E+005  0.317589356652734E+002 
     10.64000000 -0.233214855421183E+005  0.321339982451147E+002 
     10.66000000 -0.233212618217554E+005  0.323577186079901E+002 
     10.68000000 -0.233211790248981E+005  0.324405154653589E+002 
     10.70000000 -0.233212228268982E+005  0.323967134652346E+002 
     10.72000000 -0.233213755467776E+005  0.322439935857698E+002 
     10.74000000 -0.233216168103880E+005  0.320027299753842E+002 
     10.76000000 -0.233219242976490E+005  0.316952427144268E+002 
     10.78000000 -0.233222745415377E+005  0.313449988257444E+002 
     10.80000000 -0.233226437454491E+005  0.309757949143179E+002 
     10.82000000 -0.233230085862815E+005  0.306109540819166E+002 
     10.84000000 -0.233233469729393E+005  0.302725674241155E+002 
     10.86000000 -0.233236387336145E+005  0.299808067489294E+002 
     10.88000000 -0.233238662098626E+005  0.297533305007684E+002 
     10.90000000 -0.233240147407465E+005  0.296047996169442E+002 
     10.92000000 -0.233240730258033E+005  0.295465145601369E+002 
     10.94000000 -0.233240333609678E+005  0.295861793956575E+002 
     10.96000000 -0.233238917465735E+005  0.297277937898906E+002 
     10.98000000 -0.233236478709819E+005  0.299716693815010E+002 
     11.00000000 -0.233233049771334E+005  0.303145632300339E+002 
     11.02000000 -0.233228696223609E+005  0.307499180025232E+002 
     11.04000000 -0.233223513441795E+005  0.312681961839032E+002 
     11.06000000 -0.233217622465445E+005  0.318572938188909E+002 
     11.08000000 -0.233211165223472E+005  0.325030180162153E+002 
     11.10000000 -0.233204299287820E+005  0.331896115814538E+002 
     11.12000000 -0.233197192327478E+005  0.339003076156486E+002 
     11.14000000 -0.233190016436651E+005  0.346178966983210E+002 
     11.16000000 -0.233182942510334E+005  0.353252893299992E+002 
     11.18000000 -0.233176134836672E+005  0.360060566962016E+002 
     11.20000000 -0.233169746068127E+005  0.366449335506650E+002 
     11.22000000 -0.233163912721966E+005  0.372282681668557E+002 
     11.24000000 -0.233158751344482E+005  0.377444059152124E+002 
     11.26000000 -0.233154355452528E+005  0.381839951106388E+002 
     11.28000000 -0.233150793340213E+005  0.385402063420650E+002 
     11.30000000 -0.233148106808797E+005  0.388088594836723E+002 
     11.32000000 -0.233146310844537E+005  0.389884559097040E+002 
     11.34000000 -0.233145394233884E+005  0.390801169750382E+002 
     11.36000000 -0.233145321069667E+005  0.390874333967493E+002 
     11.38000000 -0.233146033067367E+005  0.390162336267147E+002 
     11.40000000 -0.233147452579295E+005  0.388742824339247E+002 
     11.42000000 -0.233149486168081E+005  0.386709235553511E+002 
     11.44000000 -0.233152028580843E+005  0.384166822791336E+002 
     11.46000000 -0.233154966952941E+005  0.381228450692938E+002 
     11.48000000 -0.233158185065913E+005  0.378010337721150E+002 
     11.50000000 -0.233161567488226E+005  0.374627915408229E+002 
     11.52000000 -0.233165003439475E+005  0.371191964158630E+002 
     11.54000000 -0.233168390237833E+005  0.367805165801500E+002 
     11.56000000 -0.233171636215502E+005  0.364559188131962E+002 
     11.58000000 -0.233174663016305E+005  0.361532387329593E+002 
     11.60000000 -0.233177407221422E+005  0.358788182211771E+002 
     11.62000000 -0.233179821282048E+005  0.356374121585626E+002 
     11.64000000 -0.233181873769484E+005  0.354321634150309E+002 
     11.66000000 -0.233183548982494E+005  0.352646421140073E+002 
     11.68000000 -0.233184845977220E+005  0.351349426413649E+002 
     11.70000000 -0.233185777105585E+005  0.350418298049067E+002 
     11.72000000 -0.233186366163268E+005  0.349829240366195E+002 
     11.74000000 -0.233186646257663E+005  0.349549145971093E+002 
     11.76000000 -0.233186657509708E+005  0.349537893926498E+002 
     11.78000000 -0.233186444701450E+005  0.349750702184501E+002 
     11.80000000 -0.233186054974188E+005  0.350140429446394E+002 
     11.82000000 -0.233185535670757E+005  0.350659732876998E+002 
     11.84000000 -0.233184932400899E+005  0.351263002734726E+002 
     11.86000000 -0.233184287391616E+005  0.351908012018561E+002 
     11.88000000 -0.233183638165968E+005  0.352557237665631E+002 
     11.90000000 -0.233183016574898E+005  0.353178828736008E+002 
     11.92000000 -0.233182448188244E+005  0.353747215390473E+002 
     11.94000000 -0.233181952034061E+005  0.354243369573291E+002 
     11.96000000 -0.233181540660282E+005  0.354654743351638E+002 
     11.98000000 -0.233181220480246E+005  0.354974923388371E+002 
     12.00000000 -0.233180992354100E+005  0.355203049533618E+002 
     12.02000000 -0.233180852351754E+005  0.355343051880128E+002 
     12.04000000 -0.233180792639897E+005  0.355402763737117E+002 
     12.06000000 -0.233180802435679E+005  0.355392967954996E+002 
     12.08000000 -0.233180868972462E+005  0.355326431171857E+002 
     12.10000000 -0.233180978428460E+005  0.355216975173856E+002 
     12.12000000 -0.233181116776394E+005  0.355078627240282E+002 
     12.14000000 -0.233181270521104E+005  0.354924882529864E+002 
     12.16000000 -0.233181427301702E+005  0.354768101932047E+002 
     12.18000000 -0.233181576344746E+005  0.354619058888010E+002 
     12.20000000 -0.233181708764549E+005  0.354486639085202E+002 
     12.22000000 -0.233181817715496E+005  0.354377688138563E+002 
     12.24000000 -0.233181898408850E+005  0.354296994784229E+002 
     12.26000000 -0.233181948012524E+005  0.354247391109741E+002 
     12.28000000 -0.233181965456589E+005  0.354229947044772E+002 
     12.30000000 -0.233181951169740E+005  0.354244233894322E+002 
     12.32000000 -0.233181906772633E+005  0.354288631001261E+002 
     12.34000000 -0.233181834753043E+005  0.354360650591176E+002 
     12.36000000 -0.233181738145453E+005  0.354457258180626E+002 
     12.38000000 -0.233181620234221E+005  0.354575169413525E+002 
     12.40000000 -0.233181484295255E+005  0.354711108379563E+002 
     12.42000000 -0.233181333386504E+005  0.354862017129716E+002 
     12.44000000 -0.233181170192820E+005  0.355025210814315E+002 
     12.46000000 -0.233180996926294E+005  0.355198477340429E+002 
     12.48000000 -0.233180815279181E+005  0.355380124453260E+002 
     12.50000000 -0.233180626423239E+005  0.355568980394762E+002 
     12.52000000 -0.233180431046928E+005  0.355764356706231E+002 
     12.54000000 -0.233180229420379E+005  0.355965983255283E+002 
     12.56000000 -0.233180021477558E+005  0.356173926075913E+002 
     12.58000000 -0.233179806905312E+005  0.356388498321851E+002 
     12.60000000 -0.233179585230132E+005  0.356610173502537E+002 
     12.62000000 -0.233179355895127E+005  0.356839508507309E+002 
     12.64000000 -0.233179118321844E+005  0.357077081789770E+002 
     12.66000000 -0.233178871953875E+005  0.357323449759166E+002 
     12.68000000 -0.233178616281517E+005  0.357579122117368E+002 
     12.70000000 -0.233178350849913E+005  0.357844553721132E+002 
     12.72000000 -0.233178075262583E+005  0.358120141050838E+002 
     12.74000000 -0.233177789187537E+005  0.358406216097496E+002 
     12.76000000 -0.233177492362389E+005  0.358703041245350E+002 
     12.78000000 -0.233177184598574E+005  0.359010805060590E+002 
     12.80000000 -0.233176865784629E+005  0.359329619004709E+002 
     12.82000000 -0.233176535888482E+005  0.359659515151721E+002 
     12.84000000 -0.233176194958636E+005  0.360000444997876E+002 
     12.86000000 -0.233175843124215E+005  0.360352279418721E+002 
     12.88000000 -0.233175480593804E+005  0.360714809830553E+002 
     12.90000000 -0.233175107653035E+005  0.361087750598708E+002 
     12.92000000 -0.233174724660932E+005  0.361470742702146E+002 
     12.94000000 -0.233174332044978E+005  0.361863358656323E+002 
     12.96000000 -0.233173930294973E+005  0.362265108661426E+002 
     12.98000000 -0.233173519955726E+005  0.362675447908132E+002 
     13.00000000 -0.233173101618689E+005  0.363093784945206E+002 
     13.02000000 -0.233172675912662E+005  0.363519490972295E+002 
     13.04000000 -0.233172243493745E+005  0.363951909888637E+002 
     13.06000000 -0.233171805034736E+005  0.364390368898523E+002 
     13.08000000 -0.233171361214159E+005  0.364834189475576E+002 
     13.10000000 -0.233170912705190E+005  0.365282698444381E+002 
     13.12000000 -0.233170460164690E+005  0.365735238943775E+002 
     13.14000000 -0.233170004222576E+005  0.366191181058078E+002 
     13.16000000 -0.233169545471757E+005  0.366649931877403E+002 
     13.18000000 -0.233169084458845E+005  0.367110944788686E+002 
     13.20000000 -0.233168621675823E+005  0.367573727810864E+002 
     13.22000000 -0.233168157552828E+005  0.368037850806313E+002 
     13.24000000 -0.233167692452179E+005  0.368502951454724E+002 
     13.26000000 -0.233167226663737E+005  0.368968739897276E+002 
     13.28000000 -0.233166760401609E+005  0.369435002024955E+002 
     13.30000000 -0.233166293802206E+005  0.369901601427904E+002 
     13.32000000 -0.233165826923558E+005  0.370368480076109E+002 
     13.34000000 -0.233165359745791E+005  0.370835657843042E+002 
     13.36000000 -0.233164892172613E+005  0.371303231020661E+002 
     13.38000000 -0.233164424033664E+005  0.371771369970202E+002 
     13.40000000 -0.233163955087566E+005  0.372240316067678E+002 
     13.42000000 -0.233163485025586E+005  0.372710378047706E+002 
     13.44000000 -0.233163013475797E+005  0.373181927837602E+002 
     13.46000000 -0.233162540007725E+005  0.373655395909006E+002 
     13.48000000 -0.233162064137516E+005  0.374131266117825E+002 
     13.50000000 -0.233161585333646E+005  0.374610069988453E+002 
     13.52000000 -0.233161103023287E+005  0.375092380347588E+002 
     13.54000000 -0.233160616599395E+005  0.375578804239049E+002 
     13.56000000 -0.233160125428597E+005  0.376069975036855E+002 
     13.58000000 -0.233159628859901E+005  0.376566543733068E+002 
     13.60000000 -0.233159126234214E+005  0.377069169420526E+002 
     13.62000000 -0.233158616894596E+005  0.377578509037823E+002 
     13.64000000 -0.233158100197112E+005  0.378095206521934E+002 
     13.66000000 -0.233157575522065E+005  0.378619881568972E+002 
     13.68000000 -0.233157042285405E+005  0.379153118228728E+002 
     13.70000000 -0.233156499950037E+005  0.379695453596878E+002 
     13.72000000 -0.233155948036760E+005  0.380247366874117E+002 
     13.74000000 -0.233155386134619E+005  0.380809269014897E+002 
     13.76000000 -0.233154813910465E+005  0.381381493169359E+002 
     13.78000000 -0.233154231117593E+005  0.381964286041181E+002 
     13.80000000 -0.233153637603382E+005  0.382557800252137E+002 
     13.82000000 -0.233153033315915E+005  0.383162087718841E+002 
     13.84000000 -0.233152418309575E+005  0.383777094059407E+002 
     13.86000000 -0.233151792749608E+005  0.384402654026218E+002 
     13.88000000 -0.233151156915640E+005  0.385038487994283E+002 
     13.90000000 -0.233150511204038E+005  0.385684199595765E+002 
     13.92000000 -0.233149856128966E+005  0.386339274667762E+002 
     13.94000000 -0.233149192321902E+005  0.387003081732523E+002 
     13.96000000 -0.233148520529352E+005  0.387674874281714E+002 
     13.98000000 -0.233147841608493E+005  0.388353795140962E+002 
     14.00000000 -0.233147156520504E+005  0.389038883130474E+002 
     14.02000000 -0.233146466321459E+005  0.389729082174634E+002 
     14.04000000 -0.233145772150778E+005  0.390423252856199E+002 
     14.06000000 -0.233145075217336E+005  0.391120186298227E+002 
     14.08000000 -0.233144376783505E+005  0.391818620128946E+002 
     14.10000000 -0.233143678147455E+005  0.392517256178705E+002 
     14.12000000 -0.233142980624065E+005  0.393214779568799E+002 
     14.14000000 -0.233142285524771E+005  0.393909878863181E+002 
     14.16000000 -0.233141594136601E+005  0.394601267033467E+002 
     14.18000000 -0.233140907700512E+005  0.395287703122332E+002 
     14.20000000 -0.233140227389071E+005  0.395968014562943E+002 
     14.22000000 -0.233139554283470E+005  0.396641120164423E+002 
     14.24000000 -0.233138889349923E+005  0.397306053710668E+002 
     14.26000000 -0.233138233415647E+005  0.397961987987601E+002 
     14.28000000 -0.233137587144839E+005  0.398608258794673E+002 
     14.30000000 -0.233136951015435E+005  0.399244388199029E+002 
     14.32000000 -0.233136325297680E+005  0.399870105954319E+002 
     14.34000000 -0.233135710035857E+005  0.400485367777483E+002 
     14.36000000 -0.233135105034610E+005  0.401090369024215E+002 
     14.38000000 -0.233134509851324E+005  0.401685552310111E+002 
     14.40000000 -0.233133923795774E+005  0.402271607859751E+002 
     14.42000000 -0.233133345937924E+005  0.402849465710204E+002 
     14.44000000 -0.233132775124210E+005  0.403420279423811E+002 
     14.46000000 -0.233132210002134E+005  0.403985401500600E+002 
     14.48000000 -0.233131649052355E+005  0.404546351279332E+002 
     14.50000000 -0.233131090627063E+005  0.405104776571345E+002 
     14.52000000 -0.233130532992992E+005  0.405662410642236E+002 
     14.54000000 -0.233129974377245E+005  0.406221026389099E+002 
     14.56000000 -0.233129413014007E+005  0.406782389626812E+002 
     14.58000000 -0.233128847190273E+005  0.407348213360831E+002 
     14.60000000 -0.233128275288813E+005  0.407920114821409E+002 
     14.62000000 -0.233127695826760E+005  0.408499576874569E+002 
     14.64000000 -0.233127107488366E+005  0.409087915267661E+002 
     14.66000000 -0.233126509150667E+005  0.409686252966630E+002 
     14.68000000 -0.233125899900964E+005  0.410295502670038E+002 
     14.70000000 -0.233125279045354E+005  0.410916358280543E+002 
     14.72000000 -0.233124646107862E+005  0.411549295772144E+002 
     14.74000000 -0.233124000820226E+005  0.412194583407901E+002 
     14.76000000 -0.233123343102990E+005  0.412852300643940E+002 
     14.78000000 -0.233122673039244E+005  0.413522364389956E+002 
     14.80000000 -0.233121990843060E+005  0.414204560574274E+002 
     14.82000000 -0.233121296825326E+005  0.414898578307941E+002 
     14.84000000 -0.233120591360146E+005  0.415604043488423E+002 
     14.86000000 -0.233119874855230E+005  0.416320548403863E+002 
     14.88000000 -0.233119147729620E+005  0.417047674013633E+002 
     14.90000000 -0.233118410401663E+005  0.417785001971460E+002 
     14.92000000 -0.233117663289427E+005  0.418532114207262E+002 
     14.94000000 -0.233116906824713E+005  0.419288578920742E+002 
     14.96000000 -0.233116141480574E+005  0.420053923059872E+002 
     14.98000000 -0.233115367810957E+005  0.420827592676937E+002 
     15.00000000 -0.233114586499749E+005  0.421608903885290E+002 
     15.02000000 -0.233113798415314E+005  0.422396988320474E+002 
     15.04000000 -0.233113004665664E+005  0.423190737970550E+002 
     15.06000000 -0.233112206648729E+005  0.423988754905180E+002 
     15.08000000 -0.233111406091964E+005  0.424789311670204E+002 
     15.10000000 -0.233110605075687E+005  0.425590327946856E+002 
     15.12000000 -0.233109806035222E+005  0.426389368411844E+002 
     15.14000000 -0.233109011738002E+005  0.427183665631981E+002 
     15.16000000 -0.233108225233328E+005  0.427970170305907E+002 
     15.18000000 -0.233107449774328E+005  0.428745629305951E+002 
     15.20000000 -0.233106688713704E+005  0.429506689930141E+002 
     15.22000000 -0.233105945376976E+005  0.430250026658184E+002 
     15.24000000 -0.233105222918999E+005  0.430972484634811E+002 
     15.26000000 -0.233104524171222E+005  0.431671232411894E+002 
     15.28000000 -0.233103851488541E+005  0.432343915093185E+002 
     15.30000000 -0.233103206605372E+005  0.432988798262060E+002 
     15.32000000 -0.233102590510672E+005  0.433604892961908E+002 
     15.34000000 -0.233102003351099E+005  0.434192052534844E+002 
     15.36000000 -0.233101444370225E+005  0.434751033408693E+002 
     15.38000000 -0.233100911889843E+005  0.435283513790633E+002 
     15.40000000 -0.233100403336980E+005  0.435792066654056E+002 
     15.42000000 -0.233099915317477E+005  0.436280086157455E+002 
     15.44000000 -0.233099443734021E+005  0.436751669613227E+002 
     15.46000000 -0.233098983943630E+005  0.437211460004619E+002 
     15.48000000 -0.233098530946878E+005  0.437664456756125E+002 
     15.50000000 -0.233098079598961E+005  0.438115804673497E+002 
     15.52000000 -0.233097624831068E+005  0.438570572565905E+002 
     15.54000000 -0.233097161869688E+005  0.439033533945782E+002 
     15.56000000 -0.233096686441402E+005  0.439508962231935E+002 
     15.58000000 -0.233096194951519E+005  0.440000452115433E+002 
     15.60000000 -0.233095684626413E+005  0.440510777220824E+002 
     15.62000000 -0.233095153611639E+005  0.441041791994843E+002 
     15.64000000 -0.233094601020562E+005  0.441594383072271E+002 
     15.66000000 -0.233094026931268E+005  0.442168472366601E+002 
     15.68000000 -0.233093432332642E+005  0.442763070991787E+002 
     15.70000000 -0.233092819023556E+005  0.443376380078303E+002 
     15.72000000 -0.233092189471930E+005  0.444005931703651E+002 
     15.74000000 -0.233091546642864E+005  0.444648760770458E+002 
     15.76000000 -0.233090893806851E+005  0.445301596783440E+002 
     15.78000000 -0.233090234340360E+005  0.445961063274566E+002 
     15.80000000 -0.233089571531454E+005  0.446623872180471E+002 
     15.82000000 -0.233088908402839E+005  0.447287000795361E+002 
     15.84000000 -0.233088247563532E+005  0.447947840102090E+002 
     15.86000000 -0.233087591098455E+005  0.448604305178962E+002 
     15.88000000 -0.233086940502606E+005  0.449254901027750E+002 
     15.90000000 -0.233086296663330E+005  0.449898740304348E+002 
     15.92000000 -0.233085659890712E+005  0.450535512922617E+002 
     15.94000000 -0.233085029992531E+005  0.451165411102942E+002 
     15.96000000 -0.233084406386820E+005  0.451789016814347E+002 
     15.98000000 -0.233083788242134E+005  0.452407161499857E+002 
     16.00000000 -0.233083174633464E+005  0.453020770170315E+002 
     16.02000000 -0.233082564700453E+005  0.453630703180819E+002 
     16.04000000 -0.233081957794441E+005  0.454237609192635E+002 
     16.06000000 -0.233081353601801E+005  0.454841801833181E+002 
     16.08000000 -0.233080752233080E+005  0.455443170554157E+002 
     16.10000000 -0.233080154270375E+005  0.456041133258993E+002 
     16.12000000 -0.233079560768920E+005  0.456634634714020E+002 
     16.14000000 -0.233078973212723E+005  0.457222190911375E+002 
     16.16000000 -0.233078393427923E+005  0.457801975710732E+002 
     16.18000000 -0.233077823460985E+005  0.458371942649547E+002 
     16.20000000 -0.233077265431562E+005  0.458929972072036E+002 
     16.22000000 -0.233076721371812E+005  0.459474031822239E+002 
     16.24000000 -0.233076193064702E+005  0.460002338932295E+002 
     16.26000000 -0.233075681893735E+005  0.460513509898728E+002 
     16.28000000 -0.233075188715343E+005  0.461006688291230E+002 
     16.30000000 -0.233074713763236E+005  0.461481640398432E+002 
     16.32000000 -0.233074256591453E+005  0.461938812180922E+002 
     16.34000000 -0.233073816059909E+005  0.462379343725114E+002 
     16.36000000 -0.233073390363201E+005  0.462805040432928E+002 
     16.38000000 -0.233072977100493E+005  0.463218303141024E+002 
     16.40000000 -0.233072573381667E+005  0.463622021966834E+002 
     16.42000000 -0.233072175962763E+005  0.464019440871327E+002 
     16.44000000 -0.233071781402137E+005  0.464414001496703E+002 
     16.46000000 -0.233071386227815E+005  0.464809175819313E+002 
     16.48000000 -0.233070987106147E+005  0.465208297487144E+002 
     16.50000000 -0.233070581002195E+005  0.465614401439195E+002 
     16.52000000 -0.233070165323037E+005  0.466030080597014E+002 
     16.54000000 -0.233069738036462E+005  0.466457367171933E+002 
     16.56000000 -0.233069297759159E+005  0.466897644475042E+002 
     16.58000000 -0.233068843810375E+005  0.467351593259284E+002 
     16.60000000 -0.233068376229097E+005  0.467819174537618E+002 
     16.62000000 -0.233067895754890E+005  0.468299648744159E+002 
     16.64000000 -0.233067403774587E+005  0.468791629046773E+002 
     16.66000000 -0.233066902238891E+005  0.469293164743552E+002 
     16.68000000 -0.233066393554538E+005  0.469801849096435E+002 
     16.70000000 -0.233065880458865E+005  0.470314944769146E+002 
     16.72000000 -0.233065365884339E+005  0.470829519295203E+002 
     16.74000000 -0.233064852820802E+005  0.471342582832277E+002 
     16.76000000 -0.233064344182876E+005  0.471851220758530E+002 
     16.78000000 -0.233063842689163E+005  0.472352714471116E+002 
     16.80000000 -0.233063350758694E+005  0.472844644940082E+002 
     16.82000000 -0.233062870428638E+005  0.473324974995681E+002 
     16.84000000 -0.233062403295714E+005  0.473792107919679E+002 
     16.86000000 -0.233061950482177E+005  0.474244921457284E+002 
     16.88000000 -0.233061512625840E+005  0.474682777793646E+002 
     16.90000000 -0.233061089892384E+005  0.475105511250027E+002 
     16.92000000 -0.233060682007213E+005  0.475513396421079E+002 
     16.94000000 -0.233060288303491E+005  0.475907100143200E+002 
     16.96000000 -0.233059907782513E+005  0.476287621121079E+002 
     16.98000000 -0.233059539182431E+005  0.476656221202931E+002 
     17.00000000 -0.233059181051349E+005  0.477014352285267E+002 
     17.02000000 -0.233058831821031E+005  0.477363582602741E+002 
     17.04000000 -0.233058489877832E+005  0.477705525802007E+002 
     17.06000000 -0.233058153627929E+005  0.478041775704657E+002 
     17.08000000 -0.233057821554566E+005  0.478373849067711E+002 
     17.10000000 -0.233057492265619E+005  0.478703138015173E+002 
     17.12000000 -0.233057164530480E+005  0.479030873154473E+002 
     17.14000000 -0.233056837305853E+005  0.479358097780857E+002 
     17.16000000 -0.233056509750640E+005  0.479685652993983E+002 
     17.18000000 -0.233056181230532E+005  0.480014173101761E+002 
     17.20000000 -0.233055851313334E+005  0.480344090300312E+002 
     17.22000000 -0.233055519756309E+005  0.480675647324875E+002 
     17.24000000 -0.233055186487061E+005  0.481008916572932E+002 
     17.26000000 -0.233054851579592E+005  0.481343824041774E+002 
     17.28000000 -0.233054515227259E+005  0.481680176375088E+002 
     17.30000000 -0.233054177714330E+005  0.482017689304391E+002 
     17.32000000 -0.233053839387789E+005  0.482356015845379E+002 
     17.34000000 -0.233053500630859E+005  0.482694772775254E+002 
     17.36000000 -0.233053161839519E+005  0.483033564114947E+002 
     17.38000000 -0.233052823403016E+005  0.483372000617972E+002 
     17.40000000 -0.233052485689091E+005  0.483709714543147E+002 
     17.42000000 -0.233052149034351E+005  0.484046369282949E+002 
     17.44000000 -0.233051813739923E+005  0.484381663711353E+002 
     17.46000000 -0.233051480072274E+005  0.484715331360562E+002 
     17.48000000 -0.233051148268829E+005  0.485047134804627E+002 
     17.50000000 -0.233050818547742E+005  0.485376855892002E+002 
     17.52000000 -0.233050491120901E+005  0.485704282733219E+002 
     17.54000000 -0.233050166208997E+005  0.486029194636968E+002 
     17.56000000 -0.233049844057181E+005  0.486351346452733E+002 
     17.58000000 -0.233049524949623E+005  0.486670454011150E+002 
     17.60000000 -0.233049209221206E+005  0.486986182427943E+002 
     17.62000000 -0.233048897264626E+005  0.487298139008495E+002 
     17.64000000 -0.233048589531417E+005  0.487605872217005E+002 
     17.66000000 -0.233048286525946E+005  0.487908877687741E+002 
     17.68000000 -0.233047988792021E+005  0.488206611612709E+002 
     17.70000000 -0.233047696892567E+005  0.488498511066635E+002 
     17.72000000 -0.233047411383596E+005  0.488784020037892E+002 
     17.74000000 -0.233047132784356E+005  0.489062619277924E+002 
     17.76000000 -0.233046861546039E+005  0.489333857594657E+002 
     17.78000000 -0.233046598021608E+005  0.489597382026100E+002 
     17.80000000 -0.233046342439212E+005  0.489852964422268E+002 
     17.82000000 -0.233046094881315E+005  0.490100522319398E+002 
     17.84000000 -0.233045855271100E+005  0.490340132534300E+002 
     17.86000000 -0.233045623367101E+005  0.490572036532981E+002 
     17.88000000 -0.233045398766351E+005  0.490796637282834E+002 
     17.90000000 -0.233045180915793E+005  0.491014487841555E+002 
     17.92000000 -0.233044969131212E+005  0.491226272422193E+002 
     17.94000000 -0.233044762622614E+005  0.491432781020101E+002 
     17.96000000 -0.233044560524680E+005  0.491634878953834E+002 
     17.98000000 -0.233044361930760E+005  0.491833472874045E+002 
     18.00000000 -0.233044165928682E+005  0.492029474951810E+002 
     18.02000000 -0.233043971636586E+005  0.492223767048338E+002 
     18.04000000 -0.233043778236934E+005  0.492417166700101E+002 
     18.06000000 -0.233043585006943E+005  0.492610396691538E+002 
     18.08000000 -0.233043391343849E+005  0.492804059785516E+002 
     18.10000000 -0.233043196783730E+005  0.492998619904113E+002 
     18.12000000 -0.233043001013033E+005  0.493194390600994E+002 
     18.14000000 -0.233042803872414E+005  0.493391531220489E+002 
     18.16000000 -0.233042605353036E+005  0.493590050598071E+002 
     18.18000000 -0.233042405585943E+005  0.493789817691206E+002 
     18.20000000 -0.233042204825522E+005  0.493990578111960E+002 
     18.22000000 -0.233042003428434E+005  0.494191975200372E+002 
     18.24000000 -0.233041801829547E+005  0.494393574086974E+002 
     18.26000000 -0.233041600516546E+005  0.494594887087805E+002 
     18.28000000 -0.233041400004815E+005  0.494795398819578E+002 
     18.30000000 -0.233041200814087E+005  0.494994589547118E+002 
     18.32000000 -0.233041003448111E+005  0.495191955523099E+002 
     18.34000000 -0.233040808378231E+005  0.495387025403614E+002 
     18.36000000 -0.233040616031421E+005  0.495579372212826E+002 
     18.38000000 -0.233040426782898E+005  0.495768620735969E+002 
     18.40000000 -0.233040240953006E+005  0.495954450628110E+002 
     18.42000000 -0.233040058807762E+005  0.496136595872250E+002 
     18.44000000 -0.233039880562175E+005  0.496314841458649E+002 
     18.46000000 -0.233039706385348E+005  0.496489018285990E+002 
     18.48000000 -0.233039536406378E+005  0.496658997256240E+002 
     18.50000000 -0.233039370720214E+005  0.496824683420396E+002 
     18.52000000 -0.233039209392819E+005  0.496986010815120E+002 
     18.54000000 -0.233039052465230E+005  0.497142938404061E+002 
     18.56000000 -0.233038899956302E+005  0.497295447331870E+002 
     18.58000000 -0.233038751864100E+005  0.497443539534105E+002 
     18.60000000 -0.233038608165987E+005  0.497587237647269E+002 
     18.62000000 -0.233038468817522E+005  0.497726586111700E+002 
     18.64000000 -0.233038333750325E+005  0.497861653309199E+002 
     18.66000000 -0.233038202869111E+005  0.497992534523063E+002 
     18.68000000 -0.233038076048226E+005  0.498119355408144E+002 
     18.70000000 -0.233037953128107E+005  0.498242275527580E+002 
     18.72000000 -0.233037833912256E+005  0.498361491378379E+002 
     18.74000000 -0.233037718165412E+005  0.498477238221916E+002 
     18.76000000 -0.233037605613636E+005  0.498589789998333E+002 
     18.78000000 -0.233037495946936E+005  0.498699456698053E+002 
     18.80000000 -0.233037388824877E+005  0.498806578757331E+002 
     18.82000000 -0.233037283885277E+005  0.498911518356771E+002 
     18.84000000 -0.233037180755749E+005  0.499014647885064E+002 
     18.86000000 -0.233037079067440E+005  0.499116336194387E+002 
     18.88000000 -0.233036978470039E+005  0.499216933595229E+002 
     18.90000000 -0.233036878646889E+005  0.499316756745442E+002 
     18.92000000 -0.233036779328990E+005  0.499416074644481E+002 
     18.94000000 -0.233036680306787E+005  0.499515096847461E+002 
     18.96000000 -0.233036581438829E+005  0.499613964805035E+002 
     18.98000000 -0.233036482656714E+005  0.499712746920353E+002 
     19.00000000 -0.233036383966066E+005  0.499811437568270E+002 
     19.02000000 -0.233036285443640E+005  0.499909959994438E+002 
     19.04000000 -0.233036187230923E+005  0.500008172710739E+002 
     19.06000000 -0.233036089524826E+005  0.500105878807885E+002 
     19.08000000 -0.233035992566181E+005  0.500202837453436E+002 
     19.10000000 -0.233035896626831E+005  0.500298776803580E+002 
     19.12000000 -0.233035801996096E+005  0.500393407538305E+002 
     19.14000000 -0.233035708967340E+005  0.500486436294512E+002 
     19.16000000 -0.233035617825301E+005  0.500577578333248E+002 
     19.18000000 -0.233035528834746E+005  0.500666568888558E+002 
     19.20000000 -0.233035442230878E+005  0.500753172756484E+002 
     19.22000000 -0.233035358211823E+005  0.500837191810786E+002 
     19.24000000 -0.233035276933359E+005  0.500918470275235E+002 
     19.26000000 -0.233035198505915E+005  0.500996897718807E+002 
     19.28000000 -0.233035122993767E+005  0.501072409867257E+002 
     19.30000000 -0.233035050416192E+005  0.501144987441788E+002 
     19.32000000 -0.233034980750320E+005  0.501214653314511E+002 
     19.34000000 -0.233034913935319E+005  0.501281468314724E+002 
     19.36000000 -0.233034849877588E+005  0.501345526045881E+002 
     19.38000000 -0.233034788456571E+005  0.501406947062733E+002 
     19.40000000 -0.233034729530912E+005  0.501465872721887E+002 
     19.42000000 -0.233034672944630E+005  0.501522459004493E+002 
     19.44000000 -0.233034618533084E+005  0.501576870550558E+002 
     19.46000000 -0.233034566128517E+005  0.501629275117550E+002 
     19.48000000 -0.233034515565009E+005  0.501679838625010E+002 
     19.50000000 -0.233034466682730E+005  0.501728720904074E+002 
     19.52000000 -0.233034419331412E+005  0.501776072222336E+002 
     19.54000000 -0.233034373373035E+005  0.501822030599392E+002 
     19.56000000 -0.233034328683752E+005  0.501866719882302E+002 
     19.58000000 -0.233034285155127E+005  0.501910248507134E+002 
     19.60000000 -0.233034242694791E+005  0.501952708842786E+002 
     19.62000000 -0.233034201226626E+005  0.501994177008127E+002 
     19.64000000 -0.233034160690589E+005  0.502034713044956E+002 
     19.66000000 -0.233034121042262E+005  0.502074361371833E+002 
     19.68000000 -0.233034082252178E+005  0.502113151456184E+002 
     19.70000000 -0.233034044304936E+005  0.502151098698143E+002 
     19.72000000 -0.233034007198098E+005  0.502188205536407E+002 
     19.74000000 -0.233033970940820E+005  0.502224462814422E+002 
     19.76000000 -0.233033935552188E+005  0.502259851446061E+002 
     19.78000000 -0.233033901059243E+005  0.502294344391517E+002 
     19.80000000 -0.233033867494700E+005  0.502327908933685E+002 
     19.82000000 -0.233033834894453E+005  0.502360509180860E+002 
     19.84000000 -0.233033803294942E+005  0.502392108692075E+002 
     19.86000000 -0.233033772730562E+005  0.502422673072175E+002 
     19.88000000 -0.233033743231270E+005  0.502452172363679E+002 
     19.90000000 -0.233033714820560E+005  0.502480583073813E+002 
     19.92000000 -0.233033687513945E+005  0.502507889689158E+002 
     19.94000000 -0.233033661318052E+005  0.502534085581759E+002 
     19.96000000 -0.233033636230363E+005  0.502559173270621E+002 
     19.98000000 -0.233033612239567E+005  0.502583164066910E+002 
     20.00000000 -0.233033589326451E+005  0.502606077183130E+002 
     20.02000000 -0.233033567465202E+005  0.502627938431831E+002 
     20.04000000 -0.233033546624975E+005  0.502648778659467E+002 
     20.06000000 -0.233033526771568E+005  0.502668632066080E+002 
     20.08000000 -0.233033507869096E+005  0.502687534538547E+002 
     20.10000000 -0.233033489881523E+005  0.502705522111063E+002 
     20.12000000 -0.233033472774001E+005  0.502722629633073E+002 
     20.14000000 -0.233033456513928E+005  0.502738889705798E+002 
     20.16000000 -0.233033441071711E+005  0.502754331923288E+002 
     20.18000000 -0.233033426421189E+005  0.502768982445472E+002 
     20.20000000 -0.233033412539726E+005  0.502782863908017E+002 
     20.22000000 -0.233033399407969E+005  0.502795995665297E+002 
     20.24000000 -0.233033387009307E+005  0.502808394327093E+002 
     20.26000000 -0.233033375329090E+005  0.502820074544243E+002 
     20.28000000 -0.233033364353681E+005  0.502831049953169E+002 
     20.30000000 -0.233033354069441E+005  0.502841334193511E+002 
     20.32000000 -0.233033344461752E+005  0.502850941881953E+002 
     20.34000000 -0.233033335514185E+005  0.502859889449531E+002 
     20.36000000 -0.233033327207875E+005  0.502868195758614E+002 
     20.38000000 -0.233033319521188E+005  0.502875882446326E+002 
     20.40000000 -0.233033312429658E+005  0.502882973976049E+002 
     20.42000000 -0.233033305906221E+005  0.502889497412988E+002 
     20.44000000 -0.233033299921669E+005  0.502895481964833E+002 
     20.46000000 -0.233033294445284E+005  0.502900958350364E+002 
     20.48000000 -0.233033289445569E+005  0.502905958065406E+002 
     20.50000000 -0.233033284891015E+005  0.502910512619394E+002 
     20.52000000 -0.233033280750829E+005  0.502914652805355E+002 
     20.54000000 -0.233033276995576E+005  0.502918408058264E+002 
     20.56000000 -0.233033273597687E+005  0.502921805946806E+002 
     20.58000000 -0.233033270531814E+005  0.502924871820394E+002 
     20.60000000 -0.233033267775003E+005  0.502927628630858E+002 
     20.62000000 -0.233033265306708E+005  0.502930096926600E+002 
     20.64000000 -0.233033263108629E+005  0.502932295005009E+002 
     20.66000000 -0.233033261164431E+005  0.502934239203076E+002 
     20.68000000 -0.233033259459341E+005  0.502935944292751E+002 
     20.70000000 -0.233033257979699E+005  0.502937423935516E+002 
     20.72000000 -0.233033256712465E+005  0.502938691169340E+002 
     20.74000000 -0.233033255644761E+005  0.502939758873153E+002 
     20.76000000 -0.233033254763445E+005  0.502940640188932E+002 
     20.78000000 -0.233033254054764E+005  0.502941348870375E+002 
     20.80000000 -0.233033253504090E+005  0.502941899544283E+002 
     20.82000000 -0.233033253095753E+005  0.502942307881508E+002 
     20.84000000 -0.233033252812960E+005  0.502942590674043E+002 
     20.86000000 -0.233033252637813E+005  0.502942765820671E+002 
     20.88000000 -0.233033252551397E+005  0.502942852236786E+002 
     20.90000000 -0.233033252533948E+005  0.502942869686042E+002 
     20.92000000 -0.233033252565084E+005  0.502942838550372E+002 
     20.94000000 -0.233033252624079E+005  0.502942779554758E+002 
     20.96000000 -0.233033252690178E+005  0.502942713456045E+002 
     20.98000000 -0.233033252742910E+005  0.502942660723747E+002 
     21.00000000 -0.233033252762400E+005  0.502942641234526E+002 
     21.02000000 -0.233033252756307E+005  0.502942647327139E+002 
     21.04000000 -0.233033252749998E+005  0.502942653635745E+002 
     21.06000000 -0.233033252743686E+005  0.502942659948188E+002 
     21.08000000 -0.233033252737462E+005  0.502942666171783E+002 
     21.10000000 -0.233033252731413E+005  0.502942672220900E+002 
     21.12000000 -0.233033252725595E+005  0.502942678038649E+002 
     21.14000000 -0.233033252720025E+005  0.502942683609282E+002 
     21.16000000 -0.233033252714670E+005  0.502942688963768E+002 
     21.18000000 -0.233033252709460E+005  0.502942694174588E+002 
     21.20000000 -0.233033252704292E+005  0.502942699341912E+002 
     21.22000000 -0.233033252699061E+005  0.502942704573521E+002 
     21.24000000 -0.233033252693673E+005  0.502942709961541E+002 
     21.26000000 -0.233033252688071E+005  0.502942715563482E+002 
     21.28000000 -0.233033252682245E+005  0.502942721388965E+002 
     21.30000000 -0.233033252676237E+005  0.502942727397587E+002 
     21.32000000 -0.233033252670128E+005  0.502942733505637E+002 
     21.34000000 -0.233033252664031E+005  0.502942739603076E+002 
     21.36000000 -0.233033252658058E+005  0.502942745576338E+002 
     21.38000000 -0.233033252652302E+005  0.502942751332123E+002 
     21.40000000 -0.233033252646820E+005  0.502942756814311E+002 
     21.42000000 -0.233033252641617E+005  0.502942762017088E+002 
     21.44000000 -0.233033252636653E+005  0.502942766981597E+002 
     21.46000000 -0.233033252631849E+005  0.502942771785581E+002 
     21.48000000 -0.233033252627108E+005  0.502942776526085E+002 
     21.50000000 -0.233033252622334E+005  0.502942781300401E+002 
     21.52000000 -0.233033252617444E+005  0.502942786189705E+002 
     21.54000000 -0.233033252612386E+005  0.502942791247857E+002 
     21.56000000 -0.233033252607137E+005  0.502942796496945E+002 
     21.58000000 -0.233033252601705E+005  0.502942801928863E+002 
     21.60000000 -0.233033252596124E+005  0.502942807510541E+002 
     21.62000000 -0.233033252590441E+005  0.502942813193409E+002 
     21.64000000 -0.233033252584709E+005  0.502942818925157E+002 
     21.66000000 -0.233033252578971E+005  0.502942824662813E+002 
     21.68000000 -0.233033252573251E+005  0.502942830382773E+002 
     21.70000000 -0.233033252567547E+005  0.502942836087390E+002 
     21.72000000 -0.233033252561831E+005  0.502942841803174E+002 
     21.74000000 -0.233033252556060E+005  0.502942847573839E+002 
     21.76000000 -0.233033252550188E+005  0.502942853446560E+002 
     21.78000000 -0.233033252544179E+005  0.502942859455399E+002 
     21.80000000 -0.233033252538025E+005  0.502942865608956E+002 
     21.82000000 -0.233033252531751E+005  0.502942871883409E+002 
     21.84000000 -0.233033252525406E+005  0.502942878228241E+002 
     21.86000000 -0.233033252519058E+005  0.502942884575981E+002 
     21.88000000 -0.233033252512768E+005  0.502942890866088E+002 
     21.90000000 -0.233033252506571E+005  0.502942897063233E+002 
     21.92000000 -0.233033252500463E+005  0.502942903170788E+002 
     21.94000000 -0.233033252494401E+005  0.502942909233239E+002 
     21.96000000 -0.233033252488310E+005  0.502942915324336E+002 
     21.98000000 -0.233033252482109E+005  0.502942921525471E+002 
     22.00000000 -0.233033252475733E+005  0.502942927900590E+002 
     22.02000000 -0.233033252469158E+005  0.502942934476388E+002 
     22.04000000 -0.233033252462401E+005  0.502942941232852E+002 
     22.06000000 -0.233033252455525E+005  0.502942948108851E+002 
     22.08000000 -0.233033252448619E+005  0.502942955015229E+002 
     22.10000000 -0.233033252441776E+005  0.502942961858529E+002 
     22.12000000 -0.233033252435075E+005  0.502942968558783E+002 
     22.14000000 -0.233033252428570E+005  0.502942975063769E+002 
     22.16000000 -0.233033252422278E+005  0.502942981355856E+002 
     22.18000000 -0.233033252416189E+005  0.502942987444911E+002 
     22.20000000 -0.233033252410273E+005  0.502942993361562E+002 
     22.22000000 -0.233033252404490E+005  0.502942999143920E+002 
     22.24000000 -0.233033252398805E+005  0.502943004829573E+002 
     22.26000000 -0.233033252393181E+005  0.502943010453416E+002 
     22.28000000 -0.233033252387587E+005  0.502943016047221E+002 
     22.30000000 -0.233033252381989E+005  0.502943021645202E+002 
     22.32000000 -0.233033252376351E+005  0.502943027283616E+002 
     22.34000000 -0.233033252370634E+005  0.502943033000019E+002 
     22.36000000 -0.233033252364810E+005  0.502943038824264E+002 
     22.38000000 -0.233033252358865E+005  0.502943044768911E+002 
     22.40000000 -0.233033252352813E+005  0.502943050820751E+002 
     22.42000000 -0.233033252346693E+005  0.502943056940866E+002 
     22.44000000 -0.233033252340564E+005  0.502943063069828E+002 
     22.46000000 -0.233033252334492E+005  0.502943069142085E+002 
     22.48000000 -0.233033252328534E+005  0.502943075100375E+002 
     22.50000000 -0.233033252322726E+005  0.502943080907822E+002 
     22.52000000 -0.233033252317080E+005  0.502943086553847E+002 
     22.54000000 -0.233033252311582E+005  0.502943092052431E+002 
     22.56000000 -0.233033252306198E+005  0.502943097435935E+002 
     22.58000000 -0.233033252300889E+005  0.502943102744635E+002 
     22.60000000 -0.233033252295612E+005  0.502943108021781E+002 
     22.62000000 -0.233033252290329E+005  0.502943113304620E+002 
     22.64000000 -0.233033252285012E+005  0.502943118622292E+002 
     22.66000000 -0.233033252279642E+005  0.502943123991843E+002 
     22.68000000 -0.233033252274217E+005  0.502943129416831E+002 
     22.70000000 -0.233033252268746E+005  0.502943134887914E+002 
     22.72000000 -0.233033252263249E+005  0.502943140384983E+002 
     22.74000000 -0.233033252257751E+005  0.502943145883165E+002 
     22.76000000 -0.233033252252273E+005  0.502943151361022E+002 
     22.78000000 -0.233033252246828E+005  0.502943156805624E+002 
     22.80000000 -0.233033252241416E+005  0.502943162218114E+002 
     22.82000000 -0.233033252236021E+005  0.502943167612971E+002 
     22.84000000 -0.233033252230622E+005  0.502943173012561E+002 
     22.86000000 -0.233033252225194E+005  0.502943178440055E+002 
     22.88000000 -0.233033252219722E+005  0.502943183912560E+002 
     22.90000000 -0.233033252214201E+005  0.502943189432769E+002 
     22.92000000 -0.233033252208645E+005  0.502943194989265E+002 
     22.94000000 -0.233033252203076E+005  0.502943200558074E+002 
     22.96000000 -0.233033252197525E+005  0.502943206109249E+002 
     22.98000000 -0.233033252192018E+005  0.502943211615753E+002 
     23.00000000 -0.233033252186572E+005  0.502943217062056E+002 
     23.02000000 -0.233033252181183E+005  0.502943222450942E+002 
     23.04000000 -0.233033252175829E+005  0.502943227804809E+002 
     23.06000000 -0.233033252170470E+005  0.502943233163687E+002 
     23.08000000 -0.233033252165060E+005  0.502943238574538E+002 
     23.10000000 -0.233033252159554E+005  0.502943244079928E+002 
     23.12000000 -0.233033252153928E+005  0.502943249705875E+002 
     23.14000000 -0.233033252148183E+005  0.502943255450801E+002 
     23.16000000 -0.233033252142351E+005  0.502943261283368E+002 
     23.18000000 -0.233033252136488E+005  0.502943267146530E+002 
     23.20000000 -0.233033252130663E+005  0.502943272970899E+002 
     23.22000000 -0.233033252124943E+005  0.502943278690798E+002 
     23.24000000 -0.233033252119374E+005  0.502943284260473E+002 
     23.26000000 -0.233033252113968E+005  0.502943289666374E+002 
     23.28000000 -0.233033252108703E+005  0.502943294931022E+002 
     23.30000000 -0.233033252103526E+005  0.502943300107751E+002 
     23.32000000 -0.233033252098363E+005  0.502943305271053E+002 
     23.34000000 -0.233033252093135E+005  0.502943310499074E+002 
     23.36000000 -0.233033252087774E+005  0.502943315859685E+002 
     23.38000000 -0.233033252082238E+005  0.502943321396258E+002 
     23.40000000 -0.233033252076513E+005  0.502943327121169E+002 
     23.42000000 -0.233033252070621E+005  0.502943333013565E+002 
     23.44000000 -0.233033252064609E+005  0.502943339024786E+002 
     23.46000000 -0.233033252058546E+005  0.502943345087825E+002 
     23.48000000 -0.233033252052505E+005  0.502943351129115E+002 
     23.50000000 -0.233033252046552E+005  0.502943357082455E+002 
     23.52000000 -0.233033252040737E+005  0.502943362897513E+002 
     23.54000000 -0.233033252035085E+005  0.502943368548920E+002 
     23.56000000 -0.233033252029595E+005  0.502943374039337E+002 
     23.58000000 -0.233033252024239E+005  0.502943379394813E+002 
     23.60000000 -0.233033252018971E+005  0.502943384663018E+002 
     23.62000000 -0.233033252013734E+005  0.502943389900257E+002 
     23.64000000 -0.233033252008473E+005  0.502943395161100E+002 
     23.66000000 -0.233033252003144E+005  0.502943400489909E+002 
     23.68000000 -0.233033251997723E+005  0.502943405911402E+002 
     23.70000000 -0.233033251992204E+005  0.502943411429909E+002 
     23.72000000 -0.233033251986605E+005  0.502943417029344E+002 
     23.74000000 -0.233033251980954E+005  0.502943422680534E+002 
     23.76000000 -0.233033251975286E+005  0.502943428347750E+002 
     23.78000000 -0.233033251969639E+005  0.502943433995073E+002 
     23.80000000 -0.233033251964041E+005  0.502943439592838E+002 
     23.82000000 -0.233033251958512E+005  0.502943445121894E+002 
     23.84000000 -0.233033251953061E+005  0.502943450573023E+002 
     23.86000000 -0.233033251947684E+005  0.502943455949813E+002 
     23.88000000 -0.233033251942370E+005  0.502943461264577E+002 
     23.90000000 -0.233033251937098E+005  0.502943466536155E+002 
     23.92000000 -0.233033251931849E+005  0.502943471785521E+002 
     23.94000000 -0.233033251926603E+005  0.502943477031422E+002 
     23.96000000 -0.233033251921346E+005  0.502943482288460E+002 
     23.98000000 -0.233033251916072E+005  0.502943487562513E+002 
     24.00000000 -0.233033251910782E+005  0.502943492852033E+002 
     24.02000000 -0.233033251905485E+005  0.502943498148793E+002 
     24.04000000 -0.233033251900194E+005  0.502943503439674E+002 
     24.06000000 -0.233033251894921E+005  0.502943508713603E+002 
     24.08000000 -0.233033251889669E+005  0.502943513964702E+002 
     24.10000000 -0.233033251884437E+005  0.502943519196744E+002 
     24.12000000 -0.233033251879209E+005  0.502943524425568E+002 
     24.14000000 -0.233033251873958E+005  0.502943529676512E+002 
     24.16000000 -0.233033251868656E+005  0.502943534978561E+002 
     24.18000000 -0.233033251863279E+005  0.502943540355135E+002 
     24.20000000 -0.233033251857817E+005  0.502943545817525E+002 
     24.22000000 -0.233033251852274E+005  0.502943551359790E+002 
     24.24000000 -0.233033251846674E+005  0.502943556960277E+002 
     24.26000000 -0.233033251841047E+005  0.502943562587028E+002 
     24.28000000 -0.233033251835428E+005  0.502943568206479E+002 
     24.30000000 -0.233033251829843E+005  0.502943573791003E+002 
     24.32000000 -0.233033251824311E+005  0.502943579323555E+002 
     24.34000000 -0.233033251818838E+005  0.502943584796462E+002 
     24.36000000 -0.233033251813425E+005  0.502943590209169E+002 
     24.38000000 -0.233033251808070E+005  0.502943595564212E+002 
     24.40000000 -0.233033251802768E+005  0.502943600866137E+002 
     24.42000000 -0.233033251797514E+005  0.502943606120113E+002 
     24.44000000 -0.233033251792298E+005  0.502943611336006E+002 
     24.46000000 -0.233033251787105E+005  0.502943616528883E+002 
     24.48000000 -0.233033251781915E+005  0.502943621719471E+002 
     24.50000000 -0.233033251776703E+005  0.502943626931529E+002 
     24.52000000 -0.233033251771449E+005  0.502943632184762E+002 
     24.54000000 -0.233033251766142E+005  0.502943637491885E+002 
     24.56000000 -0.233033251760784E+005  0.502943642850206E+002 
     24.58000000 -0.233033251755388E+005  0.502943648246455E+002 
     24.60000000 -0.233033251749976E+005  0.502943653658079E+002 
     24.62000000 -0.233033251744572E+005  0.502943659061660E+002 
     24.64000000 -0.233033251739194E+005  0.502943664440213E+002 
     24.66000000 -0.233033251733848E+005  0.502943669786037E+002 
     24.68000000 -0.233033251728532E+005  0.502943675102255E+002 
     24.70000000 -0.233033251723236E+005  0.502943680398396E+002 
     24.72000000 -0.233033251717950E+005  0.502943685683988E+002 
     24.74000000 -0.233033251712672E+005  0.502943690961722E+002 
     24.76000000 -0.233033251707408E+005  0.502943696226339E+002 
     24.78000000 -0.233033251702169E+005  0.502943701464877E+002 
     24.80000000 -0.233033251696972E+005  0.502943706661683E+002 
     24.82000000 -0.233033251691828E+005  0.502943711806270E+002 
     24.84000000 -0.233033251686738E+005  0.502943716895914E+002 
     24.86000000 -0.233033251681694E+005  0.502943721939650E+002 
     24.88000000 -0.233033251676680E+005  0.502943726954090E+002 
     24.90000000 -0.233033251671674E+005  0.502943731960177E+002 
     24.92000000 -0.233033251666659E+005  0.502943736975607E+002 
     24.94000000 -0.233033251661622E+005  0.502943742012135E+002 
     24.96000000 -0.233033251656560E+005  0.502943747074092E+002 
     24.98000000 -0.233033251651475E+005  0.502943752159436E+002 
     25.00000000 -0.233033251646371E+005  0.502943757262785E+002 
     25.02000000 -0.233033251641255E+005  0.502943762378694E+002 
     25.04000000 -0.233033251636133E+005  0.502943767501007E+002 
     25.06000000 -0.233033251631010E+005  0.502943772624124E+002 
     25.08000000 -0.233033251625895E+005  0.502943777738672E+002 
     25.10000000 -0.233033251620802E+005  0.502943782831750E+002 
     25.12000000 -0.233033251615748E+005  0.502943787886097E+002 
     25.14000000 -0.233033251610750E+005  0.502943792884265E+002 
     25.16000000 -0.233033251605822E+005  0.502943797811775E+002 
     25.18000000 -0.233033251600971E+005  0.502943802663431E+002 
     25.20000000 -0.233033251596187E+005  0.502943807447275E+002 
     25.22000000 -0.233033251591452E+005  0.502943812182427E+002 
     25.24000000 -0.233033251586736E+005  0.502943816898336E+002 
     25.26000000 -0.233033251582008E+005  0.502943821625630E+002 
     25.28000000 -0.233033251577245E+005  0.502943826388934E+002 
     25.30000000 -0.233033251572433E+005  0.502943831201115E+002 
     25.32000000 -0.233033251567575E+005  0.502943836059206E+002 
     25.34000000 -0.233033251562688E+005  0.502943840945974E+002 
     25.36000000 -0.233033251557798E+005  0.502943845835711E+002 
     25.38000000 -0.233033251552932E+005  0.502943850701845E+002 
     25.40000000 -0.233033251548110E+005  0.502943855523679E+002 
     25.42000000 -0.233033251543339E+005  0.502943860294808E+002 
     25.44000000 -0.233033251538612E+005  0.502943865022474E+002 
     25.46000000 -0.233033251533907E+005  0.502943869727556E+002 
     25.48000000 -0.233033251529195E+005  0.502943874439258E+002 
     25.50000000 -0.233033251524448E+005  0.502943879186599E+002 
     25.52000000 -0.233033251519642E+005  0.502943883991820E+002 
     25.54000000 -0.233033251514771E+005  0.502943888862625E+002 
     25.56000000 -0.233033251509843E+005  0.502943893790784E+002 
     25.58000000 -0.233033251504881E+005  0.502943898753407E+002 
     25.60000000 -0.233033251499916E+005  0.502943903718411E+002 
     25.62000000 -0.233033251494980E+005  0.502943908654552E+002 
     25.64000000 -0.233033251490095E+005  0.502943913539062E+002 
     25.66000000 -0.233033251485267E+005  0.502943918367516E+002 
     25.68000000 -0.233033251480480E+005  0.502943923154114E+002 
     25.70000000 -0.233033251475704E+005  0.502943927929822E+002 
     25.72000000 -0.233033251470898E+005  0.502943932736405E+002 
     25.74000000 -0.233033251466021E+005  0.502943937613211E+002 
     25.76000000 -0.233033251461046E+005  0.502943942588548E+002 
     25.78000000 -0.233033251455963E+005  0.502943947671418E+002 
     25.80000000 -0.233033251450785E+005  0.502943952849260E+002 
     25.82000000 -0.233033251445541E+005  0.502943958092717E+002 
     25.84000000 -0.233033251440271E+005  0.502943963363460E+002 
     25.86000000 -0.233033251435011E+005  0.502943968623189E+002 
     25.88000000 -0.233033251429792E+005  0.502943973841681E+002 
     25.90000000 -0.233033251424634E+005  0.502943978999756E+002 
     25.92000000 -0.233033251419543E+005  0.502943984090607E+002 
     25.94000000 -0.233033251414517E+005  0.502943989117142E+002 
     25.96000000 -0.233033251409546E+005  0.502943994087901E+002 
     25.98000000 -0.233033251404620E+005  0.502943999013957E+002 
     26.00000000 -0.233033251399727E+005  0.502944003907190E+002 
     26.02000000 -0.233033251394856E+005  0.502944008778459E+002 
     26.04000000 -0.233033251389998E+005  0.502944013635993E+002 
     26.06000000 -0.233033251385148E+005  0.502944018485978E+002 
     26.08000000 -0.233033251380303E+005  0.502944023331168E+002 
     26.10000000 -0.233033251375462E+005  0.502944028172213E+002 
     26.12000000 -0.233033251370628E+005  0.502944033005926E+002 
     26.14000000 -0.233033251365806E+005  0.502944037827852E+002 
     26.16000000 -0.233033251361002E+005  0.502944042632579E+002 
     26.18000000 -0.233033251356219E+005  0.502944047415557E+002 
     26.20000000 -0.233033251351460E+005  0.502944052174096E+002 
     26.22000000 -0.233033251346725E+005  0.502944056909557E+002 
     26.24000000 -0.233033251342008E+005  0.502944061626209E+002 
     26.26000000 -0.233033251337303E+005  0.502944066331570E+002 
     26.28000000 -0.233033251332600E+005  0.502944071033682E+002 
     26.30000000 -0.233033251327894E+005  0.502944075740342E+002 
     26.32000000 -0.233033251323176E+005  0.502944080458324E+002 
     26.34000000 -0.233033251318443E+005  0.502944085190908E+002 
     26.36000000 -0.233033251313694E+005  0.502944089939733E+002 
     26.38000000 -0.233033251308931E+005  0.502944094702975E+002 
     26.40000000 -0.233033251304158E+005  0.502944099475868E+002 
     26.42000000 -0.233033251299384E+005  0.502944104250030E+002 
     26.44000000 -0.233033251294621E+005  0.502944109013487E+002 
     26.46000000 -0.233033251289881E+005  0.502944113753527E+002 
     26.48000000 -0.233033251285175E+005  0.502944118458795E+002 
     26.50000000 -0.233033251280510E+005  0.502944123124403E+002 
     26.52000000 -0.233033251275881E+005  0.502944127753568E+002 
     26.54000000 -0.233033251271275E+005  0.502944132359378E+002 
     26.56000000 -0.233033251266672E+005  0.502944136962310E+002 
     26.58000000 -0.233033251262049E+005  0.502944141585350E+002 
     26.60000000 -0.233033251257385E+005  0.502944146249195E+002 
     26.62000000 -0.233033251252669E+005  0.502944150965012E+002 
     26.64000000 -0.233033251247901E+005  0.502944155733234E+002 
     26.66000000 -0.233033251243095E+005  0.502944160539507E+002 
     26.68000000 -0.233033251238273E+005  0.502944165360629E+002 
     26.70000000 -0.233033251233467E+005  0.502944170166995E+002 
     26.72000000 -0.233033251228702E+005  0.502944174931659E+002 
     26.74000000 -0.233033251223999E+005  0.502944179635132E+002 
     26.76000000 -0.233033251219360E+005  0.502944184274198E+002 
     26.78000000 -0.233033251214773E+005  0.502944188861229E+002 
     26.80000000 -0.233033251210211E+005  0.502944193423573E+002 
     26.82000000 -0.233033251205635E+005  0.502944197998725E+002 
     26.84000000 -0.233033251201008E+005  0.502944202626530E+002 
     26.86000000 -0.233033251196292E+005  0.502944207342006E+002 
     26.88000000 -0.233033251191466E+005  0.502944212167738E+002 
     26.90000000 -0.233033251186521E+005  0.502944217113191E+002 
     26.92000000 -0.233033251181464E+005  0.502944222170508E+002 
     26.94000000 -0.233033251176316E+005  0.502944227318404E+002 
     26.96000000 -0.233033251171109E+005  0.502944232525512E+002 
     26.98000000 -0.233033251165881E+005  0.502944237753346E+002 
     27.00000000 -0.233033251160671E+005  0.502944242962898E+002 
     27.02000000 -0.233033251155515E+005  0.502944248119426E+002 
     27.04000000 -0.233033251150434E+005  0.502944253200037E+002 
     27.06000000 -0.233033251145439E+005  0.502944258194987E+002 
     27.08000000 -0.233033251140521E+005  0.502944263113248E+002 
     27.10000000 -0.233033251135656E+005  0.502944267977835E+002 
     27.12000000 -0.233033251130812E+005  0.502944272822251E+002 
     27.14000000 -0.233033251125951E+005  0.502944277683188E+002 
     27.16000000 -0.233033251121041E+005  0.502944282593126E+002 
     27.18000000 -0.233033251116060E+005  0.502944287574527E+002 
     27.20000000 -0.233033251110998E+005  0.502944292636174E+002 
     27.22000000 -0.233033251105860E+005  0.502944297774543E+002 
     27.24000000 -0.233033251100660E+005  0.502944302974412E+002 
     27.26000000 -0.233033251095421E+005  0.502944308212672E+002 
     27.28000000 -0.233033251090173E+005  0.502944313461078E+002 
     27.30000000 -0.233033251084944E+005  0.502944318689841E+002 
     27.32000000 -0.233033251079761E+005  0.502944323872881E+002 
     27.34000000 -0.233033251074643E+005  0.502944328991203E+002 
     27.36000000 -0.233033251069597E+005  0.502944334037321E+002 
     27.38000000 -0.233033251064615E+005  0.502944339019402E+002 
     27.40000000 -0.233033251059675E+005  0.502944343959286E+002 
     27.42000000 -0.233033251054743E+005  0.502944348891096E+002 
     27.44000000 -0.233033251049780E+005  0.502944353853719E+002 
     27.46000000 -0.233033251044752E+005  0.502944358882203E+002 
     27.48000000 -0.233033251039631E+005  0.502944364002691E+002 
     27.50000000 -0.233033251034408E+005  0.502944369225638E+002 
     27.52000000 -0.233033251029088E+005  0.502944374545939E+002 
     27.54000000 -0.233033251023690E+005  0.502944379943951E+002 
     27.56000000 -0.233033251018243E+005  0.502944385390811E+002 
     27.58000000 -0.233033251012780E+005  0.502944390853943E+002 
     27.60000000 -0.233033251007332E+005  0.502944396301917E+002 
     27.62000000 -0.233033251001926E+005  0.502944401708065E+002 
     27.64000000 -0.233033250996583E+005  0.502944407051476E+002 
     27.66000000 -0.233033250991315E+005  0.502944412318846E+002 
     27.68000000 -0.233033250986129E+005  0.502944417504825E+002 
     27.70000000 -0.233033250981019E+005  0.502944422615320E+002 
     27.72000000 -0.233033250975966E+005  0.502944427668120E+002 
     27.74000000 -0.233033250970939E+005  0.502944432694934E+002 
     27.76000000 -0.233033250965899E+005  0.502944437735051E+002 
     27.78000000 -0.233033250960805E+005  0.502944442829521E+002 
     27.80000000 -0.233033250955624E+005  0.502944448009591E+002 
     27.82000000 -0.233033250950348E+005  0.502944453286521E+002 
     27.84000000 -0.233033250944985E+005  0.502944458648678E+002 
     27.86000000 -0.233033250939571E+005  0.502944464063458E+002 
     27.88000000 -0.233033250934147E+005  0.502944469487332E+002 
     27.90000000 -0.233033250928756E+005  0.502944474878137E+002 
     27.92000000 -0.233033250923426E+005  0.502944480207812E+002 
     27.94000000 -0.233033250918166E+005  0.502944485467881E+002 
     27.96000000 -0.233033250912964E+005  0.502944490670349E+002 
     27.98000000 -0.233033250907793E+005  0.502944495841169E+002 
     28.00000000 -0.233033250902623E+005  0.502944501010813E+002 
     28.02000000 -0.233033250897430E+005  0.502944506203783E+002 
     28.04000000 -0.233033250892203E+005  0.502944511431463E+002 
     28.06000000 -0.233033250886945E+005  0.502944516688594E+002 
     28.08000000 -0.233033250881679E+005  0.502944521955005E+002 
     28.10000000 -0.233033250876434E+005  0.502944527199669E+002 
     28.12000000 -0.233033250871244E+005  0.502944532389824E+002 
     28.14000000 -0.233033250866135E+005  0.502944537498927E+002 
     28.16000000 -0.233033250861120E+005  0.502944542513862E+002 
     28.18000000 -0.233033250856197E+005  0.502944547437598E+002 
     28.20000000 -0.233033250851343E+005  0.502944552290800E+002 
     28.22000000 -0.233033250846528E+005  0.502944557105766E+002 
     28.24000000 -0.233033250841715E+005  0.502944561918969E+002 
     28.26000000 -0.233033250836871E+005  0.502944566763076E+002 
     28.28000000 -0.233033250831974E+005  0.502944571660177E+002 
     28.30000000 -0.233033250827016E+005  0.502944576618499E+002 
     28.32000000 -0.233033250822001E+005  0.502944581632815E+002 
     28.34000000 -0.233033250816945E+005  0.502944586689142E+002 
     28.36000000 -0.233033250811865E+005  0.502944591769351E+002 
     28.38000000 -0.233033250806778E+005  0.502944596855685E+002 
     28.40000000 -0.233033250801699E+005  0.502944601935523E+002 
     28.42000000 -0.233033250796634E+005  0.502944606999769E+002 
     28.44000000 -0.233033250791590E+005  0.502944612044402E+002 
     28.46000000 -0.233033250786568E+005  0.502944617065896E+002 
     28.48000000 -0.233033250781572E+005  0.502944622062021E+002 
     28.50000000 -0.233033250776604E+005  0.502944627029624E+002 
     28.52000000 -0.233033250771668E+005  0.502944631966137E+002 
     28.54000000 -0.233033250766764E+005  0.502944636870167E+002 
     28.56000000 -0.233033250761892E+005  0.502944641742519E+002 
     28.58000000 -0.233033250757046E+005  0.502944646587894E+002 
     28.60000000 -0.233033250752222E+005  0.502944651411708E+002 
     28.62000000 -0.233033250747414E+005  0.502944656220023E+002 
     28.64000000 -0.233033250742615E+005  0.502944661019180E+002 
     28.66000000 -0.233033250737821E+005  0.502944665812739E+002 
     28.68000000 -0.233033250733031E+005  0.502944670603513E+002 
     28.70000000 -0.233033250728241E+005  0.502944675393359E+002 
     28.72000000 -0.233033250723450E+005  0.502944680183824E+002 
     28.74000000 -0.233033250718658E+005  0.502944684976361E+002 
     28.76000000 -0.233033250713861E+005  0.502944689773292E+002 
     28.78000000 -0.233033250709056E+005  0.502944694577925E+002 
     28.80000000 -0.233033250704240E+005  0.502944699393881E+002 
     28.82000000 -0.233033250699409E+005  0.502944704224624E+002 
     28.84000000 -0.233033250694560E+005  0.502944709073712E+002 
     28.86000000 -0.233033250689690E+005  0.502944713944022E+002 
     28.88000000 -0.233033250684797E+005  0.502944718836915E+002 
     28.90000000 -0.233033250679884E+005  0.502944723750473E+002 
     28.92000000 -0.233033250674955E+005  0.502944728678881E+002 
     28.94000000 -0.233033250670023E+005  0.502944733610629E+002 
     28.96000000 -0.233033250665106E+005  0.502944738528426E+002 
     28.98000000 -0.233033250660222E+005  0.502944743412069E+002 
     29.00000000 -0.233033250655392E+005  0.502944748242070E+002 
     29.02000000 -0.233033250650628E+005  0.502944753005620E+002 
     29.04000000 -0.233033250645934E+005  0.502944757700555E+002 
     29.06000000 -0.233033250641293E+005  0.502944762340611E+002 
     29.08000000 -0.233033250636680E+005  0.502944766953937E+002 
     29.10000000 -0.233033250632053E+005  0.502944771581061E+002 
     29.12000000 -0.233033250627367E+005  0.502944776266716E+002 
     29.14000000 -0.233033250622584E+005  0.502944781049725E+002 
     29.16000000 -0.233033250617679E+005  0.502944785954683E+002 
     29.18000000 -0.233033250612647E+005  0.502944790986756E+002 
     29.20000000 -0.233033250607504E+005  0.502944796129827E+002 
     29.22000000 -0.233033250602279E+005  0.502944801354970E+002 
     29.24000000 -0.233033250597008E+005  0.502944806626176E+002 
     29.26000000 -0.233033250591723E+005  0.502944811911180E+002 
     29.28000000 -0.233033250586446E+005  0.502944817187739E+002 
     29.30000000 -0.233033250581189E+005  0.502944822444808E+002 
     29.32000000 -0.233033250575954E+005  0.502944827680160E+002 
     29.34000000 -0.233033250570739E+005  0.502944832895373E+002 
     29.36000000 -0.233033250565542E+005  0.502944838092086E+002 
     29.38000000 -0.233033250560366E+005  0.502944843267917E+002 
     29.40000000 -0.233033250555215E+005  0.502944848419062E+002 
     29.42000000 -0.233033250550091E+005  0.502944853542984E+002 
     29.44000000 -0.233033250544992E+005  0.502944858642280E+002 
     29.46000000 -0.233033250539903E+005  0.502944863730966E+002 
     29.48000000 -0.233033250534801E+005  0.502944868832706E+002 
     29.50000000 -0.233033250529655E+005  0.502944873979613E+002 
     29.52000000 -0.233033250524431E+005  0.502944879202652E+002 
     29.54000000 -0.233033250519110E+005  0.502944884524006E+002 
     29.56000000 -0.233033250513686E+005  0.502944889948530E+002 
     29.58000000 -0.233033250508175E+005  0.502944895458808E+002 
     29.60000000 -0.233033250502617E+005  0.502944901016975E+002 
     29.62000000 -0.233033250497062E+005  0.502944906572326E+002 
     29.64000000 -0.233033250491563E+005  0.502944912071251E+002 
     29.66000000 -0.233033250486166E+005  0.502944917467995E+002 
     29.68000000 -0.233033250480900E+005  0.502944922734066E+002 
     29.70000000 -0.233033250475773E+005  0.502944927861360E+002 
     29.72000000 -0.233033250470770E+005  0.502944932863920E+002 
     29.74000000 -0.233033250465862E+005  0.502944937771755E+002 
     29.76000000 -0.233033250461008E+005  0.502944942625762E+002 
     29.78000000 -0.233033250456166E+005  0.502944947468508E+002 
     29.80000000 -0.233033250451297E+005  0.502944952336807E+002 
     29.82000000 -0.233033250446376E+005  0.502944957257759E+002 
     29.84000000 -0.233033250441388E+005  0.502944962245965E+002 
     29.86000000 -0.233033250436329E+005  0.502944967305014E+002 
     29.88000000 -0.233033250431206E+005  0.502944972428565E+002 
     29.90000000 -0.233033250426029E+005  0.502944977604891E+002 
     29.92000000 -0.233033250420816E+005  0.502944982818372E+002 
     29.94000000 -0.233033250415585E+005  0.502944988049362E+002 
     29.96000000 -0.233033250410358E+005  0.502944993276578E+002 
     29.98000000 -0.233033250405156E+005  0.502944998477993E+002 
     30.00000000 -0.233033250400003E+005  0.502945003630932E+002 
