# Real time calculation: 
# Eall: Total energy
# Eall0: Initial total energy
# 1:Time[fs] 2:Eall[eV] 3:Eall-Eall0[eV] 
      0.00000000 -0.233536195403634E+005  0.000000000000000E+000 
      0.02000000 -0.233536195477273E+005 -0.736389028551276E-005 
      0.04000000 -0.233536195477309E+005 -0.736745717900552E-005 
      0.06000000 -0.233536195477334E+005 -0.737001247304283E-005 
      0.08000000 -0.233536195477354E+005 -0.737197689400372E-005 
      0.10000000 -0.233536195477374E+005 -0.737400937364357E-005 
      0.12000000 -0.233536195477404E+005 -0.737698848763623E-005 
      0.14000000 -0.233536195477442E+005 -0.738081524153956E-005 
      0.16000000 -0.233536195477467E+005 -0.738324679252422E-005 
      0.18000000 -0.233536195477420E+005 -0.737860642804968E-005 
      0.20000000 -0.233536195477192E+005 -0.735577583483495E-005 
      0.22000000 -0.233536195476602E+005 -0.729677514732933E-005 
      0.24000000 -0.233536195475381E+005 -0.717471190661473E-005 
      0.26000000 -0.233536195473155E+005 -0.695207340627895E-005 
      0.28000000 -0.233536195469424E+005 -0.657903141259439E-005 
      0.30000000 -0.233536195463551E+005 -0.599173451039139E-005 
      0.32000000 -0.233536195454744E+005 -0.511095311663165E-005 
      0.34000000 -0.233536195442042E+005 -0.384081730127119E-005 
      0.36000000 -0.233536195424313E+005 -0.206790108867068E-005 
      0.38000000 -0.233536195400240E+005  0.339380789786247E-006 
      0.40000000 -0.233536195368321E+005  0.353126168075097E-005 
      0.42000000 -0.233536195326870E+005  0.767645286221248E-005 
      0.44000000 -0.233536195274015E+005  0.129619424610368E-004 
      0.46000000 -0.233536195207710E+005  0.195924045798907E-004 
      0.48000000 -0.233536195125741E+005  0.277893330958728E-004 
      0.50000000 -0.233536195025734E+005  0.377900114996006E-004 
      0.52000000 -0.233536194905173E+005  0.498461455344784E-004 
      0.54000000 -0.233536194761410E+005  0.642223999350996E-004 
      0.56000000 -0.233536194591686E+005  0.811948392647836E-004 
      0.58000000 -0.233536194393143E+005  0.101049090331244E-003 
      0.60000000 -0.233536194162848E+005  0.124078640719613E-003 
      0.62000000 -0.233536193897808E+005  0.150582648540412E-003 
      0.64000000 -0.233536193594996E+005  0.180863832610502E-003 
      0.66000000 -0.233536193251370E+005  0.215226452347750E-003 
      0.68000000 -0.233536192863894E+005  0.253974015430977E-003 
      0.70000000 -0.233536192429560E+005  0.297407430934899E-003 
      0.72000000 -0.233536191945405E+005  0.345822890230351E-003 
      0.74000000 -0.233536191408531E+005  0.399510348038311E-003 
      0.76000000 -0.233536190816117E+005  0.458751746717100E-003 
      0.78000000 -0.233536190165435E+005  0.523819939697821E-003 
      0.80000000 -0.233536189453857E+005  0.594977717007821E-003 
      0.82000000 -0.233536188678862E+005  0.672477195836152E-003 
      0.84000000 -0.233536187838041E+005  0.756559300812757E-003 
      0.86000000 -0.233536186929102E+005  0.847453256661950E-003 
      0.88000000 -0.233536185949867E+005  0.945376727413349E-003 
      0.90000000 -0.233536184898273E+005  0.105053611957236E-002 
      0.92000000 -0.233536183772365E+005  0.116312691003926E-002 
      0.94000000 -0.233536182570289E+005  0.128333449684268E-002 
      0.96000000 -0.233536181290281E+005  0.141133530663996E-002 
      0.98000000 -0.233536179930654E+005  0.154729800430543E-002 
      1.00000000 -0.233536178489783E+005  0.169138512324517E-002 
      1.02000000 -0.233536176966083E+005  0.184375510097024E-002 
      1.04000000 -0.233536175357993E+005  0.200456412596170E-002 
      1.06000000 -0.233536173663950E+005  0.217396836813913E-002 
      1.08000000 -0.233536171882371E+005  0.235212632069797E-002 
      1.10000000 -0.233536170011624E+005  0.253920097489359E-002 
      1.12000000 -0.233536168050014E+005  0.273536200101263E-002 
      1.14000000 -0.233536165995753E+005  0.294078815517540E-002 
      1.16000000 -0.233536163846942E+005  0.315566925613107E-002 
      1.18000000 -0.233536161601555E+005  0.338020789909903E-002 
      1.20000000 -0.233536159257421E+005  0.361462134903757E-002 
      1.22000000 -0.233536156812200E+005  0.385914340297678E-002 
      1.24000000 -0.233536154263375E+005  0.411402591824531E-002 
      1.26000000 -0.233536151608231E+005  0.437954026026406E-002 
      1.28000000 -0.233536148843850E+005  0.465597843788867E-002 
      1.30000000 -0.233536145967094E+005  0.494365396342378E-002 
      1.32000000 -0.233536142974610E+005  0.524290242493462E-002 
      1.34000000 -0.233536139862814E+005  0.555408198121920E-002 
      1.36000000 -0.233536136627901E+005  0.587757332777902E-002 
      1.38000000 -0.233536133265836E+005  0.621377979271989E-002 
      1.40000000 -0.233536129772366E+005  0.656312685415408E-002 
      1.42000000 -0.233536126143020E+005  0.692606143486484E-002 
      1.44000000 -0.233536122373121E+005  0.730305130833983E-002 
      1.46000000 -0.233536118457794E+005  0.769458403767438E-002 
      1.48000000 -0.233536114391978E+005  0.810116562986582E-002 
      1.50000000 -0.233536110170444E+005  0.852331901377396E-002 
      1.52000000 -0.233536105787813E+005  0.896158208498080E-002 
      1.54000000 -0.233536101238577E+005  0.941650570424667E-002 
      1.56000000 -0.233536096517122E+005  0.988865118552632E-002 
      1.58000000 -0.233536091617749E+005  0.103785885357239E-001 
      1.60000000 -0.233536086534693E+005  0.108868941530723E-001 
      1.62000000 -0.233536081262147E+005  0.114141486863781E-001 
      1.64000000 -0.233536075794289E+005  0.119609345137573E-001 
      1.66000000 -0.233536070125305E+005  0.125278329491354E-001 
      1.68000000 -0.233536064249416E+005  0.131154218230711E-001 
      1.70000000 -0.233536058160902E+005  0.137242732522877E-001 
      1.72000000 -0.233536051854124E+005  0.143549510348816E-001 
      1.74000000 -0.233536045323552E+005  0.150080082404267E-001 
      1.76000000 -0.233536038563787E+005  0.156839846887095E-001 
      1.78000000 -0.233536031569584E+005  0.163834050378989E-001 
      1.80000000 -0.233536024335870E+005  0.171067764272411E-001 
      1.82000000 -0.233536016857773E+005  0.178545861568776E-001 
      1.84000000 -0.233536009130633E+005  0.186273001596180E-001 
      1.86000000 -0.233536001150018E+005  0.194253615686147E-001 
      1.88000000 -0.233535992911739E+005  0.202491895356163E-001 
      1.90000000 -0.233535984411851E+005  0.210991783276436E-001 
      1.92000000 -0.233535975646662E+005  0.219756971877786E-001 
      1.94000000 -0.233535966612738E+005  0.228790895710511E-001 
      1.96000000 -0.233535957306905E+005  0.238096728783912E-001 
      1.98000000 -0.233535947726247E+005  0.247677386886473E-001 
      2.00000000 -0.233535937868101E+005  0.257535532783074E-001 
      2.02000000 -0.233535927730053E+005  0.267673581381258E-001 
      2.04000000 -0.233535917309926E+005  0.278093708362313E-001 
      2.06000000 -0.233535906605768E+005  0.288797865927574E-001 
      2.08000000 -0.233535895615836E+005  0.299787797956945E-001 
      2.10000000 -0.233535884338574E+005  0.311065060117150E-001 
      2.12000000 -0.233535872772592E+005  0.322631041857054E-001 
      2.14000000 -0.233535860916649E+005  0.334486985556907E-001 
      2.16000000 -0.233535848769625E+005  0.346634009111445E-001 
      2.18000000 -0.233535836330502E+005  0.359073131854066E-001 
      2.20000000 -0.233535823598334E+005  0.371805300171636E-001 
      2.22000000 -0.233535810572220E+005  0.384831413645211E-001 
      2.24000000 -0.233535797251285E+005  0.398152349458358E-001 
      2.26000000 -0.233535783634649E+005  0.411768985227740E-001 
      2.28000000 -0.233535769721410E+005  0.425682223937348E-001 
      2.30000000 -0.233535755510620E+005  0.439893013644581E-001 
      2.32000000 -0.233535741001266E+005  0.454402368114398E-001 
      2.34000000 -0.233535726192247E+005  0.469211386680078E-001 
      2.36000000 -0.233535711082367E+005  0.484321267545600E-001 
      2.38000000 -0.233535695670312E+005  0.499733322263579E-001 
      2.40000000 -0.233535679954646E+005  0.515448988233315E-001 
      2.42000000 -0.233535663933795E+005  0.531469839404566E-001 
      2.44000000 -0.233535647606041E+005  0.547797592774059E-001 
      2.46000000 -0.233535630969521E+005  0.564434113149598E-001 
      2.48000000 -0.233535614022225E+005  0.581381409344964E-001 
      2.50000000 -0.233535596762006E+005  0.598641628394927E-001 
      2.52000000 -0.233535579186583E+005  0.616217050667398E-001 
      2.54000000 -0.233535561293554E+005  0.634110080242403E-001 
      2.56000000 -0.233535543080404E+005  0.652323230496021E-001 
      2.58000000 -0.233535524544533E+005  0.670859100712944E-001 
      2.60000000 -0.233535505683273E+005  0.689720361144506E-001 
      2.62000000 -0.233535486493907E+005  0.708909727084511E-001 
      2.64000000 -0.233535466973701E+005  0.728429933316294E-001 
      2.66000000 -0.233535447119926E+005  0.748283708466974E-001 
      2.68000000 -0.233535426929894E+005  0.768473739709745E-001 
      2.70000000 -0.233535406400988E+005  0.789002646592226E-001 
      2.72000000 -0.233535385530686E+005  0.809872948368291E-001 
      2.74000000 -0.233535364316592E+005  0.831087042466775E-001 
      2.76000000 -0.233535342756457E+005  0.852647177268011E-001 
      2.78000000 -0.233535320848212E+005  0.874555422312683E-001 
      2.80000000 -0.233535298589994E+005  0.896813639748119E-001 
      2.82000000 -0.233535275980174E+005  0.919423459703423E-001 
      2.84000000 -0.233535253017380E+005  0.942386254612791E-001 
      2.86000000 -0.233535229700514E+005  0.965703119973469E-001 
      2.88000000 -0.233535206028775E+005  0.989374859496584E-001 
      2.90000000 -0.233535182001667E+005  0.101340196697879E+000 
      2.92000000 -0.233535157619020E+005  0.103778461380421E+000 
      2.94000000 -0.233535132880996E+005  0.106252263830255E+000 
      2.96000000 -0.233535107788096E+005  0.108761553844824E+000 
      2.98000000 -0.233535082341161E+005  0.111306247340724E+000 
      3.00000000 -0.233535056541374E+005  0.113886226056720E+000 
      3.02000000 -0.233535030390251E+005  0.116501338314765E+000 
      3.04000000 -0.233535003889640E+005  0.119151399378855E+000 
      3.06000000 -0.233534977041710E+005  0.121836192414040E+000 
      3.08000000 -0.233534949848932E+005  0.124555470218822E+000 
      3.10000000 -0.233534922314060E+005  0.127308957403040E+000 
      3.12000000 -0.233534894440110E+005  0.130096352454369E+000 
      3.14000000 -0.233534866230330E+005  0.132917330380245E+000 
      3.16000000 -0.233534837688179E+005  0.135771545513729E+000 
      3.18000000 -0.233534808817282E+005  0.138658635204152E+000 
      3.20000000 -0.233534779621405E+005  0.141578222898310E+000 
      3.22000000 -0.233534750104418E+005  0.144529921599088E+000 
      3.24000000 -0.233534720270261E+005  0.147513337320979E+000 
      3.26000000 -0.233534690122909E+005  0.150528072548708E+000 
      3.28000000 -0.233534659666335E+005  0.153573729872180E+000 
      3.30000000 -0.233534628904480E+005  0.156649915370856E+000 
      3.32000000 -0.233534597841213E+005  0.159756242158987E+000 
      3.34000000 -0.233534566480304E+005  0.162892332968754E+000 
      3.36000000 -0.233534534825396E+005  0.166057823806875E+000 
      3.38000000 -0.233534502879962E+005  0.169252367190484E+000 
      3.40000000 -0.233534470647284E+005  0.172475634974659E+000 
      3.42000000 -0.233534438130423E+005  0.175727321139739E+000 
      3.44000000 -0.233534405332194E+005  0.179007143966101E+000 
      3.46000000 -0.233534372255161E+005  0.182314847274692E+000 
      3.48000000 -0.233534338901621E+005  0.185650201352002E+000 
      3.50000000 -0.233534305273599E+005  0.189013003466695E+000 
      3.52000000 -0.233534271372859E+005  0.192403077554061E+000 
      3.54000000 -0.233534237200899E+005  0.195820273550900E+000 
      3.56000000 -0.233534202758982E+005  0.199264465217645E+000 
      3.58000000 -0.233534168048147E+005  0.202735548687469E+000 
      3.60000000 -0.233534133069236E+005  0.206233439796536E+000 
      3.62000000 -0.233534097822918E+005  0.209758071655538E+000 
      3.64000000 -0.233534062309721E+005  0.213309391283888E+000 
      3.66000000 -0.233534026530078E+005  0.216887355563319E+000 
      3.68000000 -0.233533990484360E+005  0.220491927374008E+000 
      3.70000000 -0.233533954172930E+005  0.224123070449961E+000 
      3.72000000 -0.233533917596184E+005  0.227780744964476E+000 
      3.74000000 -0.233533880754611E+005  0.231464902286534E+000 
      3.76000000 -0.233533843648838E+005  0.235175479604160E+000 
      3.78000000 -0.233533806279695E+005  0.238912393873392E+000 
      3.80000000 -0.233533768648272E+005  0.242675536206531E+000 
      3.82000000 -0.233533730755971E+005  0.246464766316078E+000 
      3.84000000 -0.233533692604562E+005  0.250279907169036E+000 
      3.86000000 -0.233533654196228E+005  0.254120740569278E+000 
      3.88000000 -0.233533615533609E+005  0.257987002548126E+000 
      3.90000000 -0.233533576619833E+005  0.261878380091340E+000 
      3.92000000 -0.233533537458555E+005  0.265794507946551E+000 
      3.94000000 -0.233533498053972E+005  0.269734966170057E+000 
      3.96000000 -0.233533458410849E+005  0.273699278521250E+000 
      3.98000000 -0.233533418534531E+005  0.277686910328055E+000 
      4.00000000 -0.233533378430959E+005  0.281697267484608E+000 
      4.02000000 -0.233533338106682E+005  0.285729695226203E+000 
      4.04000000 -0.233533297568851E+005  0.289783478352022E+000 
      4.06000000 -0.233533256825221E+005  0.293857841327233E+000 
      4.08000000 -0.233533215884138E+005  0.297951949560629E+000 
      4.10000000 -0.233533174754524E+005  0.302064911053510E+000 
      4.12000000 -0.233533133445842E+005  0.306195779208645E+000 
      4.14000000 -0.233533091968065E+005  0.310343556910703E+000 
      4.16000000 -0.233533050331623E+005  0.314507201135681E+000 
      4.18000000 -0.233533008547350E+005  0.318685628370847E+000 
      4.20000000 -0.233532966626425E+005  0.322877720922548E+000 
      4.22000000 -0.233532924580300E+005  0.327082333391057E+000 
      4.24000000 -0.233532882420641E+005  0.331298299355800E+000 
      4.26000000 -0.233532840159254E+005  0.335524438014164E+000 
      4.28000000 -0.233532797808025E+005  0.339759560897655E+000 
      4.30000000 -0.233532755378850E+005  0.344002478396249E+000 
      4.32000000 -0.233532712883576E+005  0.348252005772306E+000 
      4.34000000 -0.233532670333941E+005  0.352506969344625E+000 
      4.36000000 -0.233532627741504E+005  0.356766213009708E+000 
      4.38000000 -0.233532585117590E+005  0.361028604391786E+000 
      4.40000000 -0.233532542473228E+005  0.365293040584499E+000 
      4.42000000 -0.233532499819103E+005  0.369558453069682E+000 
      4.44000000 -0.233532457165507E+005  0.373823812710393E+000 
      4.46000000 -0.233532414522302E+005  0.378088133215727E+000 
      4.48000000 -0.233532371898889E+005  0.382350474494243E+000 
      4.50000000 -0.233532329304179E+005  0.386609945534092E+000 
      4.52000000 -0.233532286746580E+005  0.390865705457919E+000 
      4.54000000 -0.233532244233995E+005  0.395116963955972E+000 
      4.56000000 -0.233532201773820E+005  0.399362981440773E+000 
      4.58000000 -0.233532159372954E+005  0.403603067979838E+000 
      4.60000000 -0.233532117037813E+005  0.407836582101557E+000 
      4.62000000 -0.233532074774351E+005  0.412062928304862E+000 
      4.64000000 -0.233532032588098E+005  0.416281553616082E+000 
      4.66000000 -0.233531990484185E+005  0.420491944919180E+000 
      4.68000000 -0.233531948467381E+005  0.424693625283682E+000 
      4.70000000 -0.233531906542133E+005  0.428886150144111E+000 
      4.72000000 -0.233531864712590E+005  0.433069104364181E+000 
      4.74000000 -0.233531822982643E+005  0.437242099112283E+000 
      4.76000000 -0.233531781355945E+005  0.441404768925686E+000 
      4.78000000 -0.233531739835944E+005  0.445556769034590E+000 
      4.80000000 -0.233531698425908E+005  0.449697772624313E+000 
      4.82000000 -0.233531657128947E+005  0.453827468719283E+000 
      4.84000000 -0.233531615948046E+005  0.457945558798665E+000 
      4.86000000 -0.233531574886102E+005  0.462051753161412E+000 
      4.88000000 -0.233531533945969E+005  0.466145766486981E+000 
      4.90000000 -0.233531493130501E+005  0.470227313321804E+000 
      4.92000000 -0.233531452442617E+005  0.474296101678680E+000 
      4.94000000 -0.233531411885366E+005  0.478351826852716E+000 
      4.96000000 -0.233531371461996E+005  0.482394163854440E+000 
      4.98000000 -0.233531331176050E+005  0.486422758413679E+000 
      5.00000000 -0.233531291031456E+005  0.490437217813294E+000 
      5.02000000 -0.233531251032630E+005  0.494437100377207E+000 
      5.04000000 -0.233531211184577E+005  0.498421905676139E+000 
      5.06000000 -0.233531171492982E+005  0.502391065222132E+000 
      5.08000000 -0.233531131964294E+005  0.506343933992150E+000 
      5.10000000 -0.233531092605800E+005  0.510279783427314E+000 
      5.12000000 -0.233531053425669E+005  0.514197796520307E+000 
      5.14000000 -0.233531014432976E+005  0.518097065782891E+000 
      5.16000000 -0.233530975637696E+005  0.521976593839875E+000 
      5.18000000 -0.233530937050668E+005  0.525835296630964E+000 
      5.20000000 -0.233530898683533E+005  0.529672010145479E+000 
      5.22000000 -0.233530860548644E+005  0.533485499053432E+000 
      5.24000000 -0.233530822658947E+005  0.537274468699321E+000 
      5.26000000 -0.233530785027860E+005  0.541037577405286E+000 
      5.28000000 -0.233530747669121E+005  0.544773451286242E+000 
      5.30000000 -0.233530710596640E+005  0.548480699383656E+000 
      5.32000000 -0.233530673824344E+005  0.552157929009689E+000 
      5.34000000 -0.233530637366024E+005  0.555803761007800E+000 
      5.36000000 -0.233530601235190E+005  0.559416844363717E+000 
      5.38000000 -0.233530565444940E+005  0.562995869377876E+000 
      5.40000000 -0.233530530007846E+005  0.566539578805394E+000 
      5.42000000 -0.233530494935860E+005  0.570046777387378E+000 
      5.44000000 -0.233530460240252E+005  0.573516338226781E+000 
      5.46000000 -0.233530425931565E+005  0.576947206881211E+000 
      5.48000000 -0.233530392019616E+005  0.580338401839335E+000 
      5.50000000 -0.233530358513502E+005  0.583689013187551E+000 
      5.52000000 -0.233530325421651E+005  0.586998198347040E+000 
      5.54000000 -0.233530292751867E+005  0.590265176694035E+000 
      5.56000000 -0.233530260511403E+005  0.593489223106620E+000 
      5.58000000 -0.233530228707027E+005  0.596669660722673E+000 
      5.60000000 -0.233530197345096E+005  0.599805853793700E+000 
      5.62000000 -0.233530166431628E+005  0.602897200656228E+000 
      5.64000000 -0.233530135972362E+005  0.605943127253864E+000 
      5.66000000 -0.233530105972818E+005  0.608943081655469E+000 
      5.68000000 -0.233530076438335E+005  0.611896529872647E+000 
      5.70000000 -0.233530047374112E+005  0.614802952255731E+000 
      5.72000000 -0.233530018785219E+005  0.617661841482953E+000 
      5.74000000 -0.233529990676621E+005  0.620472701326110E+000 
      5.76000000 -0.233529963053165E+005  0.623235046928986E+000 
      5.78000000 -0.233529935919570E+005  0.625948406381982E+000 
      5.80000000 -0.233529909280411E+005  0.628612322318402E+000 
      5.82000000 -0.233529883140088E+005  0.631226354658451E+000 
      5.84000000 -0.233529857502795E+005  0.633790083863686E+000 
      5.86000000 -0.233529832372492E+005  0.636303114185262E+000 
      5.88000000 -0.233529807752864E+005  0.638765077042123E+000 
      5.90000000 -0.233529783647298E+005  0.641175633644351E+000 
      5.92000000 -0.233529760058862E+005  0.643534477229825E+000 
      5.94000000 -0.233529736990280E+005  0.645841335378216E+000 
      5.96000000 -0.233529714443937E+005  0.648095969735655E+000 
      5.98000000 -0.233529692421890E+005  0.650298174384422E+000 
      6.00000000 -0.233529670925900E+005  0.652447773389738E+000 
      6.02000000 -0.233529649957470E+005  0.654544616453292E+000 
      6.04000000 -0.233529629517898E+005  0.656588573617035E+000 
      6.06000000 -0.233529609608348E+005  0.658579528571779E+000 
      6.08000000 -0.233529590229920E+005  0.660517371408946E+000 
      6.10000000 -0.233529571383731E+005  0.662401990345247E+000 
      6.12000000 -0.233529553071001E+005  0.664233263351472E+000 
      6.14000000 -0.233529535293149E+005  0.666011048506714E+000 
      6.16000000 -0.233529518051879E+005  0.667735175491035E+000 
      6.18000000 -0.233529501349267E+005  0.669405436694529E+000 
      6.20000000 -0.233529485187839E+005  0.671021579505033E+000 
      6.22000000 -0.233529469570640E+005  0.672583299390896E+000 
      6.24000000 -0.233529454501287E+005  0.674090234719234E+000 
      6.26000000 -0.233529439984000E+005  0.675541963421054E+000 
      6.28000000 -0.233529426023615E+005  0.676938001865199E+000 
      6.30000000 -0.233529412625568E+005  0.678277806603115E+000 
      6.32000000 -0.233529399795857E+005  0.679560777740857E+000 
      6.34000000 -0.233529387540975E+005  0.680786265905823E+000 
      6.36000000 -0.233529375867827E+005  0.681953580747894E+000 
      6.38000000 -0.233529364783617E+005  0.683062001671059E+000 
      6.40000000 -0.233529354295730E+005  0.684110790402610E+000 
      6.42000000 -0.233529344411589E+005  0.685099204462577E+000 
      6.44000000 -0.233529335138515E+005  0.686026511947927E+000 
      6.46000000 -0.233529326483575E+005  0.686892005920785E+000 
      6.48000000 -0.233529318453440E+005  0.687695019372070E+000 
      6.50000000 -0.233529311054244E+005  0.688434939028119E+000 
      6.52000000 -0.233529304291451E+005  0.689111218284933E+000 
      6.54000000 -0.233529298169739E+005  0.689723389464924E+000 
      6.56000000 -0.233529292692900E+005  0.690271073419379E+000 
      6.58000000 -0.233529287863760E+005  0.690753987454201E+000 
      6.60000000 -0.233529283684123E+005  0.691171951142739E+000 
      6.62000000 -0.233529280154747E+005  0.691524888689279E+000 
      6.64000000 -0.233529277275341E+005  0.691812829263152E+000 
      6.66000000 -0.233529275044592E+005  0.692035904229983E+000 
      6.68000000 -0.233529273460220E+005  0.692194341434762E+000 
      6.70000000 -0.233529272519058E+005  0.692288457573082E+000 
      6.72000000 -0.233529272217161E+005  0.692318647286287E+000 
      6.74000000 -0.233529272549929E+005  0.692285370545866E+000 
      6.76000000 -0.233529273512239E+005  0.692189139533595E+000 
      6.78000000 -0.233529275098596E+005  0.692030503764527E+000 
      6.80000000 -0.233529277303279E+005  0.691810035491504E+000 
      6.82000000 -0.233529280120491E+005  0.691528314308422E+000 
      6.84000000 -0.233529283544504E+005  0.691185913015686E+000 
      6.86000000 -0.233529287569789E+005  0.690783384537470E+000 
      6.88000000 -0.233529292191126E+005  0.690321250800317E+000 
      6.90000000 -0.233529297403700E+005  0.689799993436935E+000 
      6.92000000 -0.233529303203169E+005  0.689220046482269E+000 
      6.94000000 -0.233529309585711E+005  0.688581792354943E+000 
      6.96000000 -0.233529316548034E+005  0.687885559998019E+000 
      6.98000000 -0.233529324087370E+005  0.687131626419602E+000 
      7.00000000 -0.233529332201426E+005  0.686320220825854E+000 
      7.02000000 -0.233529340888331E+005  0.685451530341021E+000 
      7.04000000 -0.233529350146550E+005  0.684525708431235E+000 
      7.06000000 -0.233529359974791E+005  0.683542884296618E+000 
      7.08000000 -0.233529370371899E+005  0.682503173550305E+000 
      7.10000000 -0.233529381336739E+005  0.681406689553305E+000 
      7.12000000 -0.233529392868088E+005  0.680253554579223E+000 
      7.14000000 -0.233529404964528E+005  0.679043910629398E+000 
      7.16000000 -0.233529417624343E+005  0.677777929063211E+000 
      7.18000000 -0.233529430845442E+005  0.676455819179660E+000 
      7.20000000 -0.233529444625283E+005  0.675077835109852E+000 
      7.22000000 -0.233529458960830E+005  0.673644280389308E+000 
      7.24000000 -0.233529473848528E+005  0.672155510637002E+000 
      7.26000000 -0.233529489284302E+005  0.670611933190312E+000 
      7.28000000 -0.233529505263580E+005  0.669014005381906E+000 
      7.30000000 -0.233529521781335E+005  0.667362229893189E+000 
      7.32000000 -0.233529538832148E+005  0.665657148635202E+000 
      7.34000000 -0.233529556410283E+005  0.663899335104406E+000 
      7.36000000 -0.233529574509779E+005  0.662089385528856E+000 
      7.38000000 -0.233529593124533E+005  0.660227910088640E+000 
      7.40000000 -0.233529612248396E+005  0.658315523823851E+000 
      7.42000000 -0.233529631875249E+005  0.656352838492300E+000 
      7.44000000 -0.233529651999076E+005  0.654340455794580E+000 
      7.46000000 -0.233529672614020E+005  0.652278961425121E+000 
      7.48000000 -0.233529693714416E+005  0.650168921786811E+000 
      7.50000000 -0.233529715294808E+005  0.648010882620541E+000 
      7.52000000 -0.233529737349931E+005  0.645805370344725E+000 
      7.54000000 -0.233529759874680E+005  0.643552895414924E+000 
      7.56000000 -0.233529782864053E+005  0.641253958093362E+000 
      7.58000000 -0.233529806313075E+005  0.638909055926108E+000 
      7.60000000 -0.233529830216706E+005  0.636518692807244E+000 
      7.62000000 -0.233529854569738E+005  0.634083389642433E+000 
      7.64000000 -0.233529879366683E+005  0.631603695126930E+000 
      7.66000000 -0.233529904601666E+005  0.629080196786564E+000 
      7.68000000 -0.233529930268319E+005  0.626513531526825E+000 
      7.70000000 -0.233529956359689E+005  0.623904394548558E+000 
      7.72000000 -0.233529982868168E+005  0.621253546571460E+000 
      7.74000000 -0.233530009785442E+005  0.618561819198342E+000 
      7.76000000 -0.233530037102461E+005  0.615830117352868E+000 
      7.78000000 -0.233530064809450E+005  0.613059418373134E+000 
      7.80000000 -0.233530092895946E+005  0.610250768834571E+000 
      7.82000000 -0.233530121350848E+005  0.607405278604085E+000 
      7.84000000 -0.233530150162510E+005  0.604524112372943E+000 
      7.86000000 -0.233530179318853E+005  0.601608478074422E+000 
      7.88000000 -0.233530208807486E+005  0.598659614781736E+000 
      7.90000000 -0.233530238615852E+005  0.595678778242479E+000 
      7.92000000 -0.233530268731378E+005  0.592667225587070E+000 
      7.94000000 -0.233530299141637E+005  0.589626199737134E+000 
      7.96000000 -0.233530329834493E+005  0.586556914083016E+000 
      7.98000000 -0.233530360798253E+005  0.583460538154335E+000 
      8.00000000 -0.233530392021784E+005  0.580338185004384E+000 
      8.02000000 -0.233530423494625E+005  0.577190900874484E+000 
      8.04000000 -0.233530455207053E+005  0.574019658122076E+000 
      8.06000000 -0.233530487150115E+005  0.570825351929150E+000 
      8.08000000 -0.233530519315636E+005  0.567608799832028E+000 
      8.10000000 -0.233530551696182E+005  0.564370745223284E+000 
      8.12000000 -0.233530584284999E+005  0.561111863507968E+000 
      8.14000000 -0.233530617075924E+005  0.557832771013102E+000 
      8.16000000 -0.233530650063265E+005  0.554534036901044E+000 
      8.18000000 -0.233530683241677E+005  0.551216195747969E+000 
      8.20000000 -0.233530716606013E+005  0.547879762077489E+000 
      8.22000000 -0.233530750151175E+005  0.544525245939907E+000 
      8.24000000 -0.233530783871950E+005  0.541153168367720E+000 
      8.26000000 -0.233530817762871E+005  0.537764076333062E+000 
      8.28000000 -0.233530851818068E+005  0.534358556603834E+000 
      8.30000000 -0.233530886031160E+005  0.530937247425047E+000 
      8.32000000 -0.233530920395152E+005  0.527500848183154E+000 
      8.34000000 -0.233530954902377E+005  0.524050125664355E+000 
      8.36000000 -0.233530989544459E+005  0.520585917553432E+000 
      8.38000000 -0.233531024312308E+005  0.517109132625550E+000 
      8.40000000 -0.233531059196156E+005  0.513620747838298E+000 
      8.42000000 -0.233531094185604E+005  0.510121803029295E+000 
      8.44000000 -0.233531129269703E+005  0.506613393101821E+000 
      8.46000000 -0.233531164437042E+005  0.503096659170997E+000 
      8.48000000 -0.233531199675854E+005  0.499572778002317E+000 
      8.50000000 -0.233531234974122E+005  0.496042951215069E+000 
      8.52000000 -0.233531270319692E+005  0.492508394244451E+000 
      8.54000000 -0.233531305700375E+005  0.488970325925504E+000 
      8.56000000 -0.233531341104043E+005  0.485429959079353E+000 
      8.58000000 -0.233531376518710E+005  0.481888492438980E+000 
      8.60000000 -0.233531411932586E+005  0.478347104814733E+000 
      8.62000000 -0.233531447334126E+005  0.474806950859224E+000 
      8.64000000 -0.233531482712045E+005  0.471269158923478E+000 
      8.66000000 -0.233531518055323E+005  0.467734831100246E+000 
      8.68000000 -0.233531553353188E+005  0.464205044609922E+000 
      8.70000000 -0.233531588595090E+005  0.460680854386781E+000 
      8.72000000 -0.233531623770663E+005  0.457163297134650E+000 
      8.74000000 -0.233531658869678E+005  0.453653395605325E+000 
      8.76000000 -0.233531693882005E+005  0.450152162904835E+000 
      8.78000000 -0.233531728797568E+005  0.446660606586237E+000 
      8.80000000 -0.233531763606314E+005  0.443179732055647E+000 
      8.82000000 -0.233531798298185E+005  0.439710544920262E+000 
      8.84000000 -0.233531832863113E+005  0.436254052160830E+000 
      8.86000000 -0.233531867291013E+005  0.432811262128549E+000 
      8.88000000 -0.233531901571802E+005  0.429383183221025E+000 
      8.90000000 -0.233531935695426E+005  0.425970820841279E+000 
      8.92000000 -0.233531969651898E+005  0.422575173608120E+000 
      8.94000000 -0.233532003431349E+005  0.419197228496137E+000 
      8.96000000 -0.233532037024082E+005  0.415837955193013E+000 
      8.98000000 -0.233532070420631E+005  0.412498300305258E+000 
      9.00000000 -0.233532103611819E+005  0.409179181511352E+000 
      9.02000000 -0.233532136588814E+005  0.405881482021144E+000 
      9.04000000 -0.233532169343180E+005  0.402606045459085E+000 
      9.06000000 -0.233532201866911E+005  0.399353672263296E+000 
      9.08000000 -0.233532234152459E+005  0.396125117507699E+000 
      9.10000000 -0.233532266192731E+005  0.392921090298763E+000 
      9.12000000 -0.233532297981086E+005  0.389742254765451E+000 
      9.14000000 -0.233532329511304E+005  0.386589233056896E+000 
      9.16000000 -0.233532360777535E+005  0.383462609871397E+000 
      9.18000000 -0.233532391774246E+005  0.380362938826091E+000 
      9.20000000 -0.233532422496138E+005  0.377290749621675E+000 
      9.22000000 -0.233532452938071E+005  0.374246556357943E+000 
      9.24000000 -0.233532483094966E+005  0.371230866814512E+000 
      9.26000000 -0.233532512961720E+005  0.368244191369601E+000 
      9.28000000 -0.233532542533114E+005  0.365287051983782E+000 
      9.30000000 -0.233532571803726E+005  0.362359990827958E+000 
      9.32000000 -0.233532600767856E+005  0.359463577788385E+000 
      9.34000000 -0.233532629419465E+005  0.356598416879652E+000 
      9.36000000 -0.233532657752119E+005  0.353765151482104E+000 
      9.38000000 -0.233532685758961E+005  0.350964467330244E+000 
      9.40000000 -0.233532713432693E+005  0.348197094081168E+000 
      9.42000000 -0.233532740765585E+005  0.345463804915498E+000 
      9.44000000 -0.233532767749494E+005  0.342765414037773E+000 
      9.46000000 -0.233532794375906E+005  0.340102772790913E+000 
      9.48000000 -0.233532820635992E+005  0.337476764208437E+000 
      9.50000000 -0.233532846520678E+005  0.334888295608435E+000 
      9.52000000 -0.233532872020726E+005  0.332338290841071E+000 
      9.54000000 -0.233532897126819E+005  0.329827681521384E+000 
      9.56000000 -0.233532921829656E+005  0.327357397825902E+000 
      9.58000000 -0.233532946120037E+005  0.324928359747098E+000 
      9.60000000 -0.233532969988952E+005  0.322541468183892E+000 
      9.62000000 -0.233532993427662E+005  0.320197597164402E+000 
      9.64000000 -0.233533016427765E+005  0.317897586956545E+000 
      9.66000000 -0.233533038981251E+005  0.315642238338738E+000 
      9.68000000 -0.233533061080549E+005  0.313432308482346E+000 
      9.70000000 -0.233533082718552E+005  0.311268508247897E+000 
      9.72000000 -0.233533103888626E+005  0.309151500836280E+000 
      9.74000000 -0.233533124584612E+005  0.307081902243507E+000 
      9.76000000 -0.233533144800809E+005  0.305060282538352E+000 
      9.78000000 -0.233533164531947E+005  0.303087168683699E+000 
      9.80000000 -0.233533183773158E+005  0.301163047661051E+000 
      9.82000000 -0.233533202519926E+005  0.299288370807724E+000 
      9.84000000 -0.233533220768058E+005  0.297463557618855E+000 
      9.86000000 -0.233533238513632E+005  0.295689000205240E+000 
      9.88000000 -0.233533255752964E+005  0.293965067042756E+000 
      9.90000000 -0.233533272482566E+005  0.292292106808389E+000 
      9.92000000 -0.233533288699120E+005  0.290670451427410E+000 
      9.94000000 -0.233533304399447E+005  0.289100418681258E+000 
      9.96000000 -0.233533319580494E+005  0.287582314020379E+000 
      9.98000000 -0.233533334239314E+005  0.286116432036765E+000 
     10.00000000 -0.233533348373063E+005  0.284703057095043E+000 
     10.02000000 -0.233533361978999E+005  0.283342463521187E+000 
     10.04000000 -0.233533375054477E+005  0.282034915723166E+000 
     10.06000000 -0.233533387596955E+005  0.280780667878490E+000 
     10.08000000 -0.233533399603998E+005  0.279579963597012E+000 
     10.10000000 -0.233533411073276E+005  0.278433035828125E+000 
     10.12000000 -0.233533422002565E+005  0.277340106891688E+000 
     10.14000000 -0.233533432389743E+005  0.276301389121501E+000 
     10.16000000 -0.233533442232779E+005  0.275317085514947E+000 
     10.18000000 -0.233533451529724E+005  0.274387391053954E+000 
     10.20000000 -0.233533460278693E+005  0.273512494066168E+000 
     10.22000000 -0.233533468477854E+005  0.272692578009945E+000 
     10.24000000 -0.233533476125403E+005  0.271927823089199E+000 
     10.26000000 -0.233533483219555E+005  0.271218407939401E+000 
     10.28000000 -0.233533489758522E+005  0.270564511196021E+000 
     10.30000000 -0.233533495740510E+005  0.269966312441166E+000 
     10.32000000 -0.233533501163706E+005  0.269423992843944E+000 
     10.34000000 -0.233533506026282E+005  0.268937735240903E+000 
     10.36000000 -0.233533510326399E+005  0.268507723538968E+000 
     10.38000000 -0.233533514062220E+005  0.268134141422327E+000 
     10.40000000 -0.233533517231929E+005  0.267817170502470E+000 
     10.42000000 -0.233533519833755E+005  0.267556987871173E+000 
     10.44000000 -0.233533521866003E+005  0.267353763124479E+000 
     10.46000000 -0.233533523327084E+005  0.267207655052565E+000 
     10.48000000 -0.233533524215554E+005  0.267118808017169E+000 
     10.50000000 -0.233533524530150E+005  0.267087348449664E+000 
     10.52000000 -0.233533524269823E+005  0.267113381114010E+000 
     10.54000000 -0.233533523433777E+005  0.267196985731669E+000 
     10.56000000 -0.233533522021493E+005  0.267338214116952E+000 
     10.58000000 -0.233533520032759E+005  0.267537087460855E+000 
     10.60000000 -0.233533517467691E+005  0.267793594338801E+000 
     10.62000000 -0.233533514326740E+005  0.268107689377307E+000 
     10.64000000 -0.233533510610710E+005  0.268479292363032E+000 
     10.66000000 -0.233533506320752E+005  0.268908288174721E+000 
     10.68000000 -0.233533501458362E+005  0.269394527191556E+000 
     10.70000000 -0.233533496025373E+005  0.269937826159355E+000 
     10.72000000 -0.233533490023938E+005  0.270537969641465E+000 
     10.74000000 -0.233533483456517E+005  0.271194711760439E+000 
     10.76000000 -0.233533476325851E+005  0.271907778335703E+000 
     10.78000000 -0.233533468634944E+005  0.272676869015025E+000 
     10.80000000 -0.233533460387034E+005  0.273501659993772E+000 
     10.82000000 -0.233533451585569E+005  0.274381806502145E+000 
     10.84000000 -0.233533442234177E+005  0.275316945666736E+000 
     10.86000000 -0.233533432336641E+005  0.276306699319494E+000 
     10.88000000 -0.233533421896863E+005  0.277350677072743E+000 
     10.90000000 -0.233533410918843E+005  0.278448479140523E+000 
     10.92000000 -0.233533399406641E+005  0.279599699314609E+000 
     10.94000000 -0.233533387364354E+005  0.280803928020963E+000 
     10.96000000 -0.233533374796084E+005  0.282060755026618E+000 
     10.98000000 -0.233533361705911E+005  0.283369772316700E+000 
     11.00000000 -0.233533348097870E+005  0.284730576365113E+000 
     11.02000000 -0.233533333975929E+005  0.286142770535159E+000 
     11.04000000 -0.233533319343965E+005  0.287605966910928E+000 
     11.06000000 -0.233533304205758E+005  0.289119787636821E+000 
     11.08000000 -0.233533288564976E+005  0.290683865811594E+000 
     11.10000000 -0.233533272425174E+005  0.292297846045201E+000 
     11.12000000 -0.233533255789793E+005  0.293961384096842E+000 
     11.14000000 -0.233533238662172E+005  0.295674146237691E+000 
     11.16000000 -0.233533221045552E+005  0.297435808242391E+000 
     11.18000000 -0.233533202943097E+005  0.299246053733983E+000 
     11.20000000 -0.233533184357911E+005  0.301104572324675E+000 
     11.22000000 -0.233533165293057E+005  0.303011057716384E+000 
     11.24000000 -0.233533145751580E+005  0.304965205374362E+000 
     11.26000000 -0.233533125736529E+005  0.306966710547314E+000 
     11.28000000 -0.233533105250975E+005  0.309015265953396E+000 
     11.30000000 -0.233533084298033E+005  0.311110560072569E+000 
     11.32000000 -0.233533062880885E+005  0.313252274888280E+000 
     11.34000000 -0.233533041002790E+005  0.315440084383988E+000 
     11.36000000 -0.233533018667107E+005  0.317673652742705E+000 
     11.38000000 -0.233532995877305E+005  0.319952632905383E+000 
     11.40000000 -0.233532972636984E+005  0.322276665024133E+000 
     11.42000000 -0.233532948949886E+005  0.324645374782407E+000 
     11.44000000 -0.233532924819917E+005  0.327058371678066E+000 
     11.46000000 -0.233532900251168E+005  0.329515246576363E+000 
     11.48000000 -0.233532875247940E+005  0.332015569392849E+000 
     11.50000000 -0.233532849814773E+005  0.334558886089516E+000 
     11.52000000 -0.233532823956479E+005  0.337144715497691E+000 
     11.54000000 -0.233532797678180E+005  0.339772545454159E+000 
     11.56000000 -0.233532770985338E+005  0.342441829651905E+000 
     11.58000000 -0.233532743883800E+005  0.345151983417379E+000 
     11.60000000 -0.233532716379827E+005  0.347902380691168E+000 
     11.62000000 -0.233532688480125E+005  0.350692350903482E+000 
     11.64000000 -0.233532660191867E+005  0.353521176743687E+000 
     11.66000000 -0.233532631522706E+005  0.356388092774382E+000 
     11.68000000 -0.233532602480785E+005  0.359292284868370E+000 
     11.70000000 -0.233532573074724E+005  0.362232891009889E+000 
     11.72000000 -0.233532543313607E+005  0.365209002696009E+000 
     11.74000000 -0.233532513206957E+005  0.368219667742501E+000 
     11.76000000 -0.233532482764692E+005  0.371263894243617E+000 
     11.78000000 -0.233532451997084E+005  0.374340654971154E+000 
     11.80000000 -0.233532420914705E+005  0.377448892915049E+000 
     11.82000000 -0.233532389528360E+005  0.380587527455065E+000 
     11.84000000 -0.233532357849028E+005  0.383755460619097E+000 
     11.86000000 -0.233532325887793E+005  0.386951584102494E+000 
     11.88000000 -0.233532293655783E+005  0.390174785133479E+000 
     11.90000000 -0.233532261164106E+005  0.393423952805705E+000 
     11.92000000 -0.233532228423804E+005  0.396697983037252E+000 
     11.94000000 -0.233532195445804E+005  0.399995783022286E+000 
     11.96000000 -0.233532162240889E+005  0.403316274485502E+000 
     11.98000000 -0.233532128819679E+005  0.406658395553734E+000 
     12.00000000 -0.233532095192617E+005  0.410021101730438E+000 
     12.02000000 -0.233532061369981E+005  0.413403365276970E+000 
     12.04000000 -0.233532027361896E+005  0.416804173774077E+000 
     12.06000000 -0.233531993178352E+005  0.420222528203878E+000 
     12.08000000 -0.233531958829237E+005  0.423657439698517E+000 
     12.10000000 -0.233531924324372E+005  0.427107926233128E+000 
     12.12000000 -0.233531889673539E+005  0.430573009547727E+000 
     12.14000000 -0.233531854886518E+005  0.434051711626723E+000 
     12.16000000 -0.233531819973108E+005  0.437543052650971E+000 
     12.18000000 -0.233531784943145E+005  0.441046048894137E+000 
     12.20000000 -0.233531749806512E+005  0.444559712199888E+000 
     12.22000000 -0.233531714573135E+005  0.448083049941672E+000 
     12.24000000 -0.233531679252974E+005  0.451615066040505E+000 
     12.26000000 -0.233531643855998E+005  0.455154763572858E+000 
     12.28000000 -0.233531608392157E+005  0.458701147681710E+000 
     12.30000000 -0.233531572871342E+005  0.462253229174380E+000 
     12.32000000 -0.233531537303344E+005  0.465810028989648E+000 
     12.34000000 -0.233531501697807E+005  0.469370582736033E+000 
     12.36000000 -0.233531466064187E+005  0.472933944667038E+000 
     12.38000000 -0.233531430411709E+005  0.476499192510224E+000 
     12.40000000 -0.233531394749330E+005  0.480065430390639E+000 
     12.42000000 -0.233531359085714E+005  0.483631791964610E+000 
     12.44000000 -0.233531323429213E+005  0.487197442087179E+000 
     12.46000000 -0.233531287787863E+005  0.490761577140029E+000 
     12.48000000 -0.233531252169390E+005  0.494323424397291E+000 
     12.50000000 -0.233531216581232E+005  0.497882240221999E+000 
     12.52000000 -0.233531181030564E+005  0.501437307000346E+000 
     12.54000000 -0.233531145524338E+005  0.504987929624297E+000 
     12.56000000 -0.233531110069327E+005  0.508533430752223E+000 
     12.58000000 -0.233531074672166E+005  0.512073146790350E+000 
     12.60000000 -0.233531039339405E+005  0.515606422902817E+000 
     12.62000000 -0.233531004077543E+005  0.519132609141613E+000 
     12.64000000 -0.233530968893069E+005  0.522651056499178E+000 
     12.66000000 -0.233530933792501E+005  0.526161113353876E+000 
     12.68000000 -0.233530898782404E+005  0.529662122964203E+000 
     12.70000000 -0.233530863869419E+005  0.533153421553865E+000 
     12.72000000 -0.233530829060273E+005  0.536634336096771E+000 
     12.74000000 -0.233530794361790E+005  0.540104184428409E+000 
     12.76000000 -0.233530759780891E+005  0.543562274286831E+000 
     12.78000000 -0.233530725324600E+005  0.547007903405466E+000 
     12.80000000 -0.233530691000027E+005  0.550440360728890E+000 
     12.82000000 -0.233530656814362E+005  0.553858927232629E+000 
     12.84000000 -0.233530622774856E+005  0.557262877779299E+000 
     12.86000000 -0.233530588888806E+005  0.560651482801518E+000 
     12.88000000 -0.233530555163534E+005  0.564024010025024E+000 
     12.90000000 -0.233530521606366E+005  0.567379726822884E+000 
     12.92000000 -0.233530488224617E+005  0.570717901694232E+000 
     12.94000000 -0.233530455025581E+005  0.574037805356292E+000 
     12.96000000 -0.233530422016515E+005  0.577338711861166E+000 
     12.98000000 -0.233530389204651E+005  0.580619898339062E+000 
     13.00000000 -0.233530356597191E+005  0.583880644351742E+000 
     13.02000000 -0.233530324201324E+005  0.587120231017034E+000 
     13.04000000 -0.233530292024247E+005  0.590337938697934E+000 
     13.06000000 -0.233530260073187E+005  0.593533044728829E+000 
     13.08000000 -0.233530228355432E+005  0.596704820235295E+000 
     13.10000000 -0.233530196878363E+005  0.599852527099305E+000 
     13.12000000 -0.233530165649490E+005  0.602975414451109E+000 
     13.14000000 -0.233530134676483E+005  0.606072715074499E+000 
     13.16000000 -0.233530103967211E+005  0.609143642328702E+000 
     13.18000000 -0.233530073529763E+005  0.612187387082646E+000 
     13.20000000 -0.233530043372481E+005  0.615203115357653E+000 
     13.22000000 -0.233530013503970E+005  0.618189966446546E+000 
     13.24000000 -0.233529983933114E+005  0.621147052056728E+000 
     13.26000000 -0.233529954669074E+005  0.624073456028667E+000 
     13.28000000 -0.233529925721289E+005  0.626968234496760E+000 
     13.30000000 -0.233529897099463E+005  0.629830417157703E+000 
     13.32000000 -0.233529868813547E+005  0.632659008708999E+000 
     13.34000000 -0.233529840873722E+005  0.635452991218643E+000 
     13.36000000 -0.233529813290372E+005  0.638211326207095E+000 
     13.38000000 -0.233529786074058E+005  0.640932957629487E+000 
     13.40000000 -0.233529759235485E+005  0.643616814879491E+000 
     13.42000000 -0.233529732785481E+005  0.646261815295110E+000 
     13.44000000 -0.233529706734961E+005  0.648866867280096E+000 
     13.46000000 -0.233529681094898E+005  0.651430873626459E+000 
     13.48000000 -0.233529655876291E+005  0.653952734304863E+000 
     13.50000000 -0.233529631090132E+005  0.656431350201673E+000 
     13.52000000 -0.233529606747379E+005  0.658865625544315E+000 
     13.54000000 -0.233529582858922E+005  0.661254471236153E+000 
     13.56000000 -0.233529559435555E+005  0.663596807916036E+000 
     13.58000000 -0.233529536487950E+005  0.665891568423879E+000 
     13.60000000 -0.233529514026629E+005  0.668137700547755E+000 
     13.62000000 -0.233529492061936E+005  0.670334169805026E+000 
     13.64000000 -0.233529470604021E+005  0.672479961351074E+000 
     13.66000000 -0.233529449662805E+005  0.674574082868706E+000 
     13.68000000 -0.233529429247972E+005  0.676615566220118E+000 
     13.70000000 -0.233529409368939E+005  0.678603469460821E+000 
     13.72000000 -0.233529390034842E+005  0.680536879187658E+000 
     13.74000000 -0.233529371254510E+005  0.682414912456826E+000 
     13.76000000 -0.233529353036443E+005  0.684236719122616E+000 
     13.78000000 -0.233529335388793E+005  0.686001484095729E+000 
     13.80000000 -0.233529318319332E+005  0.687708430170800E+000 
     13.82000000 -0.233529301835427E+005  0.689356820751839E+000 
     13.84000000 -0.233529285944003E+005  0.690945963078834E+000 
     13.86000000 -0.233529270651511E+005  0.692475212348393E+000 
     13.88000000 -0.233529255963878E+005  0.693943975658053E+000 
     13.90000000 -0.233529241886467E+005  0.695351716739453E+000 
     13.92000000 -0.233529228424026E+005  0.696697960821437E+000 
     13.94000000 -0.233529215580634E+005  0.697982300049996E+000 
     13.96000000 -0.233529203359651E+005  0.699204398323530E+000 
     13.98000000 -0.233529191763671E+005  0.700363996288978E+000 
     14.00000000 -0.233529180794477E+005  0.701460915666627E+000 
     14.02000000 -0.233529170453011E+005  0.702495062281830E+000 
     14.04000000 -0.233529160739344E+005  0.703466428976049E+000 
     14.06000000 -0.233529151652679E+005  0.704375095529524E+000 
     14.08000000 -0.233529143191351E+005  0.705221228311697E+000 
     14.10000000 -0.233529135352860E+005  0.706005077367060E+000 
     14.12000000 -0.233529128133915E+005  0.706726971932566E+000 
     14.14000000 -0.233529121530485E+005  0.707387314921782E+000 
     14.16000000 -0.233529115537876E+005  0.707986575769446E+000 
     14.18000000 -0.233529110150818E+005  0.708525281624055E+000 
     14.20000000 -0.233529105363552E+005  0.709004008197069E+000 
     14.22000000 -0.233529101169937E+005  0.709423369699504E+000 
     14.24000000 -0.233529097563553E+005  0.709784008088662E+000 
     14.26000000 -0.233529094537806E+005  0.710086582772709E+000 
     14.28000000 -0.233529092086034E+005  0.710331760015176E+000 
     14.30000000 -0.233529090201601E+005  0.710520203310844E+000 
     14.32000000 -0.233529088878001E+005  0.710652563260467E+000 
     14.34000000 -0.233529088108943E+005  0.710729469091281E+000 
     14.36000000 -0.233529087888432E+005  0.710751520220820E+000 
     14.38000000 -0.233529088210841E+005  0.710719279339680E+000 
     14.40000000 -0.233529089070978E+005  0.710633265580903E+000 
     14.42000000 -0.233529090464142E+005  0.710493949180463E+000 
     14.44000000 -0.233529092386166E+005  0.710301746775031E+000 
     14.46000000 -0.233529094833460E+005  0.710057017398888E+000 
     14.48000000 -0.233529097803040E+005  0.709760059433656E+000 
     14.50000000 -0.233529101292547E+005  0.709411108665535E+000 
     14.52000000 -0.233529105300269E+005  0.709010336521963E+000 
     14.54000000 -0.233529109825145E+005  0.708557848951742E+000 
     14.56000000 -0.233529114866763E+005  0.708053687111811E+000 
     14.58000000 -0.233529120425356E+005  0.707497827800347E+000 
     14.60000000 -0.233529126501781E+005  0.706890185343849E+000 
     14.62000000 -0.233529133097486E+005  0.706230614826826E+000 
     14.64000000 -0.233529140214472E+005  0.705518916175325E+000 
     14.66000000 -0.233529147855245E+005  0.704754838905565E+000 
     14.68000000 -0.233529156022745E+005  0.703938088874122E+000 
     14.70000000 -0.233529164720285E+005  0.703068334910558E+000 
     14.72000000 -0.233529173951469E+005  0.702145216498770E+000 
     14.74000000 -0.233529183720108E+005  0.701168352584402E+000 
     14.76000000 -0.233529194030142E+005  0.700137349228352E+000 
     14.78000000 -0.233529204885545E+005  0.699051808949373E+000 
     14.80000000 -0.233529216290246E+005  0.697911338832337E+000 
     14.82000000 -0.233529228248054E+005  0.696715558033252E+000 
     14.84000000 -0.233529240762576E+005  0.695464105797808E+000 
     14.86000000 -0.233529253837156E+005  0.694156647821776E+000 
     14.88000000 -0.233529267474811E+005  0.692792882357719E+000 
     14.90000000 -0.233529281678172E+005  0.691372546241290E+000 
     14.92000000 -0.233529296449446E+005  0.689895418844811E+000 
     14.94000000 -0.233529311790373E+005  0.688361326157709E+000 
     14.96000000 -0.233529327702193E+005  0.686770144136854E+000 
     14.98000000 -0.233529344185623E+005  0.685121801097896E+000 
     15.00000000 -0.233529361240834E+005  0.683416279976668E+000 
     15.02000000 -0.233529378867433E+005  0.681653620126553E+000 
     15.04000000 -0.233529397064454E+005  0.679833917977421E+000 
     15.06000000 -0.233529415830352E+005  0.677957328164775E+000 
     15.08000000 -0.233529435163005E+005  0.676024062951262E+000 
     15.10000000 -0.233529455059717E+005  0.674034391716226E+000 
     15.12000000 -0.233529475517236E+005  0.671988639814183E+000 
     15.14000000 -0.233529496531769E+005  0.669887186508308E+000 
     15.16000000 -0.233529518099004E+005  0.667730463027671E+000 
     15.18000000 -0.233529540214144E+005  0.665518949018906E+000 
     15.20000000 -0.233529562871941E+005  0.663253169273206E+000 
     15.22000000 -0.233529586066734E+005  0.660933689986189E+000 
     15.24000000 -0.233529609792496E+005  0.658561113811270E+000 
     15.26000000 -0.233529634042872E+005  0.656136076196867E+000 
     15.28000000 -0.233529658811228E+005  0.653659240650133E+000 
     15.30000000 -0.233529684090684E+005  0.651131294962800E+000 
     15.32000000 -0.233529709874162E+005  0.648552947189518E+000 
     15.34000000 -0.233529736154410E+005  0.645924922390333E+000 
     15.36000000 -0.233529762924035E+005  0.643247959957825E+000 
     15.38000000 -0.233529790175524E+005  0.640522811027791E+000 
     15.40000000 -0.233529817901261E+005  0.637750237303687E+000 
     15.42000000 -0.233529846093535E+005  0.634931009911999E+000 
     15.44000000 -0.233529874744535E+005  0.632065909915783E+000 
     15.46000000 -0.233529903846350E+005  0.629155728388907E+000 
     15.48000000 -0.233529933390956E+005  0.626201267798878E+000 
     15.50000000 -0.233529963370189E+005  0.623203344515740E+000 
     15.52000000 -0.233529993775722E+005  0.620162791178650E+000 
     15.54000000 -0.233530024599032E+005  0.617080460219470E+000 
     15.56000000 -0.233530055831356E+005  0.613957227838006E+000 
     15.58000000 -0.233530087463658E+005  0.610793997568907E+000 
     15.60000000 -0.233530119486586E+005  0.607591704801375E+000 
     15.62000000 -0.233530151890427E+005  0.604351320754413E+000 
     15.64000000 -0.233530184665075E+005  0.601073855898322E+000 
     15.66000000 -0.233530217800004E+005  0.597760363038995E+000 
     15.68000000 -0.233530251284245E+005  0.594411938954415E+000 
     15.70000000 -0.233530285106382E+005  0.591029725211369E+000 
     15.72000000 -0.233530319254560E+005  0.587614907419884E+000 
     15.74000000 -0.233530353716500E+005  0.584168713445150E+000 
     15.76000000 -0.233530388479541E+005  0.580692409314712E+000 
     15.78000000 -0.233530423530699E+005  0.577187293544855E+000 
     15.80000000 -0.233530458856730E+005  0.573654690374951E+000 
     15.82000000 -0.233530494444229E+005  0.570095940551694E+000 
     15.84000000 -0.233530530279718E+005  0.566512391596712E+000 
     15.86000000 -0.233530566349770E+005  0.562905386422202E+000 
     15.88000000 -0.233530602641128E+005  0.559276250619429E+000 
     15.90000000 -0.233530639140831E+005  0.555626280350466E+000 
     15.92000000 -0.233530675836338E+005  0.551956729630502E+000 
     15.94000000 -0.233530712715655E+005  0.548268797947350E+000 
     15.96000000 -0.233530749767443E+005  0.544563619065794E+000 
     15.98000000 -0.233530786981132E+005  0.540842250181511E+000 
     16.00000000 -0.233530824347000E+005  0.537105663441578E+000 
     16.02000000 -0.233530861856244E+005  0.533354738999392E+000 
     16.04000000 -0.233530899501037E+005  0.529590259712282E+000 
     16.06000000 -0.233530937274543E+005  0.525812909139966E+000 
     16.08000000 -0.233530975170923E+005  0.522023271068135E+000 
     16.10000000 -0.233531013185316E+005  0.518221831782239E+000 
     16.12000000 -0.233531051313788E+005  0.514408984605757E+000 
     16.14000000 -0.233531089553267E+005  0.510585036712257E+000 
     16.16000000 -0.233531127901453E+005  0.506750218068920E+000 
     16.18000000 -0.233531166356718E+005  0.502904691589662E+000 
     16.20000000 -0.233531204917977E+005  0.499048565735270E+000 
     16.22000000 -0.233531243584563E+005  0.495181907098068E+000 
     16.24000000 -0.233531282356086E+005  0.491304754768484E+000 
     16.26000000 -0.233531321232290E+005  0.487417134432484E+000 
     16.28000000 -0.233531360212902E+005  0.483519073186703E+000 
     16.30000000 -0.233531399297497E+005  0.479610613669903E+000 
     16.32000000 -0.233531438485360E+005  0.475691827387007E+000 
     16.34000000 -0.233531477775351E+005  0.471762828342489E+000 
     16.36000000 -0.233531517165793E+005  0.467823784096817E+000 
     16.38000000 -0.233531556654372E+005  0.463874926250581E+000 
     16.40000000 -0.233531596238047E+005  0.459916558664130E+000 
     16.42000000 -0.233531635912993E+005  0.455949064090191E+000 
     16.44000000 -0.233531675674542E+005  0.451972909238063E+000 
     16.46000000 -0.233531715517161E+005  0.447988647267032E+000 
     16.48000000 -0.233531755434439E+005  0.443996919509500E+000 
     16.50000000 -0.233531795419085E+005  0.439998454911040E+000 
     16.52000000 -0.233531835462952E+005  0.435994068248502E+000 
     16.54000000 -0.233531875557061E+005  0.431984657299387E+000 
     16.56000000 -0.233531915691649E+005  0.427971198479909E+000 
     16.58000000 -0.233531955856211E+005  0.423954742281963E+000 
     16.60000000 -0.233531996039564E+005  0.419936407030295E+000 
     16.62000000 -0.233532036229920E+005  0.415917371377481E+000 
     16.64000000 -0.233532076414965E+005  0.411898866931937E+000 
     16.66000000 -0.233532116581946E+005  0.407882168794668E+000 
     16.68000000 -0.233532156717778E+005  0.403868585607235E+000 
     16.70000000 -0.233532196809148E+005  0.399859448619052E+000 
     16.72000000 -0.233532236842642E+005  0.395856099226466E+000 
     16.74000000 -0.233532276804872E+005  0.391859876248872E+000 
     16.76000000 -0.233532316682612E+005  0.387872102221083E+000 
     16.78000000 -0.233532356462940E+005  0.383894069376329E+000 
     16.80000000 -0.233532396133376E+005  0.379927025839630E+000 
     16.82000000 -0.233532435682018E+005  0.375972161582958E+000 
     16.84000000 -0.233532475097674E+005  0.372030595979781E+000 
     16.86000000 -0.233532514369970E+005  0.368103366423793E+000 
     16.88000000 -0.233532553489441E+005  0.364191419360639E+000 
     16.90000000 -0.233532592447600E+005  0.360295603407800E+000 
     16.92000000 -0.233532631236977E+005  0.356416665694891E+000 
     16.94000000 -0.233532669851129E+005  0.352555250545802E+000 
     16.96000000 -0.233532708284621E+005  0.348711901282246E+000 
     16.98000000 -0.233532746532987E+005  0.344887064709451E+000 
     17.00000000 -0.233532784592649E+005  0.341081098475775E+000 
     17.02000000 -0.233532822460828E+005  0.337294280563799E+000 
     17.04000000 -0.233532860135435E+005  0.333526819910573E+000 
     17.06000000 -0.233532897614943E+005  0.329778869066534E+000 
     17.08000000 -0.233532934898264E+005  0.326050536993625E+000 
     17.10000000 -0.233532971984606E+005  0.322341902825529E+000 
     17.12000000 -0.233533008873341E+005  0.318653029284506E+000 
     17.14000000 -0.233533045563880E+005  0.314983975380524E+000 
     17.16000000 -0.233533082055543E+005  0.311334809125858E+000 
     17.18000000 -0.233533118347452E+005  0.307705618170806E+000 
     17.20000000 -0.233533154438433E+005  0.304096520154796E+000 
     17.22000000 -0.233533190326926E+005  0.300507670777521E+000 
     17.24000000 -0.233533226010923E+005  0.296939271096696E+000 
     17.26000000 -0.233533261487913E+005  0.293391572094166E+000 
     17.28000000 -0.233533296754856E+005  0.289864877794237E+000 
     17.30000000 -0.233533331808168E+005  0.286359546634129E+000 
     17.32000000 -0.233533366643732E+005  0.282875990217265E+000 
     17.34000000 -0.233533401256929E+005  0.279414670479554E+000 
     17.36000000 -0.233533435642681E+005  0.275976095277952E+000 
     17.38000000 -0.233533469795512E+005  0.272560812181653E+000 
     17.40000000 -0.233533503709618E+005  0.269169401653850E+000 
     17.42000000 -0.233533537378949E+005  0.265802468535117E+000 
     17.44000000 -0.233533570797298E+005  0.262460633613413E+000 
     17.46000000 -0.233533603958382E+005  0.259144525243585E+000 
     17.48000000 -0.233533636855928E+005  0.255854770614202E+000 
     17.50000000 -0.233533669483749E+005  0.252591988533334E+000 
     17.52000000 -0.233533701835811E+005  0.249356782325703E+000 
     17.54000000 -0.233533733906289E+005  0.246149734471512E+000 
     17.56000000 -0.233533765689616E+005  0.242971401799030E+000 
     17.58000000 -0.233533797180515E+005  0.239822311886763E+000 
     17.60000000 -0.233533828374028E+005  0.236702960622619E+000 
     17.62000000 -0.233533859265528E+005  0.233613810626189E+000 
     17.64000000 -0.233533889850729E+005  0.230555290469160E+000 
     17.66000000 -0.233533920125694E+005  0.227527794031856E+000 
     17.68000000 -0.233533950086831E+005  0.224531680323810E+000 
     17.70000000 -0.233533979730898E+005  0.221567273657000E+000 
     17.72000000 -0.233534009055001E+005  0.218634863321028E+000 
     17.74000000 -0.233534038056597E+005  0.215734703685208E+000 
     17.76000000 -0.233534066733493E+005  0.212867014121222E+000 
     17.78000000 -0.233534095083845E+005  0.210031978901039E+000 
     17.80000000 -0.233534123106162E+005  0.207229747162878E+000 
     17.82000000 -0.233534150799302E+005  0.204460433217477E+000 
     17.84000000 -0.233534178162463E+005  0.201724117114219E+000 
     17.86000000 -0.233534205195178E+005  0.199020845584666E+000 
     17.88000000 -0.233534231897300E+005  0.196350633447048E+000 
     17.90000000 -0.233534258268979E+005  0.193713465518095E+000 
     17.92000000 -0.233534284310646E+005  0.191109298858965E+000 
     17.94000000 -0.233534310022981E+005  0.188538065305799E+000 
     17.96000000 -0.233534335406891E+005  0.185999674356022E+000 
     17.98000000 -0.233534360463472E+005  0.183494016184580E+000 
     18.00000000 -0.233534385193990E+005  0.181020964459098E+000 
     18.02000000 -0.233534409599838E+005  0.178580379606693E+000 
     18.04000000 -0.233534433682515E+005  0.176172111947769E+000 
     18.06000000 -0.233534457443587E+005  0.173796004693690E+000 
     18.08000000 -0.233534480884663E+005  0.171451897123887E+000 
     18.10000000 -0.233534504007358E+005  0.169139627602090E+000 
     18.12000000 -0.233534526813266E+005  0.166859036784370E+000 
     18.14000000 -0.233534549303924E+005  0.164609970994230E+000 
     18.16000000 -0.233534571480778E+005  0.162392285622446E+000 
     18.18000000 -0.233534593345150E+005  0.160205848440285E+000 
     18.20000000 -0.233534614898204E+005  0.158050543061219E+000 
     18.22000000 -0.233534636140913E+005  0.155926272111839E+000 
     18.24000000 -0.233534657074032E+005  0.153832960245002E+000 
     18.26000000 -0.233534677698071E+005  0.151770556305328E+000 
     18.28000000 -0.233534698013277E+005  0.149739035680325E+000 
     18.30000000 -0.233534718019628E+005  0.147738400625209E+000 
     18.32000000 -0.233534737716827E+005  0.145768680680542E+000 
     18.34000000 -0.233534757104322E+005  0.143829931193497E+000 
     18.36000000 -0.233534776181323E+005  0.141922231071925E+000 
     18.38000000 -0.233534794946841E+005  0.140045679279332E+000 
     18.40000000 -0.233534813399731E+005  0.138200390339914E+000 
     18.42000000 -0.233534831538745E+005  0.136386488893861E+000 
     18.44000000 -0.233534849362598E+005  0.134604103640134E+000 
     18.46000000 -0.233534866870023E+005  0.132853361087443E+000 
     18.48000000 -0.233534884059847E+005  0.131134378714349E+000 
     18.50000000 -0.233534900931044E+005  0.129447259048158E+000 
     18.52000000 -0.233534917482796E+005  0.127792083821157E+000 
     18.54000000 -0.233534933714546E+005  0.126168908819806E+000 
     18.56000000 -0.233534949626032E+005  0.124577760203389E+000 
     18.58000000 -0.233534965217322E+005  0.123018631218626E+000 
     18.60000000 -0.233534980488829E+005  0.121491480467281E+000 
     18.62000000 -0.233534995441325E+005  0.119996230947145E+000 
     18.64000000 -0.233535010075930E+005  0.118532770426362E+000 
     18.66000000 -0.233535024394111E+005  0.117100952337475E+000 
     18.68000000 -0.233535038397658E+005  0.115700597590256E+000 
     18.70000000 -0.233535052088670E+005  0.114331496362892E+000 
     18.72000000 -0.233535065469530E+005  0.112993410422165E+000 
     18.74000000 -0.233535078542883E+005  0.111686075131181E+000 
     18.76000000 -0.233535091311620E+005  0.110409201441639E+000 
     18.78000000 -0.233535103778862E+005  0.109162477227155E+000 
     18.80000000 -0.233535115947946E+005  0.107945568761997E+000 
     18.82000000 -0.233535127822421E+005  0.106758121327423E+000 
     18.84000000 -0.233535139406036E+005  0.105599759765436E+000 
     18.86000000 -0.233535150702742E+005  0.104470089218139E+000 
     18.88000000 -0.233535161716681E+005  0.103368695310266E+000 
     18.90000000 -0.233535172452183E+005  0.102295145074158E+000 
     18.92000000 -0.233535182913755E+005  0.101248987952078E+000 
     18.94000000 -0.233535193106059E+005  0.100229757497683E+000 
     18.96000000 -0.233535203033899E+005  0.992369735013084E-001 
     18.98000000 -0.233535212702186E+005  0.982701448484336E-001 
     19.00000000 -0.233535222115906E+005  0.973287728081526E-001 
     19.02000000 -0.233535231280086E+005  0.964123548413670E-001 
     19.04000000 -0.233535240199746E+005  0.955203888575473E-001 
     19.06000000 -0.233535248879862E+005  0.946523772054456E-001 
     19.08000000 -0.233535257325325E+005  0.938078309143895E-001 
     19.10000000 -0.233535265540898E+005  0.929862736509656E-001 
     19.12000000 -0.233535273531186E+005  0.921872448559061E-001 
     19.14000000 -0.233535281300608E+005  0.914103026489574E-001 
     19.16000000 -0.233535288853377E+005  0.906550256757442E-001 
     19.18000000 -0.233535296193490E+005  0.899210144472891E-001 
     19.20000000 -0.233535303324717E+005  0.892078916803052E-001 
     19.22000000 -0.233535310250613E+005  0.885153021146755E-001 
     19.24000000 -0.233535316974518E+005  0.878429115853799E-001 
     19.26000000 -0.233535323499581E+005  0.871904053426831E-001 
     19.28000000 -0.233535329828769E+005  0.865574864929726E-001 
     19.30000000 -0.233535335964900E+005  0.859438734279963E-001 
     19.32000000 -0.233535341910658E+005  0.853492975789263E-001 
     19.34000000 -0.233535347668627E+005  0.847735006816374E-001 
     19.36000000 -0.233535353241312E+005  0.842162321750094E-001 
     19.38000000 -0.233535358631169E+005  0.836772465404515E-001 
     19.40000000 -0.233535363840628E+005  0.831563006383331E-001 
     19.42000000 -0.233535368872123E+005  0.826531511186606E-001 
     19.44000000 -0.233535373728113E+005  0.821675521318304E-001 
     19.46000000 -0.233535378411104E+005  0.816992529620436E-001 
     19.48000000 -0.233535382923673E+005  0.812479961371304E-001 
     19.50000000 -0.233535387268476E+005  0.808135158291717E-001 
     19.52000000 -0.233535391448270E+005  0.803955363881433E-001 
     19.54000000 -0.233535395465919E+005  0.799937715035572E-001 
     19.56000000 -0.233535399324397E+005  0.796079236909275E-001 
     19.58000000 -0.233535403026793E+005  0.792376841494665E-001 
     19.60000000 -0.233535406576305E+005  0.788827329074821E-001 
     19.62000000 -0.233535409976238E+005  0.785427396328953E-001 
     19.64000000 -0.233535413229992E+005  0.782173641622415E-001 
     19.66000000 -0.233535416341056E+005  0.779062578370954E-001 
     19.68000000 -0.233535419312988E+005  0.776090645868232E-001 
     19.70000000 -0.233535422149412E+005  0.773254221629189E-001 
     19.72000000 -0.233535424853998E+005  0.770549636208277E-001 
     19.74000000 -0.233535427430451E+005  0.767973183470134E-001 
     19.76000000 -0.233535429882499E+005  0.765521134974711E-001 
     19.78000000 -0.233535432213884E+005  0.763189749691105E-001 
     19.80000000 -0.233535434428349E+005  0.760975285041623E-001 
     19.82000000 -0.233535436529627E+005  0.758874006924975E-001 
     19.84000000 -0.233535438521437E+005  0.756882197048041E-001 
     19.86000000 -0.233535440407473E+005  0.754996161092921E-001 
     19.88000000 -0.233535442191398E+005  0.753212236481806E-001 
     19.90000000 -0.233535443876837E+005  0.751526797110153E-001 
     19.92000000 -0.233535445467374E+005  0.749936260121615E-001 
     19.94000000 -0.233535446966545E+005  0.748437088970683E-001 
     19.96000000 -0.233535448377836E+005  0.747025797815564E-001 
     19.98000000 -0.233535449704679E+005  0.745698955292344E-001 
     20.00000000 -0.233535450950449E+005  0.744453185473996E-001 
     20.02000000 -0.233535452118464E+005  0.743285170592727E-001 
     20.04000000 -0.233535453211983E+005  0.742191651442146E-001 
     20.06000000 -0.233535454234205E+005  0.741169428831241E-001 
     20.08000000 -0.233535455188270E+005  0.740215364048416E-001 
     20.10000000 -0.233535456077255E+005  0.739326379263659E-001 
     20.12000000 -0.233535456904176E+005  0.738499458580356E-001 
     20.14000000 -0.233535457671984E+005  0.737731650448277E-001 
     20.16000000 -0.233535458383568E+005  0.737020066518960E-001 
     20.18000000 -0.233535459041748E+005  0.736361886193263E-001 
     20.20000000 -0.233535459649278E+005  0.735754355631420E-001 
     20.22000000 -0.233535460208842E+005  0.735194792145921E-001 
     20.24000000 -0.233535460723049E+005  0.734680584974905E-001 
     20.26000000 -0.233535461194437E+005  0.734209196828950E-001 
     20.28000000 -0.233535461625469E+005  0.733778165499729E-001 
     20.30000000 -0.233535462018529E+005  0.733385105190252E-001 
     20.32000000 -0.233535462375928E+005  0.733027706576733E-001 
     20.34000000 -0.233535462699898E+005  0.732703736189881E-001 
     20.36000000 -0.233535462992596E+005  0.732411037621387E-001 
     20.38000000 -0.233535463256104E+005  0.732147529636850E-001 
     20.40000000 -0.233535463492427E+005  0.731911206949165E-001 
     20.42000000 -0.233535463703497E+005  0.731700137248693E-001 
     20.44000000 -0.233535463891172E+005  0.731512461821977E-001 
     20.46000000 -0.233535464057239E+005  0.731346395087702E-001 
     20.48000000 -0.233535464203411E+005  0.731200223049910E-001 
     20.50000000 -0.233535464331331E+005  0.731072303359871E-001 
     20.52000000 -0.233535464442569E+005  0.730961065594504E-001 
     20.54000000 -0.233535464538624E+005  0.730865009864266E-001 
     20.56000000 -0.233535464620926E+005  0.730782708236203E-001 
     20.58000000 -0.233535464690831E+005  0.730712803094347E-001 
     20.60000000 -0.233535464749627E+005  0.730654006613814E-001 
     20.62000000 -0.233535464798531E+005  0.730605102926304E-001 
     20.64000000 -0.233535464838691E+005  0.730564942706345E-001 
     20.66000000 -0.233535464871186E+005  0.730532447626039E-001 
     20.68000000 -0.233535464897028E+005  0.730506605931252E-001 
     20.70000000 -0.233535464917161E+005  0.730486473122200E-001 
     20.72000000 -0.233535464932462E+005  0.730471171922510E-001 
     20.74000000 -0.233535464943743E+005  0.730459891010858E-001 
     20.76000000 -0.233535464951747E+005  0.730451887217405E-001 
     20.78000000 -0.233535464957151E+005  0.730446483574846E-001 
     20.80000000 -0.233535464960561E+005  0.730443073247250E-001 
     20.82000000 -0.233535464962514E+005  0.730441119684742E-001 
     20.84000000 -0.233535464963475E+005  0.730440159067425E-001 
     20.86000000 -0.233535464963831E+005  0.730439803429891E-001 
     20.88000000 -0.233535464963892E+005  0.730439741743980E-001 
     20.90000000 -0.233535464963890E+005  0.730439743723868E-001 
     20.92000000 -0.233535464963973E+005  0.730439660939766E-001 
     20.94000000 -0.233535464964204E+005  0.730439430344588E-001 
     20.96000000 -0.233535464964561E+005  0.730439073222138E-001 
     20.98000000 -0.233535464964935E+005  0.730438698651917E-001 
     21.00000000 -0.233535464965133E+005  0.730438500848647E-001 
     21.02000000 -0.233535464965134E+005  0.730438500291804E-001 
     21.04000000 -0.233535464965133E+005  0.730438501219877E-001 
     21.06000000 -0.233535464965132E+005  0.730438502271693E-001 
     21.08000000 -0.233535464965130E+005  0.730438503756609E-001 
     21.10000000 -0.233535464965129E+005  0.730438505519948E-001 
     21.12000000 -0.233535464965127E+005  0.730438507159543E-001 
     21.14000000 -0.233535464965125E+005  0.730438508768203E-001 
     21.16000000 -0.233535464965124E+005  0.730438510562477E-001 
     21.18000000 -0.233535464965122E+005  0.730438512047394E-001 
     21.20000000 -0.233535464965121E+005  0.730438513594182E-001 
     21.22000000 -0.233535464965119E+005  0.730438514862548E-001 
     21.24000000 -0.233535464965118E+005  0.730438516069043E-001 
     21.26000000 -0.233535464965117E+005  0.730438517182730E-001 
     21.28000000 -0.233535464965116E+005  0.730438518172675E-001 
     21.30000000 -0.233535464965115E+005  0.730438518915133E-001 
     21.32000000 -0.233535464965114E+005  0.730438519781335E-001 
     21.34000000 -0.233535464965114E+005  0.730438520523793E-001 
     21.36000000 -0.233535464965113E+005  0.730438521297187E-001 
     21.38000000 -0.233535464965112E+005  0.730438521699352E-001 
     21.40000000 -0.233535464965112E+005  0.730438522379939E-001 
     21.42000000 -0.233535464965111E+005  0.730438523060526E-001 
     21.44000000 -0.233535464965111E+005  0.730438523308012E-001 
     21.46000000 -0.233535464965110E+005  0.730438523802984E-001 
     21.48000000 -0.233535464965110E+005  0.730438524421699E-001 
     21.50000000 -0.233535464965110E+005  0.730438524421699E-001 
     21.52000000 -0.233535464965109E+005  0.730438524792928E-001 
     21.54000000 -0.233535464965109E+005  0.730438524916671E-001 
     21.56000000 -0.233535464965109E+005  0.730438525164157E-001 
     21.58000000 -0.233535464965109E+005  0.730438525349772E-001 
     21.60000000 -0.233535464965109E+005  0.730438525442579E-001 
     21.62000000 -0.233535464965108E+005  0.730438525721001E-001 
     21.64000000 -0.233535464965108E+005  0.730438525906616E-001 
     21.66000000 -0.233535464965108E+005  0.730438525659130E-001 
     21.68000000 -0.233535464965108E+005  0.730438525968487E-001 
     21.70000000 -0.233535464965108E+005  0.730438525999423E-001 
     21.72000000 -0.233535464965108E+005  0.730438526215973E-001 
     21.74000000 -0.233535464965107E+005  0.730438526680010E-001 
     21.76000000 -0.233535464965107E+005  0.730438526865624E-001 
     21.78000000 -0.233535464965107E+005  0.730438527267789E-001 
     21.80000000 -0.233535464965106E+005  0.730438527700890E-001 
     21.82000000 -0.233535464965106E+005  0.730438528133991E-001 
     21.84000000 -0.233535464965106E+005  0.730438528319605E-001 
     21.86000000 -0.233535464965105E+005  0.730438529000192E-001 
     21.88000000 -0.233535464965105E+005  0.730438529526100E-001 
     21.90000000 -0.233535464965104E+005  0.730438529742650E-001 
     21.92000000 -0.233535464965104E+005  0.730438530175751E-001 
     21.94000000 -0.233535464965103E+005  0.730438530670723E-001 
     21.96000000 -0.233535464965103E+005  0.730438530887274E-001 
     21.98000000 -0.233535464965103E+005  0.730438531165695E-001 
     22.00000000 -0.233535464965103E+005  0.730438531103824E-001 
     22.02000000 -0.233535464965103E+005  0.730438530856338E-001 
     22.04000000 -0.233535464965103E+005  0.730438530732595E-001 
     22.06000000 -0.233535464965104E+005  0.730438530392301E-001 
     22.08000000 -0.233535464965104E+005  0.730438530144815E-001 
     22.10000000 -0.233535464965104E+005  0.730438529618907E-001 
     22.12000000 -0.233535464965105E+005  0.730438529433293E-001 
     22.14000000 -0.233535464965105E+005  0.730438529062064E-001 
     22.16000000 -0.233535464965105E+005  0.730438528752706E-001 
     22.18000000 -0.233535464965106E+005  0.730438528567091E-001 
     22.20000000 -0.233535464965105E+005  0.730438528752706E-001 
     22.22000000 -0.233535464965105E+005  0.730438528690834E-001 
     22.24000000 -0.233535464965105E+005  0.730438528783642E-001 
     22.26000000 -0.233535464965105E+005  0.730438529123935E-001 
     22.28000000 -0.233535464965105E+005  0.730438529309550E-001 
     22.30000000 -0.233535464965105E+005  0.730438529371421E-001 
     22.32000000 -0.233535464965104E+005  0.730438529680779E-001 
     22.34000000 -0.233535464965104E+005  0.730438529742650E-001 
     22.36000000 -0.233535464965104E+005  0.730438529990136E-001 
     22.38000000 -0.233535464965104E+005  0.730438530206687E-001 
     22.40000000 -0.233535464965104E+005  0.730438530485109E-001 
     22.42000000 -0.233535464965103E+005  0.730438530701659E-001 
     22.44000000 -0.233535464965103E+005  0.730438530794466E-001 
     22.46000000 -0.233535464965103E+005  0.730438530949145E-001 
     22.48000000 -0.233535464965103E+005  0.730438531289438E-001 
     22.50000000 -0.233535464965103E+005  0.730438531289438E-001 
     22.52000000 -0.233535464965103E+005  0.730438531351310E-001 
     22.54000000 -0.233535464965103E+005  0.730438531598796E-001 
     22.56000000 -0.233535464965102E+005  0.730438531629732E-001 
     22.58000000 -0.233535464965102E+005  0.730438531784411E-001 
     22.60000000 -0.233535464965102E+005  0.730438531908154E-001 
     22.62000000 -0.233535464965102E+005  0.730438532341254E-001 
     22.64000000 -0.233535464965102E+005  0.730438532403126E-001 
     22.66000000 -0.233535464965101E+005  0.730438532619676E-001 
     22.68000000 -0.233535464965101E+005  0.730438532774355E-001 
     22.70000000 -0.233535464965101E+005  0.730438533021841E-001 
     22.72000000 -0.233535464965101E+005  0.730438533207456E-001 
     22.74000000 -0.233535464965101E+005  0.730438533300263E-001 
     22.76000000 -0.233535464965101E+005  0.730438533516813E-001 
     22.78000000 -0.233535464965100E+005  0.730438533949914E-001 
     22.80000000 -0.233535464965100E+005  0.730438533918978E-001 
     22.82000000 -0.233535464965100E+005  0.730438534135529E-001 
     22.84000000 -0.233535464965100E+005  0.730438534259272E-001 
     22.86000000 -0.233535464965099E+005  0.730438534661437E-001 
     22.88000000 -0.233535464965099E+005  0.730438534630501E-001 
     22.90000000 -0.233535464965099E+005  0.730438534661437E-001 
     22.92000000 -0.233535464965099E+005  0.730438534908923E-001 
     22.94000000 -0.233535464965099E+005  0.730438535001730E-001 
     22.96000000 -0.233535464965099E+005  0.730438534785180E-001 
     22.98000000 -0.233535464965099E+005  0.730438534816115E-001 
     23.00000000 -0.233535464965099E+005  0.730438534908923E-001 
     23.02000000 -0.233535464965099E+005  0.730438534939859E-001 
     23.04000000 -0.233535464965099E+005  0.730438534970794E-001 
     23.06000000 -0.233535464965099E+005  0.730438535249216E-001 
     23.08000000 -0.233535464965099E+005  0.730438535372959E-001 
     23.10000000 -0.233535464965098E+005  0.730438535682317E-001 
     23.12000000 -0.233535464965098E+005  0.730438535867931E-001 
     23.14000000 -0.233535464965098E+005  0.730438536115418E-001 
     23.16000000 -0.233535464965098E+005  0.730438536517583E-001 
     23.18000000 -0.233535464965098E+005  0.730438536548518E-001 
     23.20000000 -0.233535464965097E+005  0.730438537012555E-001 
     23.22000000 -0.233535464965097E+005  0.730438537414720E-001 
     23.24000000 -0.233535464965097E+005  0.730438537414720E-001 
     23.26000000 -0.233535464965097E+005  0.730438537507527E-001 
     23.28000000 -0.233535464965096E+005  0.730438537724077E-001 
     23.30000000 -0.233535464965096E+005  0.730438537724077E-001 
     23.32000000 -0.233535464965096E+005  0.730438537724077E-001 
     23.34000000 -0.233535464965097E+005  0.730438537507527E-001 
     23.36000000 -0.233535464965097E+005  0.730438537167234E-001 
     23.38000000 -0.233535464965097E+005  0.730438536888812E-001 
     23.40000000 -0.233535464965098E+005  0.730438536486647E-001 
     23.42000000 -0.233535464965098E+005  0.730438536084482E-001 
     23.44000000 -0.233535464965099E+005  0.730438535589510E-001 
     23.46000000 -0.233535464965099E+005  0.730438535001730E-001 
     23.48000000 -0.233535464965099E+005  0.730438534816115E-001 
     23.50000000 -0.233535464965100E+005  0.730438534413951E-001 
     23.52000000 -0.233535464965100E+005  0.730438534135529E-001 
     23.54000000 -0.233535464965100E+005  0.730438533826171E-001 
     23.56000000 -0.233535464965100E+005  0.730438533640557E-001 
     23.58000000 -0.233535464965101E+005  0.730438533578685E-001 
     23.60000000 -0.233535464965101E+005  0.730438533331199E-001 
     23.62000000 -0.233535464965101E+005  0.730438533083713E-001 
     23.64000000 -0.233535464965101E+005  0.730438533145584E-001 
     23.66000000 -0.233535464965101E+005  0.730438533269327E-001 
     23.68000000 -0.233535464965101E+005  0.730438533083713E-001 
     23.70000000 -0.233535464965101E+005  0.730438533083713E-001 
     23.72000000 -0.233535464965101E+005  0.730438533052777E-001 
     23.74000000 -0.233535464965101E+005  0.730438533083713E-001 
     23.76000000 -0.233535464965101E+005  0.730438533052777E-001 
     23.78000000 -0.233535464965101E+005  0.730438533083713E-001 
     23.80000000 -0.233535464965101E+005  0.730438533269327E-001 
     23.82000000 -0.233535464965101E+005  0.730438533207456E-001 
     23.84000000 -0.233535464965101E+005  0.730438533393070E-001 
     23.86000000 -0.233535464965101E+005  0.730438533269327E-001 
     23.88000000 -0.233535464965101E+005  0.730438533331199E-001 
     23.90000000 -0.233535464965101E+005  0.730438533269327E-001 
     23.92000000 -0.233535464965101E+005  0.730438533176520E-001 
     23.94000000 -0.233535464965101E+005  0.730438533145584E-001 
     23.96000000 -0.233535464965101E+005  0.730438533021841E-001 
     23.98000000 -0.233535464965101E+005  0.730438532990905E-001 
     24.00000000 -0.233535464965101E+005  0.730438532867162E-001 
     24.02000000 -0.233535464965101E+005  0.730438533083713E-001 
     24.04000000 -0.233535464965101E+005  0.730438532959970E-001 
     24.06000000 -0.233535464965101E+005  0.730438533021841E-001 
     24.08000000 -0.233535464965101E+005  0.730438533083713E-001 
     24.10000000 -0.233535464965101E+005  0.730438533207456E-001 
     24.12000000 -0.233535464965101E+005  0.730438533207456E-001 
     24.14000000 -0.233535464965101E+005  0.730438533424006E-001 
     24.16000000 -0.233535464965100E+005  0.730438533795235E-001 
     24.18000000 -0.233535464965100E+005  0.730438533826171E-001 
     24.20000000 -0.233535464965100E+005  0.730438534011786E-001 
     24.22000000 -0.233535464965100E+005  0.730438534197400E-001 
     24.24000000 -0.233535464965100E+005  0.730438534444886E-001 
     24.26000000 -0.233535464965099E+005  0.730438534754244E-001 
     24.28000000 -0.233535464965099E+005  0.730438534754244E-001 
     24.30000000 -0.233535464965099E+005  0.730438535063602E-001 
     24.32000000 -0.233535464965099E+005  0.730438535311088E-001 
     24.34000000 -0.233535464965099E+005  0.730438535496702E-001 
     24.36000000 -0.233535464965098E+005  0.730438535806060E-001 
     24.38000000 -0.233535464965098E+005  0.730438536022610E-001 
     24.40000000 -0.233535464965098E+005  0.730438536270096E-001 
     24.42000000 -0.233535464965098E+005  0.730438536393839E-001 
     24.44000000 -0.233535464965097E+005  0.730438536734133E-001 
     24.46000000 -0.233535464965097E+005  0.730438536981619E-001 
     24.48000000 -0.233535464965097E+005  0.730438536981619E-001 
     24.50000000 -0.233535464965097E+005  0.730438537290976E-001 
     24.52000000 -0.233535464965097E+005  0.730438536919747E-001 
     24.54000000 -0.233535464965097E+005  0.730438537167234E-001 
     24.56000000 -0.233535464965097E+005  0.730438537074426E-001 
     24.58000000 -0.233535464965097E+005  0.730438536796004E-001 
     24.60000000 -0.233535464965097E+005  0.730438536610390E-001 
     24.62000000 -0.233535464965098E+005  0.730438536239161E-001 
     24.64000000 -0.233535464965098E+005  0.730438536115418E-001 
     24.66000000 -0.233535464965098E+005  0.730438536084482E-001 
     24.68000000 -0.233535464965098E+005  0.730438535713253E-001 
     24.70000000 -0.233535464965098E+005  0.730438535806060E-001 
     24.72000000 -0.233535464965099E+005  0.730438535342023E-001 
     24.74000000 -0.233535464965099E+005  0.730438535434831E-001 
     24.76000000 -0.233535464965099E+005  0.730438535496702E-001 
     24.78000000 -0.233535464965098E+005  0.730438535744188E-001 
     24.80000000 -0.233535464965098E+005  0.730438535806060E-001 
     24.82000000 -0.233535464965098E+005  0.730438536239161E-001 
     24.84000000 -0.233535464965098E+005  0.730438536455711E-001 
     24.86000000 -0.233535464965098E+005  0.730438536486647E-001 
     24.88000000 -0.233535464965097E+005  0.730438536796004E-001 
     24.90000000 -0.233535464965097E+005  0.730438536981619E-001 
     24.92000000 -0.233535464965097E+005  0.730438537074426E-001 
     24.94000000 -0.233535464965097E+005  0.730438536981619E-001 
     24.96000000 -0.233535464965097E+005  0.730438536919747E-001 
     24.98000000 -0.233535464965098E+005  0.730438536486647E-001 
     25.00000000 -0.233535464965098E+005  0.730438536486647E-001 
     25.02000000 -0.233535464965098E+005  0.730438536331968E-001 
     25.04000000 -0.233535464965098E+005  0.730438536362904E-001 
     25.06000000 -0.233535464965098E+005  0.730438536208225E-001 
     25.08000000 -0.233535464965098E+005  0.730438536208225E-001 
     25.10000000 -0.233535464965098E+005  0.730438536177289E-001 
     25.12000000 -0.233535464965098E+005  0.730438535991674E-001 
     25.14000000 -0.233535464965098E+005  0.730438535960739E-001 
     25.16000000 -0.233535464965098E+005  0.730438535960739E-001 
     25.18000000 -0.233535464965098E+005  0.730438535744188E-001 
     25.20000000 -0.233535464965098E+005  0.730438536115418E-001 
     25.22000000 -0.233535464965098E+005  0.730438535775124E-001 
     25.24000000 -0.233535464965098E+005  0.730438536053546E-001 
     25.26000000 -0.233535464965098E+005  0.730438535867931E-001 
     25.28000000 -0.233535464965098E+005  0.730438535682317E-001 
     25.30000000 -0.233535464965099E+005  0.730438535527638E-001 
     25.32000000 -0.233535464965099E+005  0.730438535527638E-001 
     25.34000000 -0.233535464965099E+005  0.730438535218280E-001 
     25.36000000 -0.233535464965099E+005  0.730438535187345E-001 
     25.38000000 -0.233535464965099E+005  0.730438535280152E-001 
     25.40000000 -0.233535464965099E+005  0.730438535218280E-001 
     25.42000000 -0.233535464965099E+005  0.730438535063602E-001 
     25.44000000 -0.233535464965099E+005  0.730438535125473E-001 
     25.46000000 -0.233535464965099E+005  0.730438535032666E-001 
     25.48000000 -0.233535464965099E+005  0.730438535125473E-001 
     25.50000000 -0.233535464965099E+005  0.730438535187345E-001 
     25.52000000 -0.233535464965099E+005  0.730438535218280E-001 
     25.54000000 -0.233535464965099E+005  0.730438535558574E-001 
     25.56000000 -0.233535464965099E+005  0.730438535496702E-001 
     25.58000000 -0.233535464965098E+005  0.730438535651381E-001 
     25.60000000 -0.233535464965098E+005  0.730438535682317E-001 
     25.62000000 -0.233535464965098E+005  0.730438535806060E-001 
     25.64000000 -0.233535464965099E+005  0.730438535589510E-001 
     25.66000000 -0.233535464965098E+005  0.730438535867931E-001 
     25.68000000 -0.233535464965098E+005  0.730438535806060E-001 
     25.70000000 -0.233535464965098E+005  0.730438536177289E-001 
     25.72000000 -0.233535464965098E+005  0.730438536208225E-001 
     25.74000000 -0.233535464965098E+005  0.730438536548518E-001 
     25.76000000 -0.233535464965097E+005  0.730438536981619E-001 
     25.78000000 -0.233535464965097E+005  0.730438537352848E-001 
     25.80000000 -0.233535464965096E+005  0.730438537662206E-001 
     25.82000000 -0.233535464965096E+005  0.730438537724077E-001 
     25.84000000 -0.233535464965096E+005  0.730438537940628E-001 
     25.86000000 -0.233535464965096E+005  0.730438538311857E-001 
     25.88000000 -0.233535464965096E+005  0.730438538466536E-001 
     25.90000000 -0.233535464965096E+005  0.730438538528407E-001 
     25.92000000 -0.233535464965095E+005  0.730438538744957E-001 
     25.94000000 -0.233535464965095E+005  0.730438539023379E-001 
     25.96000000 -0.233535464965095E+005  0.730438538930572E-001 
     25.98000000 -0.233535464965095E+005  0.730438538899636E-001 
     26.00000000 -0.233535464965095E+005  0.730438539147122E-001 
     26.02000000 -0.233535464965095E+005  0.730438539270865E-001 
     26.04000000 -0.233535464965095E+005  0.730438539394608E-001 
     26.06000000 -0.233535464965095E+005  0.730438539425544E-001 
     26.08000000 -0.233535464965095E+005  0.730438539394608E-001 
     26.10000000 -0.233535464965095E+005  0.730438539580223E-001 
     26.12000000 -0.233535464965094E+005  0.730438539673030E-001 
     26.14000000 -0.233535464965094E+005  0.730438539827709E-001 
     26.16000000 -0.233535464965094E+005  0.730438540013324E-001 
     26.18000000 -0.233535464965094E+005  0.730438540229874E-001 
     26.20000000 -0.233535464965093E+005  0.730438540601103E-001 
     26.22000000 -0.233535464965093E+005  0.730438540879525E-001 
     26.24000000 -0.233535464965093E+005  0.730438541003268E-001 
     26.26000000 -0.233535464965093E+005  0.730438541343562E-001 
     26.28000000 -0.233535464965093E+005  0.730438541560112E-001 
     26.30000000 -0.233535464965092E+005  0.730438541838534E-001 
     26.32000000 -0.233535464965092E+005  0.730438541962277E-001 
     26.34000000 -0.233535464965092E+005  0.730438542240699E-001 
     26.36000000 -0.233535464965092E+005  0.730438542395377E-001 
     26.38000000 -0.233535464965091E+005  0.730438542921285E-001 
     26.40000000 -0.233535464965091E+005  0.730438543199707E-001 
     26.42000000 -0.233535464965091E+005  0.730438543323450E-001 
     26.44000000 -0.233535464965090E+005  0.730438543849358E-001 
     26.46000000 -0.233535464965090E+005  0.730438544344331E-001 
     26.48000000 -0.233535464965090E+005  0.730438544529945E-001 
     26.50000000 -0.233535464965089E+005  0.730438544870239E-001 
     26.52000000 -0.233535464965089E+005  0.730438545427082E-001 
     26.54000000 -0.233535464965088E+005  0.730438545705504E-001 
     26.56000000 -0.233535464965088E+005  0.730438545922054E-001 
     26.58000000 -0.233535464965088E+005  0.730438546169541E-001 
     26.60000000 -0.233535464965088E+005  0.730438546386091E-001 
     26.62000000 -0.233535464965087E+005  0.730438546633577E-001 
     26.64000000 -0.233535464965087E+005  0.730438546819192E-001 
     26.66000000 -0.233535464965087E+005  0.730438547437907E-001 
     26.68000000 -0.233535464965086E+005  0.730438547871008E-001 
     26.70000000 -0.233535464965086E+005  0.730438548242237E-001 
     26.72000000 -0.233535464965085E+005  0.730438548891888E-001 
     26.74000000 -0.233535464965084E+005  0.730438549665282E-001 
     26.76000000 -0.233535464965084E+005  0.730438550222126E-001 
     26.78000000 -0.233535464965083E+005  0.730438550871777E-001 
     26.80000000 -0.233535464965083E+005  0.730438551335813E-001 
     26.82000000 -0.233535464965082E+005  0.730438551768914E-001 
     26.84000000 -0.233535464965082E+005  0.730438552356693E-001 
     26.86000000 -0.233535464965081E+005  0.730438552820730E-001 
     26.88000000 -0.233535464965081E+005  0.730438553006344E-001 
     26.90000000 -0.233535464965080E+005  0.730438553686931E-001 
     26.92000000 -0.233535464965080E+005  0.730438553872546E-001 
     26.94000000 -0.233535464965080E+005  0.730438554460325E-001 
     26.96000000 -0.233535464965079E+005  0.730438554738747E-001 
     26.98000000 -0.233535464965079E+005  0.730438555202783E-001 
     27.00000000 -0.233535464965079E+005  0.730438555357462E-001 
     27.02000000 -0.233535464965078E+005  0.730438555852434E-001 
     27.04000000 -0.233535464965078E+005  0.730438556316471E-001 
     27.06000000 -0.233535464965078E+005  0.730438556594893E-001 
     27.08000000 -0.233535464965077E+005  0.730438556935186E-001 
     27.10000000 -0.233535464965077E+005  0.730438557306415E-001 
     27.12000000 -0.233535464965077E+005  0.730438557584837E-001 
     27.14000000 -0.233535464965077E+005  0.730438557553901E-001 
     27.16000000 -0.233535464965076E+005  0.730438558141681E-001 
     27.18000000 -0.233535464965076E+005  0.730438558265424E-001 
     27.20000000 -0.233535464965076E+005  0.730438558420103E-001 
     27.22000000 -0.233535464965075E+005  0.730438558729460E-001 
     27.24000000 -0.233535464965075E+005  0.730438558915075E-001 
     27.26000000 -0.233535464965075E+005  0.730438559007882E-001 
     27.28000000 -0.233535464965075E+005  0.730438559038818E-001 
     27.30000000 -0.233535464965075E+005  0.730438559131625E-001 
     27.32000000 -0.233535464965075E+005  0.730438559379111E-001 
     27.34000000 -0.233535464965075E+005  0.730438559255368E-001 
     27.36000000 -0.233535464965075E+005  0.730438559410047E-001 
     27.38000000 -0.233535464965075E+005  0.730438559255368E-001 
     27.40000000 -0.233535464965075E+005  0.730438559440983E-001 
     27.42000000 -0.233535464965074E+005  0.730438559812212E-001 
     27.44000000 -0.233535464965074E+005  0.730438559874084E-001 
     27.46000000 -0.233535464965074E+005  0.730438560183441E-001 
     27.48000000 -0.233535464965073E+005  0.730438560616542E-001 
     27.50000000 -0.233535464965073E+005  0.730438561204321E-001 
     27.52000000 -0.233535464965073E+005  0.730438561575551E-001 
     27.54000000 -0.233535464965072E+005  0.730438561853972E-001 
     27.56000000 -0.233535464965072E+005  0.730438562101459E-001 
     27.58000000 -0.233535464965072E+005  0.730438562348945E-001 
     27.60000000 -0.233535464965072E+005  0.730438562565495E-001 
     27.62000000 -0.233535464965071E+005  0.730438562782045E-001 
     27.64000000 -0.233535464965071E+005  0.730438562905788E-001 
     27.66000000 -0.233535464965071E+005  0.730438562967660E-001 
     27.68000000 -0.233535464965071E+005  0.730438563029532E-001 
     27.70000000 -0.233535464965071E+005  0.730438563029532E-001 
     27.72000000 -0.233535464965071E+005  0.730438563246082E-001 
     27.74000000 -0.233535464965071E+005  0.730438563493568E-001 
     27.76000000 -0.233535464965070E+005  0.730438563833861E-001 
     27.78000000 -0.233535464965070E+005  0.730438564266962E-001 
     27.80000000 -0.233535464965069E+005  0.730438564700063E-001 
     27.82000000 -0.233535464965069E+005  0.730438565195035E-001 
     27.84000000 -0.233535464965068E+005  0.730438565875622E-001 
     27.86000000 -0.233535464965068E+005  0.730438566432465E-001 
     27.88000000 -0.233535464965067E+005  0.730438566803695E-001 
     27.90000000 -0.233535464965067E+005  0.730438567360538E-001 
     27.92000000 -0.233535464965067E+005  0.730438567546153E-001 
     27.94000000 -0.233535464965066E+005  0.730438568195804E-001 
     27.96000000 -0.233535464965066E+005  0.730438568597969E-001 
     27.98000000 -0.233535464965065E+005  0.730438568721712E-001 
     28.00000000 -0.233535464965065E+005  0.730438568845455E-001 
     28.02000000 -0.233535464965065E+005  0.730438569340427E-001 
     28.04000000 -0.233535464965065E+005  0.730438569433235E-001 
     28.06000000 -0.233535464965064E+005  0.730438569680721E-001 
     28.08000000 -0.233535464965064E+005  0.730438570144757E-001 
     28.10000000 -0.233535464965063E+005  0.730438570639729E-001 
     28.12000000 -0.233535464965063E+005  0.730438571134701E-001 
     28.14000000 -0.233535464965062E+005  0.730438571691545E-001 
     28.16000000 -0.233535464965062E+005  0.730438572062774E-001 
     28.18000000 -0.233535464965061E+005  0.730438572774297E-001 
     28.20000000 -0.233535464965061E+005  0.730438573362076E-001 
     28.22000000 -0.233535464965060E+005  0.730438573857049E-001 
     28.24000000 -0.233535464965060E+005  0.730438574352021E-001 
     28.26000000 -0.233535464965059E+005  0.730438574723250E-001 
     28.28000000 -0.233535464965059E+005  0.730438575403837E-001 
     28.30000000 -0.233535464965058E+005  0.730438575775066E-001 
     28.32000000 -0.233535464965058E+005  0.730438576146295E-001 
     28.34000000 -0.233535464965058E+005  0.730438576208167E-001 
     28.36000000 -0.233535464965057E+005  0.730438576765010E-001 
     28.38000000 -0.233535464965057E+005  0.730438576641267E-001 
     28.40000000 -0.233535464965057E+005  0.730438576981561E-001 
     28.42000000 -0.233535464965057E+005  0.730438577136240E-001 
     28.44000000 -0.233535464965057E+005  0.730438577259983E-001 
     28.46000000 -0.233535464965057E+005  0.730438577352790E-001 
     28.48000000 -0.233535464965057E+005  0.730438577383726E-001 
     28.50000000 -0.233535464965057E+005  0.730438577012496E-001 
     28.52000000 -0.233535464965057E+005  0.730438577074368E-001 
     28.54000000 -0.233535464965057E+005  0.730438577383726E-001 
     28.56000000 -0.233535464965057E+005  0.730438577259983E-001 
     28.58000000 -0.233535464965057E+005  0.730438577290918E-001 
     28.60000000 -0.233535464965057E+005  0.730438577445597E-001 
     28.62000000 -0.233535464965056E+005  0.730438577693083E-001 
     28.64000000 -0.233535464965056E+005  0.730438577662147E-001 
     28.66000000 -0.233535464965056E+005  0.730438577847762E-001 
     28.68000000 -0.233535464965056E+005  0.730438577940569E-001 
     28.70000000 -0.233535464965056E+005  0.730438577940569E-001 
     28.72000000 -0.233535464965056E+005  0.730438578157120E-001 
     28.74000000 -0.233535464965056E+005  0.730438578373670E-001 
     28.76000000 -0.233535464965056E+005  0.730438578373670E-001 
     28.78000000 -0.233535464965056E+005  0.730438578559285E-001 
     28.80000000 -0.233535464965055E+005  0.730438578683028E-001 
     28.82000000 -0.233535464965055E+005  0.730438578930514E-001 
     28.84000000 -0.233535464965055E+005  0.730438579178000E-001 
     28.86000000 -0.233535464965055E+005  0.730438578930514E-001 
     28.88000000 -0.233535464965055E+005  0.730438579301743E-001 
     28.90000000 -0.233535464965055E+005  0.730438579239871E-001 
     28.92000000 -0.233535464965055E+005  0.730438579054257E-001 
     28.94000000 -0.233535464965055E+005  0.730438579178000E-001 
     28.96000000 -0.233535464965055E+005  0.730438579178000E-001 
     28.98000000 -0.233535464965055E+005  0.730438579116128E-001 
     29.00000000 -0.233535464965055E+005  0.730438579363614E-001 
     29.02000000 -0.233535464965055E+005  0.730438579394550E-001 
     29.04000000 -0.233535464965055E+005  0.730438579580165E-001 
     29.06000000 -0.233535464965054E+005  0.730438579703908E-001 
     29.08000000 -0.233535464965054E+005  0.730438579672972E-001 
     29.10000000 -0.233535464965054E+005  0.730438579858587E-001 
     29.12000000 -0.233535464965054E+005  0.730438579734844E-001 
     29.14000000 -0.233535464965054E+005  0.730438579920458E-001 
     29.16000000 -0.233535464965054E+005  0.730438579982330E-001 
     29.18000000 -0.233535464965054E+005  0.730438580013265E-001 
     29.20000000 -0.233535464965054E+005  0.730438579796715E-001 
     29.22000000 -0.233535464965054E+005  0.730438579703908E-001 
     29.24000000 -0.233535464965054E+005  0.730438579858587E-001 
     29.26000000 -0.233535464965054E+005  0.730438579796715E-001 
     29.28000000 -0.233535464965054E+005  0.730438579982330E-001 
     29.30000000 -0.233535464965054E+005  0.730438579858587E-001 
     29.32000000 -0.233535464965054E+005  0.730438580075137E-001 
     29.34000000 -0.233535464965054E+005  0.730438580167944E-001 
     29.36000000 -0.233535464965054E+005  0.730438580384495E-001 
     29.38000000 -0.233535464965054E+005  0.730438580291687E-001 
     29.40000000 -0.233535464965054E+005  0.730438580384495E-001 
     29.42000000 -0.233535464965054E+005  0.730438580446366E-001 
     29.44000000 -0.233535464965054E+005  0.730438580167944E-001 
     29.46000000 -0.233535464965054E+005  0.730438580075137E-001 
     29.48000000 -0.233535464965054E+005  0.730438579827651E-001 
     29.50000000 -0.233535464965055E+005  0.730438579518293E-001 
     29.52000000 -0.233535464965055E+005  0.730438579363614E-001 
     29.54000000 -0.233535464965055E+005  0.730438579116128E-001 
     29.56000000 -0.233535464965055E+005  0.730438578992385E-001 
     29.58000000 -0.233535464965055E+005  0.730438578683028E-001 
     29.60000000 -0.233535464965056E+005  0.730438578404606E-001 
     29.62000000 -0.233535464965056E+005  0.730438578342734E-001 
     29.64000000 -0.233535464965056E+005  0.730438578249927E-001 
     29.66000000 -0.233535464965056E+005  0.730438578157120E-001 
     29.68000000 -0.233535464965056E+005  0.730438578404606E-001 
     29.70000000 -0.233535464965056E+005  0.730438578404606E-001 
     29.72000000 -0.233535464965055E+005  0.730438578683028E-001 
     29.74000000 -0.233535464965055E+005  0.730438578652092E-001 
     29.76000000 -0.233535464965055E+005  0.730438578683028E-001 
     29.78000000 -0.233535464965055E+005  0.730438578744899E-001 
     29.80000000 -0.233535464965055E+005  0.730438578713963E-001 
     29.82000000 -0.233535464965056E+005  0.730438578528349E-001 
     29.84000000 -0.233535464965056E+005  0.730438578249927E-001 
     29.86000000 -0.233535464965056E+005  0.730438578126184E-001 
     29.88000000 -0.233535464965056E+005  0.730438577816826E-001 
     29.90000000 -0.233535464965056E+005  0.730438577631212E-001 
     29.92000000 -0.233535464965057E+005  0.730438577259983E-001 
     29.94000000 -0.233535464965057E+005  0.730438576919689E-001 
     29.96000000 -0.233535464965057E+005  0.730438576795946E-001 
     29.98000000 -0.233535464965057E+005  0.730438576703139E-001 
     30.00000000 -0.233535464965058E+005  0.730438576579396E-001 
