# Real time calculation: 
# Eall: Total energy
# Eall0: Initial total energy
# 1:Time[fs] 2:Eall[eV] 3:Eall-Eall0[eV] 
      0.00000000 -0.233536195403634E+005  0.000000000000000E+000 
      0.02000000 -0.233536195477273E+005 -0.736391812769961E-005 
      0.04000000 -0.233536195477312E+005 -0.736780365955295E-005 
      0.06000000 -0.233536195477347E+005 -0.737128083933254E-005 
      0.08000000 -0.233536195477379E+005 -0.737449815870156E-005 
      0.10000000 -0.233536195477409E+005 -0.737752367633896E-005 
      0.12000000 -0.233536195477438E+005 -0.738034811151579E-005 
      0.14000000 -0.233536195477465E+005 -0.738306427152156E-005 
      0.16000000 -0.233536195477491E+005 -0.738569690496678E-005 
      0.18000000 -0.233536195477516E+005 -0.738820888893566E-005 
      0.20000000 -0.233536195477541E+005 -0.739064662707295E-005 
      0.22000000 -0.233536195477564E+005 -0.739300083864970E-005 
      0.24000000 -0.233536195477587E+005 -0.739528699154749E-005 
      0.26000000 -0.233536195477609E+005 -0.739751746007159E-005 
      0.28000000 -0.233536195477631E+005 -0.739969224422199E-005 
      0.30000000 -0.233536195477652E+005 -0.740182681188028E-005 
      0.32000000 -0.233536195477673E+005 -0.740389950801224E-005 
      0.34000000 -0.233536195477693E+005 -0.740593817480472E-005 
      0.36000000 -0.233536195477713E+005 -0.740792115722351E-005 
      0.38000000 -0.233536195477733E+005 -0.740986082957386E-005 
      0.40000000 -0.233536195477752E+005 -0.741178194046632E-005 
      0.42000000 -0.233536195477771E+005 -0.741366283486667E-005 
      0.44000000 -0.233536195477789E+005 -0.741550041919859E-005 
      0.46000000 -0.233536195477807E+005 -0.741727303842786E-005 
      0.48000000 -0.233536195477825E+005 -0.741906421911503E-005 
      0.50000000 -0.233536195477842E+005 -0.742082137046273E-005 
      0.52000000 -0.233536195477859E+005 -0.742252283743673E-005 
      0.54000000 -0.233536195477876E+005 -0.742421193010546E-005 
      0.56000000 -0.233536195477893E+005 -0.742588246131629E-005 
      0.58000000 -0.233536195477909E+005 -0.742750658888238E-005 
      0.60000000 -0.233536195477925E+005 -0.742912762287215E-005 
      0.62000000 -0.233536195477941E+005 -0.743072700182771E-005 
      0.64000000 -0.233536195477957E+005 -0.743229235144379E-005 
      0.66000000 -0.233536195477972E+005 -0.743382367172039E-005 
      0.68000000 -0.233536195477988E+005 -0.743535808557330E-005 
      0.70000000 -0.233536195478003E+005 -0.743685847008674E-005 
      0.72000000 -0.233536195478017E+005 -0.743833719956596E-005 
      0.74000000 -0.233536195478032E+005 -0.743979427401096E-005 
      0.76000000 -0.233536195478046E+005 -0.744122659984544E-005 
      0.78000000 -0.233536195478061E+005 -0.744265583210359E-005 
      0.80000000 -0.233536195478075E+005 -0.744407269005649E-005 
      0.82000000 -0.233536195478089E+005 -0.744545242509358E-005 
      0.84000000 -0.233536195478102E+005 -0.744681050509647E-005 
      0.86000000 -0.233536195478116E+005 -0.744818714655725E-005 
      0.88000000 -0.233536195478129E+005 -0.744951738437328E-005 
      0.90000000 -0.233536195478143E+005 -0.745084143503668E-005 
      0.92000000 -0.233536195478155E+005 -0.745213454993692E-005 
      0.94000000 -0.233536195478169E+005 -0.745344003914242E-005 
      0.96000000 -0.233536195478181E+005 -0.745472696689003E-005 
      0.98000000 -0.233536195478194E+005 -0.745597367814552E-005 
      1.00000000 -0.233536195478206E+005 -0.745723276370628E-005 
      1.02000000 -0.233536195478219E+005 -0.745846710065651E-005 
      1.04000000 -0.233536195478231E+005 -0.745970762475937E-005 
      1.06000000 -0.233536195478243E+005 -0.746091411952275E-005 
      1.08000000 -0.233536195478255E+005 -0.746210823998086E-005 
      1.10000000 -0.233536195478267E+005 -0.746329926686266E-005 
      1.12000000 -0.233536195478279E+005 -0.746447173228656E-005 
      1.14000000 -0.233536195478290E+005 -0.746563491698151E-005 
      1.16000000 -0.233536195478302E+005 -0.746677954021857E-005 
      1.18000000 -0.233536195478313E+005 -0.746793035060825E-005 
      1.20000000 -0.233536195478325E+005 -0.746906878669267E-005 
      1.22000000 -0.233536195478336E+005 -0.747018247416656E-005 
      1.24000000 -0.233536195478347E+005 -0.747129616164045E-005 
      1.26000000 -0.233536195478358E+005 -0.747240984911434E-005 
      1.28000000 -0.233536195478369E+005 -0.747348022651980E-005 
      1.30000000 -0.233536195478380E+005 -0.747456916538316E-005 
      1.32000000 -0.233536195478391E+005 -0.747565810424652E-005 
      1.34000000 -0.233536195478401E+005 -0.747670373304145E-005 
      1.36000000 -0.233536195478412E+005 -0.747777411044691E-005 
      1.38000000 -0.233536195478422E+005 -0.747881355208921E-005 
      1.40000000 -0.233536195478433E+005 -0.747986536803677E-005 
      1.42000000 -0.233536195478443E+005 -0.748089552895012E-005 
      1.44000000 -0.233536195478453E+005 -0.748189475410030E-005 
      1.46000000 -0.233536195478463E+005 -0.748291872786102E-005 
      1.48000000 -0.233536195478473E+005 -0.748392104658752E-005 
      1.50000000 -0.233536195478483E+005 -0.748493264604297E-005 
      1.52000000 -0.233536195478493E+005 -0.748592877761683E-005 
      1.54000000 -0.233536195478503E+005 -0.748688159912227E-005 
      1.56000000 -0.233536195478513E+005 -0.748787773069614E-005 
      1.58000000 -0.233536195478523E+005 -0.748885839438843E-005 
      1.60000000 -0.233536195478532E+005 -0.748981121589387E-005 
      1.62000000 -0.233536195478542E+005 -0.749077950528089E-005 
      1.64000000 -0.233536195478551E+005 -0.749173542036264E-005 
      1.66000000 -0.233536195478561E+005 -0.749266039968123E-005 
      1.68000000 -0.233536195478570E+005 -0.749360084688141E-005 
      1.70000000 -0.233536195478579E+005 -0.749453201335263E-005 
      1.72000000 -0.233536195478589E+005 -0.749546008624754E-005 
      1.74000000 -0.233536195478598E+005 -0.749637578483718E-005 
      1.76000000 -0.233536195478607E+005 -0.749729457700314E-005 
      1.78000000 -0.233536195478616E+005 -0.749818552698225E-005 
      1.80000000 -0.233536195478625E+005 -0.749911359987716E-005 
      1.82000000 -0.233536195478634E+005 -0.750001383058522E-005 
      1.84000000 -0.233536195478643E+005 -0.750090787414065E-005 
      1.86000000 -0.233536195478652E+005 -0.750178026266186E-005 
      1.88000000 -0.233536195478661E+005 -0.750265265118308E-005 
      1.90000000 -0.233536195478669E+005 -0.750352503970429E-005 
      1.92000000 -0.233536195478678E+005 -0.750441598968340E-005 
      1.94000000 -0.233536195478687E+005 -0.750527600389935E-005 
      1.96000000 -0.233536195478695E+005 -0.750612364381003E-005 
      1.98000000 -0.233536195478704E+005 -0.750698675160230E-005 
      2.00000000 -0.233536195478713E+005 -0.750784057866561E-005 
      2.02000000 -0.233536195478721E+005 -0.750868512499998E-005 
      2.04000000 -0.233536195478730E+005 -0.750955132636856E-005 
      2.06000000 -0.233536195478738E+005 -0.751036184336344E-005 
      2.08000000 -0.233536195478746E+005 -0.751119092181623E-005 
      2.10000000 -0.233536195478754E+005 -0.751203237457428E-005 
      2.12000000 -0.233536195478763E+005 -0.751286764017970E-005 
      2.14000000 -0.233536195478771E+005 -0.751367815717458E-005 
      2.16000000 -0.233536195478779E+005 -0.751449486132210E-005 
      2.18000000 -0.233536195478787E+005 -0.751533012692752E-005 
      2.20000000 -0.233536195478795E+005 -0.751613445676977E-005 
      2.22000000 -0.233536195478803E+005 -0.751691713157781E-005 
      2.24000000 -0.233536195478811E+005 -0.751773074214901E-005 
      2.26000000 -0.233536195478819E+005 -0.751852269768600E-005 
      2.28000000 -0.233536195478827E+005 -0.751933321468089E-005 
      2.30000000 -0.233536195478835E+005 -0.752011898306524E-005 
      2.32000000 -0.233536195478843E+005 -0.752089856429697E-005 
      2.34000000 -0.233536195478851E+005 -0.752167195837606E-005 
      2.36000000 -0.233536195478859E+005 -0.752246700748936E-005 
      2.38000000 -0.233536195478867E+005 -0.752325277587372E-005 
      2.40000000 -0.233536195478874E+005 -0.752401070207122E-005 
      2.42000000 -0.233536195478882E+005 -0.752479956403190E-005 
      2.44000000 -0.233536195478890E+005 -0.752557295811098E-005 
      2.46000000 -0.233536195478897E+005 -0.752631851000323E-005 
      2.48000000 -0.233536195478905E+005 -0.752708881050600E-005 
      2.50000000 -0.233536195478913E+005 -0.752784673670351E-005 
      2.52000000 -0.233536195478920E+005 -0.752862013078260E-005 
      2.54000000 -0.233536195478928E+005 -0.752935330836958E-005 
      2.56000000 -0.233536195478935E+005 -0.753010814099077E-005 
      2.58000000 -0.233536195478943E+005 -0.753084750573038E-005 
      2.60000000 -0.233536195478950E+005 -0.753159615119894E-005 
      2.62000000 -0.233536195478958E+005 -0.753235098382013E-005 
      2.64000000 -0.233536195478965E+005 -0.753308106783079E-005 
      2.66000000 -0.233536195478972E+005 -0.753382971329935E-005 
      2.68000000 -0.233536195478980E+005 -0.753455979731001E-005 
      2.70000000 -0.233536195478987E+005 -0.753528369416804E-005 
      2.72000000 -0.233536195478994E+005 -0.753601377817870E-005 
      2.74000000 -0.233536195479002E+005 -0.753674386218936E-005 
      2.76000000 -0.233536195479009E+005 -0.753746775904739E-005 
      2.78000000 -0.233536195479016E+005 -0.753817618802383E-005 
      2.80000000 -0.233536195479023E+005 -0.753891245918713E-005 
      2.82000000 -0.233536195479030E+005 -0.753962707531621E-005 
      2.84000000 -0.233536195479037E+005 -0.754033241071634E-005 
      2.86000000 -0.233536195479045E+005 -0.754106249472700E-005 
      2.88000000 -0.233536195479052E+005 -0.754176164297450E-005 
      2.90000000 -0.233536195479059E+005 -0.754249172698516E-005 
      2.92000000 -0.233536195479066E+005 -0.754318159450370E-005 
      2.94000000 -0.233536195479073E+005 -0.754388383632752E-005 
      2.96000000 -0.233536195479080E+005 -0.754458917172765E-005 
      2.98000000 -0.233536195479087E+005 -0.754530069428041E-005 
      3.00000000 -0.233536195479094E+005 -0.754599365537528E-005 
      3.02000000 -0.233536195479101E+005 -0.754670517792804E-005 
      3.04000000 -0.233536195479108E+005 -0.754740432617554E-005 
      3.06000000 -0.233536195479115E+005 -0.754807253865987E-005 
      3.08000000 -0.233536195479122E+005 -0.754877168690737E-005 
      3.10000000 -0.233536195479129E+005 -0.754946464800223E-005 
      3.12000000 -0.233536195479135E+005 -0.755013286048656E-005 
      3.14000000 -0.233536195479142E+005 -0.755081654085248E-005 
      3.16000000 -0.233536195479149E+005 -0.755151568909998E-005 
      3.18000000 -0.233536195479156E+005 -0.755219318231326E-005 
      3.20000000 -0.233536195479163E+005 -0.755286139479759E-005 
      3.22000000 -0.233536195479170E+005 -0.755356673019772E-005 
      3.24000000 -0.233536195479176E+005 -0.755422256837679E-005 
      3.26000000 -0.233536195479183E+005 -0.755490006159008E-005 
      3.28000000 -0.233536195479190E+005 -0.755556518049809E-005 
      3.30000000 -0.233536195479197E+005 -0.755624267371138E-005 
      3.32000000 -0.233536195479203E+005 -0.755691088619571E-005 
      3.34000000 -0.233536195479210E+005 -0.755757291152741E-005 
      3.36000000 -0.233536195479217E+005 -0.755825040474069E-005 
      3.38000000 -0.233536195479223E+005 -0.755890624291976E-005 
      3.40000000 -0.233536195479230E+005 -0.755957445540409E-005 
      3.42000000 -0.233536195479236E+005 -0.756022410643053E-005 
      3.44000000 -0.233536195479243E+005 -0.756090159964381E-005 
      3.46000000 -0.233536195479250E+005 -0.756156362497551E-005 
      3.48000000 -0.233536195479256E+005 -0.756222255673090E-005 
      3.50000000 -0.233536195479263E+005 -0.756286602060470E-005 
      3.52000000 -0.233536195479269E+005 -0.756353732666535E-005 
      3.54000000 -0.233536195479276E+005 -0.756418388411547E-005 
      3.56000000 -0.233536195479283E+005 -0.756485209659980E-005 
      3.58000000 -0.233536195479289E+005 -0.756550793477887E-005 
      3.60000000 -0.233536195479295E+005 -0.756612046288951E-005 
      3.62000000 -0.233536195479302E+005 -0.756677011391595E-005 
      3.64000000 -0.233536195479308E+005 -0.756742904567133E-005 
      3.66000000 -0.233536195479315E+005 -0.756806632239250E-005 
      3.68000000 -0.233536195479321E+005 -0.756871906699525E-005 
      3.70000000 -0.233536195479328E+005 -0.756938418590327E-005 
      3.72000000 -0.233536195479334E+005 -0.757002455620076E-005 
      3.74000000 -0.233536195479341E+005 -0.757064327146403E-005 
      3.76000000 -0.233536195479347E+005 -0.757128673533783E-005 
      3.78000000 -0.233536195479354E+005 -0.757194876066953E-005 
      3.80000000 -0.233536195479360E+005 -0.757257366308544E-005 
      3.82000000 -0.233536195479366E+005 -0.757320475265398E-005 
      3.84000000 -0.233536195479373E+005 -0.757384821652778E-005 
      3.86000000 -0.233536195479379E+005 -0.757447002536737E-005 
      3.88000000 -0.233536195479385E+005 -0.757510420851222E-005 
      3.90000000 -0.233536195479392E+005 -0.757574148523339E-005 
      3.92000000 -0.233536195479398E+005 -0.757637257480193E-005 
      3.94000000 -0.233536195479404E+005 -0.757699747721783E-005 
      3.96000000 -0.233536195479410E+005 -0.757761928605742E-005 
      3.98000000 -0.233536195479417E+005 -0.757827821781281E-005 
      4.00000000 -0.233536195479423E+005 -0.757889074592345E-005 
      4.02000000 -0.233536195479429E+005 -0.757952492906830E-005 
      4.04000000 -0.233536195479436E+005 -0.758014983148420E-005 
      4.06000000 -0.233536195479442E+005 -0.758075926601853E-005 
      4.08000000 -0.233536195479448E+005 -0.758139654273970E-005 
      4.10000000 -0.233536195479454E+005 -0.758202453873192E-005 
      4.12000000 -0.233536195479460E+005 -0.758262469253729E-005 
      4.14000000 -0.233536195479467E+005 -0.758325578210583E-005 
      4.16000000 -0.233536195479473E+005 -0.758385902948752E-005 
      4.18000000 -0.233536195479479E+005 -0.758446537044553E-005 
      4.20000000 -0.233536195479485E+005 -0.758510574074301E-005 
      4.22000000 -0.233536195479492E+005 -0.758573992388787E-005 
      4.24000000 -0.233536195479498E+005 -0.758634935842219E-005 
      4.26000000 -0.233536195479504E+005 -0.758694023149861E-005 
      4.28000000 -0.233536195479510E+005 -0.758757132106715E-005 
      4.30000000 -0.233536195479516E+005 -0.758818384917779E-005 
      4.32000000 -0.233536195479522E+005 -0.758876234794895E-005 
      4.34000000 -0.233536195479528E+005 -0.758938415678854E-005 
      4.36000000 -0.233536195479534E+005 -0.759000287205181E-005 
      4.38000000 -0.233536195479540E+005 -0.759060921300982E-005 
      4.40000000 -0.233536195479546E+005 -0.759123411542572E-005 
      4.42000000 -0.233536195479552E+005 -0.759183426923109E-005 
      4.44000000 -0.233536195479559E+005 -0.759246535879963E-005 
      4.46000000 -0.233536195479565E+005 -0.759305313829974E-005 
      4.48000000 -0.233536195479571E+005 -0.759365638568143E-005 
      4.50000000 -0.233536195479577E+005 -0.759427819452102E-005 
      4.52000000 -0.233536195479583E+005 -0.759488144190271E-005 
      4.54000000 -0.233536195479589E+005 -0.759549087643703E-005 
      4.56000000 -0.233536195479595E+005 -0.759609103024241E-005 
      4.58000000 -0.233536195479601E+005 -0.759667880974251E-005 
      4.60000000 -0.233536195479607E+005 -0.759729443142947E-005 
      4.62000000 -0.233536195479613E+005 -0.759789767881116E-005 
      4.64000000 -0.233536195479619E+005 -0.759848545831127E-005 
      4.66000000 -0.233536195479625E+005 -0.759909179926927E-005 
      4.68000000 -0.233536195479631E+005 -0.759968576592202E-005 
      4.70000000 -0.233536195479637E+005 -0.760029520045634E-005 
      4.72000000 -0.233536195479643E+005 -0.760088607353276E-005 
      4.74000000 -0.233536195479649E+005 -0.760150169521972E-005 
      4.76000000 -0.233536195479655E+005 -0.760208019399088E-005 
      4.78000000 -0.233536195479661E+005 -0.760268653494888E-005 
      4.80000000 -0.233536195479667E+005 -0.760327122087268E-005 
      4.82000000 -0.233536195479673E+005 -0.760386209394910E-005 
      4.84000000 -0.233536195479679E+005 -0.760445915417816E-005 
      4.86000000 -0.233536195479685E+005 -0.760507786944143E-005 
      4.88000000 -0.233536195479691E+005 -0.760565018105996E-005 
      4.90000000 -0.233536195479697E+005 -0.760625652201796E-005 
      4.92000000 -0.233536195479702E+005 -0.760681955290754E-005 
      4.94000000 -0.233536195479708E+005 -0.760743826817081E-005 
      4.96000000 -0.233536195479714E+005 -0.760803223482355E-005 
      4.98000000 -0.233536195479720E+005 -0.760862620147630E-005 
      5.00000000 -0.233536195479726E+005 -0.760921398097640E-005 
      5.02000000 -0.233536195479732E+005 -0.760979247974756E-005 
      5.04000000 -0.233536195479738E+005 -0.761037097851872E-005 
      5.06000000 -0.233536195479744E+005 -0.761096494517146E-005 
      5.08000000 -0.233536195479750E+005 -0.761155272467157E-005 
      5.10000000 -0.233536195479755E+005 -0.761212812986641E-005 
      5.12000000 -0.233536195479761E+005 -0.761272828367179E-005 
      5.14000000 -0.233536195479767E+005 -0.761330368886663E-005 
      5.16000000 -0.233536195479773E+005 -0.761390384267200E-005 
      5.18000000 -0.233536195479779E+005 -0.761447306071422E-005 
      5.20000000 -0.233536195479785E+005 -0.761506084021432E-005 
      5.22000000 -0.233536195479791E+005 -0.761566718117233E-005 
      5.24000000 -0.233536195479797E+005 -0.761624258636717E-005 
      5.26000000 -0.233536195479803E+005 -0.761684274017255E-005 
      5.28000000 -0.233536195479808E+005 -0.761739958390949E-005 
      5.30000000 -0.233536195479814E+005 -0.761798736340960E-005 
      5.32000000 -0.233536195479820E+005 -0.761858133006234E-005 
      5.34000000 -0.233536195479826E+005 -0.761914436095192E-005 
      5.36000000 -0.233536195479831E+005 -0.761973214045203E-005 
      5.38000000 -0.233536195479837E+005 -0.762030445207055E-005 
      5.40000000 -0.233536195479843E+005 -0.762088913799435E-005 
      5.42000000 -0.233536195479849E+005 -0.762147073034182E-005 
      5.44000000 -0.233536195479855E+005 -0.762205232268930E-005 
      5.46000000 -0.233536195479860E+005 -0.762262772788414E-005 
      5.48000000 -0.233536195479866E+005 -0.762320313307898E-005 
      5.50000000 -0.233536195479872E+005 -0.762377544469751E-005 
      5.52000000 -0.233536195479878E+005 -0.762437250492657E-005 
      5.54000000 -0.233536195479883E+005 -0.762492934866351E-005 
      5.56000000 -0.233536195479889E+005 -0.762552950246888E-005 
      5.58000000 -0.233536195479895E+005 -0.762609253335846E-005 
      5.60000000 -0.233536195479901E+005 -0.762666793855331E-005 
      5.62000000 -0.233536195479906E+005 -0.762723715659552E-005 
      5.64000000 -0.233536195479912E+005 -0.762782493609562E-005 
      5.66000000 -0.233536195479918E+005 -0.762840962201942E-005 
      5.68000000 -0.233536195479924E+005 -0.762898812079058E-005 
      5.70000000 -0.233536195479929E+005 -0.762953877737489E-005 
      5.72000000 -0.233536195479935E+005 -0.763012036972236E-005 
      5.74000000 -0.233536195479941E+005 -0.763070196206984E-005 
      5.76000000 -0.233536195479947E+005 -0.763127736726468E-005 
      5.78000000 -0.233536195479952E+005 -0.763182802384899E-005 
      5.80000000 -0.233536195479958E+005 -0.763239724189120E-005 
      5.82000000 -0.233536195479964E+005 -0.763298811496763E-005 
      5.84000000 -0.233536195479969E+005 -0.763353567797562E-005 
      5.86000000 -0.233536195479975E+005 -0.763411727032310E-005 
      5.88000000 -0.233536195479981E+005 -0.763467720763636E-005 
      5.90000000 -0.233536195479987E+005 -0.763526189356015E-005 
      5.92000000 -0.233536195479992E+005 -0.763583111160236E-005 
      5.94000000 -0.233536195479998E+005 -0.763639414249194E-005 
      5.96000000 -0.233536195480004E+005 -0.763697573483942E-005 
      5.98000000 -0.233536195480009E+005 -0.763753567215268E-005 
      6.00000000 -0.233536195480015E+005 -0.763811107734752E-005 
      6.02000000 -0.233536195480021E+005 -0.763867720181341E-005 
      6.04000000 -0.233536195480027E+005 -0.763924641985562E-005 
      6.06000000 -0.233536195480032E+005 -0.763983419935573E-005 
      6.08000000 -0.233536195480038E+005 -0.764037248163478E-005 
      6.10000000 -0.233536195480044E+005 -0.764095407398225E-005 
      6.12000000 -0.233536195480049E+005 -0.764151710487183E-005 
      6.14000000 -0.233536195480055E+005 -0.764206466787983E-005 
      6.16000000 -0.233536195480061E+005 -0.764266172810889E-005 
      6.18000000 -0.233536195480066E+005 -0.764321857184583E-005 
      6.20000000 -0.233536195480072E+005 -0.764378778988804E-005 
      6.22000000 -0.233536195480077E+005 -0.764433225931972E-005 
      6.24000000 -0.233536195480083E+005 -0.764492313239614E-005 
      6.26000000 -0.233536195480089E+005 -0.764545832109887E-005 
      6.28000000 -0.233536195480094E+005 -0.764603681987003E-005 
      6.30000000 -0.233536195480100E+005 -0.764660913148856E-005 
      6.32000000 -0.233536195480106E+005 -0.764717216237814E-005 
      6.34000000 -0.233536195480111E+005 -0.764771663180982E-005 
      6.36000000 -0.233536195480117E+005 -0.764829822415729E-005 
      6.38000000 -0.233536195480123E+005 -0.764884578716529E-005 
      6.40000000 -0.233536195480128E+005 -0.764941191163118E-005 
      6.42000000 -0.233536195480134E+005 -0.764999350397866E-005 
      6.44000000 -0.233536195480140E+005 -0.765055034771560E-005 
      6.46000000 -0.233536195480145E+005 -0.765110100429992E-005 
      6.48000000 -0.233536195480151E+005 -0.765165784803686E-005 
      6.50000000 -0.233536195480156E+005 -0.765223325323170E-005 
      6.52000000 -0.233536195480162E+005 -0.765279628412128E-005 
      6.54000000 -0.233536195480168E+005 -0.765335931501086E-005 
      6.56000000 -0.233536195480173E+005 -0.765390378444254E-005 
      6.58000000 -0.233536195480179E+005 -0.765447300248475E-005 
      6.60000000 -0.233536195480184E+005 -0.765502056549274E-005 
      6.62000000 -0.233536195480190E+005 -0.765559287711127E-005 
      6.64000000 -0.233536195480196E+005 -0.765615590800085E-005 
      6.66000000 -0.233536195480201E+005 -0.765671275173779E-005 
      6.68000000 -0.233536195480207E+005 -0.765728815693263E-005 
      6.70000000 -0.233536195480213E+005 -0.765784500066958E-005 
      6.72000000 -0.233536195480218E+005 -0.765838328294863E-005 
      6.74000000 -0.233536195480224E+005 -0.765895250099084E-005 
      6.76000000 -0.233536195480229E+005 -0.765952481260936E-005 
      6.78000000 -0.233536195480235E+005 -0.766007237561736E-005 
      6.80000000 -0.233536195480240E+005 -0.766061375147272E-005 
      6.82000000 -0.233536195480246E+005 -0.766117987593862E-005 
      6.84000000 -0.233536195480252E+005 -0.766173981325188E-005 
      6.86000000 -0.233536195480257E+005 -0.766230593771777E-005 
      6.88000000 -0.233536195480263E+005 -0.766284731357313E-005 
      6.90000000 -0.233536195480268E+005 -0.766341343803903E-005 
      6.92000000 -0.233536195480274E+005 -0.766397646892860E-005 
      6.94000000 -0.233536195480280E+005 -0.766454568697081E-005 
      6.96000000 -0.233536195480285E+005 -0.766508396924986E-005 
      6.98000000 -0.233536195480290E+005 -0.766563462583417E-005 
      7.00000000 -0.233536195480296E+005 -0.766621621818165E-005 
      7.02000000 -0.233536195480302E+005 -0.766674831330806E-005 
      7.04000000 -0.233536195480307E+005 -0.766731134419764E-005 
      7.06000000 -0.233536195480313E+005 -0.766786200078195E-005 
      7.08000000 -0.233536195480318E+005 -0.766843121882416E-005 
      7.10000000 -0.233536195480324E+005 -0.766897568825584E-005 
      7.12000000 -0.233536195480330E+005 -0.766954181272174E-005 
      7.14000000 -0.233536195480335E+005 -0.767007081427183E-005 
      7.16000000 -0.233536195480341E+005 -0.767065240661931E-005 
      7.18000000 -0.233536195480346E+005 -0.767119687605099E-005 
      7.20000000 -0.233536195480352E+005 -0.767175990694056E-005 
      7.22000000 -0.233536195480357E+005 -0.767229818921961E-005 
      7.24000000 -0.233536195480363E+005 -0.767286122010919E-005 
      7.26000000 -0.233536195480368E+005 -0.767339331523560E-005 
      7.28000000 -0.233536195480374E+005 -0.767396872043045E-005 
      7.30000000 -0.233536195480379E+005 -0.767451628343844E-005 
      7.32000000 -0.233536195480385E+005 -0.767508550148065E-005 
      7.34000000 -0.233536195480390E+005 -0.767562687733601E-005 
      7.36000000 -0.233536195480396E+005 -0.767619300180191E-005 
      7.38000000 -0.233536195480401E+005 -0.767671581619937E-005 
      7.40000000 -0.233536195480407E+005 -0.767729122139422E-005 
      7.42000000 -0.233536195480412E+005 -0.767783569082590E-005 
      7.44000000 -0.233536195480418E+005 -0.767838016025757E-005 
      7.46000000 -0.233536195480424E+005 -0.767894009757084E-005 
      7.48000000 -0.233536195480429E+005 -0.767949694130778E-005 
      7.50000000 -0.233536195480434E+005 -0.768003213001051E-005 
      7.52000000 -0.233536195480440E+005 -0.768060134805272E-005 
      7.54000000 -0.233536195480446E+005 -0.768114581748440E-005 
      7.56000000 -0.233536195480451E+005 -0.768169647406871E-005 
      7.58000000 -0.233536195480457E+005 -0.768224713065303E-005 
      7.60000000 -0.233536195480462E+005 -0.768281634869524E-005 
      7.62000000 -0.233536195480467E+005 -0.768332988236375E-005 
      7.64000000 -0.233536195480473E+005 -0.768390528755859E-005 
      7.66000000 -0.233536195480479E+005 -0.768447450560080E-005 
      7.68000000 -0.233536195480484E+005 -0.768498803926932E-005 
      7.70000000 -0.233536195480490E+005 -0.768555725731153E-005 
      7.72000000 -0.233536195480495E+005 -0.768611410104848E-005 
      7.74000000 -0.233536195480501E+005 -0.768665238332752E-005 
      7.76000000 -0.233536195480506E+005 -0.768719066560657E-005 
      7.78000000 -0.233536195480512E+005 -0.768774750934351E-005 
      7.80000000 -0.233536195480517E+005 -0.768827960446993E-005 
      7.82000000 -0.233536195480522E+005 -0.768883644820687E-005 
      7.84000000 -0.233536195480528E+005 -0.768939329194382E-005 
      7.86000000 -0.233536195480534E+005 -0.768994394852813E-005 
      7.88000000 -0.233536195480539E+005 -0.769050079226507E-005 
      7.90000000 -0.233536195480544E+005 -0.769103907454412E-005 
      7.92000000 -0.233536195480550E+005 -0.769158973112843E-005 
      7.94000000 -0.233536195480556E+005 -0.769215276201801E-005 
      7.96000000 -0.233536195480561E+005 -0.769269723144969E-005 
      7.98000000 -0.233536195480566E+005 -0.769323860730505E-005 
      8.00000000 -0.233536195480572E+005 -0.769378617031305E-005 
      8.02000000 -0.233536195480577E+005 -0.769432445259209E-005 
      8.04000000 -0.233536195480583E+005 -0.769488129632904E-005 
      8.06000000 -0.233536195480589E+005 -0.769543814006598E-005 
      8.08000000 -0.233536195480594E+005 -0.769597642234503E-005 
      8.10000000 -0.233536195480599E+005 -0.769653326608197E-005 
      8.12000000 -0.233536195480605E+005 -0.769707464193734E-005 
      8.14000000 -0.233536195480610E+005 -0.769760983064007E-005 
      8.16000000 -0.233536195480616E+005 -0.769816048722438E-005 
      8.18000000 -0.233536195480621E+005 -0.769872970526659E-005 
      8.20000000 -0.233536195480627E+005 -0.769927417469827E-005 
      8.22000000 -0.233536195480632E+005 -0.769980936340100E-005 
      8.24000000 -0.233536195480638E+005 -0.770035073925636E-005 
      8.26000000 -0.233536195480643E+005 -0.770090139584067E-005 
      8.28000000 -0.233536195480649E+005 -0.770144586527235E-005 
      8.30000000 -0.233536195480654E+005 -0.770200270900930E-005 
      8.32000000 -0.233536195480659E+005 -0.770253480413571E-005 
      8.34000000 -0.233536195480665E+005 -0.770310092860161E-005 
      8.36000000 -0.233536195480670E+005 -0.770362374299907E-005 
      8.38000000 -0.233536195480676E+005 -0.770418058673602E-005 
      8.40000000 -0.233536195480681E+005 -0.770471886901506E-005 
      8.42000000 -0.233536195480687E+005 -0.770525715129411E-005 
      8.44000000 -0.233536195480692E+005 -0.770577068496262E-005 
      8.46000000 -0.233536195480680E+005 -0.770455800304661E-005 
      8.48000000 -0.233536195480547E+005 -0.769132368356522E-005 
      8.50000000 -0.233536195479902E+005 -0.762681024306386E-005 
      8.52000000 -0.233536195477587E+005 -0.739530555300539E-005 
      8.54000000 -0.233536195470740E+005 -0.671059811975285E-005 
      8.56000000 -0.233536195453132E+005 -0.494980872631247E-005 
      8.58000000 -0.233536195412502E+005 -0.886804586847688E-006 
      8.60000000 -0.233536195326594E+005  0.770397022354650E-005 
      8.62000000 -0.233536195157673E+005  0.245960724698710E-004 
      8.64000000 -0.233536194845377E+005  0.558256944477596E-004 
      8.66000000 -0.233536194297963E+005  0.110567108958093E-003 
      8.68000000 -0.233536193382234E+005  0.202140024375742E-003 
      8.70000000 -0.233536191912711E+005  0.349092348734601E-003 
      8.72000000 -0.233536189640950E+005  0.576268444939690E-003 
      8.74000000 -0.233536186246209E+005  0.915742475116112E-003 
      8.76000000 -0.233536181328962E+005  0.140746725967995E-002 
      8.78000000 -0.233536174408925E+005  0.209947089267462E-002 
      8.80000000 -0.233536164929400E+005  0.304742338431977E-002 
      8.82000000 -0.233536152269559E+005  0.431340755220499E-002 
      8.84000000 -0.233536135766087E+005  0.596375467177238E-002 
      8.86000000 -0.233536114745052E+005  0.806585816386288E-002 
      8.88000000 -0.233536088564129E+005  0.106839504670668E-001 
      8.90000000 -0.233536056664401E+005  0.138739232772825E-001 
      8.92000000 -0.233536018629817E+005  0.176773816909431E-001 
      8.94000000 -0.233535974251164E+005  0.221152469954581E-001 
      8.96000000 -0.233535923590166E+005  0.271813468316768E-001 
      8.98000000 -0.233535867038101E+005  0.328365532782141E-001 
      9.00000000 -0.233535805362312E+005  0.390041322101162E-001 
      9.02000000 -0.233535739733207E+005  0.455670426655134E-001 
      9.04000000 -0.233535671724026E+005  0.523679608517730E-001 
      9.06000000 -0.233535603275749E+005  0.592127885394637E-001 
      9.08000000 -0.233535536620298E+005  0.658783335616157E-001 
      9.10000000 -0.233535474156494E+005  0.721247140307754E-001 
      9.12000000 -0.233535418275299E+005  0.777128334813931E-001 
      9.14000000 -0.233535371133533E+005  0.824270100805002E-001 
      9.16000000 -0.233535334378447E+005  0.861025186695948E-001 
      9.18000000 -0.233535308829259E+005  0.886574375334402E-001 
      9.20000000 -0.233535294125671E+005  0.901277963179625E-001 
      9.22000000 -0.233535288357423E+005  0.907046211456962E-001 
      9.24000000 -0.233535287692742E+005  0.907710892376445E-001 
      9.26000000 -0.233535286026962E+005  0.909376671854057E-001 
      9.28000000 -0.233535274675228E+005  0.920728406110026E-001 
      9.30000000 -0.233535242134871E+005  0.953268762637677E-001 
      9.32000000 -0.233535173943499E+005  0.102146013523273E+000 
      9.34000000 -0.233535052657812E+005  0.114274582258583E+000 
      9.36000000 -0.233534857975635E+005  0.133742799891647E+000 
      9.38000000 -0.233534567019406E+005  0.162838422785826E+000 
      9.40000000 -0.233534154793533E+005  0.204061010139227E+000 
      9.42000000 -0.233533594820723E+005  0.260058291115237E+000 
      9.44000000 -0.233532859953711E+005  0.333544992273910E+000 
      9.46000000 -0.233531923349220E+005  0.427205441361086E+000 
      9.48000000 -0.233530759580764E+005  0.543582287049655E+000 
      9.50000000 -0.233529345856622E+005  0.684954701214313E+000 
      9.52000000 -0.233527663299426E+005  0.853210420803838E+000 
      9.54000000 -0.233525698234946E+005  0.104971686880519E+001 
      9.56000000 -0.233523443430451E+005  0.127519731835882E+001 
      9.58000000 -0.233520899217909E+005  0.152961857254477E+001 
      9.60000000 -0.233518074434930E+005  0.181209687040980E+001 
      9.62000000 -0.233514987117027E+005  0.212082866074183E+001 
      9.64000000 -0.233511664878914E+005  0.245305247205273E+001 
      9.66000000 -0.233508144930240E+005  0.280504733939883E+001 
      9.68000000 -0.233504473682347E+005  0.317217212869498E+001 
      9.70000000 -0.233500705917212E+005  0.354894864216501E+001 
      9.72000000 -0.233496903507170E+005  0.392918964637201E+001 
      9.74000000 -0.233493133693721E+005  0.430617099132422E+001 
      9.76000000 -0.233489466954973E+005  0.467284486613061E+001 
      9.78000000 -0.233485974512960E+005  0.502208906745776E+001 
      9.80000000 -0.233482725553296E+005  0.534698503377019E+001 
      9.82000000 -0.233479784249109E+005  0.564111545251037E+001 
      9.84000000 -0.233477206697932E+005  0.589887057016790E+001 
      9.86000000 -0.233475037893096E+005  0.611575105382166E+001 
      9.88000000 -0.233473308859277E+005  0.628865443575291E+001 
      9.90000000 -0.233472034084600E+005  0.641613190338550E+001 
      9.92000000 -0.233471209378485E+005  0.649860251495860E+001 
      9.94000000 -0.233470810275245E+005  0.653851283892920E+001 
      9.96000000 -0.233470791088429E+005  0.654043152050424E+001 
      9.98000000 -0.233471084700498E+005  0.651107031360070E+001 
     10.00000000 -0.233471603147452E+005  0.645922561819601E+001 
     10.02000000 -0.233472239029459E+005  0.639563741751401E+001 
     10.04000000 -0.233472867747471E+005  0.633276561633978E+001 
     10.06000000 -0.233473350533569E+005  0.628448700655896E+001 
     10.08000000 -0.233473538210546E+005  0.626571930879398E+001 
     10.10000000 -0.233473275585304E+005  0.629198183296322E+001 
     10.12000000 -0.233472406352082E+005  0.637890515523608E+001 
     10.14000000 -0.233470778356411E+005  0.654170472226718E+001 
     10.16000000 -0.233468249049841E+005  0.679463537926961E+001 
     10.18000000 -0.233464690949625E+005  0.715044540092263E+001 
     10.20000000 -0.233459996907398E+005  0.761984962361588E+001 
     10.22000000 -0.233454084986839E+005  0.821104167947416E+001 
     10.24000000 -0.233446902752946E+005  0.892926506876530E+001 
     10.26000000 -0.233438430785064E+005  0.977646185699008E+001 
     10.28000000 -0.233428685242667E+005  0.107510160966819E+002 
     10.30000000 -0.233417719336993E+005  0.118476066641499E+002 
     10.32000000 -0.233405623593009E+005  0.130571810625273E+002 
     10.34000000 -0.233392524824474E+005  0.143670579159857E+002 
     10.36000000 -0.233378583789301E+005  0.157611614332698E+002 
     10.38000000 -0.233363991541912E+005  0.172203861721968E+002 
     10.40000000 -0.233348964552337E+005  0.187230851297609E+002 
     10.42000000 -0.233333738716229E+005  0.202456687405282E+002 
     10.44000000 -0.233318562433357E+005  0.217632970276754E+002 
     10.46000000 -0.233303688981885E+005  0.232506421749224E+002 
     10.48000000 -0.233289368458353E+005  0.246826945281184E+002 
     10.50000000 -0.233275839586419E+005  0.260355817215574E+002 
     10.52000000 -0.233263321717694E+005  0.272873685939864E+002 
     10.54000000 -0.233252007353755E+005  0.284188049878788E+002 
     10.56000000 -0.233242055507726E+005  0.294139895907818E+002 
     10.58000000 -0.233233586196322E+005  0.302609207312417E+002 
     10.60000000 -0.233226676309681E+005  0.309519093952947E+002 
     10.62000000 -0.233221357048041E+005  0.314838355593189E+002 
     10.64000000 -0.233217613044759E+005  0.318582358875612E+002 
     10.66000000 -0.233215383217732E+005  0.320812185902173E+002 
     10.68000000 -0.233214563310877E+005  0.321632092757203E+002 
     10.70000000 -0.233215010008814E+005  0.321185394820069E+002 
     10.72000000 -0.233216546436112E+005  0.319648967522042E+002 
     10.74000000 -0.233218968791981E+005  0.317226611652969E+002 
     10.76000000 -0.233222053825500E+005  0.314141578134073E+002 
     10.78000000 -0.233225566827902E+005  0.310628575731799E+002 
     10.80000000 -0.233229269808013E+005  0.306925595621397E+002 
     10.82000000 -0.233232929524248E+005  0.303265879385647E+002 
     10.84000000 -0.233236325070061E+005  0.299870333572696E+002 
     10.86000000 -0.233239254746416E+005  0.296940657218576E+002 
     10.88000000 -0.233241542001501E+005  0.294653402132971E+002 
     10.90000000 -0.233243040270508E+005  0.293155133125598E+002 
     10.92000000 -0.233243636603151E+005  0.292558800483107E+002 
     10.94000000 -0.233243254020400E+005  0.292941383233854E+002 
     10.96000000 -0.233241852591848E+005  0.294342811785975E+002 
     10.98000000 -0.233239429269340E+005  0.296766134293889E+002 
     11.00000000 -0.233236016549998E+005  0.300178853635776E+002 
     11.02000000 -0.233231680072175E+005  0.304515331458743E+002 
     11.04000000 -0.233226515271595E+005  0.309680132038951E+002 
     11.06000000 -0.233220643242667E+005  0.315552160966758E+002 
     11.08000000 -0.233214205962754E+005  0.321989440879874E+002 
     11.10000000 -0.233207361045708E+005  0.328834357925702E+002 
     11.12000000 -0.233200276196305E+005  0.335919207328949E+002 
     11.14000000 -0.233193123539368E+005  0.343071864266062E+002 
     11.16000000 -0.233186073996718E+005  0.350121406915695E+002 
     11.18000000 -0.233179291881318E+005  0.356903522316581E+002 
     11.20000000 -0.233172929870489E+005  0.363265533144868E+002 
     11.22000000 -0.233167124508667E+005  0.369070894966941E+002 
     11.24000000 -0.233161992373999E+005  0.374203029634671E+002 
     11.26000000 -0.233157627022247E+005  0.378568381387516E+002 
     11.28000000 -0.233154096795795E+005  0.382098607838621E+002 
     11.30000000 -0.233151443555687E+005  0.384751847946622E+002 
     11.32000000 -0.233149682361360E+005  0.386513042273951E+002 
     11.34000000 -0.233148802087407E+005  0.387393316226903E+002 
     11.36000000 -0.233148766930930E+005  0.387428472703798E+002 
     11.38000000 -0.233149518728538E+005  0.386676675095853E+002 
     11.40000000 -0.233150979970767E+005  0.385215432867030E+002 
     11.42000000 -0.233153057375308E+005  0.383138028326208E+002 
     11.44000000 -0.233155645860439E+005  0.380549543195093E+002 
     11.46000000 -0.233158632747573E+005  0.377562656061303E+002 
     11.48000000 -0.233161902017587E+005  0.374293386046987E+002 
     11.50000000 -0.233165338449654E+005  0.370856953980146E+002 
     11.52000000 -0.233168831483265E+005  0.367363920368942E+002 
     11.54000000 -0.233172278663350E+005  0.363916740284305E+002 
     11.56000000 -0.233175588553318E+005  0.360606850316283E+002 
     11.58000000 -0.233178683030216E+005  0.357512373417940E+002 
     11.60000000 -0.233181498908073E+005  0.354696495560897E+002 
     11.62000000 -0.233183988868168E+005  0.352206535465814E+002 
     11.64000000 -0.233186121706761E+005  0.350073696872789E+002 
     11.66000000 -0.233187881940033E+005  0.348313463600736E+002 
     11.68000000 -0.233189268831456E+005  0.346926572178141E+002 
     11.70000000 -0.233190294927434E+005  0.345900476200530E+002 
     11.72000000 -0.233190984202217E+005  0.345211201416804E+002 
     11.74000000 -0.233191369922413E+005  0.344825481220910E+002 
     11.76000000 -0.233191492344946E+005  0.344703058687633E+002 
     11.78000000 -0.233191396360353E+005  0.344799043281454E+002 
     11.80000000 -0.233191129186300E+005  0.345066217334344E+002 
     11.82000000 -0.233190738205054E+005  0.345457198579686E+002 
     11.84000000 -0.233190269024028E+005  0.345926379606317E+002 
     11.86000000 -0.233189763821561E+005  0.346431582073411E+002 
     11.88000000 -0.233189260021708E+005  0.346935381925873E+002 
     11.90000000 -0.233188789322924E+005  0.347406080710449E+002 
     11.92000000 -0.233188377087145E+005  0.347818316488965E+002 
     11.94000000 -0.233188042078677E+005  0.348153324956918E+002 
     11.96000000 -0.233187796527143E+005  0.348398876491308E+002 
     11.98000000 -0.233187646476197E+005  0.348548927436616E+002 
     12.00000000 -0.233187592370081E+005  0.348603033552654E+002 
     12.02000000 -0.233187629823624E+005  0.348565580010487E+002 
     12.04000000 -0.233187750518111E+005  0.348444885523047E+002 
     12.06000000 -0.233187943165335E+005  0.348252238299516E+002 
     12.08000000 -0.233188194484927E+005  0.348000918707135E+002 
     12.10000000 -0.233188490145399E+005  0.347705258235142E+002 
     12.12000000 -0.233188815626577E+005  0.347379777056707E+002 
     12.14000000 -0.233189156969935E+005  0.347038433699259E+002 
     12.16000000 -0.233189501392950E+005  0.346694010684578E+002 
     12.18000000 -0.233189837753570E+005  0.346357650063914E+002 
     12.20000000 -0.233190156860516E+005  0.346038543118582E+002 
     12.22000000 -0.233190451633995E+005  0.345743769638708E+002 
     12.24000000 -0.233190717129090E+005  0.345478274543622E+002 
     12.26000000 -0.233190950440118E+005  0.345244963515652E+002 
     12.28000000 -0.233191150508693E+005  0.345044894941594E+002 
     12.30000000 -0.233191317860704E+005  0.344877542929963E+002 
     12.32000000 -0.233191454298227E+005  0.344741105406817E+002 
     12.34000000 -0.233191562571459E+005  0.344632832175046E+002 
     12.36000000 -0.233191646053504E+005  0.344549350129892E+002 
     12.38000000 -0.233191708437421E+005  0.344486966213344E+002 
     12.40000000 -0.233191753470721E+005  0.344441932913580E+002 
     12.42000000 -0.233191784737915E+005  0.344410665718818E+002 
     12.44000000 -0.233191805496950E+005  0.344389906684042E+002 
     12.46000000 -0.233191818570873E+005  0.344376832761357E+002 
     12.48000000 -0.233191826292068E+005  0.344369111566131E+002 
     12.50000000 -0.233191830493056E+005  0.344364910577939E+002 
     12.52000000 -0.233191832535411E+005  0.344362868223171E+002 
     12.54000000 -0.233191833366786E+005  0.344362036847675E+002 
     12.56000000 -0.233191833595466E+005  0.344361808168132E+002 
     12.58000000 -0.233191833572115E+005  0.344361831518910E+002 
     12.60000000 -0.233191833469494E+005  0.344361934140540E+002 
     12.62000000 -0.233191833352547E+005  0.344362051087129E+002 
     12.64000000 -0.233191833233424E+005  0.344362170209894E+002 
     12.66000000 -0.233191833108292E+005  0.344362295342581E+002 
     12.68000000 -0.233191832975184E+005  0.344362428450446E+002 
     12.70000000 -0.233191832835324E+005  0.344362568310320E+002 
     12.72000000 -0.233191832690081E+005  0.344362713552831E+002 
     12.74000000 -0.233191832541163E+005  0.344362862471408E+002 
     12.76000000 -0.233191832390555E+005  0.344363013079015E+002 
     12.78000000 -0.233191832240398E+005  0.344363163236198E+002 
     12.80000000 -0.233191832092859E+005  0.344363310774669E+002 
     12.82000000 -0.233191831950020E+005  0.344363453613625E+002 
     12.84000000 -0.233191831813774E+005  0.344363589859738E+002 
     12.86000000 -0.233191831685743E+005  0.344363717890828E+002 
     12.88000000 -0.233191831567212E+005  0.344363836422473E+002 
     12.90000000 -0.233191831459083E+005  0.344363944551163E+002 
     12.92000000 -0.233191831361853E+005  0.344364041781493E+002 
     12.94000000 -0.233191831275603E+005  0.344364128030648E+002 
     12.96000000 -0.233191831200020E+005  0.344364203614019E+002 
     12.98000000 -0.233191831134418E+005  0.344364269215655E+002 
     13.00000000 -0.233191831077795E+005  0.344364325838899E+002 
     13.02000000 -0.233191831028884E+005  0.344364374749856E+002 
     13.04000000 -0.233191830986227E+005  0.344364417407427E+002 
     13.06000000 -0.233191830948244E+005  0.344364455389615E+002 
     13.08000000 -0.233191830913315E+005  0.344364490318938E+002 
     13.10000000 -0.233191830879847E+005  0.344364523786700E+002 
     13.12000000 -0.233191830846351E+005  0.344364557282924E+002 
     13.14000000 -0.233191830811502E+005  0.344364592132030E+002 
     13.16000000 -0.233191830774198E+005  0.344364629435951E+002 
     13.18000000 -0.233191830733603E+005  0.344364670030787E+002 
     13.20000000 -0.233191830689180E+005  0.344364714453863E+002 
     13.22000000 -0.233191830640706E+005  0.344364762927852E+002 
     13.24000000 -0.233191830588272E+005  0.344364815361867E+002 
     13.26000000 -0.233191830532265E+005  0.344364871369365E+002 
     13.28000000 -0.233191830473330E+005  0.344364930304252E+002 
     13.30000000 -0.233191830412326E+005  0.344364991307783E+002 
     13.32000000 -0.233191830350264E+005  0.344365053370276E+002 
     13.34000000 -0.233191830288240E+005  0.344365115394253E+002 
     13.36000000 -0.233191830227372E+005  0.344365176262069E+002 
     13.38000000 -0.233191830168738E+005  0.344365234895920E+002 
     13.40000000 -0.233191830113318E+005  0.344365290315669E+002 
     13.42000000 -0.233191830061950E+005  0.344365341684504E+002 
     13.44000000 -0.233191830015289E+005  0.344365388345225E+002 
     13.46000000 -0.233191829973787E+005  0.344365429846974E+002 
     13.48000000 -0.233191829937674E+005  0.344365465960518E+002 
     13.50000000 -0.233191829906950E+005  0.344365496684124E+002 
     13.52000000 -0.233191829881397E+005  0.344365522236878E+002 
     13.54000000 -0.233191829860589E+005  0.344365543044891E+002 
     13.56000000 -0.233191829843918E+005  0.344365559716422E+002 
     13.58000000 -0.233191829830625E+005  0.344365573008777E+002 
     13.60000000 -0.233191829819845E+005  0.344365583789302E+002 
     13.62000000 -0.233191829810643E+005  0.344365592990991E+002 
     13.64000000 -0.233191829802066E+005  0.344365601567652E+002 
     13.66000000 -0.233191829793187E+005  0.344365610446650E+002 
     13.68000000 -0.233191829783146E+005  0.344365620488367E+002 
     13.70000000 -0.233191829771186E+005  0.344365632447855E+002 
     13.72000000 -0.233191829756690E+005  0.344365646944013E+002 
     13.74000000 -0.233191829739199E+005  0.344365664435032E+002 
     13.76000000 -0.233191829718430E+005  0.344365685203633E+002 
     13.78000000 -0.233191829694287E+005  0.344365709346707E+002 
     13.80000000 -0.233191829666857E+005  0.344365736776644E+002 
     13.82000000 -0.233191829636406E+005  0.344365767228355E+002 
     13.84000000 -0.233191829603360E+005  0.344365800274154E+002 
     13.86000000 -0.233191829568287E+005  0.344365835347575E+002 
     13.88000000 -0.233191829531861E+005  0.344365871773044E+002 
     13.90000000 -0.233191829494833E+005  0.344365908801204E+002 
     13.92000000 -0.233191829457985E+005  0.344365945649565E+002 
     13.94000000 -0.233191829422090E+005  0.344365981544423E+002 
     13.96000000 -0.233191829387869E+005  0.344366015764698E+002 
     13.98000000 -0.233191829355953E+005  0.344366047681249E+002 
     14.00000000 -0.233191829326842E+005  0.344366076792019E+002 
     14.02000000 -0.233191829300881E+005  0.344366102752971E+002 
     14.04000000 -0.233191829278241E+005  0.344366125393557E+002 
     14.06000000 -0.233191829258904E+005  0.344366144730296E+002 
     14.08000000 -0.233191829242673E+005  0.344366160961332E+002 
     14.10000000 -0.233191829229177E+005  0.344366174457306E+002 
     14.12000000 -0.233191829217897E+005  0.344366185736794E+002 
     14.14000000 -0.233191829208199E+005  0.344366195435589E+002 
     14.16000000 -0.233191829199366E+005  0.344366204268554E+002 
     14.18000000 -0.233191829190649E+005  0.344366212985479E+002 
     14.20000000 -0.233191829181309E+005  0.344366222325480E+002 
     14.22000000 -0.233191829170663E+005  0.344366232971559E+002 
     14.24000000 -0.233191829158123E+005  0.344366245510938E+002 
     14.26000000 -0.233191829143234E+005  0.344366260400259E+002 
     14.28000000 -0.233191829125692E+005  0.344366277942229E+002 
     14.30000000 -0.233191829105363E+005  0.344366298271016E+002 
     14.32000000 -0.233191829082281E+005  0.344366321353426E+002 
     14.34000000 -0.233191829056637E+005  0.344366346996761E+002 
     14.36000000 -0.233191829028764E+005  0.344366374869698E+002 
     14.38000000 -0.233191828999106E+005  0.344366404527876E+002 
     14.40000000 -0.233191828968189E+005  0.344366435444675E+002 
     14.42000000 -0.233191828936591E+005  0.344366467042742E+002 
     14.44000000 -0.233191828904911E+005  0.344366498723377E+002 
     14.46000000 -0.233191828873740E+005  0.344366529894375E+002 
     14.48000000 -0.233191828843639E+005  0.344366559994656E+002 
     14.50000000 -0.233191828815121E+005  0.344366588513037E+002 
     14.52000000 -0.233191828788627E+005  0.344366615006827E+002 
     14.54000000 -0.233191828764516E+005  0.344366639118192E+002 
     14.56000000 -0.233191828743045E+005  0.344366660589282E+002 
     14.58000000 -0.233191828724358E+005  0.344366679276184E+002 
     14.60000000 -0.233191828708472E+005  0.344366695162255E+002 
     14.62000000 -0.233191828695265E+005  0.344366708368980E+002 
     14.64000000 -0.233191828684470E+005  0.344366719163798E+002 
     14.66000000 -0.233191828675675E+005  0.344366727958867E+002 
     14.68000000 -0.233191828668330E+005  0.344366735304316E+002 
     14.70000000 -0.233191828661765E+005  0.344366741869535E+002 
     14.72000000 -0.233191828655222E+005  0.344366748411675E+002 
     14.74000000 -0.233191828647900E+005  0.344366755734541E+002 
     14.76000000 -0.233191828638999E+005  0.344366764634761E+002 
     14.78000000 -0.233191828627791E+005  0.344366775842849E+002 
     14.80000000 -0.233191828613673E+005  0.344366789961282E+002 
     14.82000000 -0.233191828596226E+005  0.344366807408372E+002 
     14.84000000 -0.233191828575261E+005  0.344366828372796E+002 
     14.86000000 -0.233191828550846E+005  0.344366852787641E+002 
     14.88000000 -0.233191828523307E+005  0.344366880327338E+002 
     14.90000000 -0.233191828493203E+005  0.344366910431486E+002 
     14.92000000 -0.233191828461280E+005  0.344366942354285E+002 
     14.94000000 -0.233191828428399E+005  0.344366975235011E+002 
     14.96000000 -0.233191828395452E+005  0.344367008181939E+002 
     14.98000000 -0.233191828363272E+005  0.344367040361815E+002 
     15.00000000 -0.233191828332554E+005  0.344367071080533E+002 
     15.02000000 -0.233191828303785E+005  0.344367099849060E+002 
     15.04000000 -0.233191828277211E+005  0.344367126423190E+002 
     15.06000000 -0.233191828252820E+005  0.344367150814214E+002 
     15.08000000 -0.233191828230367E+005  0.344367173266741E+002 
     15.10000000 -0.233191828209422E+005  0.344367194212542E+002 
     15.12000000 -0.233191828189436E+005  0.344367214198530E+002 
     15.14000000 -0.233191828169829E+005  0.344367233805493E+002 
     15.16000000 -0.233191828150073E+005  0.344367253561133E+002 
     15.18000000 -0.233191828129768E+005  0.344367273866316E+002 
     15.20000000 -0.233191828108698E+005  0.344367294935984E+002 
     15.22000000 -0.233191828086868E+005  0.344367316766331E+002 
     15.24000000 -0.233191828064501E+005  0.344367339132671E+002 
     15.26000000 -0.233191828042019E+005  0.344367361615113E+002 
     15.28000000 -0.233191828019979E+005  0.344367383654989E+002 
     15.30000000 -0.233191827999003E+005  0.344367404630890E+002 
     15.32000000 -0.233191827979688E+005  0.344367423946345E+002 
     15.34000000 -0.233191827962511E+005  0.344367441123118E+002 
     15.36000000 -0.233191827947751E+005  0.344367455883221E+002 
     15.38000000 -0.233191827935416E+005  0.344367468218207E+002 
     15.40000000 -0.233191827925205E+005  0.344367478429112E+002 
     15.42000000 -0.233191827916495E+005  0.344367487138891E+002 
     15.44000000 -0.233191827908362E+005  0.344367495272119E+002 
     15.46000000 -0.233191827899631E+005  0.344367504003243E+002 
     15.48000000 -0.233191827888959E+005  0.344367514675246E+002 
     15.50000000 -0.233191827874936E+005  0.344367528698490E+002 
     15.52000000 -0.233191827856203E+005  0.344367547431363E+002 
     15.54000000 -0.233191827831577E+005  0.344367572056663E+002 
     15.56000000 -0.233191827800172E+005  0.344367603462279E+002 
     15.58000000 -0.233191827761500E+005  0.344367642134581E+002 
     15.60000000 -0.233191827715555E+005  0.344367688078861E+002 
     15.62000000 -0.233191827662862E+005  0.344367740772396E+002 
     15.64000000 -0.233191827604471E+005  0.344367799163309E+002 
     15.66000000 -0.233191827541921E+005  0.344367861712916E+002 
     15.68000000 -0.233191827477143E+005  0.344367926490826E+002 
     15.70000000 -0.233191827412321E+005  0.344367991313470E+002 
     15.72000000 -0.233191827349719E+005  0.344368053915359E+002 
     15.74000000 -0.233191827291487E+005  0.344368112146797E+002 
     15.76000000 -0.233191827239464E+005  0.344368164170047E+002 
     15.78000000 -0.233191827194996E+005  0.344368208638227E+002 
     15.80000000 -0.233191827158796E+005  0.344368244837958E+002 
     15.82000000 -0.233191827130861E+005  0.344368272772797E+002 
     15.84000000 -0.233191827110454E+005  0.344368293180439E+002 
     15.86000000 -0.233191827096158E+005  0.344368307476258E+002 
     15.88000000 -0.233191827086010E+005  0.344368317624611E+002 
     15.90000000 -0.233191827077680E+005  0.344368325953694E+002 
     15.92000000 -0.233191827068706E+005  0.344368334928468E+002 
     15.94000000 -0.233191827056726E+005  0.344368346908436E+002 
     15.96000000 -0.233191827039719E+005  0.344368363914845E+002 
     15.98000000 -0.233191827016201E+005  0.344368387433079E+002 
     16.00000000 -0.233191826985360E+005  0.344368418273900E+002 
     16.02000000 -0.233191826947130E+005  0.344368456503790E+002 
     16.04000000 -0.233191826902178E+005  0.344368501456362E+002 
     16.06000000 -0.233191826851815E+005  0.344368551818702E+002 
     16.08000000 -0.233191826797852E+005  0.344368605782397E+002 
     16.10000000 -0.233191826742393E+005  0.344368661241404E+002 
     16.12000000 -0.233191826687621E+005  0.344368716012802E+002 
     16.14000000 -0.233191826635580E+005  0.344368768054087E+002 
     16.16000000 -0.233191826587978E+005  0.344368815655750E+002 
     16.18000000 -0.233191826546047E+005  0.344368857587445E+002 
     16.20000000 -0.233191826510449E+005  0.344368893185227E+002 
     16.22000000 -0.233191826481261E+005  0.344368922372780E+002 
     16.24000000 -0.233191826458013E+005  0.344368945620913E+002 
     16.26000000 -0.233191826439779E+005  0.344368963854823E+002 
     16.28000000 -0.233191826425316E+005  0.344368978317787E+002 
     16.30000000 -0.233191826413216E+005  0.344368990418249E+002 
     16.32000000 -0.233191826402064E+005  0.344369001570097E+002 
     16.34000000 -0.233191826390585E+005  0.344369013048966E+002 
     16.36000000 -0.233191826377760E+005  0.344369025874284E+002 
     16.38000000 -0.233191826362900E+005  0.344369040733814E+002 
     16.40000000 -0.233191826345690E+005  0.344369057944090E+002 
     16.42000000 -0.233191826326173E+005  0.344369077460968E+002 
     16.44000000 -0.233191826304712E+005  0.344369098922066E+002 
     16.46000000 -0.233191826281912E+005  0.344369121722250E+002 
     16.48000000 -0.233191826258527E+005  0.344369145107026E+002 
     16.50000000 -0.233191826235362E+005  0.344369168272468E+002 
     16.52000000 -0.233191826213173E+005  0.344369190461082E+002 
     16.54000000 -0.233191826192591E+005  0.344369211043202E+002 
     16.56000000 -0.233191826174057E+005  0.344369229576880E+002 
     16.58000000 -0.233191826157794E+005  0.344369245840367E+002 
     16.60000000 -0.233191826143795E+005  0.344369259838738E+002 
     16.62000000 -0.233191826131849E+005  0.344369271784645E+002 
     16.64000000 -0.233191826121577E+005  0.344369282057237E+002 
     16.66000000 -0.233191826112486E+005  0.344369291148144E+002 
     16.68000000 -0.233191826104035E+005  0.344369299599083E+002 
     16.70000000 -0.233191826095694E+005  0.344369307939674E+002 
     16.72000000 -0.233191826087003E+005  0.344369316630860E+002 
     16.74000000 -0.233191826077612E+005  0.344369326022586E+002 
     16.76000000 -0.233191826067310E+005  0.344369336324226E+002 
     16.78000000 -0.233191826056041E+005  0.344369347593259E+002 
     16.80000000 -0.233191826043893E+005  0.344369359740960E+002 
     16.82000000 -0.233191826031080E+005  0.344369372553810E+002 
     16.84000000 -0.233191826017911E+005  0.344369385723567E+002 
     16.86000000 -0.233191826004746E+005  0.344369398888188E+002 
     16.88000000 -0.233191825991963E+005  0.344369411671247E+002 
     16.90000000 -0.233191825979909E+005  0.344369423725182E+002 
     16.92000000 -0.233191825968873E+005  0.344369434761175E+002 
     16.94000000 -0.233191825959055E+005  0.344369444578825E+002 
     16.96000000 -0.233191825950556E+005  0.344369453078302E+002 
     16.98000000 -0.233191825943366E+005  0.344369460268207E+002 
     17.00000000 -0.233191825937376E+005  0.344369466258113E+002 
     17.02000000 -0.233191825932388E+005  0.344369471246257E+002 
     17.04000000 -0.233191825928136E+005  0.344369475498533E+002 
     17.06000000 -0.233191825924310E+005  0.344369479324420E+002 
     17.08000000 -0.233191825920584E+005  0.344369483050602E+002 
     17.10000000 -0.233191825916638E+005  0.344369486995840E+002 
     17.12000000 -0.233191825912186E+005  0.344369491448363E+002 
     17.14000000 -0.233191825906988E+005  0.344369496646561E+002 
     17.16000000 -0.233191825900868E+005  0.344369502766459E+002 
     17.18000000 -0.233191825893720E+005  0.344369509914043E+002 
     17.20000000 -0.233191825885510E+005  0.344369518124147E+002 
     17.22000000 -0.233191825876271E+005  0.344369527362680E+002 
     17.24000000 -0.233191825866097E+005  0.344369537536957E+002 
     17.26000000 -0.233191825855130E+005  0.344369548504119E+002 
     17.28000000 -0.233191825843549E+005  0.344369560085447E+002 
     17.30000000 -0.233191825831556E+005  0.344369572078222E+002 
     17.32000000 -0.233191825819365E+005  0.344369584269418E+002 
     17.34000000 -0.233191825807189E+005  0.344369596445023E+002 
     17.36000000 -0.233191825795233E+005  0.344369608401325E+002 
     17.38000000 -0.233191825783684E+005  0.344369619949707E+002 
     17.40000000 -0.233191825772710E+005  0.344369630924293E+002 
     17.42000000 -0.233191825762448E+005  0.344369641185871E+002 
     17.44000000 -0.233191825753008E+005  0.344369650625826E+002 
     17.46000000 -0.233191825744464E+005  0.344369659170191E+002 
     17.48000000 -0.233191825736851E+005  0.344369666782833E+002 
     17.50000000 -0.233191825730166E+005  0.344369673467835E+002 
     17.52000000 -0.233191825724361E+005  0.344369679273054E+002 
     17.54000000 -0.233191825719345E+005  0.344369684288793E+002 
     17.56000000 -0.233191825714987E+005  0.344369688646962E+002 
     17.58000000 -0.233191825711118E+005  0.344369692516160E+002 
     17.60000000 -0.233191825707540E+005  0.344369696093850E+002 
     17.62000000 -0.233191825704039E+005  0.344369699594726E+002 
     17.64000000 -0.233191825700395E+005  0.344369703239238E+002 
     17.66000000 -0.233191825696396E+005  0.344369707237932E+002 
     17.68000000 -0.233191825691855E+005  0.344369711778777E+002 
     17.70000000 -0.233191825686620E+005  0.344369717014190E+002 
     17.72000000 -0.233191825680582E+005  0.344369723052233E+002 
     17.74000000 -0.233191825673685E+005  0.344369729949547E+002 
     17.76000000 -0.233191825665923E+005  0.344369737711051E+002 
     17.78000000 -0.233191825657343E+005  0.344369746290714E+002 
     17.80000000 -0.233191825648036E+005  0.344369755598450E+002 
     17.82000000 -0.233191825638128E+005  0.344369765505783E+002 
     17.84000000 -0.233191825627778E+005  0.344369775856487E+002 
     17.86000000 -0.233191825617158E+005  0.344369786475992E+002 
     17.88000000 -0.233191825606453E+005  0.344369797180818E+002 
     17.90000000 -0.233191825595845E+005  0.344369807789557E+002 
     17.92000000 -0.233191825585505E+005  0.344369818129032E+002 
     17.94000000 -0.233191825575590E+005  0.344369828044067E+002 
     17.96000000 -0.233191825566230E+005  0.344369837404270E+002 
     17.98000000 -0.233191825557525E+005  0.344369846109285E+002 
     18.00000000 -0.233191825549540E+005  0.344369854093805E+002 
     18.02000000 -0.233191825542303E+005  0.344369861330825E+002 
     18.04000000 -0.233191825535801E+005  0.344369867832780E+002 
     18.06000000 -0.233191825529983E+005  0.344369873651457E+002 
     18.08000000 -0.233191825524761E+005  0.344369878873506E+002 
     18.10000000 -0.233191825520016E+005  0.344369883617908E+002 
     18.12000000 -0.233191825515608E+005  0.344369888026594E+002 
     18.14000000 -0.233191825511377E+005  0.344369892257029E+002 
     18.16000000 -0.233191825507162E+005  0.344369896472583E+002 
     18.18000000 -0.233191825502802E+005  0.344369900832113E+002 
     18.20000000 -0.233191825498152E+005  0.344369905481727E+002 
     18.22000000 -0.233191825493088E+005  0.344369910546159E+002 
     18.24000000 -0.233191825487512E+005  0.344369916122083E+002 
     18.26000000 -0.233191825481359E+005  0.344369922275206E+002 
     18.28000000 -0.233191825474597E+005  0.344369929037115E+002 
     18.30000000 -0.233191825467228E+005  0.344369936405673E+002 
     18.32000000 -0.233191825459287E+005  0.344369944346760E+002 
     18.34000000 -0.233191825450837E+005  0.344369952796802E+002 
     18.36000000 -0.233191825441967E+005  0.344369961666704E+002 
     18.38000000 -0.233191825432787E+005  0.344369970847139E+002 
     18.40000000 -0.233191825423422E+005  0.344369980211951E+002 
     18.42000000 -0.233191825414009E+005  0.344369989625116E+002 
     18.44000000 -0.233191825404687E+005  0.344369998946649E+002 
     18.46000000 -0.233191825395594E+005  0.344370008039846E+002 
     18.48000000 -0.233191825386857E+005  0.344370016777250E+002 
     18.50000000 -0.233191825378585E+005  0.344370025048947E+002 
     18.52000000 -0.233191825370865E+005  0.344370032768998E+002 
     18.54000000 -0.233191825363753E+005  0.344370039881222E+002 
     18.56000000 -0.233191825357270E+005  0.344370046363812E+002 
     18.58000000 -0.233191825351403E+005  0.344370052230655E+002 
     18.60000000 -0.233191825346101E+005  0.344370057533540E+002 
     18.62000000 -0.233191825341276E+005  0.344370062358344E+002 
     18.64000000 -0.233191825336813E+005  0.344370066821446E+002 
     18.66000000 -0.233191825332570E+005  0.344370071063853E+002 
     18.68000000 -0.233191825328390E+005  0.344370075243955E+002 
     18.70000000 -0.233191825324106E+005  0.344370079528311E+002 
     18.72000000 -0.233191825319552E+005  0.344370084082365E+002 
     18.74000000 -0.233191825314572E+005  0.344370089061599E+002 
     18.76000000 -0.233191825309032E+005  0.344370094601823E+002 
     18.78000000 -0.233191825302823E+005  0.344370100810631E+002 
     18.80000000 -0.233191825295873E+005  0.344370107760907E+002 
     18.82000000 -0.233191825288150E+005  0.344370115484577E+002 
     18.84000000 -0.233191825279664E+005  0.344370123970566E+002 
     18.86000000 -0.233191825270471E+005  0.344370133163561E+002 
     18.88000000 -0.233191825260668E+005  0.344370142966115E+002 
     18.90000000 -0.233191825250390E+005  0.344370153244522E+002 
     18.92000000 -0.233191825239799E+005  0.344370163835566E+002 
     18.94000000 -0.233191825229080E+005  0.344370174554406E+002 
     18.96000000 -0.233191825218426E+005  0.344370185207600E+002 
     18.98000000 -0.233191825208032E+005  0.344370195602264E+002 
     19.00000000 -0.233191825198075E+005  0.344370205558692E+002 
     19.02000000 -0.233191825188715E+005  0.344370214919050E+002 
     19.04000000 -0.233191825180075E+005  0.344370223559594E+002 
     19.06000000 -0.233191825172238E+005  0.344370231395994E+002 
     19.08000000 -0.233191825165246E+005  0.344370238388497E+002 
     19.10000000 -0.233191825159089E+005  0.344370244544869E+002 
     19.12000000 -0.233191825153713E+005  0.344370249921071E+002 
     19.14000000 -0.233191825149018E+005  0.344370254616068E+002 
     19.16000000 -0.233191825144866E+005  0.344370258768359E+002 
     19.18000000 -0.233191825141088E+005  0.344370262546575E+002 
     19.20000000 -0.233191825137492E+005  0.344370266141867E+002 
     19.22000000 -0.233191825133878E+005  0.344370269756155E+002 
     19.24000000 -0.233191825130042E+005  0.344370273592034E+002 
     19.26000000 -0.233191825125792E+005  0.344370277842113E+002 
     19.28000000 -0.233191825120956E+005  0.344370282677961E+002 
     19.30000000 -0.233191825115392E+005  0.344370288241789E+002 
     19.32000000 -0.233191825108998E+005  0.344370294636459E+002 
     19.34000000 -0.233191825101713E+005  0.344370301920748E+002 
     19.36000000 -0.233191825093529E+005  0.344370310104866E+002 
     19.38000000 -0.233191825084486E+005  0.344370319148194E+002 
     19.40000000 -0.233191825074674E+005  0.344370328960523E+002 
     19.42000000 -0.233191825064228E+005  0.344370339406448E+002 
     19.44000000 -0.233191825053322E+005  0.344370350312263E+002 
     19.46000000 -0.233191825042158E+005  0.344370361476238E+002 
     19.48000000 -0.233191825030953E+005  0.344370372680645E+002 
     19.50000000 -0.233191825019928E+005  0.344370383705873E+002 
     19.52000000 -0.233191825009289E+005  0.344370394344743E+002 
     19.54000000 -0.233191824999216E+005  0.344370404417675E+002 
     19.56000000 -0.233191824989851E+005  0.344370413783571E+002 
     19.58000000 -0.233191824981282E+005  0.344370422352034E+002 
     19.60000000 -0.233191824973546E+005  0.344370430087739E+002 
     19.62000000 -0.233191824966620E+005  0.344370437014503E+002 
     19.64000000 -0.233191824960424E+005  0.344370443210597E+002 
     19.66000000 -0.233191824954832E+005  0.344370448802483E+002 
     19.68000000 -0.233191824949682E+005  0.344370453952019E+002 
     19.70000000 -0.233191824944792E+005  0.344370458841912E+002 
     19.72000000 -0.233191824939976E+005  0.344370463658548E+002 
     19.74000000 -0.233191824935059E+005  0.344370468574612E+002 
     19.76000000 -0.233191824929900E+005  0.344370473734512E+002 
     19.78000000 -0.233191824924393E+005  0.344370479241325E+002 
     19.80000000 -0.233191824918483E+005  0.344370485151572E+002 
     19.82000000 -0.233191824912163E+005  0.344370491471346E+002 
     19.84000000 -0.233191824905471E+005  0.344370498162752E+002 
     19.86000000 -0.233191824898482E+005  0.344370505151852E+002 
     19.88000000 -0.233191824891293E+005  0.344370512340983E+002 
     19.90000000 -0.233191824884009E+005  0.344370519624623E+002 
     19.92000000 -0.233191824876731E+005  0.344370526903468E+002 
     19.94000000 -0.233191824869538E+005  0.344370534096435E+002 
     19.96000000 -0.233191824862484E+005  0.344370541149974E+002 
     19.98000000 -0.233191824855593E+005  0.344370548041287E+002 
     20.00000000 -0.233191824848857E+005  0.344370554777426E+002 
     20.02000000 -0.233191824842245E+005  0.344370561389295E+002 
     20.04000000 -0.233191824835713E+005  0.344370567921289E+002 
     20.06000000 -0.233191824829215E+005  0.344370574419191E+002 
     20.08000000 -0.233191824822714E+005  0.344370580919692E+002 
     20.10000000 -0.233191824816195E+005  0.344370587438909E+002 
     20.12000000 -0.233191824809668E+005  0.344370593966355E+002 
     20.14000000 -0.233191824803171E+005  0.344370600462928E+002 
     20.16000000 -0.233191824796770E+005  0.344370606864094E+002 
     20.18000000 -0.233191824790549E+005  0.344370613085245E+002 
     20.20000000 -0.233191824784600E+005  0.344370619033697E+002 
     20.22000000 -0.233191824779014E+005  0.344370624620263E+002 
     20.24000000 -0.233191824773864E+005  0.344370629770170E+002 
     20.26000000 -0.233191824769199E+005  0.344370634435160E+002 
     20.28000000 -0.233191824765034E+005  0.344370638600103E+002 
     20.30000000 -0.233191824761347E+005  0.344370642287151E+002 
     20.32000000 -0.233191824758078E+005  0.344370645556350E+002 
     20.34000000 -0.233191824755132E+005  0.344370648501620E+002 
     20.36000000 -0.233191824752391E+005  0.344370651243147E+002 
     20.38000000 -0.233191824749715E+005  0.344370653918627E+002 
     20.40000000 -0.233191824746962E+005  0.344370656672219E+002 
     20.42000000 -0.233191824743992E+005  0.344370659642300E+002 
     20.44000000 -0.233191824740682E+005  0.344370662952303E+002 
     20.46000000 -0.233191824736936E+005  0.344370666698315E+002 
     20.48000000 -0.233191824732691E+005  0.344370670943382E+002 
     20.50000000 -0.233191824727923E+005  0.344370675711294E+002 
     20.52000000 -0.233191824722650E+005  0.344370680983831E+002 
     20.54000000 -0.233191824716931E+005  0.344370686702926E+002 
     20.56000000 -0.233191824710860E+005  0.344370692773822E+002 
     20.58000000 -0.233191824704561E+005  0.344370699072714E+002 
     20.60000000 -0.233191824698177E+005  0.344370705457113E+002 
     20.62000000 -0.233191824691857E+005  0.344370711776826E+002 
     20.64000000 -0.233191824685746E+005  0.344370717888093E+002 
     20.66000000 -0.233191824679969E+005  0.344370723665440E+002 
     20.68000000 -0.233191824674622E+005  0.344370729012006E+002 
     20.70000000 -0.233191824669766E+005  0.344370733868209E+002 
     20.72000000 -0.233191824665419E+005  0.344370738214746E+002 
     20.74000000 -0.233191824661560E+005  0.344370742074291E+002 
     20.76000000 -0.233191824658128E+005  0.344370745506243E+002 
     20.78000000 -0.233191824655035E+005  0.344370748598737E+002 
     20.80000000 -0.233191824652176E+005  0.344370751457975E+002 
     20.82000000 -0.233191824649438E+005  0.344370754196192E+002 
     20.84000000 -0.233191824646715E+005  0.344370756918663E+002 
     20.86000000 -0.233191824643920E+005  0.344370759713740E+002 
     20.88000000 -0.233191824640989E+005  0.344370762645584E+002 
     20.90000000 -0.233191824637886E+005  0.344370765748008E+002 
     20.92000000 -0.233191824634606E+005  0.344370769027817E+002 
     20.94000000 -0.233191824631168E+005  0.344370772466575E+002 
     20.96000000 -0.233191824627604E+005  0.344370776029725E+002 
     20.98000000 -0.233191824623958E+005  0.344370779676093E+002 
     21.00000000 -0.233191824620266E+005  0.344370783367781E+002 
     21.02000000 -0.233191824616555E+005  0.344370787078897E+002 
     21.04000000 -0.233191824612833E+005  0.344370790801026E+002 
     21.06000000 -0.233191824609088E+005  0.344370794546543E+002 
     21.08000000 -0.233191824605289E+005  0.344370798344650E+002 
     21.10000000 -0.233191824601397E+005  0.344370802236864E+002 
     21.12000000 -0.233191824597366E+005  0.344370806267640E+002 
     21.14000000 -0.233191824593160E+005  0.344370810474068E+002 
     21.16000000 -0.233191824588759E+005  0.344370814875113E+002 
     21.18000000 -0.233191824584169E+005  0.344370819465548E+002 
     21.20000000 -0.233191824579423E+005  0.344370824211063E+002 
     21.22000000 -0.233191824574586E+005  0.344370829048333E+002 
     21.24000000 -0.233191824569743E+005  0.344370833890956E+002 
     21.26000000 -0.233191824564997E+005  0.344370838637430E+002 
     21.28000000 -0.233191824560451E+005  0.344370843183317E+002 
     21.30000000 -0.233191824556198E+005  0.344370847436489E+002 
     21.32000000 -0.233191824552309E+005  0.344370851325548E+002 
     21.34000000 -0.233191824548821E+005  0.344370854813524E+002 
     21.36000000 -0.233191824545732E+005  0.344370857902491E+002 
     21.38000000 -0.233191824542999E+005  0.344370860635047E+002 
     21.40000000 -0.233191824540544E+005  0.344370863090542E+002 
     21.42000000 -0.233191824538257E+005  0.344370865377283E+002 
     21.44000000 -0.233191824536012E+005  0.344370867622013E+002 
     21.46000000 -0.233191824533678E+005  0.344370869955621E+002 
     21.48000000 -0.233191824531135E+005  0.344370872499067E+002 
     21.50000000 -0.233191824528282E+005  0.344370875352241E+002 
     21.52000000 -0.233191824525049E+005  0.344370878584626E+002 
     21.54000000 -0.233191824521407E+005  0.344370882227220E+002 
     21.56000000 -0.233191824517361E+005  0.344370886272999E+002 
     21.58000000 -0.233191824512956E+005  0.344370890677633E+002 
     21.60000000 -0.233191824508268E+005  0.344370895365638E+002 
     21.62000000 -0.233191824503395E+005  0.344370900239413E+002 
     21.64000000 -0.233191824498445E+005  0.344370905188764E+002 
     21.66000000 -0.233191824493532E+005  0.344370910101951E+002 
     21.68000000 -0.233191824488757E+005  0.344370914876824E+002 
     21.70000000 -0.233191824484206E+005  0.344370919427908E+002 
     21.72000000 -0.233191824479940E+005  0.344370923693950E+002 
     21.74000000 -0.233191824475991E+005  0.344370927642714E+002 
     21.76000000 -0.233191824472364E+005  0.344370931269840E+002 
     21.78000000 -0.233191824469035E+005  0.344370934598682E+002 
     21.80000000 -0.233191824465958E+005  0.344370937675615E+002 
     21.82000000 -0.233191824463069E+005  0.344370940565356E+002 
     21.84000000 -0.233191824460292E+005  0.344370943342552E+002 
     21.86000000 -0.233191824457550E+005  0.344370946084296E+002 
     21.88000000 -0.233191824454769E+005  0.344370948864771E+002 
     21.90000000 -0.233191824451888E+005  0.344370951746500E+002 
     21.92000000 -0.233191824448857E+005  0.344370954777276E+002 
     21.94000000 -0.233191824445649E+005  0.344370957984851E+002 
     21.96000000 -0.233191824442256E+005  0.344370961377978E+002 
     21.98000000 -0.233191824438689E+005  0.344370964944686E+002 
     22.00000000 -0.233191824434978E+005  0.344370968656297E+002 
     22.02000000 -0.233191824431164E+005  0.344370972470089E+002 
     22.04000000 -0.233191824427299E+005  0.344370976335234E+002 
     22.06000000 -0.233191824423438E+005  0.344370980195987E+002 
     22.08000000 -0.233191824419635E+005  0.344370983998796E+002 
     22.10000000 -0.233191824415937E+005  0.344370987696610E+002 
     22.12000000 -0.233191824412383E+005  0.344370991251160E+002 
     22.14000000 -0.233191824408995E+005  0.344370994638626E+002 
     22.16000000 -0.233191824405786E+005  0.344370997848459E+002 
     22.18000000 -0.233191824402748E+005  0.344371000886475E+002 
     22.20000000 -0.233191824399862E+005  0.344371003771606E+002 
     22.22000000 -0.233191824397099E+005  0.344371006535159E+002 
     22.24000000 -0.233191824394417E+005  0.344371009217104E+002 
     22.26000000 -0.233191824391772E+005  0.344371011861741E+002 
     22.28000000 -0.233191824389119E+005  0.344371014514699E+002 
     22.30000000 -0.233191824386416E+005  0.344371017217835E+002 
     22.32000000 -0.233191824383629E+005  0.344371020005364E+002 
     22.34000000 -0.233191824380731E+005  0.344371022902962E+002 
     22.36000000 -0.233191824377710E+005  0.344371025924149E+002 
     22.38000000 -0.233191824374563E+005  0.344371029070687E+002 
     22.40000000 -0.233191824371300E+005  0.344371032334101E+002 
     22.42000000 -0.233191824367937E+005  0.344371035696695E+002 
     22.44000000 -0.233191824364499E+005  0.344371039134710E+002 
     22.46000000 -0.233191824361014E+005  0.344371042620552E+002 
     22.48000000 -0.233191824357508E+005  0.344371046125728E+002 
     22.50000000 -0.233191824354012E+005  0.344371049622428E+002 
     22.52000000 -0.233191824350547E+005  0.344371053086677E+002 
     22.54000000 -0.233191824347136E+005  0.344371056497592E+002 
     22.56000000 -0.233191824343795E+005  0.344371059838902E+002 
     22.58000000 -0.233191824340535E+005  0.344371063099222E+002 
     22.60000000 -0.233191824337363E+005  0.344371066270757E+002 
     22.62000000 -0.233191824334284E+005  0.344371069350165E+002 
     22.64000000 -0.233191824331296E+005  0.344371072337879E+002 
     22.66000000 -0.233191824328396E+005  0.344371075237673E+002 
     22.68000000 -0.233191824325577E+005  0.344371078056664E+002 
     22.70000000 -0.233191824322829E+005  0.344371080804626E+002 
     22.72000000 -0.233191824320141E+005  0.344371083493191E+002 
     22.74000000 -0.233191824317499E+005  0.344371086135167E+002 
     22.76000000 -0.233191824314890E+005  0.344371088743918E+002 
     22.78000000 -0.233191824312301E+005  0.344371091332685E+002 
     22.80000000 -0.233191824309721E+005  0.344371093912820E+002 
     22.82000000 -0.233191824307140E+005  0.344371096494379E+002 
     22.84000000 -0.233191824304549E+005  0.344371099084723E+002 
     22.86000000 -0.233191824301944E+005  0.344371101689793E+002 
     22.88000000 -0.233191824299322E+005  0.344371104311970E+002 
     22.90000000 -0.233191824296681E+005  0.344371106952832E+002 
     22.92000000 -0.233191824294023E+005  0.344371109611421E+002 
     22.94000000 -0.233191824291348E+005  0.344371112286498E+002 
     22.96000000 -0.233191824288660E+005  0.344371114974228E+002 
     22.98000000 -0.233191824285962E+005  0.344371117672198E+002 
     23.00000000 -0.233191824283258E+005  0.344371120376417E+002 
     23.02000000 -0.233191824280550E+005  0.344371123083915E+002 
     23.04000000 -0.233191824277842E+005  0.344371125791846E+002 
     23.06000000 -0.233191824275136E+005  0.344371128497859E+002 
     23.08000000 -0.233191824272434E+005  0.344371131200345E+002 
     23.10000000 -0.233191824269736E+005  0.344371133898160E+002 
     23.12000000 -0.233191824267043E+005  0.344371136590654E+002 
     23.14000000 -0.233191824264357E+005  0.344371139277116E+002 
     23.16000000 -0.233191824261677E+005  0.344371141957112E+002 
     23.18000000 -0.233191824259004E+005  0.344371144629931E+002 
     23.20000000 -0.233191824256340E+005  0.344371147293779E+002 
     23.22000000 -0.233191824253687E+005  0.344371149947232E+002 
     23.24000000 -0.233191824251046E+005  0.344371152587661E+002 
     23.26000000 -0.233191824248422E+005  0.344371155212004E+002 
     23.28000000 -0.233191824245816E+005  0.344371157817785E+002 
     23.30000000 -0.233191824243233E+005  0.344371160401602E+002 
     23.32000000 -0.233191824240673E+005  0.344371162961103E+002 
     23.34000000 -0.233191824238140E+005  0.344371165494371E+002 
     23.36000000 -0.233191824235634E+005  0.344371168000539E+002 
     23.38000000 -0.233191824233154E+005  0.344371170479669E+002 
     23.40000000 -0.233191824230701E+005  0.344371172933247E+002 
     23.42000000 -0.233191824228271E+005  0.344371175363344E+002 
     23.44000000 -0.233191824225861E+005  0.344371177772683E+002 
     23.46000000 -0.233191824223469E+005  0.344371180164976E+002 
     23.48000000 -0.233191824221091E+005  0.344371182543410E+002 
     23.50000000 -0.233191824218723E+005  0.344371184911296E+002 
     23.52000000 -0.233191824216362E+005  0.344371187272127E+002 
     23.54000000 -0.233191824214005E+005  0.344371189629154E+002 
     23.56000000 -0.233191824211649E+005  0.344371191984882E+002 
     23.58000000 -0.233191824209292E+005  0.344371194342589E+002 
     23.60000000 -0.233191824206928E+005  0.344371196706143E+002 
     23.62000000 -0.233191824204554E+005  0.344371199079751E+002 
     23.64000000 -0.233191824202165E+005  0.344371201468766E+002 
     23.66000000 -0.233191824199755E+005  0.344371203879249E+002 
     23.68000000 -0.233191824197317E+005  0.344371206317452E+002 
     23.70000000 -0.233191824194844E+005  0.344371208790271E+002 
     23.72000000 -0.233191824192331E+005  0.344371211302688E+002 
     23.74000000 -0.233191824189775E+005  0.344371213858879E+002 
     23.76000000 -0.233191824187174E+005  0.344371216459803E+002 
     23.78000000 -0.233191824184531E+005  0.344371219103450E+002 
     23.80000000 -0.233191824181850E+005  0.344371221783972E+002 
     23.82000000 -0.233191824179142E+005  0.344371224491903E+002 
     23.84000000 -0.233191824176419E+005  0.344371227214807E+002 
     23.86000000 -0.233191824173697E+005  0.344371229937340E+002 
     23.88000000 -0.233191824170991E+005  0.344371232643600E+002 
     23.90000000 -0.233191824168317E+005  0.344371235316883E+002 
     23.92000000 -0.233191824165691E+005  0.344371237942897E+002 
     23.94000000 -0.233191824163124E+005  0.344371240509823E+002 
     23.96000000 -0.233191824160624E+005  0.344371243009680E+002 
     23.98000000 -0.233191824158194E+005  0.344371245439715E+002 
     24.00000000 -0.233191824155833E+005  0.344371247801196E+002 
     24.02000000 -0.233191824153533E+005  0.344371250101147E+002 
     24.04000000 -0.233191824151284E+005  0.344371252350177E+002 
     24.06000000 -0.233191824149071E+005  0.344371254562888E+002 
     24.08000000 -0.233191824146879E+005  0.344371256755182E+002 
     24.10000000 -0.233191824144690E+005  0.344371258944382E+002 
     24.12000000 -0.233191824142487E+005  0.344371261146792E+002 
     24.14000000 -0.233191824140256E+005  0.344371263377972E+002 
     24.16000000 -0.233191824137984E+005  0.344371265649801E+002 
     24.18000000 -0.233191824135662E+005  0.344371267972428E+002 
     24.20000000 -0.233191824133283E+005  0.344371270351078E+002 
     24.22000000 -0.233191824130845E+005  0.344371272788693E+002 
     24.24000000 -0.233191824128351E+005  0.344371275283353E+002 
     24.26000000 -0.233191824125803E+005  0.344371277831315E+002 
     24.28000000 -0.233191824123209E+005  0.344371280424753E+002 
     24.30000000 -0.233191824120579E+005  0.344371283054788E+002 
     24.32000000 -0.233191824117924E+005  0.344371285710097E+002 
     24.34000000 -0.233191824115256E+005  0.344371288378090E+002 
     24.36000000 -0.233191824112588E+005  0.344371291046021E+002 
     24.38000000 -0.233191824109933E+005  0.344371293701238E+002 
     24.40000000 -0.233191824107302E+005  0.344371296332015E+002 
     24.42000000 -0.233191824104707E+005  0.344371298927618E+002 
     24.44000000 -0.233191824102154E+005  0.344371301479819E+002 
     24.46000000 -0.233191824099651E+005  0.344371303982924E+002 
     24.48000000 -0.233191824097201E+005  0.344371306432820E+002 
     24.50000000 -0.233191824094805E+005  0.344371308828919E+002 
     24.52000000 -0.233191824092462E+005  0.344371311172365E+002 
     24.54000000 -0.233191824090168E+005  0.344371313466004E+002 
     24.56000000 -0.233191824087920E+005  0.344371315714168E+002 
     24.58000000 -0.233191824085712E+005  0.344371317921775E+002 
     24.60000000 -0.233191824083540E+005  0.344371320094053E+002 
     24.62000000 -0.233191824081398E+005  0.344371322236262E+002 
     24.64000000 -0.233191824079281E+005  0.344371324353475E+002 
     24.66000000 -0.233191824077183E+005  0.344371326451012E+002 
     24.68000000 -0.233191824075100E+005  0.344371328534041E+002 
     24.70000000 -0.233191824073026E+005  0.344371330608500E+002 
     24.72000000 -0.233191824070953E+005  0.344371332680949E+002 
     24.74000000 -0.233191824068875E+005  0.344371334758904E+002 
     24.76000000 -0.233191824066784E+005  0.344371336850533E+002 
     24.78000000 -0.233191824064669E+005  0.344371338965487E+002 
     24.80000000 -0.233191824062521E+005  0.344371341112862E+002 
     24.82000000 -0.233191824060333E+005  0.344371343301568E+002 
     24.84000000 -0.233191824058094E+005  0.344371345540234E+002 
     24.86000000 -0.233191824055799E+005  0.344371347834647E+002 
     24.88000000 -0.233191824053445E+005  0.344371350189539E+002 
     24.90000000 -0.233191824051029E+005  0.344371352604756E+002 
     24.92000000 -0.233191824048555E+005  0.344371355078689E+002 
     24.94000000 -0.233191824046030E+005  0.344371357604594E+002 
     24.96000000 -0.233191824043461E+005  0.344371360173376E+002 
     24.98000000 -0.233191824040862E+005  0.344371362772413E+002 
     25.00000000 -0.233191824038247E+005  0.344371365386671E+002 
     25.02000000 -0.233191824035635E+005  0.344371367999072E+002 
     25.04000000 -0.233191824033041E+005  0.344371370592943E+002 
     25.06000000 -0.233191824030483E+005  0.344371373150774E+002 
     25.08000000 -0.233191824027977E+005  0.344371375657004E+002 
     25.10000000 -0.233191824025535E+005  0.344371378099166E+002 
     25.12000000 -0.233191824023166E+005  0.344371380467701E+002 
     25.14000000 -0.233191824020876E+005  0.344371382758463E+002 
     25.16000000 -0.233191824018663E+005  0.344371384971360E+002 
     25.18000000 -0.233191824016523E+005  0.344371387110939E+002 
     25.20000000 -0.233191824014447E+005  0.344371389187100E+002 
     25.22000000 -0.233191824012422E+005  0.344371391212465E+002 
     25.24000000 -0.233191824010430E+005  0.344371393203707E+002 
     25.26000000 -0.233191824008455E+005  0.344371395178925E+002 
     25.28000000 -0.233191824006478E+005  0.344371397155905E+002 
     25.30000000 -0.233191824004481E+005  0.344371399152995E+002 
     25.32000000 -0.233191824002449E+005  0.344371401184917E+002 
     25.34000000 -0.233191824000370E+005  0.344371403264048E+002 
     25.36000000 -0.233191823998236E+005  0.344371405398183E+002 
     25.38000000 -0.233191823996043E+005  0.344371407590848E+002 
     25.40000000 -0.233191823993794E+005  0.344371409839878E+002 
     25.42000000 -0.233191823991495E+005  0.344371412139271E+002 
     25.44000000 -0.233191823989155E+005  0.344371414479129E+002 
     25.46000000 -0.233191823986787E+005  0.344371416847199E+002 
     25.48000000 -0.233191823984404E+005  0.344371419229779E+002 
     25.50000000 -0.233191823982021E+005  0.344371421613565E+002 
     25.52000000 -0.233191823979647E+005  0.344371423986864E+002 
     25.54000000 -0.233191823977294E+005  0.344371426340086E+002 
     25.56000000 -0.233191823974967E+005  0.344371428667445E+002 
     25.58000000 -0.233191823972668E+005  0.344371430966405E+002 
     25.60000000 -0.233191823970396E+005  0.344371433237771E+002 
     25.62000000 -0.233191823968150E+005  0.344371435484264E+002 
     25.64000000 -0.233191823965923E+005  0.344371437711051E+002 
     25.66000000 -0.233191823963711E+005  0.344371439923237E+002 
     25.68000000 -0.233191823961508E+005  0.344371442125708E+002 
     25.70000000 -0.233191823959311E+005  0.344371444322612E+002 
     25.72000000 -0.233191823957118E+005  0.344371446516329E+002 
     25.74000000 -0.233191823954927E+005  0.344371448707509E+002 
     25.76000000 -0.233191823952740E+005  0.344371450894605E+002 
     25.78000000 -0.233191823950559E+005  0.344371453074834E+002 
     25.80000000 -0.233191823948390E+005  0.344371455244452E+002 
     25.82000000 -0.233191823946235E+005  0.344371457398664E+002 
     25.84000000 -0.233191823944101E+005  0.344371459533108E+002 
     25.86000000 -0.233191823941991E+005  0.344371461642865E+002 
     25.88000000 -0.233191823939908E+005  0.344371463726079E+002 
     25.90000000 -0.233191823937853E+005  0.344371465781173E+002 
     25.92000000 -0.233191823935825E+005  0.344371467808734E+002 
     25.94000000 -0.233191823933823E+005  0.344371469811329E+002 
     25.96000000 -0.233191823931839E+005  0.344371471794652E+002 
     25.98000000 -0.233191823929868E+005  0.344371473766281E+002 
     26.00000000 -0.233191823927901E+005  0.344371475733424E+002 
     26.02000000 -0.233191823925928E+005  0.344371477706322E+002 
     26.04000000 -0.233191823923941E+005  0.344371479693388E+002 
     26.06000000 -0.233191823921931E+005  0.344371481702727E+002 
     26.08000000 -0.233191823919894E+005  0.344371483740497E+002 
     26.10000000 -0.233191823917824E+005  0.344371485810223E+002 
     26.12000000 -0.233191823915721E+005  0.344371487913082E+002 
     26.14000000 -0.233191823913587E+005  0.344371490046722E+002 
     26.16000000 -0.233191823911427E+005  0.344371492207213E+002 
     26.18000000 -0.233191823909246E+005  0.344371494387937E+002 
     26.20000000 -0.233191823907052E+005  0.344371496582582E+002 
     26.22000000 -0.233191823904851E+005  0.344371498783352E+002 
     26.24000000 -0.233191823902650E+005  0.344371500984494E+002 
     26.26000000 -0.233191823900454E+005  0.344371503180438E+002 
     26.28000000 -0.233191823898266E+005  0.344371505367658E+002 
     26.30000000 -0.233191823896090E+005  0.344371507544299E+002 
     26.32000000 -0.233191823893925E+005  0.344371509709554E+002 
     26.34000000 -0.233191823891770E+005  0.344371511863828E+002 
     26.36000000 -0.233191823889626E+005  0.344371514008079E+002 
     26.38000000 -0.233191823887491E+005  0.344371516143451E+002 
     26.40000000 -0.233191823885364E+005  0.344371518270532E+002 
     26.42000000 -0.233191823883244E+005  0.344371520389910E+002 
     26.44000000 -0.233191823881133E+005  0.344371522501554E+002 
     26.46000000 -0.233191823879030E+005  0.344371524604444E+002 
     26.48000000 -0.233191823876935E+005  0.344371526698671E+002 
     26.50000000 -0.233191823874851E+005  0.344371528782937E+002 
     26.52000000 -0.233191823872777E+005  0.344371530857428E+002 
     26.54000000 -0.233191823870712E+005  0.344371532921709E+002 
     26.56000000 -0.233191823868657E+005  0.344371534977515E+002 
     26.58000000 -0.233191823866608E+005  0.344371537026576E+002 
     26.60000000 -0.233191823864563E+005  0.344371539071461E+002 
     26.62000000 -0.233191823862518E+005  0.344371541116407E+002 
     26.64000000 -0.233191823860469E+005  0.344371543164850E+002 
     26.66000000 -0.233191823858412E+005  0.344371545222047E+002 
     26.68000000 -0.233191823856341E+005  0.344371547292825E+002 
     26.70000000 -0.233191823854253E+005  0.344371549381268E+002 
     26.72000000 -0.233191823852143E+005  0.344371551490839E+002 
     26.74000000 -0.233191823850010E+005  0.344371553624046E+002 
     26.76000000 -0.233191823847853E+005  0.344371555780825E+002 
     26.78000000 -0.233191823845674E+005  0.344371557960497E+002 
     26.80000000 -0.233191823843475E+005  0.344371560159442E+002 
     26.82000000 -0.233191823841262E+005  0.344371562371968E+002 
     26.84000000 -0.233191823839043E+005  0.344371564591331E+002 
     26.86000000 -0.233191823836825E+005  0.344371566808621E+002 
     26.88000000 -0.233191823834619E+005  0.344371569014774E+002 
     26.90000000 -0.233191823832433E+005  0.344371571201097E+002 
     26.92000000 -0.233191823830274E+005  0.344371573360320E+002 
     26.94000000 -0.233191823828148E+005  0.344371575486226E+002 
     26.96000000 -0.233191823826058E+005  0.344371577576370E+002 
     26.98000000 -0.233191823824004E+005  0.344371579630504E+002 
     27.00000000 -0.233191823821982E+005  0.344371581652559E+002 
     27.02000000 -0.233191823819985E+005  0.344371583649277E+002 
     27.04000000 -0.233191823818003E+005  0.344371585630619E+002 
     27.06000000 -0.233191823816027E+005  0.344371587607600E+002 
     27.08000000 -0.233191823814041E+005  0.344371589592625E+002 
     27.10000000 -0.233191823812036E+005  0.344371591598190E+002 
     27.12000000 -0.233191823809999E+005  0.344371593635310E+002 
     27.14000000 -0.233191823807922E+005  0.344371595712059E+002 
     27.16000000 -0.233191823805799E+005  0.344371597834685E+002 
     27.18000000 -0.233191823803629E+005  0.344371600005417E+002 
     27.20000000 -0.233191823801410E+005  0.344371602224377E+002 
     27.22000000 -0.233191823799147E+005  0.344371604486957E+002 
     27.24000000 -0.233191823796846E+005  0.344371606787866E+002 
     27.26000000 -0.233191823794516E+005  0.344371609118474E+002 
     27.28000000 -0.233191823792164E+005  0.344371611470458E+002 
     27.30000000 -0.233191823789800E+005  0.344371613833919E+002 
     27.32000000 -0.233191823787435E+005  0.344371616199608E+002 
     27.34000000 -0.233191823785075E+005  0.344371618558708E+002 
     27.36000000 -0.233191823782731E+005  0.344371620903082E+002 
     27.38000000 -0.233191823780408E+005  0.344371623226234E+002 
     27.40000000 -0.233191823778111E+005  0.344371625522657E+002 
     27.42000000 -0.233191823775846E+005  0.344371627788516E+002 
     27.44000000 -0.233191823773612E+005  0.344371630021800E+002 
     27.46000000 -0.233191823771413E+005  0.344371632221178E+002 
     27.48000000 -0.233191823769246E+005  0.344371634388043E+002 
     27.50000000 -0.233191823767109E+005  0.344371636524869E+002 
     27.52000000 -0.233191823764998E+005  0.344371638636018E+002 
     27.54000000 -0.233191823762907E+005  0.344371640727337E+002 
     27.56000000 -0.233191823760829E+005  0.344371642804860E+002 
     27.58000000 -0.233191823758756E+005  0.344371644877772E+002 
     27.60000000 -0.233191823756680E+005  0.344371646953717E+002 
     27.62000000 -0.233191823754592E+005  0.344371649041819E+002 
     27.64000000 -0.233191823752485E+005  0.344371651149410E+002 
     27.66000000 -0.233191823750350E+005  0.344371653283731E+002 
     27.68000000 -0.233191823748185E+005  0.344371655448925E+002 
     27.70000000 -0.233191823745987E+005  0.344371657646849E+002 
     27.72000000 -0.233191823743756E+005  0.344371659877750E+002 
     27.74000000 -0.233191823741497E+005  0.344371662136896E+002 
     27.76000000 -0.233191823739214E+005  0.344371664419863E+002 
     27.78000000 -0.233191823736915E+005  0.344371666718761E+002 
     27.80000000 -0.233191823734608E+005  0.344371669025920E+002 
     27.82000000 -0.233191823732301E+005  0.344371671333418E+002 
     27.84000000 -0.233191823729999E+005  0.344371673635008E+002 
     27.86000000 -0.233191823727708E+005  0.344371675925677E+002 
     27.88000000 -0.233191823725430E+005  0.344371678203849E+002 
     27.90000000 -0.233191823723165E+005  0.344371680469151E+002 
     27.92000000 -0.233191823720909E+005  0.344371682724616E+002 
     27.94000000 -0.233191823718660E+005  0.344371684974203E+002 
     27.96000000 -0.233191823716411E+005  0.344371687222707E+002 
     27.98000000 -0.233191823714159E+005  0.344371689475109E+002 
     28.00000000 -0.233191823711899E+005  0.344371691735585E+002 
     28.02000000 -0.233191823709628E+005  0.344371694006486E+002 
     28.04000000 -0.233191823707345E+005  0.344371696289144E+002 
     28.06000000 -0.233191823705052E+005  0.344371698582505E+002 
     28.08000000 -0.233191823702750E+005  0.344371700884311E+002 
     28.10000000 -0.233191823700443E+005  0.344371703190912E+002 
     28.12000000 -0.233191823698135E+005  0.344371705499092E+002 
     28.14000000 -0.233191823695829E+005  0.344371707804641E+002 
     28.16000000 -0.233191823693530E+005  0.344371710104189E+002 
     28.18000000 -0.233191823691239E+005  0.344371712395539E+002 
     28.20000000 -0.233191823688957E+005  0.344371714676804E+002 
     28.22000000 -0.233191823686686E+005  0.344371716948015E+002 
     28.24000000 -0.233191823684424E+005  0.344371719210255E+002 
     28.26000000 -0.233191823682170E+005  0.344371721464389E+002 
     28.28000000 -0.233191823679921E+005  0.344371723713543E+002 
     28.30000000 -0.233191823677674E+005  0.344371725960438E+002 
     28.32000000 -0.233191823675427E+005  0.344371728207488E+002 
     28.34000000 -0.233191823673177E+005  0.344371730457323E+002 
     28.36000000 -0.233191823670921E+005  0.344371732712973E+002 
     28.38000000 -0.233191823668659E+005  0.344371734975429E+002 
     28.40000000 -0.233191823666388E+005  0.344371737246238E+002 
     28.42000000 -0.233191823664109E+005  0.344371739525276E+002 
     28.44000000 -0.233191823661822E+005  0.344371741812604E+002 
     28.46000000 -0.233191823659528E+005  0.344371744106553E+002 
     28.48000000 -0.233191823657229E+005  0.344371746405451E+002 
     28.50000000 -0.233191823654927E+005  0.344371748706639E+002 
     28.52000000 -0.233191823652626E+005  0.344371751007827E+002 
     28.54000000 -0.233191823650327E+005  0.344371753306601E+002 
     28.56000000 -0.233191823648034E+005  0.344371755600426E+002 
     28.58000000 -0.233191823645745E+005  0.344371757888806E+002 
     28.60000000 -0.233191823643463E+005  0.344371760171123E+002 
     28.62000000 -0.233191823641185E+005  0.344371762448769E+002 
     28.64000000 -0.233191823638910E+005  0.344371764723816E+002 
     28.66000000 -0.233191823636635E+005  0.344371766998770E+002 
     28.68000000 -0.233191823634356E+005  0.344371769277653E+002 
     28.70000000 -0.233191823632070E+005  0.344371771563868E+002 
     28.72000000 -0.233191823629773E+005  0.344371773861065E+002 
     28.74000000 -0.233191823627463E+005  0.344371776171162E+002 
     28.76000000 -0.233191823625138E+005  0.344371778495737E+002 
     28.78000000 -0.233191823622800E+005  0.344371780834079E+002 
     28.80000000 -0.233191823620449E+005  0.344371783184794E+002 
     28.82000000 -0.233191823618090E+005  0.344371785544141E+002 
     28.84000000 -0.233191823615727E+005  0.344371787907200E+002 
     28.86000000 -0.233191823613366E+005  0.344371790268527E+002 
     28.88000000 -0.233191823611013E+005  0.344371792621440E+002 
     28.90000000 -0.233191823608674E+005  0.344371794959626E+002 
     28.92000000 -0.233191823606357E+005  0.344371797276684E+002 
     28.94000000 -0.233191823604066E+005  0.344371799567632E+002 
     28.96000000 -0.233191823601805E+005  0.344371801829129E+002 
     28.98000000 -0.233191823599576E+005  0.344371804058298E+002 
     29.00000000 -0.233191823597379E+005  0.344371806254830E+002 
     29.02000000 -0.233191823595214E+005  0.344371808419653E+002 
     29.04000000 -0.233191823593079E+005  0.344371810555551E+002 
     29.06000000 -0.233191823590967E+005  0.344371812666824E+002 
     29.08000000 -0.233191823588874E+005  0.344371814759752E+002 
     29.10000000 -0.233191823586794E+005  0.344371816840120E+002 
     29.12000000 -0.233191823584718E+005  0.344371818915848E+002 
     29.14000000 -0.233191823582640E+005  0.344371820993865E+002 
     29.16000000 -0.233191823580552E+005  0.344371823082060E+002 
     29.18000000 -0.233191823578447E+005  0.344371825187208E+002 
     29.20000000 -0.233191823576319E+005  0.344371827315032E+002 
     29.22000000 -0.233191823574164E+005  0.344371829470172E+002 
     29.24000000 -0.233191823571978E+005  0.344371831656062E+002 
     29.26000000 -0.233191823569760E+005  0.344371833873599E+002 
     29.28000000 -0.233191823567512E+005  0.344371836121979E+002 
     29.30000000 -0.233191823565235E+005  0.344371838398604E+002 
     29.32000000 -0.233191823562935E+005  0.344371840698647E+002 
     29.34000000 -0.233191823560618E+005  0.344371843016200E+002 
     29.36000000 -0.233191823558290E+005  0.344371845343683E+002 
     29.38000000 -0.233191823555961E+005  0.344371847673053E+002 
     29.40000000 -0.233191823553638E+005  0.344371849996051E+002 
     29.42000000 -0.233191823551329E+005  0.344371852305127E+002 
     29.44000000 -0.233191823549042E+005  0.344371854592455E+002 
     29.46000000 -0.233191823546782E+005  0.344371856851880E+002 
     29.48000000 -0.233191823544555E+005  0.344371859078822E+002 
     29.50000000 -0.233191823542365E+005  0.344371861269507E+002 
     29.52000000 -0.233191823540212E+005  0.344371863422203E+002 
     29.54000000 -0.233191823538098E+005  0.344371865536105E+002 
     29.56000000 -0.233191823536022E+005  0.344371867612266E+002 
     29.58000000 -0.233191823533980E+005  0.344371869653717E+002 
     29.60000000 -0.233191823531970E+005  0.344371871664171E+002 
     29.62000000 -0.233191823529985E+005  0.344371873648824E+002 
     29.64000000 -0.233191823528020E+005  0.344371875613925E+002 
     29.66000000 -0.233191823526068E+005  0.344371877565910E+002 
     29.68000000 -0.233191823524122E+005  0.344371879512017E+002 
     29.70000000 -0.233191823522175E+005  0.344371881458897E+002 
     29.72000000 -0.233191823520222E+005  0.344371883412429E+002 
     29.74000000 -0.233191823518256E+005  0.344371885378149E+002 
     29.76000000 -0.233191823516274E+005  0.344371887360420E+002 
     29.78000000 -0.233191823514272E+005  0.344371889361685E+002 
     29.80000000 -0.233191823512249E+005  0.344371891384915E+002 
     29.82000000 -0.233191823510203E+005  0.344371893431007E+002 
     29.84000000 -0.233191823508133E+005  0.344371895501228E+002 
     29.86000000 -0.233191823506039E+005  0.344371897595022E+002 
     29.88000000 -0.233191823503921E+005  0.344371899713318E+002 
     29.90000000 -0.233191823501779E+005  0.344371901855186E+002 
     29.92000000 -0.233191823499614E+005  0.344371904020133E+002 
     29.94000000 -0.233191823497427E+005  0.344371906206982E+002 
     29.96000000 -0.233191823495220E+005  0.344371908414434E+002 
     29.98000000 -0.233191823492994E+005  0.344371910639675E+002 
     30.00000000 -0.233191823490754E+005  0.344371912880012E+002 
